20
5
3
5
20

6	21
10	1
47	15
18	25
31	42

9	22
22	5
8	17
2	22
20	29
2	24
25	15
20	24
15	2
4	18
29	47
34	25
27	39
46	33
33	29
28	46
44	28
33	32
35	23
40	39

70

1.79769e+308
1.79769e+308
1.79769e+308
1.79769e+308
1.79769e+308

20
11
18
13
12
17
19
13
18
14
12
15
15
20
13
14
17
19
14
16

0
0
0
0
0

0

0	6.52674	15.9791	2.52982	11.9157	4.83828	9.95606	6.05527	5.15388	7.7175	2.7	6.19179	5.25783	5.46619	0.901388	12.1226	7.96982	7.52282	11.4975	7.18707	13.0262	7.72787	10.0688	14.0082	12.9133	
6.52674	0	16.9503	6.83052	11.4495	7.7788	7.33648	10.1584	8.52935	11.1688	9.22674	5.9503	9.55852	2.80446	7.42813	15.3025	10.5757	11.8235	17.8149	9.12211	13.8439	10.8331	8.49211	13.9867	11.9846	
15.9791	16.9503	0	13.8276	15.9508	15.7253	22.3289	9.76281	11.3853	14.8496	14.9853	11	11.0996	17.1102	14.9167	20.3522	12.2419	13.4336	17.5115	11.0874	18.3452	13.7419	11.7174	8.79755	13.6508	
2.52982	6.83052	13.8276	0	10.543	7.36811	12.4859	5.50669	7.6837	5.18768	5.22982	3.66197	2.728	7.99601	3.43121	9.59273	5.44	4.993	16.2362	4.65725	10.3705	8.36329	5.28725	9.4202	7.22063	
11.9157	11.4495	15.9508	10.543	0	8.93743	19.8973	12.87	12.8157	9.21197	9.21567	12.7273	9.06317	19.4007	12.1882	5.32782	11.9675	5.55	5.07293	3.58743	4.55	5.29837	2.95743	8.73742	6.91723	
4.83828	7.7788	15.7253	7.36811	8.93743	0	14.7943	7.59754	4.34	3.38999	7.53828	12.074	7.13999	10.0649	5.73967	14.407	8.15447	7.05195	10.0361	6.61	11.3318	8.32094	5.98	13.4064	9.56338	
9.95606	7.33648	22.3289	12.4859	19.8973	14.7943	0	16.1723	15.1099	18.1796	12.6561	13.2868	17.5891	10.1409	10.8575	11.4964	15.3937	15.3589	13.17	10.6422	12.2742	17.6839	12.0387	15.9575	8.07886	
6.05527	10.1584	9.76281	5.50669	12.87	7.59754	16.1723	0	7.49784	10.6915	5.34734	9.16865	8.23469	11.6825	5.15388	15.0994	10.9467	10.4997	17.6337	10.1639	15.2644	12.2536	9.91262	18.5604	13.8724	
5.15388	8.52935	11.3853	7.6837	12.8157	4.34	15.1099	7.49784	0	7.72999	3.6	14.7316	12.5016	5.72489	6.05527	18.4696	16.5096	14.5116	14.3761	11.34	17.6918	12.8818	10.32	20.1828	13.8133	
7.7175	11.1688	14.8496	5.18768	9.21197	3.38999	18.1796	10.6915	7.72999	0	10.9235	7.66234	3.75	13.6897	9.12489	14.7804	10.0795	3.66197	11.0485	9.84493	14.7635	13.9482	9.36999	10.0164	10.942	
2.7	9.22674	14.9853	5.22982	9.21567	7.53828	12.6561	5.34734	3.6	10.9235	0	13.09	10.5748	8.16619	2.97254	17.6165	13.4465	10.7587	14.2886	10.4164	13.7657	10.4279	12.1731	17.9531	10.2133	
6.19179	5.9503	11	3.66197	12.7273	12.074	13.2868	9.16865	14.7316	7.66234	13.09	0	3.91234	8.75476	15.0195	9.35222	7.26496	8.65496	19.0422	8.31922	10.13	10.1882	9.76991	8.58019	13.7297	
5.25783	9.55852	11.0996	2.728	9.06317	7.13999	17.5891	8.23469	12.5016	3.75	10.5748	3.91234	0	13.341	8.77619	12.3207	8.168	7.41197	14.7985	6.73574	11.4575	8.44667	6.10574	12.4925	10.0655	
5.46619	2.80446	17.1102	7.99601	19.4007	10.0649	10.1409	11.6825	5.72489	13.6897	8.16619	8.75476	13.341	0	6.36757	24.1386	26.767	20.2365	35.1167	12.2256	21.7064	13.1941	11.2966	16.7912	20.4031	
0.901388	7.42813	14.9167	3.43121	12.1882	5.73967	10.8575	5.15388	6.05527	9.12489	2.97254	15.0195	8.77619	6.36757	0	12.9476	8.59834	7.78621	19.1616	7.44387	12.1698	8.62926	8.07387	14.4542	10.0072	
12.1226	15.3025	20.3522	9.59273	5.32782	14.407	11.4964	15.0994	18.4696	14.7804	17.6165	9.35222	12.3207	24.1386	12.9476	0	9.92685	11.8794	9.68999	11.0813	0.777817	6.07612	6.1296	13.9071	14.7812	
7.96982	10.5757	12.2419	5.44	11.9675	8.15447	15.3937	10.9467	16.5096	10.0795	13.4465	7.26496	8.168	26.767	8.59834	9.92685	0	6.41752	6.6929	1.15447	8.22159	2.92329	1.78447	3.9802	3.71785	
7.52282	11.8235	13.4336	4.993	5.55	7.05195	15.3589	10.4997	14.5116	3.66197	10.7587	8.65496	7.41197	20.2365	7.78621	11.8794	6.41752	0	10.6229	7.57198	10.1	9.3408	7.28344	10.3977	7.28	
11.4975	17.8149	17.5115	16.2362	5.07293	10.0361	13.17	17.6337	14.3761	11.0485	14.2886	19.0422	14.7985	35.1167	19.1616	9.68999	6.6929	10.6229	0	7.65455	9.06792	3.76962	6.11056	10.0499	5.09117	
7.18707	9.12211	11.0874	4.65725	3.58743	6.61	10.6422	10.1639	11.34	9.84493	10.4164	8.31922	6.73574	12.2256	7.44387	11.0813	1.15447	7.57198	7.65455	0	5.98178	2.97094	0.63	5.13467	2.56338	
13.0262	13.8439	18.3452	10.3705	4.55	11.3318	12.2742	15.2644	17.6918	14.7635	13.7657	10.13	11.4575	21.7064	12.1698	0.777817	8.22159	10.1	9.06792	5.98178	0	5.2983	5.35178	11.5786	9.31158	
7.72787	10.8331	13.7419	8.36329	5.29837	8.32094	17.6839	12.2536	12.8818	13.9482	10.4279	10.1882	8.44667	13.1941	8.62926	6.07612	2.92329	9.3408	3.76962	2.97094	5.2983	0	2.34094	6.28033	6.30074	
10.0688	8.49211	11.7174	5.28725	2.95743	5.98	12.0387	9.91262	10.32	9.36999	12.1731	9.76991	6.10574	11.2966	8.07387	6.1296	1.78447	7.28344	6.11056	0.63	5.35178	2.34094	0	8.62127	3.19338	
14.0082	13.9867	8.79755	9.4202	8.73742	13.4064	15.9575	18.5604	20.1828	10.0164	17.9531	8.58019	12.4925	16.7912	14.4542	13.9071	3.9802	10.3977	10.0499	5.13467	11.5786	6.28033	8.62127	0	7.87864	
12.9133	11.9846	13.6508	7.22063	6.91723	9.56338	8.07886	13.8724	13.8133	10.942	10.2133	13.7297	10.0655	20.4031	10.0072	14.7812	3.71785	7.28	5.09117	2.56338	9.31158	6.30074	3.19338	7.87864	0	

0	6.69416	24.3399	3.44688	17.1856	0.980306	9.17518	2.59384	1.52555	3.97914	4.24555	7.55784	4.42851	12.9753	5.80494	22.4239	8.85052	11.9887	8.76986	17.3388	10.3715	11.3009	11.3403	10.3472	10.2677	
6.69416	0	12.6796	12.0057	12.264	7.82861	13.2136	8.1365	5.16861	16.3711	7.88861	13.1875	16.1922	3.00842	10.3867	18.63	10.385	17.8662	23.0667	18.4279	14.0145	10.9781	16.9699	7.9924	13.9108	
24.3399	12.6796	0	31.213	21.0014	25.0661	17.264	17.5555	21.1209	28.955	19.8927	13.1405	15.5254	9.67115	17.0494	21.4965	9.86666	13.9006	8.53478	11.5391	20.4046	6.00375	8.80909	8.98948	17.8176	
3.44688	12.0057	31.213	0	10.8162	2.46658	5.50694	6.26208	5.12658	0.939149	8.36824	5.59921	0.760263	15.7121	8.99776	12.6154	16.4802	12.8439	6.9895	10.6891	15.683	14.1423	7.47657	11.8335	12.5103	
17.1856	12.264	21.0014	10.8162	0	12.8759	16.0314	13.4435	10.9241	9.87704	12.8556	13.1079	13.932	20.9367	11.7678	3.2311	6.66422	7.45	8.20652	14.6633	5.25342	7.25736	11.1905	4.27163	2.18197	
0.980306	7.82861	25.0661	2.46658	12.8759	0	7.97352	3.57414	2.50586	2.99883	5.38	8.94526	3.22684	13.9095	6.53119	20.0045	11.7595	13.383	9.04919	12.7488	11.5059	12.3527	17.1088	9.36692	11.4022	
9.17518	13.2136	17.264	5.50694	16.0314	7.97352	0	7.26087	12.344	6.44609	11.4422	2.29687	6.2672	10.2051	8.65941	23.0476	12.9252	9.52182	14.7203	11.1849	20.0504	9.4336	8.45488	11.1332	13.8495	
2.59384	8.1365	17.5555	6.26208	13.4435	3.57414	7.26087	0	2.96789	10.9104	5.68789	4.964	9.80295	11.2319	4.57665	18.5794	6.25668	11.2655	11.3637	8.35946	11.8138	10.1196	8.74643	8.64927	11.2616	
1.52555	5.16861	21.1209	5.12658	10.9241	2.50586	12.344	2.96789	0	5.65883	2.72	7.9319	7.59737	8.17703	5.5028	10.8682	9.22457	10.0087	10.2954	17.2087	8.8459	18.9689	11.7143	11.3039	8.74216	
3.97914	16.3711	28.955	0.939149	9.87704	2.99883	6.44609	10.9104	5.65883	0	14.647	5.94643	1.69941	16.6072	9.53002	13.1081	11.8528	13.1714	6.05036	9.75	12.7114	8.58138	12.48	12.3658	12.059	
4.24555	7.88861	19.8927	8.36824	12.8556	5.38	11.4422	5.68789	2.72	14.647	0	14.5136	14.94	10.1611	2.7828	19.2216	10.9765	7.28869	13.4699	18.9112	11.5659	11.5697	20.1084	8.58394	11.4622	
7.55784	13.1875	13.1405	5.59921	13.1079	8.94526	2.29687	4.964	7.9319	5.94643	14.5136	0	4.83895	10.6608	9.54065	16.6941	10.6284	7.22496	9.66776	12.2546	19.2458	7.13674	9.76991	8.83631	14.115	
4.42851	16.1922	15.5254	0.760263	13.932	3.22684	6.2672	9.80295	7.59737	1.69941	14.94	4.83895	0	15.4997	12.816	11.8551	15.2723	12.0639	13.8004	9.44631	13.8775	11.9757	6.71631	13.6753	11.75	
12.9753	3.00842	9.67115	15.7121	20.9367	13.9095	10.2051	11.2319	8.17703	16.6072	10.1611	10.6608	15.4997	0	7.37827	29.0366	8.05487	13.0637	21.6497	10.1577	20.2957	11.9178	16.6109	10.4475	16.9641	
5.80494	10.3867	17.0494	8.99776	11.7678	6.53119	8.65941	4.57665	5.5028	9.53002	2.7828	9.54065	12.816	7.37827	0	19.3036	10.8333	6.85186	14.2714	16.1284	15.7777	14.7488	13.3231	11.3667	9.58579	
22.4239	18.63	21.4965	12.6154	3.2311	20.0045	23.0476	18.5794	10.8682	13.1081	19.2216	16.6941	11.8551	29.0366	19.3036	0	13.0302	10.6811	8.68341	11.4322	2.02233	13.6233	13.6179	7.50273	5.41307	
8.85052	10.385	9.86666	16.4802	6.66422	11.7595	12.9252	6.25668	9.22457	11.8528	10.9765	10.6284	15.2723	8.05487	10.8333	13.0302	0	5.00879	6.39394	2.10278	17.0296	3.86291	4.83278	2.39259	11.8988	
11.9887	17.8662	13.9006	12.8439	7.45	13.383	9.52182	11.2655	10.0087	13.1714	7.28869	7.22496	12.0639	13.0637	6.85186	10.6811	5.00879	0	10.4279	7.11158	12.0208	7.8969	13.4605	7.40139	6.89	
8.76986	23.0667	8.53478	6.9895	8.20652	9.04919	14.7203	11.3637	10.2954	6.05036	13.4699	9.66776	13.8004	21.6497	14.2714	8.68341	6.39394	10.4279	0	8.56893	6.66108	2.53103	11.2989	5.51676	6.02455	
17.3388	18.4279	11.5391	10.6891	14.6633	12.7488	11.1849	8.35946	17.2087	9.75	18.9112	12.2546	9.44631	10.1577	16.1284	11.4322	2.10278	7.11158	8.56893	0	13.4546	5.9657	2.73	4.49538	11.7385	
10.3715	14.0145	20.4046	15.683	5.25342	11.5059	20.0504	11.8138	8.8459	12.7114	11.5659	19.2458	13.8775	20.2957	15.7777	2.02233	17.0296	12.0208	6.66108	13.4546	0	9.19211	11.5955	11.9216	9.83197	
11.3009	10.9781	6.00375	14.1423	7.25736	12.3527	9.4336	10.1196	18.9689	8.58138	11.5697	7.13674	11.9757	11.9178	14.7488	13.6233	3.86291	7.8969	2.53103	5.9657	9.19211	0	12.4189	2.98573	8.55558	
11.3403	16.9699	8.80909	7.47657	11.1905	17.1088	8.45488	8.74643	11.7143	12.48	20.1084	9.76991	6.71631	16.6109	13.3231	13.6179	4.83278	13.4605	11.2989	2.73	11.5955	12.4189	0	10.9486	9.00854	
10.3472	7.9924	8.98948	11.8335	4.27163	9.36692	11.1332	8.64927	11.3039	12.3658	8.58394	8.83631	13.6753	10.4475	11.3667	7.50273	2.39259	7.40139	5.51676	4.49538	11.9216	2.98573	10.9486	0	6.4536	
10.2677	13.9108	17.8176	12.5103	2.18197	11.4022	13.8495	11.2616	8.74216	12.059	11.4622	14.115	11.75	16.9641	9.58579	5.41307	11.8988	6.89	6.02455	11.7385	9.83197	8.55558	9.00854	6.4536	0	

0	9.58616	12.2598	11.6056	6.52993	2.21359	7.00758	3.48835	0.865852	11.3442	2.2	14.8275	4.44966	5.25595	4.66717	10.2175	11.4845	13.8799	21.477	16.1505	11.7365	26.5125	15.1605	18.1798	14.6886	
9.58616	0	17.3054	19.6465	16.1161	11.6987	7.97243	11.1022	9.80899	14.7954	7.54899	18.4254	21.0732	6.2208	7.39138	14.8004	7.80646	20.485	17.3251	13.6613	17.0854	17.6203	14.8068	9.75184	15.0086	
12.2598	17.3054	0	10.7579	16.7223	10.0462	17.615	11.321	13.7154	9.70354	14.1959	12.2688	8.25354	24.4539	9.91404	9.17878	13.7744	9.3723	13.3405	7.9196	10.6778	15.0419	8.9096	18.1654	9.5	
11.6056	19.6465	10.7579	0	15.4087	4.74046	11.8658	5.39622	13.4823	0.98387	12.7532	6.51969	2.43387	23.7996	10.242	16.1529	7.97278	9.65052	8.44493	5.29007	18.6586	13.4531	13.5646	13.7854	18.6488	
6.52993	16.1161	16.7223	15.4087	0	8.74353	12.6825	13.4617	7.39578	15.1562	8.72993	8.29759	12.3129	11.7859	12.6954	6.89907	13.5953	7.35	15.6137	12.3098	5.4	13.0196	9.26518	11.6499	8.15868	
2.21359	11.6987	10.0462	4.74046	8.74353	0	11.5975	1.27475	3.07945	3.68607	4.14966	6.25136	2.23607	7.46954	4.98555	8.00391	13.4342	9.85042	15.7119	5.02175	9.50297	23.9143	15.6687	13.4446	18.0312	
7.00758	7.97243	17.615	11.8658	12.6825	11.5975	0	13.6449	17.9722	10.8114	19.3138	4.38493	8.40022	1.75163	17.3557	17.0232	10.0292	10.1649	14.0655	12.1471	22.3629	19.8431	9.45777	8.09874	14.2342	
3.48835	11.1022	11.321	5.39622	13.4617	1.27475	13.6449	0	6.95112	4.41235	5.42442	15.8836	3.51082	12.1878	3.7108	9.27866	11.4013	13.079	14.9761	12.0823	14.0911	17.864	17.9563	12.1698	19.306	
0.865852	9.80899	13.7154	13.4823	7.39578	3.07945	17.9722	6.95112	0	11.3635	2.26	16.9535	12.2461	6.1218	3.80132	12.5109	11.5445	15.1497	20.2188	19.17	11.7965	28.1297	16.0263	19.1209	25.228	
11.3442	14.7954	9.70354	0.98387	15.1562	3.68607	10.8114	4.41235	11.3635	0	11.7694	5.4653	1.45	18.3168	8.12314	11.3054	6.98891	8.66665	9.4288	4.23568	14.5356	13.4517	8.66	8.93428	17.6649	
2.2	7.54899	14.1959	12.7532	8.72993	4.14966	19.3138	5.42442	2.26	11.7694	0	17.7691	6.38573	7.45595	4.61693	11.0355	9.28453	15.4054	18.8032	15.1393	9.53646	19.0984	13.4016	11.2299	22.1809	
14.8275	18.4254	12.2688	6.51969	8.29759	6.25136	4.38493	15.8836	16.9535	5.4653	17.7691	0	4.0153	6.13656	13.1522	8.41875	5.65919	5.77997	9.68052	6.06284	8.93802	11.4355	5.07284	3.71381	11.4085	
4.44966	21.0732	8.25354	2.43387	12.3129	2.23607	8.40022	3.51082	12.2461	1.45	6.38573	4.0153	0	11.1131	7.48663	10.24	8.43891	7.61435	10.9493	2.78568	11.4685	13.2839	3.77568	7.72911	16.0908	
5.25595	6.2208	24.4539	23.7996	11.7859	7.46954	1.75163	12.1878	6.1218	18.3168	7.45595	6.13656	11.1131	0	11.4214	21.6985	11.7809	19.0597	16.221	23.5601	24.9287	21.2292	20.4164	23.2046	15.9858	
4.66717	7.39138	9.91404	10.242	12.6954	4.98555	17.3557	3.7108	3.80132	8.12314	4.61693	13.1522	7.48663	11.4214	0	13.2545	13.9015	18.9322	22.8327	17.7353	14.1534	29.9832	16.7453	15.8806	19.414	
10.2175	14.8004	9.17878	16.1529	6.89907	8.00391	17.0232	9.27866	12.5109	11.3054	11.0355	8.41875	10.24	21.6985	13.2545	0	6.99392	2.63879	7.70795	10.1819	1.49907	8.30836	5.36424	8.9393	16.2364	
11.4845	7.80646	13.7744	7.97278	13.5953	13.4342	10.0292	11.4013	11.5445	6.98891	9.28453	5.65919	8.43891	11.7809	13.9015	6.99392	0	9.63271	9.51866	5.85481	8.49299	9.6671	6.84481	1.94538	13.336	
13.8799	20.485	9.3723	9.65052	7.35	9.85042	10.1649	13.079	15.1497	8.66665	15.4054	5.77997	7.61435	19.0597	18.9322	2.63879	9.63271	0	10.3467	8.55003	4.13785	5.66957	7.56003	9.49378	13.8957	
21.477	17.3251	13.3405	8.44493	15.6137	15.7119	14.0655	14.9761	20.2188	9.4288	18.8032	9.68052	10.9493	16.221	22.8327	7.70795	9.51866	10.3467	0	8.97697	9.20702	5.0082	9.96697	8.17634	12.134	
16.1505	13.6613	7.9196	5.29007	12.3098	5.02175	12.1471	12.0823	19.17	4.23568	15.1393	6.06284	2.78568	23.5601	17.7353	10.1819	5.85481	8.55003	8.97697	0	4.85518	13.9852	0.99	6.9827	7.32568	
11.7365	17.0854	10.6778	18.6586	5.4	9.50297	22.3629	14.0911	11.7965	14.5356	9.53646	8.93802	11.4685	24.9287	14.1534	1.49907	8.49299	4.13785	9.20702	4.85518	0	11.5386	3.86518	9.85788	10.2009	
26.5125	17.6203	15.0419	13.4531	13.0196	23.9143	19.8431	17.864	28.1297	13.4517	19.0984	11.4355	13.2839	21.2292	29.9832	8.30836	9.6671	5.66957	5.0082	13.9852	11.5386	0	13.2296	7.72172	14.982	
15.1605	14.8068	8.9096	13.5646	9.26518	15.6687	9.45777	17.9563	16.0263	8.66	13.4016	5.07284	3.77568	20.4164	16.7453	5.36424	6.84481	7.56003	9.96697	0.99	3.86518	13.2296	0	5.9927	6.33568	
18.1798	9.75184	18.1654	13.7854	11.6499	13.4446	8.09874	12.1698	19.1209	8.93428	11.2299	3.71381	7.72911	23.2046	15.8806	8.9393	1.94538	9.49378	8.17634	6.9827	9.85788	7.72172	5.9927	0	11.9018	
14.6886	15.0086	9.5	18.6488	8.15868	18.0312	14.2342	19.306	25.228	17.6649	22.1809	11.4085	16.0908	15.9858	19.414	16.2364	13.336	13.8957	12.134	7.32568	10.2009	14.982	6.33568	11.9018	0	

0	11.4657	12.2765	7.71596	13.5337	4.5853	13.3738	5.15767	3.62833	12.6998	4.84833	10.2643	6.29984	6.54312	2.2715	9.92917	15.9675	10.2337	20.0255	21.1274	12.4311	18.58	11.0318	15.6972	26.5056	
11.4657	0	16.761	9.86631	18.8547	12.997	7.46298	7.57852	15.7267	16.5745	12.9181	12.029	10.7843	5.25199	9.19416	16.8518	17.0257	19.491	22.8721	18.4702	18.5094	20.8315	15.4402	23.232	25.8056	
12.2765	16.761	0	9.12956	14.0719	14.362	16.1023	18.7665	10.0191	11.6957	11.2391	14.5221	5.9767	24.5233	12.9828	8.24767	12.9295	11.0195	13.3405	16.1968	7.27186	10.0062	10.7086	10.8167	7	
7.71596	9.86631	9.12956	0	8.98839	3.13065	13.2785	7.93987	5.86038	6.7082	7.08038	11.4742	3.15286	11.8294	7.99703	11.681	10.08	12.2884	18.5709	12.9249	10.878	13.0033	7.8848	13.2999	11.4039	
13.5337	18.8547	14.0719	8.98839	0	12.119	15.328	16.9283	14.4675	7.66322	20.7814	15.0963	12.1412	20.8178	10.3503	2.69258	7.20479	3.3	15.8963	11.4944	3.66839	11.2719	8.46437	12.2443	12.359	
4.5853	12.997	14.362	3.13065	12.119	0	14.2907	6.73071	6.65	9.83886	7.87	11.1812	6.28351	9.138	4.86637	12.5241	13.2107	14.819	15.4402	18.2965	16.1104	19.6193	13.1172	19.5259	19.1684	
13.3738	7.46298	16.1023	13.2785	15.328	14.2907	0	7.56003	13.6338	14.5132	12.4138	12.0105	10.1256	4.87409	9.14572	14.075	9.56276	12.028	23.2872	12.4077	15.7757	12.486	14.8576	12.7827	26.7547	
5.15767	7.57852	18.7665	7.93987	16.9283	6.73071	7.56003	0	8.74748	11.8835	9.96748	4.45048	9.89226	7.1578	2.88617	10.5438	17.1228	16.0475	22.1709	12.029	25.7506	16.5629	12.3416	8.42042	25.2301	
3.62833	15.7267	10.0191	5.86038	14.4675	6.65	13.6338	8.74748	0	11.0085	1.22	13.198	9.01323	8.88616	5.89983	11.775	15.9404	13.862	16.8781	12.4762	12.7508	15.7587	9.44617	12.8759	15.7043	
12.6998	16.5745	11.6957	6.7082	7.66322	9.83886	14.5132	11.8835	11.0085	0	12.2285	7.43303	6.4	18.5376	13.4061	9.46268	4.95047	10.9632	11.7012	7.29933	12.2456	7.87376	4.26933	7.59308	4.69574	
4.84833	12.9181	11.2391	7.08038	20.7814	7.87	12.4138	9.96748	1.22	12.2285	0	17.45	12.8109	7.66616	9.04411	12.995	21.1303	18.8837	26.0792	23.9753	19.0646	22.3607	10.6662	14.0959	25.6191	
10.2643	12.029	14.5221	11.4742	15.0963	11.1812	12.0105	4.45048	13.198	7.43303	17.45	0	8.54537	18.2054	7.33666	18.7028	7.18987	12.9142	10.065	7.57852	16.2705	6.85271	7.89108	3.96994	12.1288	
6.29984	10.7843	5.9767	3.15286	12.1412	6.28351	10.1256	9.89226	9.01323	6.4	12.8109	8.54537	0	11.2777	7.00608	8.70091	11.3505	9.93177	12.1638	7.76194	7.7251	11.6377	4.73194	12.5153	11.0957	
6.54312	5.25199	24.5233	11.8294	20.8178	9.138	4.87409	7.1578	8.88616	18.5376	7.66616	18.2054	11.2777	0	4.27163	11.9293	14.4369	16.9021	18.4131	21.2694	25.4536	15.5795	20.6922	17.98	21.8806	
2.2715	9.19416	12.9828	7.99703	10.3503	4.86637	9.14572	2.88617	5.89983	13.4061	9.04411	7.33666	7.00608	4.27163	0	7.65768	12.1699	10.2965	20.3066	25.0709	8.63348	19.4491	11.738	17.9687	23.7239	
9.92917	16.8518	8.24767	11.681	2.69258	12.5241	14.075	10.5438	11.775	9.46268	12.995	18.7028	8.70091	11.9293	7.65768	0	4.51221	2.63879	20.7704	7.35715	0.975807	7.43549	11.157	7.73214	14.3126	
15.9675	17.0257	12.9295	10.08	7.20479	13.2107	9.56276	17.1228	15.9404	4.95047	21.1303	7.18987	11.3505	14.4369	12.1699	4.51221	0	7.15099	5.70125	2.84494	5.48801	2.92329	5.87494	3.21994	9.64622	
10.2337	19.491	11.0195	12.2884	3.3	14.819	12.028	16.0475	13.862	10.9632	18.8837	12.9142	9.93177	16.9021	10.2965	2.63879	7.15099	0	15.0394	11.6103	3.61459	11.6887	11.7644	8.94427	16.77	
20.0255	22.8721	13.3405	18.5709	15.8963	15.4402	23.2872	22.1709	16.8781	11.7012	26.0792	10.065	12.1638	18.4131	20.3066	20.7704	5.70125	15.0394	0	2.85631	17.0902	7.21612	5.88631	6.09509	8.23072	
21.1274	18.4702	16.1968	12.9249	11.4944	18.2965	12.4077	12.029	12.4762	7.29933	23.9753	7.57852	7.76194	21.2694	25.0709	7.35715	2.84494	11.6103	2.85631	0	16.2608	5.76823	3.03	6.06488	10.7418	
12.4311	18.5094	7.27186	10.878	3.66839	16.1104	15.7757	25.7506	12.7508	12.2456	19.0646	16.2705	7.7251	25.4536	8.63348	0.975807	5.48801	3.61459	17.0902	16.2608	0	9.87411	12.457	12.6919	13.3367	
18.58	20.8315	10.0062	13.0033	11.2719	19.6193	12.486	16.5629	15.7587	7.87376	22.3607	6.85271	11.6377	15.5795	19.4491	7.43549	2.92329	11.6887	7.21612	5.76823	9.87411	0	6.90577	2.88278	10.5342	
11.0318	15.4402	10.7086	7.8848	8.46437	13.1172	14.8576	12.3416	9.44617	4.26933	10.6662	7.89108	4.73194	20.6922	11.738	11.157	5.87494	11.7644	5.88631	3.03	12.457	6.90577	0	9.78855	8.96508	
15.6972	23.232	10.8167	13.2999	12.2443	19.5259	12.7827	8.42042	12.8759	7.59308	14.0959	3.96994	12.5153	17.98	17.9687	7.73214	3.21994	8.94427	6.09509	6.06488	12.6919	2.88278	9.78855	0	12.2888	
26.5056	25.8056	7	11.4039	12.359	19.1684	26.7547	25.2301	15.7043	4.69574	25.6191	12.1288	11.0957	21.8806	23.7239	14.3126	9.64622	16.77	8.23072	10.7418	13.3367	10.5342	8.96508	12.2888	0	

0	12.5915	8.70171	5.43912	16.5305	3.28877	8.08152	4.02492	3.00987	8.80383	3.64987	11.6716	6.44535	6.72761	4.83144	15.6209	21.3855	9.68052	15.1573	9.57109	14.9838	22.3071	11.8948	12.9707	13.1669	
12.5915	0	25.4265	12.0966	17.9266	17.1286	12.3961	16.4527	6.48438	18.7346	5.84438	23.3801	22.3334	5.86387	10.4561	32.3457	35.9951	26.4053	20.665	33.7641	30.1804	19.3982	13.5281	15.0886	18.7916	
8.70171	25.4265	0	14.1408	23.7614	11.9905	22.8787	12.7266	11.7116	17.9441	16.1517	20.02	20.1713	15.4293	13.5331	24.3226	17.8773	18.3822	10.8167	19.632	23.9168	15.8766	20.5643	18.172	17.8594	
5.43912	12.0966	14.1408	0	9.41308	3.03579	12.5781	5.31289	5.34579	4.90623	6.25218	11.4186	1.00623	12.1667	10.2706	10.9577	9.14265	9.31371	10.3609	10.576	15.5838	13.4151	6.45565	7.53159	17.7411	
16.5305	17.9266	23.7614	9.41308	0	18.5296	9.07993	14.8848	12.9463	7.15234	10.6412	18.5517	11.0523	12.0628	11.3713	3.42836	5.64444	5.81549	10.0786	7.75743	2	13.094	2.95743	5.44671	3.03579	
3.28877	17.1286	11.9905	3.03579	18.5296	0	7.98284	3.92625	2.31	8.10396	2.95	8.38284	4.04202	8.51197	5.038	15.6445	18.7421	12.9693	15.0586	9.47241	16.5296	21.0177	9.49144	10.5674	18.1322	
8.08152	12.3961	22.8787	12.5781	9.07993	7.98284	0	4.0566	9.13326	13.9941	13.8062	15.6605	8.36326	6.62572	10.1176	10.6245	8.80951	8.98056	15.189	9.60277	25.9897	7.00209	6.1225	8.61178	17.4079	
4.02492	16.4527	12.7266	5.31289	14.8848	3.92625	4.0566	0	5.07666	8.20666	5.71666	12.3091	4.30666	10.6823	6.06097	11.7183	9.46312	10.794	11.1324	5.54617	13.1466	9.30159	10.1791	11.6177	14.3964	
3.00987	6.48438	11.7116	5.34579	12.9463	2.31	9.13326	5.07666	0	5.79396	0.64	10.6928	9.38332	6.20197	2.728	16.795	16.8597	12.6904	15.4606	9.30396	18.8396	21.7814	8.32375	9.88424	11.0635	
8.80383	18.7346	17.9441	4.90623	7.15234	8.10396	13.9941	8.20666	5.79396	0	6.43396	20.5789	3.9	11.9959	8.52197	11.999	7.42695	8.75786	12.759	3.51	9.15234	7.26542	7.87158	9.58157	10.1881	
3.64987	5.84438	16.1517	6.25218	10.6412	2.95	13.8062	5.71666	0.64	6.43396	0	17.5357	7.25841	6.84197	3.368	12.1858	10.3708	10.5418	14.8206	12.4837	21.836	22.7017	7.68375	9.24424	18.9692	
11.6716	23.3801	20.02	11.4186	18.5517	8.38284	15.6605	12.3091	10.6928	20.5789	17.5357	0	16.6789	22.2862	18.1796	20.0963	10.3593	18.4523	24.8928	14.2762	24.9125	13.1782	13.0463	14.3619	26.8797	
6.44535	22.3334	20.1713	1.00623	11.0523	4.04202	8.36326	4.30666	9.38332	3.9	7.25841	16.6789	0	16.4696	10.3676	16.025	11.6695	12.3237	9.35464	7.41	15.9184	12.4088	7.46188	7.66698	16.3974	
6.72761	5.86387	15.4293	12.1667	12.0628	8.51197	6.62572	10.6823	6.20197	11.9959	6.84197	22.2862	16.4696	0	8.92997	16.9094	18.3984	16.4081	22.6718	19.3349	14.0628	13.6278	12.7482	23.0721	15.0986	
4.83144	10.4561	13.5331	10.2706	11.3713	5.038	10.1176	6.06097	2.728	8.52197	3.368	18.1796	10.3676	8.92997	0	17.7793	20.0763	14.512	15.3782	11.6071	26.3264	24.7122	17.3893	19.8786	8.33547	
15.6209	32.3457	24.3226	10.9577	3.42836	15.6445	10.6245	11.7183	16.795	11.999	12.1858	20.0963	16.025	16.9094	17.7793	0	7.18902	6.73166	14.5285	9.30201	1.42836	21.2397	4.50201	6.99129	7.88243	
21.3855	35.9951	17.8773	9.14265	5.64444	18.7421	8.80951	9.46312	16.8597	7.42695	10.3708	10.3593	11.6695	18.3984	20.0763	7.18902	0	5.54506	11.5967	3.91695	22.6075	2.81888	2.68701	4.00256	13.9724	
9.68052	26.4053	18.3822	9.31371	5.81549	12.9693	8.98056	10.794	12.6904	8.75786	10.5418	18.4523	12.3237	16.4081	14.512	6.73166	5.54506	0	14.4969	5.24786	5.3033	9.00328	2.85806	5.34734	9.88579	
15.1573	20.665	10.8167	10.3609	10.0786	15.0586	15.189	11.1324	15.4606	12.759	14.8206	24.8928	9.35464	22.6718	15.3782	14.5285	11.5967	14.4969	0	9.249	13.1001	8.77782	10.8143	8.325	7.04278	
9.57109	33.7641	19.632	10.576	7.75743	9.47241	9.60277	5.54617	9.30396	3.51	12.4837	14.2762	7.41	19.3349	11.6071	9.30201	3.91695	5.24786	9.249	0	10.5512	3.75542	4.8	6.07157	11.8404	
14.9838	30.1804	23.9168	15.5838	2	16.5296	25.9897	13.1466	18.8396	9.15234	21.836	24.9125	15.9184	14.0628	26.3264	1.42836	22.6075	5.3033	13.1001	10.5512	0	21.8779	4.95743	18.8986	5.03579	
22.3071	19.3982	15.8766	13.4151	13.094	21.0177	7.00209	9.30159	21.7814	7.26542	22.7017	13.1782	12.4088	13.6278	24.7122	21.2397	2.81888	9.00328	8.77782	3.75542	21.8779	0	5.50589	6.82144	15.5958	
11.8948	13.5281	20.5643	6.45565	2.95743	9.49144	6.1225	10.1791	8.32375	7.87158	7.68375	13.0463	7.46188	12.7482	17.3893	4.50201	2.68701	2.85806	10.8143	4.8	4.95743	5.50589	0	2.48928	5.99322	
12.9707	15.0886	18.172	7.53159	5.44671	10.5674	8.61178	11.6177	9.88424	9.58157	9.24424	14.3619	7.66698	23.0721	19.8786	6.99129	4.00256	5.34734	8.325	6.07157	18.8986	6.82144	2.48928	0	13.7747	
13.1669	18.7916	17.8594	17.7411	3.03579	18.1322	17.4079	14.3964	11.0635	10.1881	18.9692	26.8797	16.3974	15.0986	8.33547	7.88243	13.9724	9.88579	7.04278	11.8404	5.03579	15.5958	5.99322	13.7747	0	

0	5.09902	19.8707	11.7148	12.7334	1.04355	7.0145	5.17376	4.04064	11.9958	7.2	13.1743	8.42258	6.2637	3.85794	16.3152	16.7964	17.5089	16.2869	13.0773	17.7582	16.5628	24.6982	14.1678	19.3741	
5.09902	0	30.6455	16.3225	17.8324	6.14257	12.1135	9.40774	8.31522	18.8057	11.2269	21.1748	15.0479	6.57774	5.40833	21.4142	18.3468	23.7838	21.3859	20.5312	23.6684	24.0798	17.0734	19.6335	20.3342	
19.8707	30.6455	0	16.8341	12.1839	20.4789	17.6221	11.0505	17.7611	8.89042	21.2211	19.5512	16.6112	18.9032	20.668	14.2421	7.38238	13.5796	18.4304	4.94975	17.9039	10.4065	10.1697	5.33622	14.152	
11.7148	16.3225	16.8341	0	4.28019	8.65358	17.5138	4.73831	8.48723	6.43988	5.12999	11.7539	1.27456	16.343	8.73772	11.1538	5.76597	5.49229	12.3269	9.95263	9.63019	8.67433	9.54889	9.99408	10.921	
12.7334	17.8324	12.1839	4.28019	0	13.7769	13.9424	9.0185	14.9592	10.6396	9.41018	14.5616	5.55475	12.0628	15.2097	7.5986	7.25032	8.3	8.04671	7.23412	5.35	4.39414	10.7151	8.54325	6.64078	
1.04355	6.14257	20.4789	8.65358	13.7769	0	8.05805	4.13021	5.0842	10.9523	8.24355	18.8625	7.37902	5.22015	4.90149	17.2583	11.8704	18.0321	17.3304	10.231	21.3328	17.1977	15.7159	11.3215	18.7383	
7.0145	12.1135	17.6221	17.5138	13.9424	8.05805	0	13.991	11.0551	15.0794	14.2145	6.15978	16.2392	13.6322	10.8724	16.5685	15.105	12.4214	10.3259	12.6724	20.7978	9.5483	17.8924	15.2109	13.2938	
5.17376	9.40774	11.0505	4.73831	9.0185	4.13021	13.991	0	3.74892	10.7455	7.20892	16.7314	6.01287	8.85353	3.99941	16.0972	8.53342	10.2306	16.9047	6.10079	16.5603	12.8538	11.3208	7.19124	17.8511	
4.04064	8.31522	17.7611	8.48723	14.9592	5.0842	11.0551	3.74892	0	9.99854	3.46	12.9825	8.69317	7.76101	2.90689	18.5724	13.1846	16.5796	20.3275	9.84971	14.0182	15.2735	18.3097	10.9402	19.019	
11.9958	18.8057	8.89042	6.43988	10.6396	10.9523	15.0794	10.7455	9.99854	0	6.53854	8.91964	7.71443	12.6312	12.3571	12.4601	6.63998	7.0798	14.2693	6.11	17.0968	6.24541	11.1364	3.55421	9.99092	
7.2	11.2269	21.2211	5.12999	9.41018	8.24355	14.2145	7.20892	3.46	6.53854	0	15.4582	6.40455	10.6727	5.81859	12.8068	12.65	10.6223	23.4869	12.6485	10.5582	12.784	17.1762	10.0927	13.8924	
13.1743	21.1748	19.5512	11.7539	14.5616	18.8625	6.15978	16.7314	12.9825	8.91964	15.4582	0	16.2671	14.5971	15.8894	16.8867	17.3007	6.26163	16.4857	14.8914	14.6381	15.1651	10.3182	12.4739	17.9723	
8.42258	15.0479	16.6112	1.27456	5.55475	7.37902	16.2392	6.01287	8.69317	7.71443	6.40455	16.2671	0	12.5992	11.6001	9.87927	4.49141	6.76685	17.5395	6.92405	12.1279	13.8869	7.95624	7.57719	11.1933	
6.2637	6.57774	18.9032	16.343	12.0628	5.22015	13.6322	8.85353	7.76101	12.6312	10.6727	14.5971	12.5992	0	4.85412	18.8788	13.9605	14.5523	20.1095	13.9535	17.4128	16.4569	10.4957	16.1854	17.7223	
3.85794	5.40833	20.668	8.73772	15.2097	4.90149	10.8724	3.99941	2.90689	12.3571	5.81859	15.8894	11.6001	4.85412	0	20.1731	12.9385	18.3754	20.1448	10.1002	16.3768	18.1804	15.3498	11.1907	19.6403	
16.3152	21.4142	14.2421	11.1538	7.5986	17.2583	16.5685	16.0972	18.5724	12.4601	12.8068	16.8867	9.87927	18.8788	20.1731	0	11.8479	12.2895	15.0441	13.6031	2.2486	7.02016	8.38305	8.90591	5.58279	
16.7964	18.3468	7.38238	5.76597	7.25032	11.8704	15.105	8.53342	13.1846	6.63998	12.65	17.3007	4.49141	13.9605	12.9385	11.8479	0	7.52142	13.2355	2.43263	10.0361	8.74837	3.46482	3.08577	6.70188	
17.5089	23.7838	13.5796	5.49229	8.3	18.0321	12.4214	10.2306	16.5796	7.0798	10.6223	6.26163	6.76685	14.5523	18.3754	12.2895	7.52142	0	16.3467	8.62981	10.0409	12.6941	4.0566	10.634	11.2832	
16.2869	21.3859	18.4304	12.3269	8.04671	17.3304	10.3259	16.9047	20.3275	14.2693	23.4869	16.4857	17.5395	20.1095	20.1448	15.0441	13.2355	16.3467	0	15.2808	9.86785	8.0239	13.7603	13.6865	6.53367	
13.0773	20.5312	4.94975	9.95263	7.23412	10.231	12.6724	6.10079	9.84971	6.11	12.6485	14.8914	6.92405	13.9535	10.1002	13.6031	2.43263	8.62981	15.2808	0	12.5841	9.94082	5.22	5.51841	9.13451	
17.7582	23.6684	17.9039	9.63019	5.35	21.3328	20.7978	16.5603	14.0182	17.0968	10.5582	14.6381	12.1279	17.4128	16.3768	2.2486	10.0361	10.0409	9.86785	12.5841	0	7.07969	8.17634	11.1545	3.33419	
16.5628	24.0798	10.4065	8.67433	4.39414	17.1977	9.5483	12.8538	15.2735	6.24541	12.784	15.1651	13.8869	16.4569	18.1804	7.02016	8.74837	12.6941	8.0239	9.94082	7.07969	0	10.9721	5.6626	3.7455	
24.6982	17.0734	10.1697	9.54889	10.7151	15.7159	17.8924	11.3208	18.3097	11.1364	17.1762	10.3182	7.95624	10.4957	15.3498	8.38305	3.46482	4.0566	13.7603	5.22	8.17634	10.9721	0	6.5506	7.22663	
14.1678	19.6335	5.33622	9.99408	8.54325	11.3215	15.2109	7.19124	10.9402	3.55421	10.0927	12.4739	7.57719	16.1854	11.1907	8.90591	3.08577	10.634	13.6865	5.51841	11.1545	5.6626	6.5506	0	9.4081	
19.3741	20.3342	14.152	10.921	6.64078	18.7383	13.2938	17.8511	19.019	9.99092	13.8924	17.9723	11.1933	17.7223	19.6403	5.58279	6.70188	11.2832	6.53367	9.13451	3.33419	3.7455	7.22663	9.4081	0	

0	16.2413	16.5356	9.40764	18.5512	5.66048	8.14587	5.05351	5.32229	9.70238	5.95	7.57145	11.1679	15.2656	3.53344	16.3545	12.4148	23.7072	19.2093	12.0863	12.8036	14.6799	19.4002	11.9682	13.2084	
16.2413	0	21.3624	12.9905	13.9922	15.3717	8.09543	20.634	23.7187	17.016	18.5782	15.7045	15.6382	7.95447	20.5752	10.4516	10.8612	8.74216	19.1589	13.5824	12.5446	25.7509	19.7134	11.8003	29.0523	
16.5356	21.3624	0	20.5014	10.2165	23.9853	19.3187	11.2413	11.3853	14.5046	12.0053	10.34	15.1506	21.4367	13.1742	16.2732	5.26581	15.9542	11.4624	6.53367	14.1801	6.79761	8.99367	4.32666	15.3528	
9.40764	12.9905	20.5014	0	11.3411	4.45881	4.89506	4.35412	9.11614	5.45601	7.07965	12.4507	3.95784	13.4247	7.85876	9.14446	14.4846	9.15382	10.6676	7.26035	12.1042	10.5272	4.80035	11.2688	12.509	
18.5512	13.9922	10.2165	11.3411	0	17.9612	15.9931	15.0525	25.9842	11.7833	23.326	8.19769	7.38326	22.8283	20.8296	3.55421	6.40407	5.25	12.8019	3.68283	5.64724	8.10097	6.14283	9.0587	13.8508	
5.66048	15.3717	23.9853	4.45881	17.9612	0	7.27632	1.52971	3.24084	4.04191	2.62084	13.2319	8.41665	9.60508	5.03435	13.098	16.4181	13.6126	13.512	12.8994	9.27983	16.4982	9.25917	8.44436	9.68463	
8.14587	8.09543	19.3187	4.89506	15.9931	7.27632	0	8.80602	11.1028	10.3511	9.89716	8.97866	8.8529	8.52967	11.6793	17.2564	10.2625	14.0489	11.0635	12.9837	18.6181	16.5025	9.69541	11.2016	20.6935	
5.05351	20.634	11.2413	4.35412	15.0525	1.52971	8.80602	0	5.29349	5.57161	4.15055	12.625	8.31196	11.1348	3.50464	9.84316	7.85381	13.5079	14.0504	11.3696	7.75012	9.38561	9.15448	6.91466	8.15492	
5.32229	23.7187	11.3853	9.11614	25.9842	3.24084	11.1028	5.29349	0	12.9398	0.62	7.45291	13.074	14.4096	1.78885	18.4176	12.2962	18.27	18.2902	11.9678	17.8253	13.1522	13.9165	15.6231	13.6931	
9.70238	17.016	14.5046	5.45601	11.7833	4.04191	10.3511	5.57161	12.9398	0	6.66275	13.4849	4.4	9.06149	14.7287	9.05608	11.1171	14.6098	9.47012	8.97	11.1491	10.9694	10.2564	10.178	19.313	
5.95	18.5782	12.0053	7.07965	23.326	2.62084	9.89716	4.15055	0.62	6.66275	0	8.07291	16.7298	12.2259	2.40885	17.0279	20.7452	18.076	21.5462	21.2998	16.3955	13.7722	20.8937	17.7879	13.0731	
7.57145	15.7045	10.34	12.4507	8.19769	13.2319	8.97866	12.625	7.45291	13.4849	8.07291	0	14.2647	11.1528	9.24176	10.9647	4.8433	15.4771	20.0421	4.51486	13.0577	8.93301	6.97486	5.78245	25.0219	
11.1679	15.6382	15.1506	3.95784	7.38326	8.41665	8.8529	8.31196	13.074	4.4	16.7298	14.2647	0	13.4615	14.7013	5.18662	10.5268	12.6333	12.0084	9.74987	7.27965	6.56938	8.75819	9.04033	10.3149	
15.2656	7.95447	21.4367	13.4247	22.8283	9.60508	8.52967	11.1348	14.4096	9.06149	12.2259	11.1528	13.4615	0	12.6207	18.1176	15.9961	16.6966	18.5316	15.6677	23.3798	19.581	21.6055	17.11	28.0413	
3.53344	20.5752	13.1742	7.85876	20.8296	5.03435	11.6793	3.50464	1.78885	14.7287	2.40885	9.24176	14.7013	12.6207	0	25.4844	23.8981	25.5889	16.5013	14.8743	11.2548	14.941	21.2355	10.4193	11.6596	
16.3545	10.4516	16.2732	9.14446	3.55421	13.098	17.2564	9.84316	18.4176	9.05608	17.0279	10.9647	5.18662	18.1176	25.4844	0	6.99392	8.74098	14.7491	7.23703	2.09304	11.756	10.0907	7.93307	16.5412	
12.4148	10.8612	5.26581	14.4846	6.40407	16.4181	10.2625	7.85381	12.2962	11.1171	20.7452	4.8433	10.5268	15.9961	23.8981	6.99392	0	12.3655	8.07486	2.72125	9.08695	3.4101	5.18125	0.939149	19.5586	
23.7072	8.74216	15.9542	9.15382	5.25	13.6126	14.0489	13.5079	18.27	14.6098	18.076	15.4771	12.6333	16.6966	25.5889	8.74098	12.3655	0	16.8385	8.93283	10.834	14.0985	10.9713	11.6276	18.7919	
19.2093	19.1589	11.4624	10.6676	12.8019	13.512	11.0635	14.0504	18.2902	9.47012	21.5462	20.0421	12.0084	18.5316	16.5013	14.7491	8.07486	16.8385	0	8.32728	12.6561	5.43902	5.86728	7.13571	9.18452	
12.0863	13.5824	6.53367	7.26035	3.68283	12.8994	12.9837	11.3696	11.9678	8.97	21.2998	4.51486	9.74987	15.6677	14.8743	7.23703	2.72125	8.93283	8.32728	0	9.92323	4.41814	2.46	3.6604	8.16365	
12.8036	12.5446	14.1801	12.1042	5.64724	9.27983	18.6181	7.75012	17.8253	11.1491	16.3955	13.0577	7.27965	23.3798	11.2548	2.09304	9.08695	10.834	12.6561	9.92323	0	14.3414	8.47366	14.6648	14.4481	
14.6799	25.7509	6.79761	10.5272	8.10097	16.4982	16.5025	9.38561	13.1522	10.9694	13.7722	8.93301	6.56938	19.581	14.941	11.756	3.4101	14.0985	5.43902	4.41814	14.3414	0	6.87814	2.47095	3.7455	
19.4002	19.7134	8.99367	4.80035	6.14283	9.25917	9.69541	9.15448	13.9165	10.2564	20.8937	6.97486	8.75819	21.6055	21.2355	10.0907	5.18125	10.9713	5.86728	2.46	8.47366	6.87814	0	7.19124	7.8206	
11.9682	11.8003	4.32666	11.2688	9.0587	8.44436	11.2016	6.91466	15.6231	10.178	17.7879	5.78245	9.04033	17.11	10.4193	7.93307	0.939149	11.6276	7.13571	3.6604	14.6648	2.47095	7.19124	0	6.21646	
13.2084	29.0523	15.3528	12.509	13.8508	9.68463	20.6935	8.15492	13.6931	19.313	13.0731	25.0219	10.3149	28.0413	11.6596	16.5412	19.5586	18.7919	9.18452	8.16365	14.4481	3.7455	7.8206	6.21646	0	

0	5.91486	18.518	5.63274	19.5782	5.6921	8.82469	0.894427	3.42218	5.81589	6.12218	16.3595	7.94987	4.37055	3.07967	16.9183	14.0607	10.7778	14.7607	18.0876	15.4874	21.3593	13.5381	12.7458	14.3066	
5.91486	0	18.0417	11.6175	18.8867	10.0807	8.34841	6.80929	9.33704	7.43303	14.8649	11.6954	14.2266	4.6911	7.39138	14.0117	8.14587	18.6035	24.9436	10.9084	22.5605	14.6189	12.1026	8.59308	15.2593	
18.518	18.0417	0	15.8159	11.2985	15.6856	9.6933	18.3541	19.8964	16.1214	20.8295	13.42	15.3687	19.67	20.5393	12.6448	10.0047	13.7485	13.7011	12.7672	16.8985	16.4777	11.4518	10.452	16.5006	
5.63274	11.6175	15.8159	0	14.6407	5.21776	8.28025	4.73831	4.97491	5.94794	15.0412	11.6695	0.447214	8.21443	4.22617	13.7842	7.04398	7.06839	6.50021	4.34677	15.0131	11.1949	5.46247	9.72721	5.44721	
19.5782	18.8867	11.2985	14.6407	0	15.3953	20.9918	12.3334	12.4267	9.39614	14.4035	16.5033	9.07118	18.3979	13.6621	1.34629	7.21216	2.45	6.19129	11.7582	2.06754	13.7556	9.17824	15.1709	7.96894	
5.6921	10.0807	15.6856	5.21776	15.3953	0	5.99226	4.87456	8.26	11.1657	10.96	19.8584	5.66497	9.87341	2.68931	10.5166	14.4978	12.8359	15.1187	9.56453	9.79535	19.3599	10.6802	16.0016	15.2859	
8.82469	8.34841	9.6933	8.28025	20.9918	5.99226	0	9.71912	12.2469	14.783	17.7747	16.1825	7.83304	9.97666	8.68157	21.1701	14.4298	14.4542	13.886	18.2161	15.7876	13.3676	19.3318	22.2406	12.833	
0.894427	6.80929	18.3541	4.73831	12.3334	4.87456	9.71912	0	4.3166	4.92146	7.30805	13.3169	5.18553	3.47612	2.18525	12.9713	14.0183	9.88342	14.6393	9.08508	12.924	17.4123	9.59105	8.79878	12.7477	
3.42218	9.33704	19.8964	4.97491	12.4267	8.26	12.2469	4.3166	0	4.24891	2.7	10.1095	4.52769	8.08417	6.79329	12.2988	11.1245	9.9767	10.5807	13.0034	13.0173	16.7397	8.91849	8.12622	9.52769	
5.81589	7.43303	16.1214	5.94794	9.39614	11.1657	14.783	4.92146	4.24891	0	6.94891	18.1722	6.39515	8.39758	7.10671	8.04984	4.32453	11.1834	12.8948	7.24958	8.77109	12.4908	4.66958	3.87732	7.82624	
6.12218	14.8649	20.8295	15.0412	14.4035	10.96	17.7747	7.30805	2.7	6.94891	0	7.40945	7.22769	15.0927	9.98958	15.087	16.0198	11.9535	14.0385	16.6423	14.994	23.1697	13.1234	21.3602	20.4162	
16.3595	11.6954	13.42	11.6695	16.5033	19.8584	16.1825	13.3169	10.1095	18.1722	7.40945	0	11.2222	9.84073	17.0248	14.4762	8.61032	17.8434	17.2752	11.3728	15.8783	15.0833	19.1641	9.05753	16.2222	
7.94987	14.2266	15.3687	0.447214	9.07118	5.66497	7.83304	5.18553	4.52769	6.39515	7.22769	11.2222	0	14.0193	4.67338	9.75474	6.59676	6.62118	6.053	4.79398	9.66174	11.7074	5.90969	7.04398	5	
4.37055	4.6911	19.67	8.21443	18.3979	9.87341	9.97666	3.47612	8.08417	8.39758	15.0927	9.84073	14.0193	0	5.66136	17.1113	12.837	13.3595	20.2664	20.4435	18.9885	21.5523	13.7311	12.9388	16.8877	
3.07967	7.39138	20.5393	4.22617	13.6621	2.68931	8.68157	2.18525	6.79329	7.10671	9.98958	17.0248	4.67338	5.66136	0	14.3457	13.432	11.2121	12.8882	8.57294	12.4847	21.2598	9.68864	15.01	11.8352	
16.9183	14.0117	12.6448	13.7842	1.34629	10.5166	21.1701	12.9713	12.2988	8.04984	15.087	14.4762	9.75474	17.1113	14.3457	0	5.86587	3.13356	4.845	8.62835	0.721249	10.4994	10.5245	6.31308	9.31523	
14.0607	8.14587	10.0047	7.04398	7.21216	14.4978	14.4298	14.0183	11.1245	4.32453	16.0198	8.61032	6.59676	12.837	13.432	5.86587	0	8.99943	10.7109	2.76248	6.58712	6.47299	5.34248	0.447214	6.91271	
10.7778	18.6035	13.7485	7.06839	2.45	12.8359	14.4542	9.88342	9.9767	11.1834	11.9535	17.8434	6.62118	13.3595	11.2121	3.13356	8.99943	0	6.5752	14.4608	3.04056	12.2296	11.6282	19.5017	10.4189	
14.7607	24.9436	13.7011	6.50021	6.19129	15.1187	13.886	14.6393	10.5807	12.8948	14.0385	17.2752	6.053	20.2664	12.8882	4.845	10.7109	6.5752	0	12.2284	5.56625	5.65442	9.64842	15.6411	8.65499	
18.0876	10.9084	12.7672	4.34677	11.7582	9.56453	18.2161	9.08508	13.0034	7.24958	16.6423	11.3728	4.79398	20.4435	8.57294	8.62835	2.76248	14.4608	12.2284	0	11.8724	6.84812	2.58	3.20969	4.15023	
15.4874	22.5605	16.8985	15.0131	2.06754	9.79535	15.7876	12.924	13.0173	8.77109	14.994	15.8783	9.66174	18.9885	12.4847	0.721249	6.58712	3.04056	5.56625	11.8724	0	13.7933	13.801	14.8618	8.75224	
21.3593	14.6189	16.4777	11.1949	13.7556	19.3599	13.3676	17.4123	16.7397	12.4908	23.1697	15.0833	11.7074	21.5523	21.2598	10.4994	6.47299	12.2296	5.65442	6.84812	13.7933	0	9.42812	6.9202	10.066	
13.5381	12.1026	11.4518	5.46247	9.17824	10.6802	19.3318	9.59105	8.91849	4.66958	13.1234	19.1641	5.90969	13.7311	9.68864	10.5245	5.34248	11.6282	9.64842	2.58	13.801	9.42812	0	5.9927	5.04874	
12.7458	8.59308	10.452	9.72721	15.1709	16.0016	22.2406	8.79878	8.12622	3.87732	21.3602	9.05753	7.04398	12.9388	15.01	6.31308	0.447214	19.5017	15.6411	3.20969	14.8618	6.9202	5.9927	0	10.538	
14.3066	15.2593	16.5006	5.44721	7.96894	15.2859	12.833	12.7477	9.52769	7.82624	20.4162	16.2222	5	16.8877	11.8352	9.31523	6.91271	10.4189	8.65499	4.15023	8.75224	10.066	5.04874	10.538	0	

0	8.97427	18.8347	10.6522	14.1566	3.44688	12.3164	6.11116	2.10278	7.86622	3.64278	11.4424	8.26045	8.30475	2.23544	17.9337	10.4971	10.3331	14.1813	16.0862	16.9867	16.0903	21.8926	10.7323	17.3043	
8.97427	0	16.706	12.129	18.1491	7.89677	12.3798	4.83735	9.13299	11.1165	11.0813	8.02655	9.78115	3.92625	8.71307	19.007	11.3661	29.4028	21.8871	17.581	28.8358	17.5671	20.1455	18.6667	15.4928	
18.8347	16.706	0	12.8783	13.8093	22.3129	8.61626	20.8108	16.688	15.1804	19.9348	16.4465	10.5304	12.7797	22.8454	18.279	9.38531	14.1628	8.66334	13.3398	17.3093	6.67083	9.46977	16.5855	13.6937	
10.6522	12.129	12.8783	0	12.8784	10.2458	6.35992	11.1537	8.50553	4.87463	12.8031	9.45186	2.34787	12.5003	10.5054	10.5766	6.4	13.814	9.58254	10.1478	11.4505	7.59003	15.3095	9.59758	11.3479	
14.1566	18.1491	13.8093	12.8784	0	12.3337	22.4255	14.2829	14.4256	8.00381	13.3021	13.7648	11.6563	19.5505	11.9212	4.46969	8.24586	8.46687	13.0734	4.73506	3.5	9.67913	7.30908	5.04829	2.65631	
3.44688	7.89677	22.3129	10.2458	12.3337	0	13.5809	3.05941	5.54967	9.33852	6.4793	7.16755	11.7512	13.6344	5.68232	19.1599	7.05022	14.083	15.9106	11.6681	14.4759	9.7647	15.9598	7.28538	17.8159	
12.3164	12.3798	8.61626	6.35992	22.4255	13.5809	0	11.9384	10.1697	8.66204	12.9338	7.83023	4.01204	8.45351	17.3127	23.5343	6.53067	13.6102	16.118	11.1485	13.9564	9.24515	15.4402	9.72824	13.012	
6.11116	4.83735	20.8108	11.1537	14.2829	3.05941	11.9384	0	4.29564	6.27911	5.83564	4.10814	10.2804	8.20844	3.87572	17.5774	6.52871	9.8881	16.0123	11.1466	12.855	9.24319	15.4383	9.72628	14.7565	
2.10278	9.13299	16.688	8.50553	14.4256	5.54967	10.1697	4.29564	0	8.13518	1.54	8.40378	6.15766	6.20197	2.5044	18.2026	7.94312	10.6021	10.9713	13.9576	17.2557	13.9436	17.8534	9.79379	15.1577	
7.86622	11.1165	15.1804	4.87463	8.00381	9.33852	8.66204	6.27911	8.13518	0	15.5057	10.3872	4.65	13.7295	5.63078	9.06492	11.2746	13.7284	9.73318	12.4499	6.5759	11.7257	13.1498	12.7628	8.49706	
3.64278	11.0813	19.9348	12.8031	13.3021	6.4793	12.9338	5.83564	1.54	15.5057	0	11.2554	7.69766	7.15508	4.0444	19.4776	6.40312	15.0514	9.43131	11.021	13.8288	9.1176	13.6036	8.25379	17.9791	
11.4424	8.02655	16.4465	9.45186	13.7648	7.16755	7.83023	4.10814	8.40378	10.3872	11.2554	0	7.10398	4.1003	7.98386	10.2329	10.6368	5.77997	16.266	9.02973	13.3923	13.2719	12.8997	12.5776	16.104	
8.26045	9.78115	10.5304	2.34787	11.6563	11.7512	4.01204	10.2804	6.15766	4.65	7.69766	7.10398	0	10.1525	8.66206	12.9245	8.74787	11.5317	9.77845	7.7999	11.2259	7.78594	11.6699	14.9466	9	
8.30475	3.92625	12.7797	12.5003	19.5505	13.6344	8.45351	8.20844	6.20197	13.7295	7.15508	4.1003	10.1525	0	8.70636	15.0808	13.5582	9.88027	16.5864	13.13	17.4926	17.9384	22.2495	15.4089	19.1525	
2.23544	8.71307	22.8454	10.5054	11.9212	5.68232	17.3127	3.87572	2.5044	5.63078	4.0444	7.98386	8.66206	8.70636	0	12.5506	10.4044	8.09765	15.364	11.8295	12.2067	13.4965	15.3811	11.3042	14.1278	
17.9337	19.007	18.279	10.5766	4.46969	19.1599	23.5343	17.5774	18.2026	9.06492	19.4776	10.2329	12.9245	15.0808	12.5506	0	9.91473	4.45295	11.672	5.34734	2.48902	11.9449	9.21734	9.51797	7.126	
10.4971	11.3661	9.38531	6.4	8.24586	7.05022	6.53067	6.52871	7.94312	11.2746	6.40312	10.6368	8.74787	13.5582	10.4044	9.91473	0	8.34969	4.70699	4.61788	7.42571	2.71448	8.48788	3.19758	9.7373	
10.3331	29.4028	14.1628	13.814	8.46687	14.083	13.6102	9.8881	10.6021	13.7284	15.0514	5.77997	11.5317	9.88027	8.09765	4.45295	8.34969	0	9.48444	3.73181	6.94197	7.49193	7.28344	6.79765	11.2063	
14.1813	21.8871	8.66334	9.58254	13.0734	15.9106	16.118	16.0123	10.9713	9.73318	9.43131	16.266	9.77845	16.5864	15.364	11.672	4.70699	9.48444	0	8.04229	14.1611	1.99251	4.17229	13.7295	8.82505	
16.0862	17.581	13.3398	10.1478	4.73506	11.6681	11.1485	11.1466	13.9576	12.4499	11.021	9.02973	7.7999	13.13	11.8295	5.34734	4.61788	3.73181	8.04229	0	7.83635	7.33236	3.87	7.14675	7.39137	
16.9867	28.8358	17.3093	11.4505	3.5	14.4759	13.9564	12.855	17.2557	6.5759	13.8288	13.3923	11.2259	17.4926	12.2067	2.48902	7.42571	6.94197	14.1611	7.83635	0	10.1402	16.3353	8.54829	6.15631	
16.0903	17.5671	6.67083	7.59003	9.67913	9.7647	9.24515	9.24319	13.9436	11.7257	9.1176	13.2719	7.78594	17.9384	13.4965	11.9449	2.71448	7.49193	1.99251	7.33236	10.1402	0	6.1648	5.91206	7.02282	
21.8926	20.1455	9.46977	15.3095	7.30908	15.9598	15.4402	15.4383	17.8534	13.1498	13.6036	12.8997	11.6699	22.2495	15.3811	9.21734	8.48788	7.28344	4.17229	3.87	16.3353	6.1648	0	11.0167	4.65276	
10.7323	18.6667	16.5855	9.59758	5.04829	7.28538	9.72824	9.72628	9.79379	12.7628	8.25379	12.5776	14.9466	15.4089	11.3042	9.51797	3.19758	6.79765	13.7295	7.14675	8.54829	5.91206	11.0167	0	7.7046	
17.3043	15.4928	13.6937	11.3479	2.65631	17.8159	13.012	14.7565	15.1577	8.49706	17.9791	16.104	9	19.1525	14.1278	7.126	9.7373	11.2063	8.82505	7.39137	6.15631	7.02282	4.65276	7.7046	0	

0	6.89095	13.4224	7.18187	12.5636	2.05548	12.7559	6.06658	1.94	6.44981	1.3	9.869	6.86303	6.92185	3.42527	16.4625	7.35391	7.19124	21.9335	10.8064	12.0863	12.9354	10.3259	7.93529	11.4812	
6.89095	0	20.678	12.7092	15.9706	4.83547	11.864	9.16964	9.43426	14.8661	7.66146	16.1447	9.64302	2.03961	11.4947	15.3242	18.1494	20.8538	22.008	23.1861	13.5706	19.3506	25.8955	17.4096	23.7121	
13.4224	20.678	0	8.5892	10.0355	15.659	7.26997	11.3249	13.4895	11.0218	12.8495	18.0235	11.6641	17.0943	12.3458	9.38908	6.06845	10.8132	7.65956	8.7334	7.63546	4.53617	11.6546	6.64983	11.2078	
7.18187	12.7092	8.5892	0	11.9845	8.49706	8.08366	11.1782	4.74046	6.39515	9.06922	9.81435	3.68951	10.6696	3.75659	13.8155	13.7952	8.32166	14.1158	9.95729	12.0316	10.9925	11.4563	20.6873	12.6117	
12.5636	15.9706	10.0355	11.9845	0	13.5062	12.566	9.17206	11.9036	8.03649	11.2636	11.7324	9.29295	16.8854	15.7411	1.83096	8.28608	6.35	6.89618	3.02518	2.4	7.22241	4.97518	8.65403	7.7792	
2.05548	4.83547	15.659	8.49706	13.5062	0	9.20169	4.33417	4.52934	8.50529	3.35548	16.2021	4.80755	6.87508	5.48075	14.407	9.40939	9.24673	18.0141	11.0753	16.1607	25.5425	20.6825	15.6742	18.9826	
12.7559	11.864	7.26997	8.08366	12.566	9.20169	0	11.6166	12.2262	8.42912	11.5862	10.7535	4.39414	9.82435	16.8988	14.397	13.3384	18.916	17.6007	10.6619	14.0656	11.8061	20.2691	18.5407	20.3452	
6.06658	9.16964	11.3249	11.1782	9.17206	4.33417	11.6166	0	3.59271	10.352	4.23271	13.7712	9.14171	10.2628	4.57658	11.003	11.9214	13.4522	17.8811	12.1972	11.5721	15.861	17.0562	11.34	16.9513	
1.94	9.43426	13.4895	4.74046	11.9036	4.52934	12.2262	3.59271	0	8.92367	0.64	16.6205	11.0476	6.26185	0.98387	26.167	9.82777	9.66511	23.7395	16.8734	28.8747	25.4049	16.1924	11.1877	13.4871	
6.44981	14.8661	11.0218	6.39515	8.03649	8.50529	8.42912	10.352	8.92367	0	7.74981	3.4192	5.95	15.6517	9.87508	7.39011	13.8037	11.9352	9.60902	8.32	5.63649	6.48562	10.27	12.6397	13.1573	
1.3	7.66146	12.8495	9.06922	11.2636	3.35548	11.5862	4.23271	0.64	7.74981	0	15.4466	10.6066	5.62185	1.62387	13.0945	8.65391	8.49124	21.0596	14.2888	13.6636	17.0643	13.9219	20.9919	15.0773	
9.869	16.1447	18.0235	9.81435	11.7324	16.2021	10.7535	13.7712	16.6205	3.4192	15.4466	0	9.3692	14.105	17.3059	12.3429	9.80188	12.3224	15.7616	8.70724	9.05568	9.90482	10.6572	9.2205	20.7307	
6.86303	9.64302	11.6641	3.68951	9.29295	4.80755	4.39414	9.14171	11.0476	5.95	10.6066	9.3692	0	14.2185	7.44611	18.2718	10.1057	9.88296	13.2065	6.26777	11.5865	10.465	8.21777	10.6871	18.2129	
6.92185	2.03961	17.0943	10.6696	16.8854	6.87508	9.82435	10.2628	6.26185	15.6517	5.62185	14.105	14.2185	0	8.37852	25.5128	15.9514	16.4091	21.9111	20.9989	15.6102	21.6621	21.0861	15.37	23.5973	
3.42527	11.4947	12.3458	3.75659	15.7411	5.48075	16.8988	4.57658	0.98387	9.87508	1.62387	17.3059	7.44611	8.37852	0	20.6641	10.7792	10.6165	17.5095	17.6653	21.7522	14.749	16.9843	11.9795	12.5032	
16.4625	15.3242	9.38908	13.8155	1.83096	14.407	14.397	11.003	26.167	7.39011	13.0945	12.3429	18.2718	25.5128	20.6641	0	10.117	8.18096	5.06522	4.85613	1.75362	7.53359	10.246	10.1428	8.16088	
7.35391	18.1494	6.06845	13.7952	8.28608	9.40939	13.3384	11.9214	9.82777	13.8037	8.65391	9.80188	10.1057	15.9514	10.7792	10.117	0	8.72079	7.12245	6.21023	10.6861	10.4644	5.58614	0.581378	14.6206	
7.19124	20.8538	10.8132	8.32166	6.35	9.24673	18.916	13.4522	9.66511	11.9352	8.49124	12.3224	9.88296	16.4091	10.6165	8.18096	8.72079	0	9.29632	3.61519	7.2832	6.27702	3.13465	8.85076	4.29	
21.9335	22.008	7.65956	14.1158	6.89618	18.0141	17.6007	17.8811	23.7395	9.60902	21.0596	15.7616	13.2065	21.9111	17.5095	5.06522	7.12245	9.29632	0	7.32063	6.81885	3.1234	12.2572	6.54107	5.00632	
10.8064	23.1861	8.7334	9.95729	3.02518	11.0753	10.6619	12.1972	16.8734	8.32	14.2888	8.70724	6.26777	20.9989	17.6653	4.85613	6.21023	3.61519	7.32063	0	5.42518	4.19724	1.95	5.62885	7.90519	
12.0863	13.5706	7.63546	12.0316	2.4	16.1607	14.0656	11.5721	28.8747	5.63649	13.6636	9.05568	11.5865	15.6102	21.7522	1.75362	10.6861	7.2832	6.81885	5.42518	0	5.77997	10.4178	11.8965	9.91451	
12.9354	19.3506	4.53617	10.9925	7.22241	25.5425	11.8061	15.861	25.4049	6.48562	17.0643	9.90482	10.465	21.6621	14.749	7.53359	10.4644	6.27702	3.1234	4.19724	5.77997	0	6.14724	9.66447	6.67168	
10.3259	25.8955	11.6546	11.4563	4.97518	20.6825	20.2691	17.0562	16.1924	10.27	13.9219	10.6572	8.21777	21.0861	16.9843	10.246	5.58614	3.13465	12.2572	1.95	10.4178	6.14724	0	5.71612	7.42465	
7.93529	17.4096	6.64983	20.6873	8.65403	15.6742	18.5407	11.34	11.1877	12.6397	20.9919	9.2205	10.6871	15.37	11.9795	10.1428	0.581378	8.85076	6.54107	5.62885	11.8965	9.66447	5.71612	0	11.5474	
11.4812	23.7121	11.2078	12.6117	7.7792	18.9826	20.3452	16.9513	13.4871	13.1573	15.0773	20.7307	18.2129	23.5973	12.5032	8.16088	14.6206	4.29	5.00632	7.90519	9.91451	6.67168	7.42465	11.5474	0	

0	8.67643	16.1603	14.2619	11.7212	4.2397	8.44963	2.54912	2.51509	14.5594	3.6	8.76592	12.3709	12.5385	1.55039	21.4603	13.9744	14.4601	20.7961	15.4457	21.4646	9.7966	10.4957	13.1744	13.8133	
8.67643	0	15.7372	17.2323	15.2994	8.40952	12.0278	6.12732	11.6855	12.2935	14.6255	13.3369	14.4636	2.95743	11.0988	30.8515	17.5526	29.9731	33.5512	19.1824	34.7814	15.8667	25.7416	28.215	28.3331	
16.1603	15.7372	0	16.3687	14.9115	10.259	14.7164	16.3456	18.6646	16.9214	17.2182	12.3199	15.6972	12.7797	11.048	10.2802	4.92037	11.8075	11.843	7.4408	11.3268	2.80175	8.58886	5.74771	16.8054	
14.2619	17.2323	16.3687	0	11.5565	8.82275	4.48714	10.3876	15.1228	5.32184	19.4517	10.4976	2.77272	14.2788	11.5121	11.963	13.7196	6.41437	10.2014	10.1548	14.716	15.6682	7.77988	13.5882	13.7201	
11.7212	15.2994	14.9115	11.5565	0	11.0009	11.0429	9.17206	15.3782	10.5774	20.6965	9.12735	10.4416	18.1003	13.6902	4.63124	9.19006	6.8	10.6706	4.07741	5.67776	8.71647	9.02741	9.83276	10.791	
4.2397	8.40952	10.259	8.82275	11.0009	0	12.0193	6.11882	4.344	10.5611	9.03912	12.5508	6.93181	7.09941	2.68931	15.6321	14.0346	10.5735	14.3605	12.0963	19.7509	7.45722	15.3272	12.8109	20.8423	
8.44963	12.0278	14.7164	4.48714	11.0429	12.0193	0	5.90051	13.0859	9.80898	17.4249	10.9623	7.25986	13.023	11.0544	15.6741	9.796	10.997	16.7187	14.9087	15.3457	16.3734	12.267	10.6233	9.23298	
2.54912	6.12732	16.3456	10.3876	9.17206	6.11882	5.90051	0	5.06421	16.6799	6.14912	13.4363	13.0506	9.08475	4.0995	13.8033	11.4252	15.9721	18.3479	13.2495	17.9221	13.4001	13.0448	12.2526	15.1335	
2.51509	11.6855	18.6646	15.1228	15.3782	4.344	13.0859	5.06421	0	14.6637	2.94	6.25082	13.2318	13.3994	1.65469	21.5646	13.6503	23.9257	23.5991	19.7954	21.5689	9.9009	13.0108	12.5144	13.1533	
14.5594	12.2935	16.9214	5.32184	10.5774	10.5611	9.80898	16.6799	14.6637	0	17.0002	15.8195	7.5	9.33608	13.009	6.64112	11.6127	7.8122	14.9287	6.5	7.68764	11.1391	11.45	12.2553	13.2136	
3.6	14.6255	17.2182	19.4517	20.6965	9.03912	17.4249	6.14912	2.94	17.0002	0	9.19082	17.5608	17.7284	4.59469	23.6413	10.4017	19.7033	20.6591	15.3297	16.326	14.9281	14.0957	9.57439	10.2133	
8.76592	13.3369	12.3199	10.4976	9.12735	12.5508	10.9623	13.4363	6.25082	15.8195	9.19082	0	9.26607	16.2943	7.90551	13.7586	7.39949	12.9077	14.3222	12.5121	17.8773	13.9769	13.3392	8.22684	20.1953	
12.3709	14.4636	15.6972	2.77272	10.4416	6.93181	7.25986	13.0506	13.2318	7.5	17.5608	9.26607	0	11.5061	9.62112	10.7334	10.5287	3.64165	7.42868	7.38205	8.44997	12.0211	7.60605	13.1374	13.1316	
12.5385	2.95743	12.7797	14.2788	18.1003	7.09941	13.023	9.08475	13.3994	9.33608	17.7284	16.2943	11.5061	0	9.78872	15.9772	17.7001	15.1478	18.9348	15.8361	18.7302	14.5566	19.9015	20.4235	22.256	
1.55039	11.0988	11.048	11.5121	13.6902	2.68931	11.0544	4.0995	1.65469	13.009	4.59469	7.90551	9.62112	9.78872	0	19.6502	14.8236	20.8212	17.6164	12.8853	19.9142	8.24621	12.0461	13.5999	21.3446	
21.4603	30.8515	10.2802	11.963	4.63124	15.6321	15.6741	13.8033	21.5646	6.64112	23.6413	13.7586	10.7334	15.9772	19.6502	0	13.9788	5.85484	15.3019	8.70866	1.04652	13.082	11.0561	17.372	7.15919	
13.9744	17.5526	4.92037	13.7196	9.19006	14.0346	9.796	11.4252	13.6503	11.6127	10.4017	7.39949	10.5287	17.7001	14.8236	13.9788	0	6.88709	6.92266	5.11265	11.6954	6.18107	5.9397	0.827345	11.8263	
14.4601	29.9731	11.8075	6.41437	6.8	10.5735	10.997	15.9721	23.9257	7.8122	19.7033	12.9077	3.64165	15.1478	20.8212	5.85484	6.88709	0	11.0703	8.9144	4.80833	13.4645	3.9644	7.71443	9.49	
20.7961	33.5512	11.843	10.2014	10.6706	14.3605	16.7187	18.3479	23.5991	14.9287	20.6591	14.3222	7.42868	18.9348	17.6164	15.3019	6.92266	11.0703	0	12.0353	17.361	9.37019	10.3003	7.75	15.1887	
15.4457	19.1824	7.4408	10.1548	4.07741	12.0963	14.9087	13.2495	19.7954	6.5	15.3297	12.5121	7.38205	15.8361	12.8853	8.70866	5.11265	8.9144	12.0353	0	12.6631	4.63905	4.95	5.75535	6.71361	
21.4646	34.7814	11.3268	14.716	5.67776	19.7509	15.3457	17.9221	21.5689	7.68764	16.326	17.8773	8.44997	18.7302	19.9142	1.04652	11.6954	4.80833	17.361	12.6631	0	20.0555	8.77273	17.1763	6.11268	
9.7966	15.8667	2.80175	15.6682	8.71647	7.45722	16.3734	13.4001	9.9009	11.1391	14.9281	13.9769	12.0211	14.5566	8.24621	13.082	6.18107	13.4645	9.37019	4.63905	20.0555	0	9.58905	5.35373	11.3527	
10.4957	25.7416	8.58886	7.77988	9.02741	15.3272	12.267	13.0448	13.0108	11.45	14.0957	13.3392	7.60605	19.9015	12.0461	11.0561	5.9397	3.9644	10.3003	4.95	8.77273	9.58905	0	5.80831	8.21658	
13.1744	28.215	5.74771	13.5882	9.83276	12.8109	10.6233	12.2526	12.5144	12.2553	9.57439	8.22684	13.1374	20.4235	13.5999	17.372	0.827345	7.71443	7.75	5.75535	17.1763	5.35373	5.80831	0	11.0636	
13.8133	28.3331	16.8054	13.7201	10.791	20.8423	9.23298	15.1335	13.1533	13.2136	10.2133	20.1953	13.1316	22.256	21.3446	7.15919	11.8263	9.49	15.1887	6.71361	6.11268	11.3527	8.21658	11.0636	0	

0	4.48714	10.7173	2.7828	12.6095	5.59723	9.03688	2.99633	6.61333	8.85217	5.67	11.0643	4.15217	9.45198	3.93005	14.2784	8.22873	21.6004	12.8918	13.0238	16.0306	17.0555	13.1581	5.81378	13.3572	
4.48714	0	22.9448	7.26994	15.34	10.0844	10.3804	7.48347	4.94389	6.24375	5.78389	11.6954	8.63931	5.35397	7.2111	16.1048	11.2766	20.1592	17.4687	9.42119	17.218	11.5283	13.1112	10.2826	16.8672	
10.7173	22.9448	0	23.7073	6.27694	10.0462	10.2324	17.7458	18.4462	8.94242	16.9623	10.1541	14.4066	19.3423	16.3213	11.7698	7.3185	11.7769	17.2548	12.1135	7.27694	19.8321	14.9453	4.90355	11.305	
2.7828	7.26994	23.7073	0	12.1149	7.82624	18.0984	3.84187	9.83331	7.02125	6.51554	15.0233	3.46591	10.2975	6.71286	13.5922	9.36089	20.9367	13.7373	11.7984	16.8762	12.3058	12.4719	8.59658	19.2444	
12.6095	15.34	6.27694	12.1149	0	13.0093	12.1246	14.0343	15.1352	10.8346	16.281	8.78621	8.64896	16.3197	17.5952	3.39002	7.77422	5.5	9.89741	5.91883	1	16.2317	8.66833	6.79577	5.02802	
5.59723	10.0844	10.0462	7.82624	13.0093	0	11.3819	7.69952	7.7561	9.06033	6.9161	16.0974	4.36033	12.0311	6.27506	14.4866	10.2553	23.5155	15.9161	17.2783	14.693	12.7838	13.3663	11.411	24.7226	
9.03688	10.3804	10.2324	18.0984	12.1246	11.3819	0	9.39486	7.79011	9.36774	9.91349	10.5794	12.6972	5.02641	5.10683	12.7738	7.74382	19.2084	15.3644	10.252	14.7084	13.3035	18.6037	5.32886	10.3871	
2.99633	7.48347	17.7458	3.84187	14.0343	7.69952	9.39486	0	3.51367	10.8631	2.67367	17.4596	7.1485	6.45565	4.28803	11.7183	19.6819	16.4707	9.89545	13.0359	13.0343	17.3808	12.9187	8.81011	15.4109	
6.61333	4.94389	18.4462	9.83331	15.1352	7.7561	7.79011	3.51367	0	5.4077	0.84	12.4412	10.1077	5.24782	2.68328	15.2688	11.0717	19.3232	12.9409	9.21634	17.0132	10.6923	11.085	9.44657	16.6623	
8.85217	6.24375	8.94242	7.02125	10.8346	9.06033	9.36774	10.8631	5.4077	0	6.2477	9.28944	4.7	10.6555	8.09098	9.86106	6.45383	13.9155	12.6268	11.2489	12.2511	5.28458	13.706	4.03887	11.5822	
5.67	5.78389	16.9623	6.51554	16.281	6.9161	9.91349	2.67367	0.84	6.2477	0	13.5871	11.2764	6.08782	3.52328	14.392	12.2176	21.0957	12.5691	10.0563	15.708	17.988	10.245	14.1138	17.8082	
11.0643	11.6954	10.1541	15.0233	8.78621	16.0974	10.5794	17.4596	12.4412	9.28944	13.5871	0	11.737	13.613	18.9065	10.1762	5.0803	19.5242	15.0582	3.2249	7.78621	18.6296	6.9149	5.25056	10.6709	
4.15217	8.63931	14.4066	3.46591	8.64896	4.36033	12.6972	7.1485	10.1077	4.7	11.2764	11.737	0	7.67075	8.08222	10.1263	5.89498	14.149	11.5557	7.75038	9.64896	9.98458	9.00596	8.30993	13.677	
9.45198	5.35397	19.3423	10.2975	16.3197	12.0311	5.02641	6.45565	5.24782	10.6555	6.08782	13.613	7.67075	0	7.9311	17.797	13.423	25.0597	16.3511	14.4642	19.4899	19.8234	16.6767	10.3553	15.4135	
3.93005	7.2111	16.3213	6.71286	17.5952	6.27506	5.10683	4.28803	2.68328	8.09098	3.52328	18.9065	8.08222	7.9311	0	14.6621	13.5034	16.8328	10.2576	11.8996	16.5952	17.743	15.0517	9.74383	15.4939	
14.2784	16.1048	11.7698	13.5922	3.39002	14.4866	12.7738	11.7183	15.2688	9.86106	14.392	10.1762	10.1263	17.797	14.6621	0	11.563	9.73053	4.40454	10.1868	2.39002	11.8899	14.1612	10.885	9.91998	
8.22873	11.2766	7.3185	9.36089	7.77422	10.2553	7.74382	19.6819	11.0717	6.45383	12.2176	5.0803	5.89498	13.423	13.5034	11.563	0	11.2698	12.3923	1.8554	9.17294	4.90694	5.5454	2.41495	9.3014	
21.6004	20.1592	11.7769	20.9367	5.5	23.5155	19.2084	16.4707	19.3232	13.9155	21.0957	19.5242	14.149	25.0597	16.8328	9.73053	11.2698	0	6.5752	11.4188	6.5	10.7317	14.1683	12.2958	10.528	
12.8918	17.4687	17.2548	13.7373	9.89741	15.9161	15.3644	9.89545	12.9409	12.6268	12.5691	15.0582	11.5557	16.3511	10.2576	4.40454	12.3923	6.5752	0	11.8333	6.79456	7.48538	13.732	13.0588	5.51543	
13.0238	9.42119	12.1135	11.7984	5.91883	17.2783	10.252	13.0359	9.21634	11.2489	10.0563	3.2249	7.75038	14.4642	11.8996	10.1868	1.8554	11.4188	11.8333	0	6.91883	6.76234	3.69	4.27035	7.446	
16.0306	17.218	7.27694	16.8762	1	14.693	14.7084	13.0343	17.0132	12.2511	15.708	7.78621	9.64896	19.4899	16.5952	2.39002	9.17294	6.5	6.79456	6.91883	0	14.0799	9.66833	7.79577	6.02802	
17.0555	11.5283	19.8321	12.3058	16.2317	12.7838	13.3035	17.3808	10.6923	5.28458	17.988	18.6296	9.98458	19.8234	17.743	11.8899	4.90694	10.7317	7.48538	6.76234	14.0799	0	15.2161	7.3219	11.9388	
13.1581	13.1112	14.9453	12.4719	8.66833	13.3663	18.6037	12.9187	11.085	13.706	10.245	6.9149	9.00596	16.6767	15.0517	14.1612	5.5454	14.1683	13.732	3.69	9.66833	15.2161	0	10.9	8.21658	
5.81378	10.2826	4.90355	8.59658	6.79577	11.411	5.32886	8.81011	9.44657	4.03887	14.1138	5.25056	8.30993	10.3553	9.74383	10.885	2.41495	12.2958	13.0588	4.27035	7.79577	7.3219	10.9	0	7.54337	
13.3572	16.8672	11.305	19.2444	5.02802	24.7226	10.3871	15.4109	16.6623	11.5822	17.8082	10.6709	13.677	15.4135	15.4939	9.91998	9.3014	10.528	5.51543	7.446	6.02802	11.9388	8.21658	7.54337	0	

0	10.3479	19.962	10.8061	14.5488	4.14258	10.7132	3.89076	5.3729	9.9326	6.5	4.78197	9.50915	7.7788	3.13683	18.1724	12.7036	16.522	15.8454	10.2643	18.2569	23.376	10.6426	14.4236	12.434	
10.3479	0	16.2645	14.2897	9.67369	10.2206	13.993	12.0351	9.44717	14.0069	13.7886	5.74512	18.2028	7.95447	7.2111	14.3496	17.069	8.74216	16.1144	11.2275	13.3737	20.8912	13.6285	16.8578	21.4374	
19.962	16.2645	0	9.77067	6.59079	15.8969	15.4977	20.5433	32.3984	17.4804	21.4122	15.18	10.5304	21.6693	23.6349	9.91308	13.777	11.3908	10.3521	14.6016	10.2908	4.53617	19.8693	13.7749	12	
10.8061	14.2897	9.77067	0	13.0368	7.40139	7.00211	6.91537	11.8358	1.96774	15.1208	8.54459	2.03482	10.48	8.76351	7.46842	8	11.855	11.0505	8.22781	18.1257	5.2345	9.60781	10.6944	12.256	
14.5488	9.67369	6.59079	13.0368	0	10.4062	16.9915	13.7206	20.3822	11.0691	15.1077	15.4188	12.0242	15.0785	13.4157	6.04759	10.0239	4.8	11.3704	9.65068	3.7	11.127	9.68636	7.1841	11.7637	
4.14258	10.2206	15.8969	7.40139	10.4062	0	10.1368	3.31436	5.24554	7.69266	9.58701	6.28713	5.36656	10.8579	3.00947	10.8002	8.56098	11.3864	17.3506	7.88	14.1062	19.7321	6.5	10.0034	11.8576	
10.7132	13.993	15.4977	7.00211	16.9915	10.1368	0	6.82246	11.7429	11.9173	15.0279	8.24784	4.96729	8.98661	11.6465	10.4009	14.2275	18.2096	19.3113	13.7302	18.6465	25.3987	15.2773	17.0673	14.6189	
3.89076	12.0351	20.5433	6.91537	13.7206	3.31436	6.82246	0	4.92046	8.88311	6.26046	8.67272	8.68093	11.6696	4.82403	14.2817	11.8753	13.3412	14.9072	9.83488	16.6293	12.1499	8.45488	11.9583	8.54325	
5.3729	9.44717	32.3984	11.8358	20.3822	5.24554	11.7429	4.92046	0	9.03184	1.34	10.4719	15.9366	10.9735	2.23607	19.2021	12.0939	15.3343	23.6026	19.0632	17.3561	18.216	13.3753	9.26364	13.4637	
9.9326	14.0069	17.4804	1.96774	11.0691	7.69266	11.9173	8.88311	9.03184	0	13.3733	10.5123	4.00256	8.51231	6.79577	12.3836	9.53462	9.88731	13.9071	8.71	14.7691	7.20224	10.09	11.1766	12.7382	
6.5	13.7886	21.4122	15.1208	15.1077	9.58701	15.0279	6.26046	1.34	13.3733	0	11.282	15.7771	13.9825	3.57607	19.6017	10.7634	13.9943	21.3665	10.3902	20.1461	16.876	11.4271	7.92364	13.6231	
4.78197	5.74512	15.18	8.54459	15.4188	6.28713	8.24784	8.67272	10.4719	10.5123	11.282	0	10.5794	12.5608	7.9188	17.8913	6.30696	13.0626	11.0635	5.48234	15.9372	13.7791	6.86234	7.94891	9.5105	
9.50915	18.2028	10.5304	2.03482	12.0242	5.36656	4.96729	8.68093	15.9366	4.00256	15.7771	10.5794	0	13.9539	8.37603	5.4336	10.0348	11.041	13.9742	10.2626	7.78119	7.26932	11.8666	12.177	15.5	
7.7788	7.95447	21.6693	10.48	15.0785	10.8579	8.98661	11.6696	10.9735	8.51231	13.9825	12.5608	13.9539	0	8.73742	21.6173	18.2677	16.6966	10.9602	16.8088	18.7785	16.7761	17.3579	22.2626	17.3241	
3.13683	7.2111	23.6349	8.76351	13.4157	3.00947	11.6465	4.82403	2.23607	6.79577	3.57607	7.9188	8.37603	8.73742	0	17.4676	9.85787	15.3889	19.6976	10.6825	15.1201	21.029	9.50947	12.6977	13.3673	
18.1724	14.3496	9.91308	7.46842	6.04759	10.8002	10.4009	14.2817	19.2021	12.3836	19.6017	17.8913	5.4336	21.6173	17.4676	0	13.7046	5.60742	12.9796	12.8024	2.34759	14.4492	10.4938	14.4541	11.4252	
12.7036	17.069	13.777	8	10.0239	8.56098	14.2275	11.8753	12.0939	9.53462	10.7634	6.30696	10.0348	18.2677	9.85787	13.7046	0	8.40486	6.67325	0.824621	11.2794	11.1711	2.20462	2.83981	4.85278	
16.522	8.74216	11.3908	11.855	4.8	11.3864	18.2096	13.3412	15.3343	9.88731	13.9943	13.0626	11.041	16.6966	15.3889	5.60742	8.40486	0	7.3722	6.26636	6.15183	12.1491	4.88636	8.38979	11.6084	
15.8454	16.1144	10.3521	11.0505	11.3704	17.3506	19.3113	14.9072	23.6026	13.9071	21.3665	11.0635	13.9742	10.9602	19.6976	12.9796	6.67325	7.3722	0	5.84863	13.524	5.81598	7.22863	8.31521	6.36396	
10.2643	11.2275	14.6016	8.22781	9.65068	7.88	13.7302	9.83488	19.0632	8.71	10.3902	5.48234	10.2626	16.8088	10.6825	12.8024	0.824621	6.26636	5.84863	0	10.4548	11.6646	1.38	2.46658	4.02816	
18.2569	13.3737	10.2908	18.1257	3.7	14.1062	18.6465	16.6293	17.3561	14.7691	20.1461	15.9372	7.78119	18.7785	15.1201	2.34759	11.2794	6.15183	13.524	10.4548	0	18.3009	11.0382	10.8841	13.7728	
23.376	20.8912	4.53617	5.2345	11.127	19.7321	25.3987	12.1499	18.216	7.20224	16.876	13.7791	7.26932	16.7761	21.029	14.4492	11.1711	12.1491	5.81598	11.6646	18.3009	0	15.3332	13.3843	12.1799	
10.6426	13.6285	19.8693	9.60781	9.68636	6.5	15.2773	8.45488	13.3753	10.09	11.4271	6.86234	11.8666	17.3579	9.50947	10.4938	2.20462	4.88636	7.22863	1.38	11.0382	15.3332	0	3.50343	5.40816	
14.4236	16.8578	13.7749	10.6944	7.1841	10.0034	17.0673	11.9583	9.26364	11.1766	7.92364	7.94891	12.177	22.2626	12.6977	14.4541	2.83981	8.38979	8.31521	2.46658	10.8841	13.3843	3.50343	0	5.69944	
12.434	21.4374	12	12.256	11.7637	11.8576	14.6189	8.54325	13.4637	12.7382	13.6231	9.5105	15.5	17.3241	13.3673	11.4252	4.85278	11.6084	6.36396	4.02816	13.7728	12.1799	5.40816	5.69944	0	

0	17.4148	18.9945	6.70403	16.0013	5.47074	9.27989	5.36656	1.44309	4.19237	3.08309	7.61157	5.44237	12.779	1.73066	20.0499	12.4996	13.3046	22.6836	11.4707	9.1063	13.3355	13.6211	9.01135	27.4507	
17.4148	0	10.2856	20.7206	23.3253	9.09287	7.80112	9.39901	19.9198	13.5921	23.6531	5.39293	9.00419	1.78466	15.6841	22.0345	22.5865	21.5324	25.0684	20.9771	23.0598	14.2482	17.7733	21.6934	26.791	
18.9945	10.2856	0	27.0202	10.4452	13.5238	21.5433	16.8172	22.9738	22.4768	20.1487	18.5884	18.1704	12.0703	19.3506	11.7488	12.3009	11.2468	11.5296	10.6915	12.8095	10.1798	7.48772	12.0975	17.6168	
6.70403	20.7206	27.0202	0	9.9256	8.78775	15.1736	8.60235	6.51153	2.21151	8.15153	5.12675	0.961509	8.18104	8.43469	7.38304	15.1042	12.3425	20.1317	16.3584	7.6756	7.7742	15.1573	6.67416	20.5316	
16.0013	23.3253	10.4452	9.9256	0	9.41977	17.4256	12.287	21.9202	13.48	18.2967	9.95662	12.7026	21.5407	9.62564	3.31066	10.429	2.25	4.72307	3.41977	2.25	5.64951	2.95743	6.54325	5.12289	
5.47074	9.09287	13.5238	8.78775	9.41977	0	13.3247	4.07922	6.91383	8.48383	6.6249	5.06463	7.82624	7.30821	5.82684	14.2478	13.0093	12.7713	18.9214	6	13.2025	13.9527	11.07	11.5958	15.277	
9.27989	7.80112	21.5433	15.1736	17.4256	13.3247	0	12.4145	8.66211	16.534	10.3021	9.62473	13.236	6.01646	7.54923	21.7055	13.924	14.7289	21.2432	19.5431	14.9249	14.7599	15.0455	10.4357	22.22	
5.36656	9.39901	16.8172	8.60235	12.287	4.07922	12.4145	0	6.80965	8.89084	10.7041	9.14385	7.64084	7.61435	4.86526	14.0624	13.1688	13.9738	13.3714	10.0792	12.2409	12.0216	9.32952	9.68052	21.8142	
1.44309	19.9198	22.9738	6.51153	21.9202	6.91383	8.66211	6.80965	0	5.63546	1.64	11.6383	7.47304	14.6786	3.17375	12.9899	17.2823	23.3974	26.7403	15.45	12.9658	10.9218	20.9668	10.4544	27.519	
4.19237	13.5921	22.4768	2.21151	13.48	8.48383	16.534	8.89084	5.63546	0	12.8924	3.4192	1.25	7.02746	5.92304	7.67153	12.3762	11.1258	18.5169	16.8219	10.4036	8.06269	15.4458	6.96265	17.6	
3.08309	23.6531	20.1487	8.15153	18.2967	6.6249	10.3021	10.7041	1.64	12.8924	0	11.6895	10.1521	13.9331	7.23017	11.3499	18.7825	19.3487	13.5361	12.6249	12.4105	9.28181	11.9739	13.606	14.3148	
7.61157	5.39293	18.5884	5.12675	9.95662	5.06463	9.62473	9.14385	11.6383	3.4192	11.6895	0	4.6692	3.60827	10.8915	15.7054	10.0195	7.70662	16.6728	11.0646	12.3735	10.8554	11.141	6.53119	14.0766	
5.44237	9.00419	18.1704	0.961509	12.7026	7.82624	13.236	7.64084	7.47304	1.25	10.1521	4.6692	0	7.21953	9.74016	6.42153	9.20092	10.0059	11.067	13.8262	7.48219	6.81269	9.50478	5.71265	11.8457	
12.779	1.78466	12.0703	8.18104	21.5407	7.30821	6.01646	7.61435	14.6786	7.02746	13.9331	3.60827	7.21953	0	12.4796	13.6411	18.4073	11.3149	16.7179	13.3082	19.4921	12.4636	15.1557	10.1395	17.4966	
1.73066	15.6841	19.3506	8.43469	9.62564	5.82684	7.54923	4.86526	3.17375	5.92304	7.23017	10.8915	9.74016	12.4796	0	8.4363	17.5699	12.0425	22.1823	11.8268	7.37564	16.5529	14.1948	10.742	23.9076	
20.0499	22.0345	11.7488	7.38304	3.31066	14.2478	21.7055	14.0624	12.9899	7.67153	11.3499	15.7054	6.42153	13.6411	8.4363	0	18.0164	5.72756	11.6699	9.74348	1.06066	13.2342	9.90429	12.1342	12.0698	
12.4996	22.5865	12.3009	15.1042	10.429	13.0093	13.924	13.1688	17.2823	12.3762	18.7825	10.0195	9.20092	18.4073	17.5699	18.0164	0	7.78152	13.755	7.00928	14.6845	7.81243	8.09804	3.48827	14.5337	
13.3046	21.5324	11.2468	12.3425	2.25	12.7713	14.7289	13.9738	23.3974	11.1258	19.3487	7.70662	10.0059	11.3149	12.0425	5.72756	7.78152	0	6.97307	5.66977	4.5	7.39405	4.70197	4.29325	6.37	
22.6836	25.0684	11.5296	20.1317	4.72307	18.9214	21.2432	13.3714	26.7403	18.5169	13.5361	16.6728	11.067	16.7179	22.1823	11.6699	13.755	6.97307	0	8.14284	6.97307	4.25428	4.04191	8.57844	4.4972	
11.4707	20.9771	10.6915	16.3584	3.41977	6	19.5431	10.0792	15.45	16.8219	12.6249	11.0646	13.8262	13.3082	11.8268	9.74348	7.00928	5.66977	8.14284	0	5.66977	7.76208	5.07	9.10736	8.54266	
9.1063	23.0598	12.8095	7.6756	2.25	13.2025	14.9249	12.2409	12.9658	10.4036	12.4105	12.3735	7.48219	19.4921	7.37564	1.06066	14.6845	4.5	6.97307	5.66977	0	12.5667	5.20743	8.96016	7.37289	
13.3355	14.2482	10.1798	7.7742	5.64951	13.9527	14.7599	12.0216	10.9218	8.06269	9.28181	10.8554	6.81269	12.4636	16.5529	13.2342	7.81243	7.39405	4.25428	7.76208	12.5667	0	2.69208	4.32416	5.03302	
13.6211	17.7733	7.48772	15.1573	2.95743	11.07	15.0455	9.32952	20.9668	15.4458	11.9739	11.141	9.50478	15.1557	14.1948	9.90429	8.09804	4.70197	4.04191	5.07	5.20743	2.69208	0	4.60977	7.7251	
9.01135	21.6934	12.0975	6.67416	6.54325	11.5958	10.4357	9.68052	10.4544	6.96265	13.606	6.53119	5.71265	10.1395	10.742	12.1342	3.48827	4.29325	8.57844	9.10736	8.96016	4.32416	4.60977	0	9.35719	
27.4507	26.791	17.6168	20.5316	5.12289	15.277	22.22	21.8142	27.519	17.6	14.3148	14.0766	11.8457	17.4966	23.9076	12.0698	14.5337	6.37	4.4972	8.54266	7.37289	5.03302	7.7251	9.35719	0	

0	14.1614	15.7459	5.55041	10.7342	2.92003	11.8949	6.97653	2.68	3.2249	1.1	11.8472	8.12	9.04023	5.76888	14.7978	8.17538	21.2628	9.80138	11.1811	10.5523	17.2514	9.62107	9.20244	11.1565	
14.1614	0	18.9888	22.56	15.9147	9.67095	17.1637	16.7586	11.2361	19.0997	11.491	25.8088	13.5841	6.57774	14.5455	19.4178	13.4511	14.9866	12.5233	13.5262	19.8452	17.9623	11.9662	16.2398	17.9135	
15.7459	18.9888	0	22.1567	21.8259	17.2305	13.9816	17.6039	17.3735	14.6272	16.8459	6.82	13.7471	24.7862	14.4568	11.1217	8.30633	18.5986	10.5088	13.0577	9.88647	5.06983	11.1616	8.46739	19.9453	
5.55041	22.56	22.1567	0	7.07822	6.35043	10.9955	6.18827	12.2091	2.32551	9.45731	10.9478	2.43731	16.8788	15.2533	9.53669	6.50766	8.69033	8.90198	12.1539	9.65295	15.7165	10.5939	8.30304	10.9056	
10.7342	15.9147	21.8259	7.07822	0	6.24375	8.75814	8.39186	11.2137	9.81584	8.06378	8.81866	4.64091	19.3441	13.6349	2.04636	8.71125	1.2	8.77145	5.39271	3.85656	8.09822	6.95271	7.54306	3.41526	
2.92003	9.67095	17.2305	6.35043	6.24375	0	12.2186	7.08764	3.40003	7.71534	1.82003	12.7674	3.91312	13.5307	7.25915	8.29011	7.55381	7.44375	13.7554	10.9348	14.5437	10.7903	9.03873	10.8185	9.65901	
11.8949	17.1637	13.9816	10.9955	8.75814	12.2186	0	7.56003	13.8082	8.66995	13.7714	17.2923	8.73511	10.5859	11.6831	10.8045	4.66476	8.59142	10.8663	8.04571	13.7284	7.90126	6.14969	7.92942	12.1734	
6.97653	16.7586	17.6039	6.18827	8.39186	7.08764	7.56003	0	6.2482	7.46705	7.8282	10.7839	3.75096	11.5871	4.12311	11.5581	7.8213	10.7118	12.1066	7.21002	14.7945	16.4718	8.77002	9.36037	12.927	
2.68	11.2361	17.3735	12.2091	11.2137	3.40003	13.8082	6.2482	0	8.17263	1.58	10.9461	8.6	13.988	3.30938	17.7762	12.5238	21.9883	17.7427	13.4582	17.1203	12.3037	13.6142	15.7012	9.99104	
3.2249	19.0997	14.6272	2.32551	9.81584	7.71534	8.66995	7.46705	8.17263	0	4.3249	8.62232	4.76282	12.2651	8.99379	9.13763	4.95047	12.3115	6.57647	8.12788	7.32743	8.18697	6.4354	5.97753	14.3814	
1.1	11.491	16.8459	9.45731	8.06378	1.82003	13.7714	7.8282	1.58	4.3249	0	13.0759	5.73315	10.1402	4.88938	14.6263	9.37383	20.4083	18.6397	19.2876	14.0876	13.8837	10.7211	15.138	11.571	
11.8472	25.8088	6.82	10.9478	8.81866	12.7674	17.2923	10.7839	10.9461	8.62232	13.0759	0	8.85424	22.3709	7.63675	6.7723	11.3326	12.5233	11.7845	10.2183	8.58249	11.4655	14.2239	8.06794	20.3738	
8.12	13.5841	13.7471	2.43731	4.64091	3.91312	8.73511	3.75096	8.6	4.76282	5.73315	8.85424	0	15.338	7.87407	6.68727	4.07034	5.84091	10.2719	7.45129	12.9409	7.30684	5.55527	7.335	8.05616	
9.04023	6.57774	24.7862	16.8788	19.3441	13.5307	10.5859	11.5871	13.988	12.2651	10.1402	22.3709	15.338	0	14.8091	30.7181	15.2507	19.1773	19.101	18.7971	21.8807	19.4977	18.5439	20.5308	20.1968	
5.76888	14.5455	14.4568	15.2533	13.6349	7.25915	11.6831	4.12311	3.30938	8.99379	4.88938	7.63675	7.87407	14.8091	0	14.409	11.7897	20.16	23.3086	11.3331	18.1838	15.613	10.3048	15.7047	13.3004	
14.7978	19.4178	11.1217	9.53669	2.04636	8.29011	10.8045	11.5581	17.7762	9.13763	14.6263	6.7723	6.68727	30.7181	14.409	0	8.93653	3.24636	11.4909	7.43907	1.81019	6.05186	7.4516	9.44942	5.46162	
8.17538	13.4511	8.30633	6.50766	8.71125	7.55381	4.66476	7.8213	12.5238	4.95047	9.37383	11.3326	4.07034	15.2507	11.7897	8.93653	0	8.92191	6.20155	3.04492	8.05313	3.2365	1.48492	3.26466	8.21658	
21.2628	14.9866	18.5986	8.69033	1.2	7.44375	8.59142	10.7118	21.9883	12.3115	20.4083	12.5233	5.84091	19.1773	20.16	3.24636	8.92191	0	7.57145	6.59271	9.5	12.1584	10.4068	11.288	4.61526	
9.80138	12.5233	10.5088	8.90198	8.77145	13.7554	10.8663	12.1066	17.7427	6.57647	18.6397	11.7845	10.2719	19.101	23.3086	11.4909	6.20155	7.57145	0	4.89653	10.2557	5.43902	6.45653	3.71652	10.6915	
11.1811	13.5262	13.0577	12.1539	5.39271	10.9348	8.04571	7.21002	13.4582	8.12788	19.2876	10.2183	7.45129	18.7971	11.3331	7.43907	3.04492	6.59271	4.89653	0	9.43902	5.54791	1.56	2.15035	8.29166	
10.5523	19.8452	9.88647	9.65295	3.85656	14.5437	13.7284	14.7945	17.1203	7.32743	14.0876	8.58249	12.9409	21.8807	18.1838	1.81019	8.05313	9.5	10.2557	9.43902	0	4.81664	7.87902	8.2142	11.7153	
17.2514	17.9623	5.06983	15.7165	8.09822	10.7903	7.90126	16.4718	12.3037	8.18697	13.8837	11.4655	7.30684	19.4977	15.613	6.05186	3.2365	12.1584	5.43902	5.54791	4.81664	0	4.72142	3.39756	14.9648	
9.62107	11.9662	11.1616	10.5939	6.95271	9.03873	6.14969	8.77002	13.6142	6.4354	10.7211	14.2239	5.55527	18.5439	10.3048	7.4516	1.48492	10.4068	6.45653	1.56	7.87902	4.72142	0	3.71035	6.73166	
9.20244	16.2398	8.46739	8.30304	7.54306	10.8185	7.92942	9.36037	15.7012	5.97753	15.138	8.06794	7.335	20.5308	15.7047	9.44942	3.26466	11.288	3.71652	2.15035	8.2142	3.39756	3.71035	0	14.408	
11.1565	17.9135	19.9453	10.9056	3.41526	9.65901	12.1734	12.927	9.99104	14.3814	11.571	20.3738	8.05616	20.1968	13.3004	5.46162	8.21658	4.61526	10.6915	8.29166	11.7153	14.9648	6.73166	14.408	0	

0	7.54655	21.4654	12.3349	14.2698	5.18614	8.67632	3.21994	3.5871	9.58861	2.65	13.4442	8.08229	15.1441	3.5695	18.3545	16.4049	12.1698	14.719	19.3038	14.2642	24.5483	18.0606	11.5175	24.6498	
7.54655	0	19.3169	25.7591	11.5163	12.7327	9.86631	10.7665	11.1337	20.5654	10.1965	12.7896	15.2683	7.59754	11.116	14.6935	13.5765	13.6163	15.1898	17.6682	17.7663	21.7199	13.9638	16.8187	17.868	
21.4654	19.3169	0	15.0311	10.8874	20.9558	28.3536	22.4196	20.3754	12.7293	18.8154	23.1052	14.0215	17.6153	20.5117	7.71018	5.74043	10.3095	17.6687	6.33568	8.33243	12.808	9.33568	8.98273	8.25	
12.3349	25.7591	15.0311	0	8.51985	10.8002	13.8722	7.0537	12.6023	1.20748	11.6747	7.75099	2.19135	9.8621	7.22659	6.84237	8.19638	16.7579	12.7821	18.3942	14.1301	25.1091	9.82352	9.76989	23.2084	
14.2698	11.5163	10.8874	8.51985	0	12.7463	9.83794	11.1909	16.7717	8.81214	27.2979	6.91466	6.32851	13.9993	14.8231	3.17725	6.38719	2.1	3.6735	5.44753	3.7995	11.6435	2.44753	7.70267	7.4946	
5.18614	12.7327	20.9558	10.8002	12.7463	0	13.9106	5.15001	3.36	14.603	4.92	13.2171	8.60886	16.2796	7.65325	16.831	15.4713	10.6463	18.0268	19.2761	18.3663	21.701	16.241	12.229	23.1263	
8.67632	9.86631	28.3536	13.8722	9.83794	13.9106	0	10.7143	9.40008	11.1259	8.01612	2.92329	8.48293	10.7382	5.10683	22.5201	11.4576	18.9011	14.0131	19.5363	15.8015	16.5504	13.4705	8.21533	21.0087	
3.21994	10.7665	22.4196	7.0537	11.1909	5.15001	10.7143	0	6.80704	11.6265	5.86994	10.422	4.86236	12.5331	5.60742	16.4789	11.5399	15.3897	14.0954	16.0839	16.3021	17.7696	12.4945	8.29759	26.2719	
3.5871	11.1337	20.3754	12.6023	16.7717	3.36	9.40008	6.80704	0	10.3124	1.56	9.85707	11.9689	14.5925	4.29325	17.0297	18.3837	14.0063	15.4428	24.1441	14.9879	24.3608	18.7844	13.7134	26.799	
9.58861	20.5654	12.7293	1.20748	8.81214	14.603	11.1259	11.6265	10.3124	0	8.92841	10.4062	3.39882	16.3207	6.01911	5.63489	6.98891	11.8195	11.5746	12.0603	6.25715	15.1323	13.8176	8.56241	15.428	
2.65	10.1965	18.8154	11.6747	27.2979	4.92	8.01612	5.86994	1.56	8.92841	0	11.4171	14.797	13.0325	2.9093	24.5032	19.0549	14.8198	14.0588	23.207	13.604	31.6234	17.4004	12.3295	23.3029	
13.4442	12.7896	23.1052	7.75099	6.91466	13.2171	2.92329	10.422	9.85707	10.4062	11.4171	0	5.55964	13.2304	8.03011	10.0919	9.13317	9.01466	10.5882	16.7695	13.1647	14.5037	9.36219	5.89087	14.4093	
8.08229	15.2683	14.0215	2.19135	6.32851	8.60886	8.48293	4.86236	11.9689	3.39882	14.797	5.55964	0	7.67075	10.4698	9.50575	8.28104	8.42851	10.002	10.6322	11.9388	16.4245	7.63217	9.47098	13.8231	
15.1441	7.59754	17.6153	9.8621	13.9993	16.2796	10.7382	12.5331	14.5925	16.3207	13.0325	13.2304	7.67075	0	15.8451	11.7819	15.9518	17.9665	18.4011	18.2356	12.4041	21.2729	15.3029	17.1417	10.2705	
3.5695	11.116	20.5117	7.22659	14.8231	7.65325	5.10683	5.60742	4.29325	6.01911	2.9093	8.03011	10.4698	15.8451	0	11.3169	12.6625	15.7393	11.1496	17.4911	10.6947	18.8922	14.4911	9.42019	20.5682	
18.3545	14.6935	7.71018	6.84237	3.17725	16.831	22.5201	16.4789	17.0297	5.63489	24.5032	10.0919	9.50575	11.7819	11.3169	0	9.56444	5.27725	6.85075	6.45368	0.622254	17.1677	5.62478	12.1088	9.79306	
16.4049	13.5765	5.74043	8.19638	6.38719	15.4713	11.4576	11.5399	18.3837	6.98891	19.0549	9.13317	8.28104	15.9518	12.6625	9.56444	0	8.48719	9.04007	5.07142	12.6372	8.14344	8.07142	3.2423	13.8818	
12.1698	13.6163	10.3095	16.7579	2.1	10.6463	18.9011	15.3897	14.0063	11.8195	14.8198	9.01466	8.42851	17.9665	15.7393	5.27725	8.48719	0	5.7735	8.62981	6.80691	15.6154	4.54753	11.0316	9.5946	
14.719	15.1898	17.6687	12.7821	3.6735	18.0268	14.0131	14.0954	15.4428	11.5746	14.0588	10.5882	10.002	18.4011	11.1496	6.85075	9.04007	5.7735	0	13.6697	9.9235	7.97004	6.12103	5.79777	9.41866	
19.3038	17.6682	6.33568	18.3942	5.44753	19.2761	19.5363	16.0839	24.1441	12.0603	23.207	16.7695	10.6322	18.2356	17.4911	6.45368	5.07142	8.62981	13.6697	0	7.07594	10.714	3	8.25514	13.2955	
14.2642	17.7663	8.33243	14.1301	3.7995	18.3663	15.8015	16.3021	14.9879	6.25715	13.604	13.1647	11.9388	12.4041	10.6947	0.622254	12.6372	6.80691	9.9235	7.07594	0	22.625	8.69753	15.1816	10.4153	
24.5483	21.7199	12.808	25.1091	11.6435	21.701	16.5504	17.7696	24.3608	15.1323	31.6234	14.5037	16.4245	21.2729	18.8922	17.1677	8.14344	15.6154	7.97004	10.714	22.625	0	9.7149	9.47198	11.0024	
18.0606	13.9638	9.33568	9.82352	2.44753	16.241	13.4705	12.4945	18.7844	13.8176	17.4004	9.36219	7.63217	15.3029	14.4911	5.62478	8.07142	4.54753	6.12103	3	8.69753	9.7149	0	5.25514	9.94213	
11.5175	16.8187	8.98273	9.76989	7.70267	12.229	8.21533	8.29759	13.7134	8.56241	12.3295	5.89087	9.47098	17.1417	9.42019	12.1088	3.2423	11.0316	5.79777	8.25514	15.1816	9.47198	5.25514	0	15.2164	
24.6498	17.868	8.25	23.2084	7.4946	23.1263	21.0087	26.2719	26.799	15.428	23.3029	14.4093	13.8231	10.2705	20.5682	9.79306	13.8818	9.5946	9.41866	13.2955	10.4153	11.0024	9.94213	15.2164	0	

0	9.17824	19.8258	4.61693	13.598	2.24522	6.56195	4.13185	2.06155	11.9726	4.08155	13.1393	5.59932	7.30937	5.15594	12.8434	12.317	12.2984	19.5095	6.75846	19.4859	18.4227	9.09846	10.3153	17.6125	
9.17824	0	11.1758	9.39102	13.2066	11.4235	5.05964	7.67034	9.07208	8.62232	12.9505	10.3848	11.8723	3.82426	6.30971	14.2572	8.42443	15.5798	23.1974	15.9367	13.5706	21.2918	16.3973	6.99335	14.0338	
19.8258	11.1758	0	15.8222	7.84618	15.9762	16.6974	19.4439	12.4362	13.6214	14.2285	10.12	16.2842	13.8159	17.8934	12.0898	5.61352	11.1962	14.4222	13.0673	10.1806	11.6672	11.1095	4.18244	10.75	
4.61693	9.39102	15.8222	0	9.22063	2.37171	12.0582	4.25835	4.89171	4.03262	4.91975	6.59154	0.782624	5.56676	7.44695	11.6723	12.4435	8.32166	17.3157	4.82186	18.738	10.2073	10.7187	11.6397	12.2561	
13.598	13.2066	7.84618	9.22063	0	11.7921	14.3757	9.74515	14.4671	10.6431	17.7437	12.748	8.43801	17.8574	13.59	5.0082	7.64436	3.35	9.09628	5.60337	4.05	3.82099	3.26337	6.21328	9.79704	
2.24522	11.4235	15.9762	2.37171	11.7921	0	8.80717	1.88664	2.52	6.6041	2.54804	8.96325	3.15433	7.51464	3.24726	9.21057	10.0717	8.28179	15.4929	7.39333	17.5339	12.579	13.324	10.7738	14.6278	
6.56195	5.05964	16.6974	12.0582	14.3757	8.80717	0	12.4652	8.6235	6.0208	11.062	6.57739	9.2708	8.88391	11.3694	9.36745	13.3042	17.7391	23.3405	13.3204	11.2766	16.2321	17.6408	12.053	21.3133	
4.13185	7.67034	19.4439	4.25835	9.74515	1.88664	12.4652	0	4.40664	9.77945	4.43468	12.1885	5.24074	5.43809	1.36062	7.32393	11.9584	6.39515	13.6062	10.5687	9.23312	16.0504	8.79224	14.9817	15.8985	
2.06155	9.07208	12.4362	4.89171	14.4671	2.52	8.6235	4.40664	0	9.49262	2.02	11.8083	5.8741	5.24782	6.57404	18.4926	9.68487	16.8403	24.4133	8.82001	17.0059	15.9427	13.1404	8.25379	15.2943	
11.9726	8.62232	13.6214	4.03262	10.6431	6.6041	6.0208	9.77945	9.49262	0	7.47262	5.64911	3.25	11.6041	9.91432	5.63489	7.71692	11.7183	25.536	7.28923	7.54408	16.2447	11.96	9.148	16.5512	
4.08155	12.9505	14.2285	4.91975	17.7437	2.54804	11.062	4.43468	2.02	7.47262	0	13.1217	5.90214	7.26782	6.64078	13.1075	8.32406	13.7708	20.9819	11.2585	14.9859	13.9227	15.5788	9.75515	17.1584	
13.1393	10.3848	10.12	6.59154	12.748	8.96325	6.57739	12.1885	11.8083	5.64911	13.1217	0	7.37416	6.56049	10.638	7.73977	6.72681	14.9132	24.5422	12.3787	9.64896	16.7988	18.1786	8.1579	15.5611	
5.59932	11.8723	16.2842	0.782624	8.43801	3.15433	9.2708	5.24074	5.8741	3.25	5.90214	7.37416	0	6.34938	6.66432	8.88489	10.9669	9.10428	17.5343	4.03923	12.488	10.9899	6.37923	12.4223	13.0387	
7.30937	3.82426	13.8159	5.56676	17.8574	7.51464	8.88391	5.43809	5.24782	11.6041	7.26782	6.56049	6.34938	0	4.07746	12.9519	13.2873	12.0232	19.2342	13.629	17.3949	15.774	15.969	10.8176	10.2705	
5.15594	6.30971	17.8934	7.44695	13.59	3.24726	11.3694	1.36062	6.57404	9.91432	6.64078	10.638	6.66432	4.07746	0	8.68456	14.9648	7.75578	14.9669	10.7036	19.8803	20.5635	16.2347	13.3031	14.3479	
12.8434	14.2572	12.0898	11.6723	5.0082	9.21057	9.36745	7.32393	18.4926	5.63489	13.1075	7.73977	8.88489	12.9519	8.68456	0	13.3416	8.3582	14.1045	6.0849	1.90919	8.8292	8.27158	11.2215	16.2975	
12.317	8.42443	5.61352	12.4435	7.64436	10.0717	13.3042	11.9584	9.68487	7.71692	8.32406	6.72681	10.9669	13.2873	14.9648	13.3416	0	10.0176	17.6351	7.25667	13.4519	14.9296	9.59667	1.43108	8.47157	
12.2984	15.5798	11.1962	8.32166	3.35	8.28179	17.7391	6.39515	16.8403	11.7183	13.7708	14.9132	9.10428	12.0232	7.75578	8.3582	10.0176	0	12.4463	4.73708	7.4	7.17099	2.39708	8.5865	8.93075	
19.5095	23.1974	14.4222	17.3157	9.09628	15.4929	23.3405	13.6062	24.4133	25.536	20.9819	24.5422	17.5343	19.2342	14.9669	14.1045	17.6351	12.4463	0	15.9358	13.1463	7.10842	12.3597	15.3096	14.3401	
6.75846	15.9367	13.0673	4.82186	5.60337	7.39333	13.3204	10.5687	8.82001	7.28923	11.2585	12.3787	4.03923	13.629	10.7036	6.0849	7.25667	4.73708	15.9358	0	7.99409	10.1821	2.34	8.68775	8.87367	
19.4859	13.5706	10.1806	18.738	4.05	17.5339	11.2766	9.23312	17.0059	7.54408	14.9859	9.64896	12.488	17.3949	19.8803	1.90919	13.4519	7.4	13.1463	7.99409	0	7.87099	7.31337	10.2633	15.3393	
18.4227	21.2918	11.6672	10.2073	3.82099	12.579	16.2321	16.0504	15.9427	16.2447	13.9227	16.7988	10.9899	15.774	20.5635	8.8292	14.9296	7.17099	7.10842	10.1821	7.87099	0	7.08437	10.0343	9.12967	
9.09846	16.3973	11.1095	10.7187	3.26337	13.324	17.6408	8.79224	13.1404	11.96	15.5788	18.1786	6.37923	15.969	16.2347	8.27158	9.59667	2.39708	12.3597	2.34	7.31337	7.08437	0	9.40394	6.53367	
10.3153	6.99335	4.18244	11.6397	6.21328	10.7738	12.053	14.9817	8.25379	9.148	9.75515	8.1579	12.4223	10.8176	13.3031	11.2215	1.43108	8.5865	15.3096	8.68775	10.2633	10.0343	9.40394	0	7.04048	
17.6125	14.0338	10.75	12.2561	9.79704	14.6278	21.3133	15.8985	15.2943	16.5512	17.1584	15.5611	13.0387	10.2705	14.3479	16.2975	8.47157	8.93075	14.3401	8.87367	15.3393	9.12967	6.53367	7.04048	0	

0	13.7739	16.5832	4.5853	10.9944	0.885438	10.8948	2.32551	3.79326	7.75609	4.6	9.76318	12.3174	13.747	2.23544	11.1304	8.39661	6.91466	14.6164	11.3854	10.8037	14.3795	17.9781	14.4278	18.8747	
13.7739	0	25.0813	7.0835	14.1458	10.7834	12.1127	11.4484	11.0114	11.019	14.3514	18.2613	7.75432	6.7817	14.2109	14.4625	13.6435	16.9031	23.4411	17.1657	24.0629	14.1501	21.9812	26.3292	30.4117	
16.5832	25.0813	0	14.8047	24.6861	18.4054	8.34701	17.8667	14.1178	16.8635	17.4578	6.82	16.5621	13.678	17.0064	15.4845	10.2438	17.753	15.1697	18.9044	19.0573	7.73817	15.3441	10.2398	22.5	
4.5853	7.0835	14.8047	0	7.06231	3.69986	8.88596	5.33155	9.43986	3.93548	9.30555	10.7605	0.67082	13.8652	10.7527	7.37902	5.02188	8.28518	14.4981	6.9386	8.83566	7.06658	10.237	10.3837	19.588	
10.9944	14.1458	24.6861	7.06231	0	10.1089	17.0932	11.7406	10.5683	10.9978	13.9083	21.3369	7.73313	28.4015	15.443	4.10664	13.2653	6.53909	14.6595	13.4561	2.65	13.9691	10.0961	15.6132	13.625	
0.885438	10.7834	18.4054	3.69986	10.1089	0	10.0584	1.63169	4.67869	7.06227	5.48544	10.6486	4.37069	13.0532	3.12088	10.245	10.2599	7.8001	15.5019	10.5	11.7016	10.7664	13.86	16.0534	19.5329	
10.8948	12.1127	8.34701	8.88596	17.0932	10.0584	0	11.4219	13.534	12.6187	15.3002	7.62142	8.21514	5.33104	8.65941	15.8459	9.81865	13.5082	11.5606	10.3571	18.7494	12.6871	6.99714	5.99497	21.0817	
2.32551	11.4484	17.8667	5.33155	11.7406	1.63169	11.4219	0	3.74892	5.43058	4.33319	12.0887	10.4306	11.4215	2.76248	9.88731	8.92365	9.24017	16.9419	12.1317	11.344	15.1257	18.7361	12.0543	21.0831	
3.79326	11.0114	14.1178	9.43986	10.5683	4.67869	13.534	3.74892	0	9.1795	3.34	13.5564	14.9566	15.1705	4.87463	13.6362	11.0358	10.7079	18.4097	16.24	13.2183	19.234	20.6644	20.1777	23.3124	
7.75609	11.019	16.8635	3.93548	10.9978	7.06227	12.6187	5.43058	9.1795	0	9.76377	14.6917	4.6063	16.8521	8.19306	11.3145	8.59053	8.91079	14.0568	11.2678	12.7999	11.0021	12.2675	6.62375	15.6525	
4.6	14.3514	17.4578	9.30555	13.9083	5.48544	15.3002	4.33319	3.34	9.76377	0	12.1021	11.572	15.7547	6.64078	13.478	12.802	11.5147	19.2164	16.1057	14.9346	17.9678	22.3267	16.8377	26.6524	
9.76318	18.2613	6.82	10.7605	21.3369	10.6486	7.62142	12.0887	13.5564	14.6917	12.1021	0	10.0897	12.9525	11.9986	20.1435	11.8916	15.5811	15.501	13.0609	18.6869	14.5582	13.5276	8.06794	22.0937	
12.3174	7.75432	16.5621	0.67082	7.73313	4.37069	8.21514	10.4306	14.9566	4.6063	11.572	10.0897	0	13.5462	10.0819	8.04984	4.35106	7.61435	15.6528	6.26777	10.5342	6.85673	8.02801	8.17473	15.3006	
13.747	6.7817	13.678	13.8652	28.4015	13.0532	5.33104	11.4215	15.1705	16.8521	15.7547	12.9525	13.5462	0	13.9904	19.9723	17.4345	17.6144	16.6594	10.384	26.4495	24.091	12.3282	11.326	19.4168	
2.23544	14.2109	17.0064	10.7527	15.443	3.12088	8.65941	2.76248	4.87463	8.19306	6.64078	11.9986	10.0819	13.9904	0	12.6498	6.16117	9.1501	16.8519	13.2117	17.2212	8.66684	9.83812	9.98484	25.8399	
11.1304	14.4625	15.4845	7.37902	4.10664	10.245	15.8459	9.88731	13.6362	11.3145	13.478	20.1435	8.04984	19.9723	12.6498	0	10.2521	5.34573	13.4122	9.58833	1.45664	7.74638	8.84878	14.4385	12.4317	
8.39661	13.6435	10.2438	5.02188	13.2653	10.2599	9.81865	8.92365	11.0358	8.59053	12.802	11.8916	4.35106	17.4345	6.16117	10.2521	0	5.16532	8.2404	7.03696	9.0544	2.50567	3.67696	3.82368	16.0834	
6.91466	16.9031	17.753	8.28518	6.53909	7.8001	13.5082	9.24017	10.7079	8.91079	11.5147	15.5811	7.61435	17.6144	9.1501	5.34573	5.16532	0	14.9462	7.23038	3.88909	7.67099	8.84227	7.51319	11.96	
14.6164	23.4411	15.1697	14.4981	14.6595	15.5019	11.5606	16.9419	18.4097	14.0568	19.2164	15.501	15.6528	16.6594	16.8519	13.4122	8.2404	14.9462	0	7.92344	17.7629	7.43153	4.56344	7.43303	13.0673	
11.3854	17.1657	18.9044	6.9386	13.4561	10.5	10.3571	12.1317	16.24	11.2678	16.1057	13.0609	6.26777	10.384	13.2117	9.58833	7.03696	7.23038	7.92344	0	11.045	9.55618	3.36	8.66464	9.03285	
10.8037	24.0629	19.0573	8.83566	2.65	11.7016	18.7494	11.344	13.2183	12.7999	14.9346	18.6869	10.5342	26.4495	17.2212	1.45664	9.0544	3.88909	17.7629	11.045	0	9.20302	10.3054	11.4023	10.975	
14.3795	14.1501	7.73817	7.06658	13.9691	10.7664	12.6871	15.1257	19.234	11.0021	17.9678	14.5582	6.85673	24.091	8.66684	7.74638	2.50567	7.67099	7.43153	9.55618	9.20302	0	6.18263	6.32935	18.0252	
17.9781	21.9812	15.3441	10.237	10.0961	13.86	6.99714	18.7361	20.6644	12.2675	22.3267	13.5276	8.02801	12.3282	9.83812	8.84878	3.67696	8.84227	4.56344	3.36	10.3054	6.18263	0	7.50063	12.3929	
14.4278	26.3292	10.2398	10.3837	15.6132	16.0534	5.99497	12.0543	20.1777	6.62375	16.8377	8.06794	8.17473	11.326	9.98484	14.4385	3.82368	7.51319	7.43303	8.66464	11.4023	6.32935	7.50063	0	15.0867	
18.8747	30.4117	22.5	19.588	13.625	19.5329	21.0817	21.0831	23.3124	15.6525	26.6524	22.0937	15.3006	19.4168	25.8399	12.4317	16.0834	11.96	13.0673	9.03285	10.975	18.0252	12.3929	15.0867	0	

0	11.3063	9.71226	3.41526	11.7539	5.31263	10.0396	5.38346	3.5871	8.54599	5.1871	6.17671	4.7569	9.48875	4.83144	11.1082	9.97286	16.355	16.7008	13.2715	11.4052	17.747	16.645	6.39515	14.0134	
11.3063	0	11.0696	12.3961	10.1343	7.79643	6.74277	17.5186	13.7846	11.522	23.9406	5.12957	13.7378	3.6203	8.47443	18.9122	12.5291	15.967	19.0557	12.2244	15.2843	25.5922	17.8848	11.4503	17.1546	
9.71226	11.0696	0	13.9963	13.8762	19.3639	9.80291	11.7154	13.5117	12.3324	15.1266	5.94	19.3531	11.1471	17.1334	9.02322	6.89482	12.686	20.3191	11.2228	8.72624	12.9414	14.6571	3.31711	19.1449	
3.41526	12.3961	13.9963	0	12.6266	8.72789	11.9192	5.1225	6.91886	6.7082	8.53373	8.05633	1.34164	15.6091	8.2467	14.5235	15.4558	18.8938	13.3954	14.551	17.7766	18.674	20.3771	9.81041	13.2774	
11.7539	10.1343	13.8762	12.6266	0	17.0665	15.6223	15.1752	15.341	17.0762	17.9955	15.2639	13.9682	13.7546	16.5853	5.44698	9.44757	6.8	8.92136	12.0105	5.15	13.2237	7.75051	17.9057	7.02026	
5.31263	7.79643	19.3639	8.72789	17.0665	0	7.29859	4.80636	3.01	11.7346	4.61	11.4893	12.522	4.17612	5.69878	13.1264	12.5897	17.2224	19.8894	14.5935	13.4234	21.2	14.2867	11.7078	15.8035	
10.0396	6.74277	9.80291	11.9192	15.6223	7.29859	0	16.2081	12.5179	8.91078	14.6207	3.86291	16.6387	3.12247	7.97659	14.7024	9.56884	14.7003	13.7432	8.90597	23.3098	6.36553	7.87179	10.9525	12.569	
5.38346	17.5186	11.7154	5.1225	15.1752	4.80636	16.2081	0	1.79636	7.29734	3.39636	10.4513	6.46414	10.5028	5.06102	16.251	14.1288	17.1722	15.4522	9.42849	17.3753	11.9689	13.6562	12.2537	8.15492	
3.5871	13.7846	13.5117	6.91886	15.341	3.01	12.5179	1.79636	0	9.0937	1.6	8.65499	11.68	7.18612	3.26466	14.6953	15.5997	14.7882	26.5563	10.0782	15.5641	15.3479	11.845	9.98226	9.95128	
8.54599	11.522	12.3324	6.7082	17.0762	11.7346	8.91078	7.29734	9.0937	0	9.52759	6.39241	8.04984	12.0332	12.9428	19.6542	13.7919	17.2298	8.15483	13.4872	23.239	15.2763	16.7826	10.9857	15.4523	
5.1871	23.9406	15.1266	8.53373	17.9955	4.61	14.6207	3.39636	1.6	9.52759	0	10.255	10.08	8.26938	3.41526	14.2611	11.9421	14.9388	17.6824	8.47817	13.9641	11.0186	10.245	12.7952	11.5662	
6.17671	5.12957	5.94	8.05633	15.2639	11.4893	3.86291	10.4513	8.65499	6.39241	10.255	0	9.39797	6.98538	11.0081	13.9172	7.39949	10.8374	14.5472	7.09479	14.6662	9.63522	9.09655	9.25711	15.5173	
4.7569	13.7378	19.3531	1.34164	13.9682	12.522	16.6387	6.46414	11.68	8.04984	10.08	9.39797	0	16.6981	13.4953	25.6484	18.6674	19.2014	14.737	18.5582	23.1612	23.2937	19.9963	19.6357	22.25	
9.48875	3.6203	11.1471	15.6091	13.7546	4.17612	3.12247	10.5028	7.18612	12.0332	8.26938	6.98538	16.6981	0	4.85412	17.3025	11.4077	16.3777	15.7826	13.4188	20.0905	9.488	10.9943	7.83	18.7548	
4.83144	8.47443	17.1334	8.2467	16.5853	5.69878	7.97659	5.06102	3.26466	12.9428	3.41526	11.0081	13.4953	4.85412	0	15.9396	17.394	11.5236	20.6367	11.8934	15.4834	19.2002	13.6603	11.2266	13.8036	
11.1082	18.9122	9.02322	14.5235	5.44698	13.1264	14.7024	16.251	14.6953	19.6542	14.2611	13.9172	25.6484	17.3025	15.9396	0	8.52769	4.25678	17.6992	6.82246	0.296985	9.3629	6.83064	14.7282	15.245	
9.97286	12.5291	6.89482	15.4558	9.44757	12.5897	9.56884	14.1288	15.5997	13.7919	11.9421	7.39949	18.6674	11.4077	17.394	8.52769	0	10.3306	17.8647	4.70034	11.7938	7.24077	1.69706	3.57771	13.1229	
16.355	15.967	12.686	18.8938	6.8	17.2224	14.7003	17.1722	14.7882	17.2298	14.9388	10.8374	19.2014	16.3777	11.5236	4.25678	10.3306	0	15.7214	14.2845	3.9598	11.7441	12.0277	13.9083	13.8203	
16.7008	19.0557	20.3191	13.3954	8.92136	19.8894	13.7432	15.4522	26.5563	8.15483	17.6824	14.5472	14.737	15.7826	20.6367	17.6992	17.8647	15.7214	0	9.91811	14.0714	7.37768	16.1676	19.1406	11.7945	
13.2715	12.2244	11.2228	14.551	12.0105	14.5935	8.90597	9.42849	10.0782	13.4872	8.47817	7.09479	18.5582	13.4188	11.8934	6.82246	4.70034	14.2845	9.91811	0	7.11945	2.54043	4.26	7.90569	8.42252	
11.4052	15.2843	8.72624	17.7766	5.15	13.4234	23.3098	17.3753	15.5641	23.239	13.9641	14.6662	23.1612	20.0905	15.4834	0.296985	11.7938	3.9598	14.0714	7.11945	0	15.7039	7.12762	12.0433	12.1703	
17.747	25.5922	12.9414	18.674	13.2237	21.2	6.36553	11.9689	15.3479	15.2763	11.0186	9.63522	23.2937	9.488	19.2002	9.3629	7.24077	11.7441	7.37768	2.54043	15.7039	0	6.80043	10.4461	6.20349	
16.645	17.8848	14.6571	20.3771	7.75051	14.2867	7.87179	13.6562	11.845	16.7826	10.245	9.09655	19.9963	10.9943	13.6603	6.83064	1.69706	12.0277	16.1676	4.26	7.12762	6.80043	0	5.27477	12.6825	
6.39515	11.4503	3.31711	9.81041	17.9057	11.7078	10.9525	12.2537	9.98226	10.9857	12.7952	9.25711	19.6357	7.83	11.2266	14.7282	3.57771	13.9083	19.1406	7.90569	12.0433	10.4461	5.27477	0	16.3282	
14.0134	17.1546	19.1449	13.2774	7.02026	15.8035	12.569	8.15492	9.95128	15.4523	11.5662	15.5173	22.25	18.7548	13.8036	15.245	13.1229	13.8203	11.7945	8.42252	12.1703	6.20349	12.6825	16.3282	0	

0	7.8994	24.1603	13.2494	13.027	1.8025	14.4418	4.91935	1.40186	6.42329	2.74186	12.7014	8.22	6.60504	3.85794	17.8786	16.5783	10.7869	16.4751	11.5525	11.2917	14.9903	18.4391	17.414	9.58067	
7.8994	0	13.9452	14.6458	23.3227	6.0969	5.05964	10.2781	10.7841	21.4822	13.2822	7.14771	15.3763	6.83269	13.2401	22.0914	19.007	20.1691	26.2181	15.8469	15.5861	22.7655	23.2497	16.8276	13.8751	
24.1603	13.9452	0	9.01776	10.6176	21.741	8.88552	18.6188	23.2697	7.0267	10.2967	10.9736	5.9767	19.6877	23.7482	14.3075	9.34527	16.6815	14.963	10.2293	20.5139	14.2756	9.02931	7.49955	17.8399	
13.2494	14.6458	9.01776	0	7.68196	14.7995	9.58616	9.61838	10.5669	4.09105	7.36105	9.63026	3.04105	19.602	9.39149	8.23347	6.40961	14.8387	13.4591	6.6754	7.9082	16.2564	7.8754	13.414	10.17	
13.027	23.3227	10.6176	7.68196	0	14.222	8.17296	13.6094	11.6252	5.69091	8.96091	6.0849	4.64091	17.6633	18.4676	5.17527	4.31567	2.65	10.4009	4.472	4.85	8.07418	5.672	4.07746	7.36198	
1.8025	6.0969	21.741	14.7995	14.222	0	11.1565	4.1812	3.20435	8.25413	5.7025	11.5264	15.313	4.80254	5.66044	9.81451	10.6159	12.5894	15.0401	9.75	9.48924	13.8646	10.95	15.6115	7.77817	
14.4418	5.05964	8.88552	9.58616	8.17296	11.1565	0	22.9588	13.3876	11.3667	14.6367	2.08806	8.67726	11.119	18.9776	17.0317	13.6852	19.9096	23.8486	16.2616	17.357	7.15284	9.03973	11.7679	18.5032	
4.91935	10.2781	18.6188	9.61838	13.6094	4.1812	22.9588	0	6.32121	4.07294	8.81935	15.7076	5.12294	8.98374	7.00928	13.7118	10.849	14.8147	12.7816	9.98311	13.3866	18.1417	9.94327	16.028	11.9594	
1.40186	10.7841	23.2697	10.5669	11.6252	3.20435	13.3876	6.32121	0	5.02143	1.34	11.2996	5.66	11.8171	5.2598	17.3335	15.9409	12.1887	13.9151	16.0972	16.4752	16.3643	10.8918	15.7026	15.8982	
6.42329	21.4822	7.0267	4.09105	5.69091	8.25413	11.3667	4.07294	5.02143	0	5.37	7.6392	1.05	16.2684	11.0822	11.1486	4.41856	10.7418	13.1718	7.07033	13.4536	15.5852	5.87033	11.423	14.6809	
2.74186	13.2822	10.2967	7.36105	8.96091	5.7025	14.6367	8.81935	1.34	5.37	0	10.9092	4.32	10.4771	7.75794	21.2872	7.68856	14.6869	12.5751	17.2734	18.126	19.8989	11.6616	14.693	18.7711	
12.7014	7.14771	10.9736	9.63026	6.0849	11.5264	2.08806	15.7076	11.2996	7.6392	10.9092	0	6.5892	13.2071	16.1972	11.7932	8.82329	8.7349	12.3886	8.15167	10.9349	5.06478	6.95167	10.1624	11.1512	
8.22	15.3763	5.9767	3.04105	4.64091	15.313	8.67726	5.12294	5.66	1.05	4.32	6.5892	0	14.7971	12.4325	10.3492	3.36856	7.29091	10.5797	4.23441	9.49091	7.12707	6.92033	7.16988	6.41487	
6.60504	6.83269	19.6877	19.602	17.6633	4.80254	11.119	8.98374	11.8171	16.2684	10.4771	13.2071	14.7971	0	12.1661	23.3716	21.979	20.3133	23.0522	14.5525	14.2918	26.0831	24.9039	20.4141	12.5807	
3.85794	13.2401	23.7482	9.39149	18.4676	5.66044	18.9776	7.00928	5.2598	11.0822	7.75794	16.1972	12.4325	12.1661	0	19.4225	14.716	14.6448	18.4562	16.0669	16.8528	11.1324	17.3284	22.9751	11.6697	
17.8786	22.0914	14.3075	8.23347	5.17527	9.81451	17.0317	13.7118	17.3335	11.1486	21.2872	11.7932	10.3492	23.3716	19.4225	0	9.52086	7.09174	5.87617	6.47822	0.325269	13.6854	5.27822	9.78574	7.75284	
16.5783	19.007	9.34527	6.40961	4.31567	10.6159	13.6852	10.849	15.9409	4.41856	7.68856	8.82329	3.36856	21.979	14.716	9.52086	0	5.79142	7.2111	0.865852	9.16567	3.75851	2.06585	3.80132	3.04631	
10.7869	20.1691	16.6815	14.8387	2.65	12.5894	19.9096	14.8147	12.1887	10.7418	14.6869	8.7349	7.29091	20.3133	14.6448	7.09174	5.79142	0	8.96619	6.65727	7.41701	9.54993	7.65222	6.72746	8.83773	
16.4751	26.2181	14.963	13.4591	10.4009	15.0401	23.8486	12.7816	13.9151	13.1718	12.5751	12.3886	10.5797	23.0522	18.4562	5.87617	7.2111	8.96619	0	8.07695	5.5509	7.32382	7.30151	11.0124	10.2574	
11.5525	15.8469	10.2293	6.6754	4.472	9.75	16.2616	9.98311	16.0972	7.07033	17.2734	8.15167	4.23441	14.5525	16.0669	6.47822	0.865852	6.65727	8.07695	0	9.322	4.62436	1.2	4.66717	3.91216	
11.2917	15.5861	20.5139	7.9082	4.85	9.48924	17.357	13.3866	16.4752	13.4536	18.126	10.9349	9.49091	14.2918	16.8528	0.325269	9.16567	7.41701	5.5509	9.322	0	12.8747	5.60349	8.92746	8.07811	
14.9903	22.7655	14.2756	16.2564	8.07418	13.8646	7.15284	18.1417	16.3643	15.5852	19.8989	5.06478	7.12707	26.0831	11.1324	13.6854	3.75851	9.54993	7.32382	4.62436	12.8747	0	8.00115	7.55983	6.08644	
18.4391	23.2497	9.02931	7.8754	5.672	10.95	9.03973	9.94327	10.8918	5.87033	11.6616	6.95167	6.92033	24.9039	17.3284	5.27822	2.06585	7.65222	7.30151	1.2	5.60349	8.00115	0	8.04396	7.28895	
17.414	16.8276	7.49955	13.414	4.07746	15.6115	11.7679	16.028	15.7026	11.423	14.693	10.1624	7.16988	20.4141	22.9751	9.78574	3.80132	6.72746	11.0124	4.66717	8.92746	7.55983	8.04396	0	6.84762	
9.58067	13.8751	17.8399	10.17	7.36198	7.77817	18.5032	11.9594	15.8982	14.6809	18.7711	11.1512	6.41487	12.5807	11.6697	7.75284	3.04631	8.83773	10.2574	3.91216	8.07811	6.08644	7.28895	6.84762	0	

-111