10
5
2
2
50

6	25
1	50
11	25
47	42
3	33

40	12
50	19
49	12
45	9
11	8
25	5
17	28
33	35
2	41
7	15

150

1.79769e+308
1.79769e+308
1.79769e+308
1.79769e+308
1.79769e+308

13
15
11
18
13
13
19
18
19
14

0
0
0
0
0

0

0	8.10531	3.57804	10.6287	2.82017	8.78687	11.5557	11.334	16.5782	9.55772	1.69144	6.91638	3.36592	5.88706	2.60734	
8.10531	0	4.52727	12.8739	5.32073	10.5744	6.71948	19.5722	11.5311	10.507	9.2553	10.7718	8.67233	4.75405	7.36023	
3.57804	4.52727	0	10.2566	6.39821	7.95715	11.2467	10.6621	12.3367	5.97968	4.72803	6.24452	6.22729	2.30902	6.18538	
10.6287	12.8739	10.2566	0	7.80854	2.29945	16.5441	5.10544	6.67903	12.9454	12.9103	9.52304	14.5848	18.4347	8.47898	
2.82017	5.32073	6.39821	7.80854	0	8.21903	8.73557	12.914	13.5472	21.0949	4.51161	7.02022	6.18609	10.0748	2.0395	
8.78687	10.5744	7.95715	2.29945	8.21903	0	9.19122	7.40489	4.37958	13.9368	12.6852	9.07039	11.1588	10.2662	6.17953	
11.5557	6.71948	11.2467	16.5441	8.73557	9.19122	0	15.3102	4.81164	23.9247	17.0728	20.7564	16.2092	11.4735	10.7751	
11.334	19.5722	10.6621	5.10544	12.914	7.40489	15.3102	0	10.4985	7.83994	17.1981	4.4176	20.8824	19.4738	9.39832	
16.5782	11.5311	12.3367	6.67903	13.5472	4.37958	4.81164	10.4985	0	18.3385	18.2696	13.45	19.9441	17.1025	10.5591	
9.55772	10.507	5.97968	12.9454	21.0949	13.9368	23.9247	7.83994	18.3385	0	9.35819	12.2242	15.5521	8.2887	18.4044	
1.69144	9.2553	4.72803	12.9103	4.51161	12.6852	17.0728	17.1981	18.2696	9.35819	0	8.60782	5.05735	7.03705	4.29877	
6.91638	10.7718	6.24452	9.52304	7.02022	9.07039	20.7564	4.4176	13.45	12.2242	8.60782	0	9.96003	8.55354	4.98072	
3.36592	8.67233	6.22729	14.5848	6.18609	11.1588	16.2092	20.8824	19.9441	15.5521	5.05735	9.96003	0	3.91827	4.97932	
5.88706	4.75405	2.30902	18.4347	10.0748	10.2662	11.4735	19.4738	17.1025	8.2887	7.03705	8.55354	3.91827	0	8.38522	
2.60734	7.36023	6.18538	8.47898	2.0395	6.17953	10.7751	9.39832	10.5591	18.4044	4.29877	4.98072	4.97932	8.38522	0	

0	15.7877	4.06982	2.67	4.13189	4.47293	14.8453	11.3684	21.7374	7.21893	8.45616	5.61869	19.5486	11.7955	6.49145	
15.7877	0	12.9998	19.5059	11.6558	19.1728	13.7952	17.5122	26.5185	14.3384	18.9577	12.2431	13.6134	6.57553	9.17171	
4.06982	12.9998	0	6.66992	1.34401	4.86699	12.5488	6.5276	7.16467	8.95497	8.92159	2.83081	15.34	10.3704	3.70357	
2.67	19.5059	6.66992	0	6.80189	1.80293	9.48477	3.46354	4.10061	9.88893	8.21352	8.79797	19.7426	14.8589	11.7824	
4.13189	11.6558	1.34401	6.80189	0	6.211	10.2041	9.99497	23.231	3.54034	7.04345	1.4868	10.0581	4.95573	2.35956	
4.47293	19.1728	4.86699	1.80293	6.211	0	3.07178	1.66061	2.29768	11.1602	4.57289	10.5969	8.34964	12.5756	9.97943	
14.8453	13.7952	12.5488	9.48477	10.2041	3.07178	0	9.34245	0.774107	15.574	11.2143	8.71734	14.2575	7.21969	9.81586	
11.3684	17.5122	6.5276	3.46354	9.99497	1.66061	9.34245	0	3.95829	18.9564	2.91228	8.46893	6.68903	13.7269	11.64	
21.7374	26.5185	7.16467	4.10061	23.231	2.29768	0.774107	3.95829	0	14.7999	11.9186	9.49144	15.6953	7.99379	12.2771	
7.21893	14.3384	8.95497	9.88893	3.54034	11.1602	15.574	18.9564	14.7999	0	15.6751	13.3469	8.87936	3.77695	1.18078	
8.45616	18.9577	8.92159	8.21352	7.04345	4.57289	11.2143	2.91228	11.9186	15.6751	0	5.55665	9.60132	11.2242	16.6958	
5.61869	12.2431	2.83081	8.79797	1.4868	10.5969	8.71734	8.46893	9.49144	13.3469	5.55665	0	12.7054	5.66754	3.84636	
19.5486	13.6134	15.34	19.7426	10.0581	8.34964	14.2575	6.68903	15.6953	8.87936	9.60132	12.7054	0	7.03782	7.69858	
11.7955	6.57553	10.3704	14.8589	4.95573	12.5756	7.21969	13.7269	7.99379	3.77695	11.2242	5.66754	7.03782	0	2.59618	
6.49145	9.17171	3.70357	11.7824	2.35956	9.97943	9.81586	11.64	12.2771	1.18078	16.6958	3.84636	7.69858	2.59618	0	

0	9.44819	5.49148	8.69675	2.4704	4.02827	7.31286	7.8029	9.10751	8.67557	11.3134	3.70608	2.14662	3.00708	2.68042	
9.44819	0	9.57882	21.5739	4.01421	3.48227	6.60009	8.95644	5.28587	7.05747	7.68358	8.26471	5.36392	3.47753	6.76777	
5.49148	9.57882	0	14.957	3.1367	5.79465	12.0469	9.47925	10.7839	5.13368	11.444	1.01221	2.57167	5.26576	2.81105	
8.69675	21.5739	14.957	0	17.4326	8.43178	8.04539	5.47778	6.78239	13.3345	17.314	8.10959	6.55013	25.4077	14.8062	
2.4704	4.01421	3.1367	17.4326	0	6.90692	8.73826	10.2733	15.2478	6.24595	17.3111	2.12449	3.68395	0.536673	5.15083	
4.02827	3.48227	5.79465	8.43178	6.90692	0	3.11782	3.10821	1.80359	7.68445	4.20131	3.44111	1.88165	6.9598	10.25	
7.31286	6.60009	12.0469	8.04539	8.73826	3.11782	0	2.56762	3.87223	10.4243	7.31913	6.7257	4.99947	9.27494	17.2526	
7.8029	8.95644	9.47925	5.47778	10.2733	3.10821	2.56762	0	1.30462	7.8567	9.67548	10.2566	7.35582	14.4799	10.4833	
9.10751	5.28587	10.7839	6.78239	15.2478	1.80359	3.87223	1.30462	0	9.16132	6.0049	6.58603	3.68524	15.0957	18.3859	
8.67557	7.05747	5.13368	13.3345	6.24595	7.68445	10.4243	7.8567	9.16132	0	3.48314	4.12147	5.68093	9.07749	12.1161	
11.3134	7.68358	11.444	17.314	17.3111	4.20131	7.31913	9.67548	6.0049	3.48314	0	7.6046	6.08296	18.1043	8.63293	
3.70608	8.26471	1.01221	8.10959	2.12449	3.44111	6.7257	10.2566	6.58603	4.12147	7.6046	0	1.55946	2.66116	3.82327	
2.14662	5.36392	2.57167	6.55013	3.68395	1.88165	4.99947	7.35582	3.68524	5.68093	6.08296	1.55946	0	6.51549	4.82704	
3.00708	3.47753	5.26576	25.4077	0.536673	6.9598	9.27494	14.4799	15.0957	9.07749	18.1043	2.66116	6.51549	0	9.63376	
2.68042	6.76777	2.81105	14.8062	5.15083	10.25	17.2526	10.4833	18.3859	12.1161	8.63293	3.82327	4.82704	9.63376	0	

0	19.635	1.37379	5.25137	2.44467	6.56812	7.23788	10.9641	5.53058	2.08004	16.9993	4.68872	8.29584	15.9917	1.44183	
19.635	0	18.9114	25.0004	17.1903	11.487	13.1076	9.98045	12.5245	18.2051	19.3313	13.6131	27.1426	4.12489	20.5772	
1.37379	18.9114	0	3.87758	3.81847	12.7394	10.2128	11.4991	6.90438	0.706243	15.1837	3.31493	6.92205	12.8032	1.97682	
5.25137	25.0004	3.87758	0	11.5139	13.5134	14.9963	18.5308	14.551	4.58382	20.5516	7.19251	9.15007	25.454	5.8544	
2.44467	17.1903	3.81847	11.5139	0	15.6989	12.9645	19.4026	7.97525	8.34259	17.9353	6.06657	14.5584	13.547	3.8865	
6.56812	11.487	12.7394	13.5134	15.6989	0	1.62067	5.56772	1.03754	16.3112	7.84438	8.51856	16.3491	15.5817	17.9217	
7.23788	13.1076	10.2128	14.9963	12.9645	1.62067	0	3.94706	1.7073	11.8249	8.99388	6.89789	13.3278	9.80261	13.0955	
10.9641	9.98045	11.4991	18.5308	19.4026	5.56772	3.94706	0	5.65435	11.8944	5.04683	10.8449	9.38075	5.85556	9.52231	
5.53058	12.5245	6.90438	14.551	7.97525	1.03754	1.7073	5.65435	0	16.4246	8.88192	8.60519	15.3116	18.2968	6.97241	
2.08004	18.2051	0.706243	4.58382	8.34259	16.3112	11.8249	11.8944	16.4246	0	20.7221	4.02117	7.62829	17.2789	2.37207	
16.9993	19.3313	15.1837	20.5516	17.9353	7.84438	8.99388	5.04683	8.88192	20.7221	0	11.8687	11.4015	10.9024	14.5691	
4.68872	13.6131	3.31493	7.19251	6.06657	8.51856	6.89789	10.8449	8.60519	4.02117	11.8687	0	10.229	9.48823	5.29175	
8.29584	27.1426	6.92205	9.15007	14.5584	16.3491	13.3278	9.38075	15.3116	7.62829	11.4015	10.229	0	15.2363	8.89887	
15.9917	4.12489	12.8032	25.454	13.547	15.5817	9.80261	5.85556	18.2968	17.2789	10.9024	9.48823	15.2363	0	15.3779	
1.44183	20.5772	1.97682	5.8544	3.8865	17.9217	13.0955	9.52231	6.97241	2.37207	14.5691	5.29175	8.89887	15.3779	0	

0	9.05398	1.65006	27.5473	6.31554	19.1674	11.0956	10.8459	13.1516	11.0845	5.42114	3.4581	8.79831	5.60188	13.1862	
9.05398	0	4.26993	25.9426	1.63545	12.7419	6.96536	14.3161	5.98499	25.9239	11.5911	2.46189	4.27741	2.34911	5.89179	
1.65006	4.26993	0	25.6028	8.64201	10.1358	6.31152	9.19587	10.3606	9.43442	3.77108	1.80805	4.01426	7.25193	12.8983	
27.5473	25.9426	25.6028	0	13.0433	13.4159	25.3064	18.4194	18.7733	16.1684	25.3628	12.6076	10.4014	21.9455	21.8756	
6.31554	1.63545	8.64201	13.0433	0	5.65652	15.0599	5.93711	4.34954	8.91389	10.9391	4.09734	2.64196	0.71366	4.25634	
19.1674	12.7419	10.1358	13.4159	5.65652	0	6.24845	0.939965	2.12599	9.28649	8.7155	5.22077	3.01456	11.8201	4.39623	
11.0956	6.96536	6.31152	25.3064	15.0599	6.24845	0	5.30848	6.89605	15.8237	13.6326	4.50347	6.70968	12.7674	10.8036	
10.8459	14.3161	9.19587	18.4194	5.93711	0.939965	5.30848	0	1.58757	10.8418	8.17708	9.81196	3.95452	19.0792	5.3362	
13.1516	5.98499	10.3606	18.7733	4.34954	2.12599	6.89605	1.58757	0	12.4294	6.58951	13.3095	5.14055	5.0632	6.52223	
11.0845	25.9239	9.43442	16.1684	8.91389	9.28649	15.8237	10.8418	12.4294	0	12.3861	8.47815	6.27193	21.1386	16.7491	
5.42114	11.5911	3.77108	25.3628	10.9391	8.7155	13.6326	8.17708	6.58951	12.3861	0	5.57913	11.3354	17.272	15.595	
3.4581	2.46189	1.80805	12.6076	4.09734	5.22077	4.50347	9.81196	13.3095	8.47815	5.57913	0	2.20621	6.45906	14.6984	
8.79831	4.27741	4.01426	10.4014	2.64196	3.01456	6.70968	3.95452	5.14055	6.27193	11.3354	2.20621	0	3.35562	6.8983	
5.60188	2.34911	7.25193	21.9455	0.71366	11.8201	12.7674	19.0792	5.0632	21.1386	17.272	6.45906	3.35562	0	4.97	
13.1862	5.89179	12.8983	21.8756	4.25634	4.39623	10.8036	5.3362	6.52223	16.7491	15.595	14.6984	6.8983	4.97	0	

0	7.70108	2.34631	5.53371	3.34542	13.8872	10.0804	9.14828	13.7369	3.462	4.77778	3.48307	6.53176	12.5906	8.13767	
7.70108	0	5.35476	4.47516	10.389	12.9999	9.02182	9.82154	10.1235	6.47045	7.78623	5.4601	5.47321	11.5636	5.79571	
2.34631	5.35476	0	7.88002	5.03425	8.67653	11.4324	9.16777	18.5614	1.11569	2.43147	1.13675	11.5266	11.4415	2.927	
5.53371	4.47516	7.88002	0	8.87913	10.4186	4.54666	5.34637	9.93501	11.409	6.67605	9.93526	0.998049	15.0994	10.2709	
3.34542	10.389	5.03425	8.87913	0	16.1055	7.85098	11.8871	18.109	6.14994	7.46572	6.171	13.7417	9.24517	15.0131	
13.8872	12.9999	8.67653	10.4186	16.1055	0	9.44208	5.40594	9.99457	14.8954	12.1422	7.53977	9.42054	6.8603	9.33003	
10.0804	9.02182	11.4324	4.54666	7.85098	9.44208	0	4.03615	8.62478	12.5481	9.66471	12.5692	5.54471	10.5528	16.3207	
9.14828	9.82154	9.16777	5.34637	11.8871	5.40594	4.03615	0	4.58864	14.3084	6.7363	12.7515	6.34442	12.2662	8.91648	
13.7369	10.1235	18.5614	9.93501	18.109	9.99457	8.62478	4.58864	0	10.9417	11.3249	6.11809	17.5861	10.0957	4.32784	
3.462	6.47045	1.11569	11.409	6.14994	14.8954	12.5481	14.3084	10.9417	0	3.54716	2.25244	10.411	12.3817	6.61384	
4.77778	7.78623	2.43147	6.67605	7.46572	12.1422	9.66471	6.7363	11.3249	3.54716	0	3.56822	7.6741	13.3157	7.80545	
3.48307	5.4601	1.13675	9.93526	6.171	7.53977	12.5692	12.7515	6.11809	2.25244	3.56822	0	16.9603	7.55816	1.79025	
6.53176	5.47321	11.5266	0.998049	13.7417	9.42054	5.54471	6.34442	17.5861	10.411	7.6741	16.9603	0	16.2808	17.0248	
12.5906	11.5636	11.4415	15.0994	9.24517	6.8603	10.5528	12.2662	10.0957	12.3817	13.3157	7.55816	16.2808	0	5.76791	
8.13767	5.79571	2.927	10.2709	15.0131	9.33003	16.3207	8.91648	4.32784	6.61384	7.80545	1.79025	17.0248	5.76791	0	

0	4.49027	5.69766	17.5911	6.28008	2.88579	4.9858	14.6578	4.69492	11.9108	5.67346	3.82235	11.6301	8.5181	7.89099	
4.49027	0	10.2565	24.4838	9.63225	7.37606	9.47607	32.3754	37.2118	15.5769	10.9423	8.31262	16.9386	7.39424	11.557	
5.69766	10.2565	0	12.4096	6.49159	7.58856	9.91132	12.8644	10.3391	8.12879	4.80089	1.87531	5.86384	9.24797	8.00755	
17.5911	24.4838	12.4096	0	26.8734	17.4426	12.6053	14.4449	15.862	16.9466	15.2102	20.0307	6.54577	19.333	12.9268	
6.28008	9.63225	6.49159	26.8734	0	9.16587	11.2659	36.0025	32.0555	18.5258	12.7321	4.61628	18.7284	2.23802	8.64427	
2.88579	7.37606	7.58856	17.4426	9.16587	0	4.83724	5.15693	1.80913	14.9748	2.78767	6.70814	11.1254	22.8252	10.7768	
4.9858	9.47607	9.91132	12.6053	11.2659	4.83724	0	13.708	6.64637	10.1375	6.67871	8.80815	8.69878	24.5213	12.8768	
14.6578	32.3754	12.8644	14.4449	36.0025	5.15693	13.708	0	3.3478	4.73561	8.88596	17.7991	7.89915	33.1653	8.75545	
4.69492	37.2118	10.3391	15.862	32.0555	1.80913	6.64637	3.3478	0	8.08341	4.5968	23.3999	9.31623	24.6343	21.8923	
11.9108	15.5769	8.12879	16.9466	18.5258	14.9748	10.1375	4.73561	8.08341	0	12.9297	10.0041	12.6348	10.4261	4.01984	
5.67346	10.9423	4.80089	15.2102	12.7321	2.78767	6.67871	8.88596	4.5968	12.9297	0	6.67621	10.6647	23.724	12.8084	
3.82235	8.31262	1.87531	20.0307	4.61628	6.70814	8.80815	17.7991	23.3999	10.0041	6.67621	0	7.73916	6.8543	7.10388	
11.6301	16.9386	5.86384	6.54577	18.7284	11.1254	8.69878	7.89915	9.31623	12.6348	10.6647	7.73916	0	28.849	13.8714	
8.5181	7.39424	9.24797	19.333	2.23802	22.8252	24.5213	33.1653	24.6343	10.4261	23.724	6.8543	28.849	0	6.40625	
7.89099	11.557	8.00755	12.9268	8.64427	10.7768	12.8768	8.75545	21.8923	4.01984	12.8084	7.10388	13.8714	6.40625	0	

0	3.51436	0.738991	8.78066	2.43263	9.55776	7.12897	7.22054	8.43749	2.40861	3.94206	5.22042	9.03974	1.18353	7.93024	
3.51436	0	4.25335	9.96813	6.10653	6.0434	8.86248	8.68975	6.66559	5.92298	5.62396	8.73479	9.1556	4.69789	10.3031	
0.738991	4.25335	0	9.51965	5.42453	9.30617	6.38998	7.95953	9.92836	3.1476	3.20307	5.95942	6.73471	1.92252	10.9221	
8.78066	9.96813	9.51965	0	10.9978	15.2186	11.8984	16.0012	28.5907	11.1893	8.65992	12.4986	7.28158	9.96418	11.6842	
2.43263	6.10653	5.42453	10.9978	0	12.1499	13.7093	12.5441	11.4213	5.39244	7.24785	8.93328	3.71621	1.2491	4.19661	
9.55776	6.0434	9.30617	15.2186	12.1499	0	3.60739	2.42647	0.622188	6.65107	6.55867	14.0306	8.81357	10.9332	15.7541	
7.12897	8.86248	6.38998	11.8984	13.7093	3.60739	0	2.18175	3.98602	8.59887	3.23852	13.8055	6.77015	9.76858	12.3907	
7.22054	8.68975	7.95953	16.0012	12.5441	2.42647	2.18175	0	1.80428	7.83316	5.42026	12.441	19.4101	8.40406	10.209	
8.43749	6.66559	9.92836	28.5907	11.4213	0.622188	3.98602	1.80428	0	6.02888	7.18086	11.3686	9.43576	20.6871	12.0133	
2.40861	5.92298	3.1476	11.1893	5.39244	6.65107	8.59887	7.83316	6.02888	0	5.36036	5.33972	8.892	3.59214	8.60929	
3.94206	5.62396	3.20307	8.65992	7.24785	6.55867	3.23852	5.42026	7.18086	5.36036	0	8.7487	3.53164	7.37849	12.7328	
5.22042	8.73479	5.95942	12.4986	8.93328	14.0306	13.8055	12.441	11.3686	5.33972	8.7487	0	5.21707	6.40395	5.51987	
9.03974	9.1556	6.73471	7.28158	3.71621	8.81357	6.77015	19.4101	9.43576	8.892	3.53164	5.21707	0	4.96532	7.91283	
1.18353	4.69789	1.92252	9.96418	1.2491	10.9332	9.76858	8.40406	20.6871	3.59214	7.37849	6.40395	4.96532	0	5.44572	
7.93024	10.3031	10.9221	11.6842	4.19661	15.7541	12.3907	10.209	12.0133	8.60929	12.7328	5.51987	7.91283	5.44572	0	

0	10.3401	1.89632	12.9786	1.35299	12.1014	6.5722	8.48998	6.88455	3.79303	5.86984	3.97946	2.34582	1.56154	1.87752	
10.3401	0	4.87926	12.0507	7.8785	9.94984	14.0438	12.5781	16.3168	9.1634	14.4813	2.79611	6.83617	7.04589	25.6104	
1.89632	4.87926	0	11.3377	3.24931	8.505	9.90377	15.28	8.78087	8.45043	3.97352	2.08314	6.12321	6.33292	3.77384	
12.9786	12.0507	11.3377	0	7.03052	9.06509	4.97118	8.61397	12.3186	15.6219	11.3583	9.2546	6.03769	13.5044	21.0793	
1.35299	7.8785	3.24931	7.03052	0	9.31312	5.21921	8.862	8.23754	6.70668	8.85613	4.45833	0.992828	0.208553	3.23051	
12.1014	9.94984	8.505	9.06509	9.31312	0	4.09391	2.62821	4.23364	9.18183	4.53148	12.746	12.3948	16.3096	11.0973	
6.5722	14.0438	9.90377	4.97118	5.21921	4.09391	0	3.64279	5.24823	11.9259	6.38712	10.3016	6.21204	5.42776	9.88497	
8.48998	12.5781	15.28	8.61397	8.862	2.62821	3.64279	0	1.60543	11.81	7.15969	13.1969	16.7509	15.8585	18.3364	
6.88455	16.3168	8.78087	12.3186	8.23754	4.23364	5.24823	1.60543	0	19.888	6.44786	13.5207	14.3112	17.7704	8.76207	
3.79303	9.1634	8.45043	15.6219	6.70668	9.18183	11.9259	11.81	19.888	0	10.6935	6.36729	7.69951	6.91524	1.91551	
5.86984	14.4813	3.97352	11.3583	8.85613	4.53148	6.38712	7.15969	6.44786	10.6935	0	6.05666	7.8633	18.6028	8.77803	
3.97946	2.79611	2.08314	9.2546	4.45833	12.746	10.3016	13.1969	13.5207	6.36729	6.05666	0	4.04006	4.24978	8.2828	
2.34582	6.83617	6.12321	6.03769	0.992828	12.3948	6.21204	16.7509	14.3112	7.69951	7.8633	4.04006	0	1.20138	16.6413	
1.56154	7.04589	6.33292	13.5044	0.208553	16.3096	5.42776	15.8585	17.7704	6.91524	18.6028	4.24978	1.20138	0	17.1097	
1.87752	25.6104	3.77384	21.0793	3.23051	11.0973	9.88497	18.3364	8.76207	1.91551	8.77803	8.2828	16.6413	17.1097	0	

0	11.1663	1.08271	10.1985	2.98006	7.92724	8.24804	9.08975	11.881	9.00084	5.78564	2.27698	4.04557	1.96778	4.69071	
11.1663	0	12.5055	12.2242	13.6835	8.36872	19.6708	5.4334	4.20693	20.4236	16.3348	14.1868	7.12073	12.6712	15.5384	
1.08271	12.5055	0	3.15692	3.85393	9.00995	9.33075	10.3401	13.3394	8.11613	4.70293	1.19427	5.12828	3.05049	3.608	
10.1985	12.2242	3.15692	0	4.6223	6.93641	8.29057	5.77389	7.00037	19.8479	12.4676	1.96265	9.42522	9.67291	6.10288	
2.98006	13.6835	3.85393	4.6223	0	10.7818	12.0329	9.61933	10.8458	5.50285	9.97686	2.65965	12.3108	1.01228	6.79989	
7.92724	8.36872	9.00995	6.93641	10.7818	0	16.1753	1.16251	2.38898	16.9281	4.37559	10.3719	4.53247	9.89502	12.7856	
8.24804	19.6708	9.33075	8.29057	12.0329	16.1753	0	14.0645	23.626	17.2489	16.9467	9.37324	12.2936	10.2158	13.5135	
9.08975	5.4334	10.3401	5.77389	9.61933	1.16251	14.0645	0	1.22647	15.1222	5.5381	7.73654	5.69498	10.6316	12.558	
11.881	4.20693	13.3394	7.00037	10.8458	2.38898	23.626	1.22647	0	15.8397	7.92021	14.6745	7.71516	12.0718	11.3315	
9.00084	20.4236	8.11613	19.8479	5.50285	16.9281	17.2489	15.1222	15.8397	0	13.3039	8.1625	13.0464	6.51513	4.50814	
5.78564	16.3348	4.70293	12.4676	9.97686	4.37559	16.9467	5.5381	7.92021	13.3039	0	5.89721	8.90806	17.5955	8.31093	
2.27698	14.1868	1.19427	1.96265	2.65965	10.3719	9.37324	7.73654	14.6745	8.1625	5.89721	0	9.6511	3.67194	4.14024	
4.04557	7.12073	5.12828	9.42522	12.3108	4.53247	12.2936	5.69498	7.71516	13.0464	8.90806	9.6511	0	6.01335	10.8021	
1.96778	12.6712	3.05049	9.67291	1.01228	9.89502	10.2158	10.6316	12.0718	6.51513	17.5955	3.67194	6.01335	0	8.72432	
4.69071	15.5384	3.608	6.10288	6.79989	12.7856	13.5135	12.558	11.3315	4.50814	8.31093	4.14024	10.8021	8.72432	0	

0	2.69331	0.892648	9.1874	4.69405	13.7178	11.824	18.3782	10.5095	4.70695	4.36752	8.71354	5.33424	4.94321	2.91565	
2.69331	0	3.58596	11.8807	5.76925	8.16796	9.13071	17.3363	14.0738	13.7526	12.6749	23.2808	9.43767	2.2499	5.60896	
0.892648	3.58596	0	10.08	3.8014	13.3088	11.4242	9.90529	9.61683	5.33763	6.52004	10.8661	4.44159	7.32076	3.8083	
9.1874	11.8807	10.08	0	16.9991	17.5704	6.36367	14.5693	11.3067	22.9979	23.0365	24.752	19.3763	14.221	12.1031	
4.69405	5.76925	3.8014	16.9991	0	9.43741	15.2256	15.9529	13.4182	5.99275	5.65331	9.99933	8.243	3.51935	4.20144	
13.7178	8.16796	13.3088	17.5704	9.43741	0	11.2067	3.4392	7.36637	8.00686	12.6286	7.35824	14.4964	5.91806	11.9728	
11.824	9.13071	11.4242	6.36367	15.2256	11.2067	0	8.20562	4.94307	12.7733	11.2337	12.1247	15.8658	11.3806	14.0957	
18.3782	17.3363	9.90529	14.5693	15.9529	3.4392	8.20562	0	3.92717	4.56766	10.2178	3.91904	8.8826	9.35726	6.35897	
10.5095	14.0738	9.61683	11.3067	13.4182	7.36637	4.94307	3.92717	0	8.49483	6.29066	7.84621	9.52791	18.0615	7.74253	
4.70695	13.7526	5.33763	22.9979	5.99275	8.00686	12.7733	4.56766	8.49483	0	3.24317	7.58919	4.31494	9.45693	1.7913	
4.36752	12.6749	6.52004	23.0365	5.65331	12.6286	11.2337	10.2178	6.29066	3.24317	0	7.24976	3.23725	9.11749	1.45187	
8.71354	23.2808	10.8661	24.752	9.99933	7.35824	12.1247	3.91904	7.84621	7.58919	7.24976	0	18.4795	13.4635	5.79789	
5.33424	9.43767	4.44159	19.3763	8.243	14.4964	15.8658	8.8826	9.52791	4.31494	3.23725	18.4795	0	9.05297	4.68912	
4.94321	2.2499	7.32076	14.221	3.51935	5.91806	11.3806	9.35726	18.0615	9.45693	9.11749	13.4635	9.05297	0	7.66562	
2.91565	5.60896	3.8083	12.1031	4.20144	11.9728	14.0957	6.35897	7.74253	1.7913	1.45187	5.79789	4.68912	7.66562	0	

0	9.03519	4.75568	4.19561	9.70904	9.26216	11.1782	7.68135	5.43847	7.97555	5.05614	3.99408	6.45544	13.1488	9.01802	
9.03519	0	6.14799	7.24282	2.51737	15.999	10.9013	16.3918	14.9297	4.25085	12.2081	5.0411	4.98299	3.59291	8.95102	
4.75568	6.14799	0	4.7588	8.31279	8.5672	8.9475	8.55854	6.31567	8.19549	8.27392	1.10689	2.49897	8.39315	4.26234	
4.19561	7.24282	4.7588	0	12.0595	11.91	18.2014	19.8328	9.63408	10.326	9.25175	8.18969	2.25983	16.3646	6.22787	
9.70904	2.51737	8.31279	12.0595	0	3.3175	13.4187	13.8744	10.7723	1.73349	9.51158	7.2059	7.50035	1.07554	5.66663	
9.26216	15.999	8.5672	11.91	3.3175	0	10.1815	3.71117	5.17999	1.58401	4.20603	9.67409	11.0662	7.62262	5.51716	
11.1782	10.9013	8.9475	18.2014	13.4187	10.1815	0	6.47032	5.73976	8.61831	14.2726	15.9424	8.6532	13.764	4.68517	
7.68135	16.3918	8.55854	19.8328	13.8744	3.71117	6.47032	0	2.24287	5.29518	7.80226	14.9693	22.4119	11.9396	11.1555	
5.43847	14.9297	6.31567	9.63408	10.7723	5.17999	5.73976	2.24287	0	6.764	9.38602	7.42256	8.81464	9.69671	10.4249	
7.97555	4.25085	8.19549	10.326	1.73349	1.58401	8.61831	5.29518	6.764	0	5.79004	8.93939	7.90118	2.80903	3.93315	
5.05614	12.2081	8.27392	9.25175	9.51158	4.20603	14.2726	7.80226	9.38602	5.79004	0	7.16703	14.2903	8.43604	12.4798	
3.99408	5.0411	1.10689	8.18969	7.2059	9.67409	15.9424	14.9693	7.42256	8.93939	7.16703	0	3.60586	8.28144	5.36923	
6.45544	4.98299	2.49897	2.25983	7.50035	11.0662	8.6532	22.4119	8.81464	7.90118	14.2903	3.60586	0	10.216	3.96804	
13.1488	3.59291	8.39315	16.3646	1.07554	7.62262	13.764	11.9396	9.69671	2.80903	8.43604	8.28144	10.216	0	9.0788	
9.01802	8.95102	4.26234	6.22787	5.66663	5.51716	4.68517	11.1555	10.4249	3.93315	12.4798	5.36923	3.96804	9.0788	0	

0	12.3374	2.18772	11.3422	1.76767	11.3057	9.15459	5.91574	21.5122	16.3283	10.9546	2.26198	5.55715	7.38554	3.0308	
12.3374	0	14.5251	21.603	10.6772	17.1292	10.8076	12.2112	20.1937	16.2183	20.9998	14.5994	14.4667	18.0005	13.2916	
2.18772	14.5251	0	10.1463	3.9554	9.54108	6.96687	8.22237	12.9167	13.5483	8.76684	0.497378	11.8345	5.62094	1.83486	
11.3422	21.603	10.1463	0	6.78848	8.02652	8.7744	7.37074	4.59525	21.3144	8.74513	15.0957	2.99901	8.58519	8.31141	
1.76767	10.6772	3.9554	6.78848	0	13.2775	5.55173	4.14807	16.5894	18.9136	16.8118	4.02965	3.78947	9.35735	4.79848	
11.3057	17.1292	9.54108	8.02652	13.2775	0	6.32165	7.72532	10.6629	14.1046	14.8128	9.0437	11.0255	14.1673	13.1184	
9.15459	10.8076	6.96687	8.7744	5.55173	6.32165	0	1.40366	9.38607	16.1692	13.5359	7.46425	11.5911	17.7407	6.79673	
5.91574	12.2112	8.22237	7.37074	4.14807	7.72532	1.40366	0	10.7897	14.7655	18.3971	7.72499	7.93754	12.8486	8.2004	
21.5122	20.1937	12.9167	4.59525	16.5894	10.6629	9.38607	10.7897	0	8.93139	4.14987	19.2502	7.59426	16.9208	12.9067	
16.3283	16.2183	13.5483	21.3144	18.9136	14.1046	16.1692	14.7655	8.93139	0	4.78151	14.1125	14.5751	8.98892	13.2975	
10.9546	20.9998	8.76684	8.74513	16.8118	14.8128	13.5359	18.3971	4.14987	4.78151	0	9.26421	18.0706	13.7704	10.6017	
2.26198	14.5994	0.497378	15.0957	4.02965	9.0437	7.46425	7.72499	19.2502	14.1125	9.26421	0	8.02326	5.12356	2.33223	
5.55715	14.4667	11.8345	2.99901	3.78947	11.0255	11.5911	7.93754	7.59426	14.5751	18.0706	8.02326	0	5.58618	11.3104	
7.38554	18.0005	5.62094	8.58519	9.35735	14.1673	17.7407	12.8486	16.9208	8.98892	13.7704	5.12356	5.58618	0	13.7428	
3.0308	13.2916	1.83486	8.31141	4.79848	13.1184	6.79673	8.2004	12.9067	13.2975	10.6017	2.33223	11.3104	13.7428	0	

0	6.66766	5.35071	15.3003	2.33062	6.47208	11.7101	15.0134	7.5611	7.59353	8.3423	2.98643	5.08873	4.40609	6.8026	
6.66766	0	7.75838	7.82912	4.33704	11.0581	4.23892	5.48832	5.48405	2.58704	6.6182	7.19413	7.6349	4.82612	9.61998	
5.35071	7.75838	0	12.4584	7.05435	4.60773	11.2126	8.07263	5.69675	5.17135	5.00927	2.85416	4.95646	5.27929	1.77141	
15.3003	7.82912	12.4584	0	12.1662	17.0661	12.068	29.7644	22.7119	10.4162	14.819	15.3125	15.464	12.6552	14.2298	
2.33062	4.33704	7.05435	12.1662	0	8.8027	8.57596	11.9112	19.2198	6.92407	8.52081	4.37534	6.47764	6.73671	5.28294	
6.47208	11.0581	4.60773	17.0661	8.8027	0	2.33415	4.67986	1.08903	8.29302	4.26186	7.46189	7.0559	10.8782	6.37913	
11.7101	4.23892	11.2126	12.068	8.57596	2.33415	0	4.83597	1.24513	6.82596	11.0811	10.6872	11.8738	9.06504	9.44121	
15.0134	5.48832	8.07263	29.7644	11.9112	4.67986	4.83597	0	3.59084	2.90128	6.93245	7.50837	7.85795	14.4521	6.62826	
7.5611	5.48405	5.69675	22.7119	19.2198	1.08903	1.24513	3.59084	0	6.49212	5.35088	11.9323	11.4488	19.7089	10.2191	
7.59353	2.58704	5.17135	10.4162	6.92407	8.29302	6.82596	2.90128	6.49212	0	4.03116	4.60709	6.70939	7.03222	6.94275	
8.3423	6.6182	5.00927	14.819	8.52081	4.26186	11.0811	6.93245	5.35088	4.03116	0	4.89634	2.79404	7.781	3.23786	
2.98643	7.19413	2.85416	15.3125	4.37534	7.46189	10.6872	7.50837	11.9323	4.60709	4.89634	0	2.1023	2.42513	3.81617	
5.08873	7.6349	4.95646	15.464	6.47764	7.0559	11.8738	7.85795	11.4488	6.70939	2.79404	2.1023	0	4.52743	3.62983	
4.40609	4.82612	5.27929	12.6552	6.73671	10.8782	9.06504	14.4521	19.7089	7.03222	7.781	2.42513	4.52743	0	6.2413	
6.8026	9.61998	1.77141	14.2298	5.28294	6.37913	9.44121	6.62826	10.2191	6.94275	3.23786	3.81617	3.62983	6.2413	0	

0	7.06471	5.81977	10.5512	8.94112	17.53	10.5265	6.88456	20.1643	3.22335	5.67581	8.79941	4.85222	4.72134	8.80641	
7.06471	0	11.7416	5.5368	11.0223	15.152	7.66966	24.5835	9.27603	13.8731	11.7874	6.42143	11.2358	2.34337	18.6757	
5.81977	11.7416	0	8.49295	3.83898	8.21895	6.36009	12.7283	12.5813	2.59642	5.04888	4.50303	9.28293	8.58109	0.994972	
10.5512	5.5368	8.49295	0	11.0055	5.58679	2.13286	7.73134	3.73923	12.4106	4.27161	16.5516	5.699	7.88017	15.7546	
8.94112	11.0223	3.83898	11.0055	0	11.9118	10.3366	7.33879	14.981	6.5729	7.88834	8.4795	5.30646	8.67893	2.84401	
17.53	15.152	8.21895	5.58679	11.9118	0	3.45394	12.4133	11.4929	5.31926	2.8668	12.722	9.12821	12.3108	7.91113	
10.5265	7.66966	6.36009	2.13286	10.3366	3.45394	0	7.70661	5.87208	4.59122	2.13875	10.8631	5.67427	11.5828	7.18309	
6.88456	24.5835	12.7283	7.73134	7.33879	12.4133	7.70661	0	6.2292	11.9989	9.54647	17.5113	2.03234	17.4307	11.5958	
20.1643	9.27603	12.5813	3.73923	14.981	11.4929	5.87208	6.2292	0	11.6979	9.24543	17.0843	8.26153	18.6895	13.5762	
3.22335	13.8731	2.59642	12.4106	6.5729	5.31926	4.59122	11.9989	11.6979	0	2.45246	7.09945	8.07557	7.9447	3.59139	
5.67581	11.7874	5.04888	4.27161	7.88834	2.8668	2.13875	9.54647	9.24543	2.45246	0	10.706	7.81302	9.44402	5.04434	
8.79941	6.42143	4.50303	16.5516	8.4795	12.722	10.8631	17.5113	17.0843	7.09945	10.706	0	14.066	4.07806	5.498	
4.85222	11.2358	9.28293	5.699	5.30646	9.12821	5.67427	2.03234	8.26153	8.07557	7.81302	14.066	0	9.57356	8.15047	
4.72134	2.34337	8.58109	7.88017	8.67893	12.3108	11.5828	17.4307	18.6895	7.9447	9.44402	4.07806	9.57356	0	10.3932	
8.80641	18.6757	0.994972	15.7546	2.84401	7.91113	7.18309	11.5958	13.5762	3.59139	5.04434	5.498	8.15047	10.3932	0	

0	5.10855	3.37445	8.08126	7.97252	5.83142	4.62793	13.095	8.23464	4.74661	4.73556	0.815159	2.63072	7.14477	5.93176	
5.10855	0	1.7341	12.824	6.33218	9.63926	16.8932	20.4786	18.5167	3.10626	24.4329	6.27126	9.18713	4.93445	4.29141	
3.37445	1.7341	0	8.87254	4.59807	7.90516	7.57357	5.29742	4.9106	1.37216	9.09263	4.18961	6.98779	6.66855	2.55731	
8.08126	12.824	8.87254	0	6.59237	11.9053	3.43481	8.85785	11.3013	12.4621	16.4593	3.23508	1.41951	11.1166	8.45108	
7.97252	6.33218	4.59807	6.59237	0	6.22272	10.0272	14.4718	8.62594	5.97023	14.5422	9.24869	8.01189	4.52423	7.15538	
5.83142	9.63926	7.90516	11.9053	6.22272	0	13.2948	3.32001	2.40322	9.27731	8.31946	6.64658	10.4858	10.747	4.75651	
4.62793	16.8932	7.57357	3.43481	10.0272	13.2948	0	5.42304	6.33983	8.62979	7.73317	3.81277	4.85432	11.1889	5.01627	
13.095	20.4786	5.29742	8.85785	14.4718	3.32001	5.42304	0	0.916786	3.92526	13.9413	9.23581	11.804	19.656	3.27008	
8.23464	18.5167	4.9106	11.3013	8.62594	2.40322	6.33983	0.916786	0	4.84205	10.7227	12.0065	12.889	22.1845	2.35329	
4.74661	3.10626	1.37216	12.4621	5.97023	9.27731	8.62979	3.92526	4.84205	0	14.9765	6.54439	8.82518	13.6082	3.61352	
4.73556	24.4329	9.09263	16.4593	14.5422	8.31946	7.73317	13.9413	10.7227	14.9765	0	3.9204	5.73596	11.2965	11.363	
0.815159	6.27126	4.18961	3.23508	9.24869	6.64658	3.81277	9.23581	12.0065	6.54439	3.9204	0	1.81556	7.37615	7.08101	
2.63072	9.18713	6.98779	1.41951	8.01189	10.4858	4.85432	11.804	12.889	8.82518	5.73596	1.81556	0	9.19171	10.0103	
7.14477	4.93445	6.66855	11.1166	4.52423	10.747	11.1889	19.656	22.1845	13.6082	11.2965	7.37615	9.19171	0	13.4106	
5.93176	4.29141	2.55731	8.45108	7.15538	4.75651	5.01627	3.27008	2.35329	3.61352	11.363	7.08101	10.0103	13.4106	0	

0	10.7342	5.70949	14.7668	4.79498	24.7229	7.70353	14.6466	20.1593	7.31738	13.6719	3.7944	9.59655	9.50513	5.6176	
10.7342	0	11.1942	4.03259	9.90514	13.7457	10.2145	8.56576	15.4971	6.65843	8.02048	8.79272	10.7302	7.00466	12.0597	
5.70949	11.1942	0	4.23373	6.31496	16.1101	6.02104	8.44348	9.06238	1.60789	10.7869	8.56271	12.2369	4.18955	8.25799	
14.7668	4.03259	4.23373	0	9.09046	9.71309	6.18191	4.53317	9.22326	2.62584	3.98789	12.8253	6.69762	11.0372	9.77736	
4.79498	9.90514	6.31496	9.09046	0	12.9976	2.90855	6.28196	5.94989	7.22512	7.67445	2.24775	8.68986	4.71015	7.67195	
24.7229	13.7457	16.1101	9.71309	12.9976	0	7.18312	11.3607	4.14178	12.3389	13.701	17.8074	11.3653	16.8437	15.3443	
7.70353	10.2145	6.02104	6.18191	2.90855	7.18312	0	3.37342	3.04134	7.62893	4.7659	5.1563	10.1179	6.75461	11.8097	
14.6466	8.56576	8.44348	4.53317	6.28196	11.3607	3.37342	0	6.41476	6.83559	8.13932	19.3161	11.2308	10.128	13.9871	
20.1593	15.4971	9.06238	9.22326	5.94989	4.14178	3.04134	6.41476	0	14.0545	7.80725	16.3649	13.1593	9.79596	18.7499	
7.31738	6.65843	1.60789	2.62584	7.22512	12.3389	7.62893	6.83559	14.0545	0	6.61373	9.47287	9.32346	5.79744	7.15151	
13.6719	8.02048	10.7869	3.98789	7.67445	13.701	4.7659	8.13932	7.80725	6.61373	0	13.4785	10.6855	11.5205	8.05429	
3.7944	8.79272	8.56271	12.8253	2.24775	17.8074	5.1563	19.3161	16.3649	9.47287	13.4785	0	6.44211	6.9579	5.4242	
9.59655	10.7302	12.2369	6.69762	8.68986	11.3653	10.1179	11.2308	13.1593	9.32346	10.6855	6.44211	0	9.03402	3.97895	
9.50513	7.00466	4.18955	11.0372	4.71015	16.8437	6.75461	10.128	9.79596	5.79744	11.5205	6.9579	9.03402	0	5.05507	
5.6176	12.0597	8.25799	9.77736	7.67195	15.3443	11.8097	13.9871	18.7499	7.15151	8.05429	5.4242	3.97895	5.05507	0	

0	6.91254	4.07726	3.26886	6.38441	7.80425	11.0704	10.2654	9.97851	1.31766	2.34842	2.62717	8.66643	3.73576	1.5923	
6.91254	0	5.73546	15.0018	8.04261	18.5968	8.45433	9.15849	9.54617	13.6468	15.0004	4.28537	9.40129	19.8827	8.37772	
4.07726	5.73546	0	6.17497	2.6943	14.4232	16.5691	13.1715	14.3652	4.22378	5.25454	1.45009	7.48934	10.2269	5.54244	
3.26886	15.0018	6.17497	0	14.8007	12.1506	6.54744	7.2516	7.63928	1.9512	2.98196	11.8785	5.83925	20.9586	3.52274	
6.38441	8.04261	2.6943	14.8007	0	11.7745	18.8762	25.0071	16.6723	6.91808	25.422	3.75724	9.79649	7.70601	7.84959	
7.80425	18.5968	14.4232	12.1506	11.7745	0	4.40073	3.69657	5.20211	4.62717	3.59641	17.377	11.3378	4.06849	10.3391	
11.0704	8.45433	16.5691	6.54744	18.8762	4.40073	0	0.70416	1.09184	8.49864	12.6915	8.90804	2.86879	17.9881	14.0938	
10.2654	9.15849	13.1715	7.2516	25.0071	3.69657	0.70416	0	1.50554	8.94777	7.29298	14.4206	3.57294	7.76507	10.5193	
9.97851	9.54617	14.3652	7.63928	16.6723	5.20211	1.09184	1.50554	0	10.4533	8.9456	12.6057	3.96063	9.41769	11.5708	
1.31766	13.6468	4.22378	1.9512	6.91808	4.62717	8.49864	8.94777	10.4533	0	1.03076	3.94484	7.79045	5.05342	1.57154	
2.34842	15.0004	5.25454	2.98196	25.422	3.59641	12.6915	7.29298	8.9456	1.03076	0	10.8351	9.82276	7.6649	2.6023	
2.62717	4.28537	1.45009	11.8785	3.75724	17.377	8.90804	14.4206	12.6057	3.94484	10.8351	0	6.03925	6.36293	4.09235	
8.66643	9.40129	7.48934	5.83925	9.79649	11.3378	2.86879	3.57294	3.96063	7.79045	9.82276	6.03925	0	15.1194	10.1316	
3.73576	19.8827	10.2269	20.9586	7.70601	4.06849	17.9881	7.76507	9.41769	5.05342	7.6649	6.36293	15.1194	0	5.32806	
1.5923	8.37772	5.54244	3.52274	7.84959	10.3391	14.0938	10.5193	11.5708	1.57154	2.6023	4.09235	10.1316	5.32806	0	

0	14.2564	5.04101	7.80744	4.45334	5.71254	5.48546	14.416	14.9039	9.04206	4.31975	9.4885	10.3916	10.5354	2.85848	
14.2564	0	13.4199	9.52604	7.00209	13.7344	16.8507	16.1067	16.6225	8.80291	13.7516	8.97237	8.4758	3.72101	17.5925	
5.04101	13.4199	0	8.84886	1.828	4.04503	5.12042	15.4353	15.9453	8.67702	2.65223	4.44749	8.74594	5.10907	2.49344	
7.80744	9.52604	8.84886	0	10.6769	10.173	12.5026	8.52145	7.09649	12.4979	9.58516	11.2738	2.58417	7.33896	10.3523	
4.45334	7.00209	1.828	10.6769	0	5.45296	4.22184	12.4086	19.1529	7.77844	4.48023	6.27549	8.03586	3.28107	1.59486	
5.71254	13.7344	4.04503	10.173	5.45296	0	3.11627	2.37226	3.79722	6.88862	1.3928	11.7352	8.39379	11.4234	3.8581	
5.48546	16.8507	5.12042	12.5026	4.22184	3.11627	0	5.48853	5.40609	8.81055	4.50907	8.61894	10.3951	14.7118	2.62698	
14.416	16.1067	15.4353	8.52145	12.4086	2.37226	5.48853	0	1.42496	4.51636	3.76506	10.9735	6.68931	9.59825	6.23036	
14.9039	16.6225	15.9453	7.09649	19.1529	3.79722	5.40609	1.42496	0	5.4014	10.5094	11.8586	8.11427	10.4833	8.03307	
9.04206	8.80291	8.67702	12.4979	7.77844	6.88862	8.81055	4.51636	5.4014	0	11.1342	6.45717	9.83668	5.08189	6.18358	
4.31975	13.7516	2.65223	9.58516	4.48023	1.3928	4.50907	3.76506	10.5094	11.1342	0	7.09972	7.00099	10.0306	5.14568	
9.4885	8.97237	4.44749	11.2738	6.27549	11.7352	8.61894	10.9735	11.8586	6.45717	7.09972	0	8.68968	6.09285	6.94093	
10.3916	8.4758	8.74594	2.58417	8.03586	8.39379	10.3951	6.68931	8.11427	9.83668	7.00099	8.68968	0	4.75479	7.76814	
10.5354	3.72101	5.10907	7.33896	3.28107	11.4234	14.7118	9.59825	10.4833	5.08189	10.0306	6.09285	4.75479	0	4.87593	
2.85848	17.5925	2.49344	10.3523	1.59486	3.8581	2.62698	6.23036	8.03307	6.18358	5.14568	6.94093	7.76814	4.87593	0	

0	10.6046	4.62866	12.0934	9.94343	3.44267	9.65365	15.9303	9.76954	8.48114	23.618	4.99437	5.89582	12.1215	5.01627	
10.6046	0	9.553	22.698	3.35028	14.0472	19.9105	6.98096	8.62161	14.3056	17.1801	14.4132	15.3146	2.06012	15.1233	
4.62866	9.553	0	16.722	5.57923	4.28334	17.142	10.8521	19.5337	3.85248	9.28098	4.66409	5.63136	7.49288	2.70973	
12.0934	22.698	16.722	0	17.4958	15.536	22.4411	14.0991	12.4584	11.8852	21.9238	11.0078	10.1064	26.902	28.0968	
9.94343	3.35028	5.57923	17.4958	0	4.4431	17.3017	11.0118	17.5721	9.16827	11.9816	4.82385	5.8505	1.29015	2.86949	
3.44267	14.0472	4.28334	15.536	4.4431	0	6.21099	7.96752	6.32687	14.6618	15.7922	3.52796	11.7674	17.5456	1.5736	
9.65365	19.9105	17.142	22.4411	17.3017	6.21099	0	18.6986	12.5379	24.8565	26.6412	16.3866	19.0939	21.9706	7.78459	
15.9303	6.98096	10.8521	14.0991	11.0118	7.96752	18.6986	0	1.64065	15.6276	10.1991	10.0967	11.8233	9.04108	8.14235	
9.76954	8.62161	19.5337	12.4584	17.5721	6.32687	12.5379	1.64065	0	11.9616	9.46534	11.0841	10.1827	35.4907	7.90047	
8.48114	14.3056	3.85248	11.8852	9.16827	14.6618	24.8565	15.6276	11.9616	0	5.4285	2.68032	1.77888	11.3454	6.47367	
23.618	17.1801	9.28098	21.9238	11.9816	15.7922	26.6412	10.1991	9.46534	5.4285	0	9.94782	7.20738	13.2717	14.8511	
4.99437	14.4132	4.66409	11.0078	4.82385	3.52796	16.3866	10.0967	11.0841	2.68032	9.94782	0	0.901444	6.23921	1.95436	
5.89582	15.3146	5.63136	10.1064	5.8505	11.7674	19.0939	11.8233	10.1827	1.77888	7.20738	0.901444	0	8.67955	2.8558	
12.1215	2.06012	7.49288	26.902	1.29015	17.5456	21.9706	9.04108	35.4907	11.3454	13.2717	6.23921	8.67955	0	4.15965	
5.01627	15.1233	2.70973	28.0968	2.86949	1.5736	7.78459	8.14235	7.90047	6.47367	14.8511	1.95436	2.8558	4.15965	0	

0	7.50064	5.10316	9.75667	4.78719	16.9996	18.5046	8.16858	10.294	10.6867	12.5934	8.25413	10.9704	5.59627	6.43553	
7.50064	0	2.39748	12.6053	4.54059	8.5036	7.1014	8.07353	5.94814	11.9009	9.88774	7.61437	8.26474	6.4938	3.72985	
5.10316	2.39748	0	6.71943	2.14311	15.896	15.2109	7.61819	8.34562	3.11056	7.49027	5.21689	5.86726	2.95219	1.33237	
9.75667	12.6053	6.71943	0	9.88007	5.6882	12.2375	14.5192	8.24366	6.78437	15.839	1.50254	16.0751	3.53241	11.5402	
4.78719	4.54059	2.14311	9.88007	0	24.7973	23.2918	9.7613	15.9779	9.13116	9.63338	2.83895	8.01037	0.809077	3.47548	
16.9996	8.5036	15.896	5.6882	24.7973	0	3.70872	4.68085	2.55546	16.7673	14.5933	7.19074	13.2781	14.7592	17.4443	
18.5046	7.1014	15.2109	12.2375	23.2918	3.70872	0	3.27864	1.15326	13.2584	7.72061	13.7401	11.8759	21.3085	14.345	
8.16858	8.07353	7.61819	14.5192	9.7613	4.68085	3.27864	0	2.12539	18.1211	14.7727	12.8351	12.8481	12.9387	8.95057	
10.294	5.94814	8.34562	8.24366	15.9779	2.55546	1.15326	2.12539	0	17.8491	8.87386	21.4253	10.7227	12.4419	18.1193	
10.6867	11.9009	3.11056	6.78437	9.13116	16.7673	13.2584	18.1211	17.8491	0	5.5378	5.28183	15.7907	7.3117	1.77819	
12.5934	9.88774	7.49027	15.839	9.63338	14.5933	7.72061	14.7727	8.87386	5.5378	0	10.8196	10.2529	14.0599	6.62441	
8.25413	7.61437	5.21689	1.50254	2.83895	7.19074	13.7401	12.8351	21.4253	5.28183	10.8196	0	11.0842	2.02988	6.54927	
10.9704	8.26474	5.86726	16.0751	8.01037	13.2781	11.8759	12.8481	10.7227	15.7907	10.2529	11.0842	0	16.2154	7.19964	
5.59627	6.4938	2.95219	3.53241	0.809077	14.7592	21.3085	12.9387	12.4419	7.3117	14.0599	2.02988	16.2154	0	8.16205	
6.43553	3.72985	1.33237	11.5402	3.47548	17.4443	14.345	8.95057	18.1193	1.77819	6.62441	6.54927	7.19964	8.16205	0	

0	10.9789	5.16691	11.3971	4.11725	21.5819	9.76392	8.27204	12.3408	4.37562	5.77655	8.31218	9.37256	4.87357	6.08917	
10.9789	0	15.6738	17.5456	6.86166	33.817	12.5083	15.559	19.7185	4.90485	8.52096	11.0566	17.1308	4.40691	14.5592	
5.16691	15.6738	0	7.54333	8.81212	8.32823	11.0721	9.74798	7.1739	6.27044	10.4714	5.44562	7.94847	10.3141	4.55689	
11.3971	17.5456	7.54333	0	9.16699	8.9922	3.52032	6.63764	16.1688	4.69999	11.5373	3.87517	6.37802	16.0656	2.98644	
4.11725	6.86166	8.81212	9.16699	0	11.1186	5.64667	7.24494	9.19854	7.3168	1.65931	4.19493	10.2692	7.81475	5.08366	
21.5819	33.817	8.32823	8.9922	11.1186	0	5.47188	5.31382	1.15432	12.542	8.69355	21.308	17.9813	20.9776	11.9871	
9.76392	12.5083	11.0721	3.52032	5.64667	5.47188	0	3.11732	6.6262	7.07014	7.30598	6.16733	9.90682	7.56808	6.50676	
8.27204	15.559	9.74798	6.63764	7.24494	5.31382	3.11732	0	4.1595	6.90464	11.6987	3.05001	8.58267	14.2592	3.93874	
12.3408	19.7185	7.1739	16.1688	9.19854	1.15432	6.6262	4.1595	0	16.99	7.53923	7.20951	19.1357	28.1541	9.35059	
4.37562	4.90485	6.27044	4.69999	7.3168	12.542	7.07014	6.90464	16.99	0	8.97611	2.60228	4.99694	0.497943	1.71355	
5.77655	8.52096	10.4714	11.5373	1.65931	8.69355	7.30598	11.6987	7.53923	8.97611	0	5.85424	11.9285	13.9143	8.55086	
8.31218	11.0566	5.44562	3.87517	4.19493	21.308	6.16733	3.05001	7.20951	2.60228	5.85424	0	4.2803	4.87969	0.888729	
9.37256	17.1308	7.94847	6.37802	10.2692	17.9813	9.90682	8.58267	19.1357	4.99694	11.9285	4.2803	0	5.49488	3.39157	
4.87357	4.40691	10.3141	16.0656	7.81475	20.9776	7.56808	14.2592	28.1541	0.497943	13.9143	4.87969	5.49488	0	2.21149	
6.08917	14.5592	4.55689	2.98644	5.08366	11.9871	6.50676	3.93874	9.35059	1.71355	8.55086	0.888729	3.39157	2.21149	0	

0	6.16105	4.82378	16.2821	5.73547	2.05695	7.01485	5.13602	5.245	4.94625	5.7597	6.94817	7.86488	10.7465	3.31365	
6.16105	0	3.33384	4.87592	7.2733	9.63239	5.14717	9.13403	7.34036	4.48	5.92965	5.45823	9.08743	22.4477	2.8474	
4.82378	3.33384	0	5.0777	5.54114	6.88074	7.8433	10.8429	5.81637	5.65182	3.73552	2.12439	5.75359	15.5703	6.18124	
16.2821	4.87592	5.0777	0	11.3439	13.226	8.67222	10.1469	6.64529	20.6457	10.8056	2.95331	22.3294	27.0286	7.72332	
5.73547	7.2733	5.54114	11.3439	0	3.67851	8.6364	6.75758	6.86655	6.05851	7.24071	7.66553	4.35057	15.697	4.42591	
2.05695	9.63239	6.88074	13.226	3.67851	0	4.95789	3.07907	3.18804	8.20058	3.70274	6.88002	6.28619	12.8035	5.3706	
7.01485	5.14717	7.8433	8.67222	8.6364	4.95789	0	3.93524	2.19319	22.637	8.66064	5.71891	5.29134	27.5949	7.99457	
5.13602	9.13403	10.8429	10.1469	6.75758	3.07907	3.93524	0	1.74206	14.0948	6.78181	5.43403	4.84021	27.2878	11.9814	
5.245	7.34036	5.81637	6.64529	6.86655	3.18804	2.19319	1.74206	0	11.0454	6.89079	3.69198	3.09815	23.1409	11.9611	
4.94625	4.48	5.65182	20.6457	6.05851	8.20058	22.637	14.0948	11.0454	0	4.49784	7.77621	7.94727	21.722	1.6326	
5.7597	5.92965	3.73552	10.8056	7.24071	3.70274	8.66064	6.78181	6.89079	4.49784	0	5.85991	6.2424	22.301	6.13044	
6.94817	5.45823	2.12439	2.95331	7.66553	6.88002	5.71891	5.43403	3.69198	7.77621	5.85991	0	6.79013	24.0876	8.26915	
7.86488	9.08743	5.75359	22.3294	4.35057	6.28619	5.29134	4.84021	3.09815	7.94727	6.2424	6.79013	0	18.6114	8.77647	
10.7465	22.4477	15.5703	27.0286	15.697	12.8035	27.5949	27.2878	23.1409	21.722	22.301	24.0876	18.6114	0	14.0602	
3.31365	2.8474	6.18124	7.72332	4.42591	5.3706	7.99457	11.9814	11.9611	1.6326	6.13044	8.26915	8.77647	14.0602	0	

0	9.03257	3.78972	12.2229	5.67466	4.64084	4.6785	9.84392	2.38323	4.37904	7.66306	6.67754	5.63736	4.68195	2.99113	
9.03257	0	12.8223	18.1394	17.8697	7.93566	15.4246	18.2067	9.31492	11.5797	16.7203	15.7101	6.06079	7.26707	10.9256	
3.78972	12.8223	0	9.95514	1.88494	8.10695	3.39292	7.05391	5.68818	7.42699	5.14788	4.40981	9.0549	8.47167	6.78085	
12.2229	18.1394	9.95514	0	17.8363	13.9535	13.9179	18.5142	15.3327	10.8068	10.4418	5.54534	12.0786	13.022	9.41887	
5.67466	17.8697	1.88494	17.8363	0	9.99189	5.27786	14.1686	7.68571	9.31193	9.56275	6.29475	12.2293	13.519	11.8282	
4.64084	7.93566	8.10695	13.9535	9.99189	0	4.77718	5.20309	5.129	5.90884	3.02222	7.91871	1.87487	9.32278	4.85394	
4.6785	15.4246	3.39292	13.9179	5.27786	4.77718	0	3.661	2.29527	5.8869	1.75496	6.65145	5.5494	11.2082	4.49899	
9.84392	18.2067	7.05391	18.5142	14.1686	5.20309	3.661	0	5.95626	11.1119	5.41596	17.5427	7.07796	22.0995	8.15998	
2.38323	9.31492	5.68818	15.3327	7.68571	5.129	2.29527	5.95626	0	8.12476	4.05023	9.06077	3.25413	7.06517	5.37436	
4.37904	11.5797	7.42699	10.8068	9.31193	5.90884	5.8869	11.1119	8.12476	0	8.45589	9.26192	7.78371	4.31261	1.38791	
7.66306	16.7203	5.14788	10.4418	9.56275	3.02222	1.75496	5.41596	4.05023	8.45589	0	4.89649	4.89709	9.45325	6.25395	
6.67754	15.7101	4.40981	5.54534	6.29475	7.91871	6.65145	17.5427	9.06077	9.26192	4.89649	0	14.7542	11.3595	7.92957	
5.63736	6.06079	9.0549	12.0786	12.2293	1.87487	5.5494	7.07796	3.25413	7.78371	4.89709	14.7542	0	12.2036	6.72881	
4.68195	7.26707	8.47167	13.022	13.519	9.32278	11.2082	22.0995	7.06517	4.31261	9.45325	11.3595	12.2036	0	5.70052	
2.99113	10.9256	6.78085	9.41887	11.8282	4.85394	4.49899	8.15998	5.37436	1.38791	6.25395	7.92957	6.72881	5.70052	0	

0	10.0299	5.75451	16.9958	1.35625	3.94509	5.80716	9.80341	6.87688	8.09537	1.15757	3.45404	3.29315	6.31428	3.74056	
10.0299	0	12.2127	25.08	14.0546	16.5626	17.7875	26.8737	7.93641	9.40891	8.28765	9.09643	6.15207	6.23618	13.4444	
5.75451	12.2127	0	11.2413	7.11076	13.3154	15.1775	11.4851	10.1521	13.8499	6.91208	9.20855	6.06068	11.8523	13.1109	
16.9958	25.08	11.2413	0	8.7779	2.69387	5.50047	4.31764	5.65063	29.3606	5.48139	7.30504	17.3019	13.0202	20.9443	
1.35625	14.0546	7.11076	8.7779	0	6.08404	9.83736	7.9917	8.9771	9.45162	2.51382	4.81029	5.23406	7.81843	7.21492	
3.94509	16.5626	13.3154	2.69387	6.08404	0	3.09049	1.90766	3.24065	10.7157	2.78752	4.61117	4.92311	7.47141	5.23358	
5.80716	17.7875	15.1775	5.50047	9.83736	3.09049	0	1.18283	2.51582	8.37858	4.64959	7.5322	6.78518	19.3282	7.23258	
9.80341	26.8737	11.4851	4.31764	7.9917	1.90766	1.18283	0	1.33299	9.56142	4.69518	6.34937	13.6562	3.03322	6.97178	
6.87688	7.93641	10.1521	5.65063	8.9771	3.24065	2.51582	1.33299	0	13.6475	5.71931	4.56047	7.8549	1.70023	8.3023	
8.09537	9.40891	13.8499	29.3606	9.45162	10.7157	8.37858	9.56142	13.6475	0	6.6185	4.65792	10.0638	15.6451	4.03552	
1.15757	8.28765	6.91208	5.48139	2.51382	2.78752	4.64959	4.69518	5.71931	6.6185	0	2.91747	2.13558	5.77771	2.58299	
3.45404	9.09643	9.20855	7.30504	4.81029	4.61117	7.5322	6.34937	4.56047	4.65792	2.91747	0	5.05306	2.86024	0.622407	
3.29315	6.15207	6.06068	17.3019	5.23406	4.92311	6.78518	13.6562	7.8549	10.0638	2.13558	5.05306	0	11.1198	4.71857	
6.31428	6.23618	11.8523	13.0202	7.81843	7.47141	19.3282	3.03322	1.70023	15.6451	5.77771	2.86024	11.1198	0	3.48265	
3.74056	13.4444	13.1109	20.9443	7.21492	5.23358	7.23258	6.97178	8.3023	4.03552	2.58299	0.622407	4.71857	3.48265	0	

0	6.19019	2.55165	6.46523	3.31665	3.35488	9.4646	5.57268	11.1796	5.35473	10.2509	1.62913	9.61774	7.69127	5.76906	
6.19019	0	16.9624	1.98009	6.24858	13.1421	1.95107	4.48805	13.2293	8.28665	7.1402	4.56106	5.13261	4.68011	12.2019	
2.55165	16.9624	0	9.01688	6.89646	5.90653	15.0113	10.3042	8.62793	3.1945	16.0539	4.18079	10.89	10.4493	6.58211	
6.46523	1.98009	9.01688	0	6.04648	9.8201	2.99937	5.53636	14.2776	9.95485	8.1885	6.54115	3.15252	2.70002	8.2947	
3.31665	6.24858	6.89646	6.04648	0	7.69968	16.7954	5.63107	16.9575	5.41312	20.6234	1.68752	16.9485	3.34646	8.94115	
3.35488	13.1421	5.90653	9.8201	7.69968	0	6.88546	4.34847	6.02477	11.6786	6.896	4.98401	11.1462	13.862	9.12394	
9.4646	1.95107	15.0113	2.99937	16.7954	6.88546	0	2.53698	4.21328	16.9239	5.18913	6.48054	6.15189	5.69939	16.3699	
5.57268	4.48805	10.3042	5.53636	5.63107	4.34847	2.53698	0	1.6763	7.66915	7.72612	3.94355	8.16111	12.5009	18.9069	
11.1796	13.2293	8.62793	14.2776	16.9575	6.02477	4.21328	1.6763	0	6.36527	9.75558	5.61985	9.83741	13.611	9.75288	
5.35473	8.28665	3.1945	9.95485	5.41312	11.6786	16.9239	7.66915	6.36527	0	15.3438	3.7256	7.69553	7.25483	3.38761	
10.2509	7.1402	16.0539	8.1885	20.6234	6.896	5.18913	7.72612	9.75558	15.3438	0	19.0194	7.64827	17.277	21.5591	
1.62913	4.56106	4.18079	6.54115	1.68752	4.98401	6.48054	3.94355	5.61985	3.7256	19.0194	0	11.4211	5.03398	7.11321	
9.61774	5.13261	10.89	3.15252	16.9485	11.1462	6.15189	8.16111	9.83741	7.69553	7.64827	11.4211	0	5.85254	11.0831	
7.69127	4.68011	10.4493	2.70002	3.34646	13.862	5.69939	12.5009	13.611	7.25483	17.277	5.03398	5.85254	0	5.59468	
5.76906	12.2019	6.58211	8.2947	8.94115	9.12394	16.3699	18.9069	9.75288	3.38761	21.5591	7.11321	11.0831	5.59468	0	

0	7.59781	2.26802	3.41993	1.11665	7.65211	14.0779	11.3534	4.17553	3.85189	5.84121	2.54579	9.02432	4.79298	1.90173	
7.59781	0	9.86583	11.2566	8.71446	9.14185	15.4471	7.02076	6.09165	9.56423	18.7369	11.5687	17.7743	15.7041	9.49954	
2.26802	9.86583	0	4.6059	3.38467	5.38409	15.6107	6.19773	8.4343	6.11991	5.10909	3.23878	10.2103	9.88651	3.0877	
3.41993	11.2566	4.6059	0	8.22378	8.2151	8.35696	6.09401	5.1649	5.31344	6.31447	2.16227	8.36855	15.9687	1.5182	
1.11665	8.71446	3.38467	8.22378	0	6.10909	12.4144	3.988	3.05888	4.96854	12.2558	5.08756	13.1315	3.67633	3.01837	
7.65211	9.14185	5.38409	8.2151	6.10909	0	3.53816	0.81364	1.74275	19.147	6.94919	8.62288	15.1269	13.854	8.47179	
14.0779	15.4471	15.6107	8.35696	12.4144	3.53816	0	2.72452	3.65363	16.3183	8.86007	13.1671	16.7255	16.3302	9.87516	
11.3534	7.02076	6.19773	6.09401	3.988	0.81364	2.72452	0	0.929114	15.2053	6.13555	8.00585	15.9406	11.7329	13.2551	
4.17553	6.09165	8.4343	5.1649	3.05888	1.74275	3.65363	0.929114	0	15.6559	7.06466	8.80723	13.5334	6.73522	6.6831	
3.85189	9.56423	6.11991	5.31344	4.96854	19.147	16.3183	15.2053	15.6559	0	9.44343	4.4393	8.21009	6.85658	3.79523	
5.84121	18.7369	5.10909	6.31447	12.2558	6.94919	8.86007	6.13555	7.06466	9.44343	0	1.8703	14.683	16.3	2.51437	
2.54579	11.5687	3.23878	2.16227	5.08756	8.62288	13.1671	8.00585	8.80723	4.4393	1.8703	0	7.76667	13.9595	0.644068	
9.02432	17.7743	10.2103	8.36855	13.1315	15.1269	16.7255	15.9406	13.5334	8.21009	14.683	7.76667	0	9.45514	7.1226	
4.79298	15.7041	9.88651	15.9687	3.67633	13.854	16.3302	11.7329	6.73522	6.85658	16.3	13.9595	9.45514	0	10.6518	
1.90173	9.49954	3.0877	1.5182	3.01837	8.47179	9.87516	13.2551	6.6831	3.79523	2.51437	0.644068	7.1226	10.6518	0	

0	7.84457	5.06557	15.4744	1.88355	4.76685	13.023	6.92668	10.3276	5.74073	10.9775	4.47912	13.1555	2.8438	4.27561	
7.84457	0	9.14304	31.407	5.96102	16.6156	14.7711	20.7366	17.9538	5.20319	15.8996	17.8958	20.487	13.4595	7.29103	
5.06557	9.14304	0	19.4142	3.18202	10.9152	9.36296	13.8	10.4352	4.6749	12.3975	11.3524	7.06638	5.73294	2.58705	
15.4744	31.407	19.4142	0	19.2192	12.8379	23.6031	8.5477	12.4062	18.915	22.4088	14.9285	17.719	19.687	16.8272	
1.88355	5.96102	3.18202	19.2192	0	6.65041	9.16797	8.81023	10.4717	4.4799	11.5496	6.36268	6.87139	4.72736	2.39206	
4.76685	16.6156	10.9152	12.8379	6.65041	0	15.0655	4.29024	5.56071	10.5076	6.21066	8.54776	13.4615	5.18228	13.443	
13.023	14.7711	9.36296	23.6031	9.16797	15.0655	0	17.6711	14.6399	8.86375	21.2761	12.885	8.49988	15.8668	6.77591	
6.92668	20.7366	13.8	8.5477	8.81023	4.29024	17.6711	0	3.85846	12.6674	10.5009	6.38078	9.17125	9.47252	11.9381	
10.3276	17.9538	10.4352	12.4062	10.4717	5.56071	14.6399	3.85846	0	10.1674	11.7714	10.2392	12.5589	10.743	8.07959	
5.74073	5.20319	4.6749	18.915	4.4799	10.5076	8.86375	12.6674	10.1674	0	17.6222	10.2199	6.56717	8.58453	2.08784	
10.9775	15.8996	12.3975	22.4088	11.5496	6.21066	21.2761	10.5009	11.7714	17.6222	0	14.7584	20.0137	11.3929	13.9417	
4.47912	17.8958	11.3524	14.9285	6.36268	8.54776	12.885	6.38078	10.2392	10.2199	14.7584	0	14.1347	7.32293	9.6554	
13.1555	20.487	7.06638	17.719	6.87139	13.4615	8.49988	9.17125	12.5589	6.56717	20.0137	14.1347	0	16.2569	4.47933	
2.8438	13.4595	5.73294	19.687	4.72736	5.18228	15.8668	9.47252	10.743	8.58453	11.3929	7.32293	16.2569	0	8.31999	
4.27561	7.29103	2.58705	16.8272	2.39206	13.443	6.77591	11.9381	8.07959	2.08784	13.9417	9.6554	4.47933	8.31999	0	

0	11.1356	0.395334	13.5665	7.48748	12.6383	10.5683	17.1144	4.42412	8.46453	11.7341	3.6889	13.3344	10.5108	3.10184	
11.1356	0	22.109	8.28021	11.6476	9.50696	4.77491	13.9831	8.76669	2.67109	11.5542	13.8735	14.2424	0.827693	12.5584	
0.395334	22.109	0	10.5623	7.88282	7.71624	9.54189	4.46505	4.02879	8.85986	12.1294	4.08423	13.7298	10.9061	2.70651	
13.5665	8.28021	10.5623	0	17.7554	8.70039	7.738	6.96974	6.53348	9.84182	10.7476	9.87764	14.7052	9.1079	13.8304	
7.48748	11.6476	7.88282	17.7554	0	12.3424	10.0174	12.0283	15.3447	12.1212	17.3451	11.1764	20.8219	10.8199	7.2124	
12.6383	9.50696	7.71624	8.70039	12.3424	0	4.41601	4.12371	3.68745	6.51983	2.04719	12.468	13.5519	10.3347	5.12998	
10.5683	4.77491	9.54189	7.738	10.0174	4.41601	0	2.01092	2.44718	2.10382	6.4632	14.5871	13.6751	4.66229	6.83538	
17.1144	13.9831	4.46505	6.96974	12.0283	4.12371	2.01092	0	0.436262	4.11474	6.52328	9.21679	13.4879	20.9389	8.84631	
4.42412	8.76669	4.02879	6.53348	15.3447	3.68745	2.44718	0.436262	0	6.09559	5.73464	8.78052	13.0517	8.65407	6.7353	
8.46453	2.67109	8.85986	9.84182	12.1212	6.51983	2.10382	4.11474	6.09559	0	20.1986	12.1534	11.5713	2.55847	8.9392	
11.7341	11.5542	12.1294	10.7476	17.3451	2.04719	6.4632	6.52328	5.73464	20.1986	0	15.423	11.5047	22.2448	7.17717	
3.6889	13.8735	4.08423	9.87764	11.1764	12.468	14.5871	9.21679	8.78052	12.1534	15.423	0	17.0233	14.1997	10.942	
13.3344	14.2424	13.7298	14.7052	20.8219	13.5519	13.6751	13.4879	13.0517	11.5713	11.5047	17.0233	0	14.1297	21.4586	
10.5108	0.827693	10.9061	9.1079	10.8199	10.3347	4.66229	20.9389	8.65407	2.55847	22.2448	14.1997	14.1297	0	12.4458	
3.10184	12.5584	2.70651	13.8304	7.2124	5.12998	6.83538	8.84631	6.7353	8.9392	7.17717	10.942	21.4586	12.4458	0	

0	8.60256	6.90981	12.9184	15.8511	17.5169	13.9812	14.8147	14.0167	7.39482	7.46833	11.5322	10.9407	13.3038	12.9223	
8.60256	0	10.868	20.4135	7.24852	11.8679	12.248	19.2327	17.3511	15.9974	12.3358	11.7156	6.83716	12.5064	10.0263	
6.90981	10.868	0	6.00859	13.6628	7.85415	12.8141	17.2423	17.857	9.01272	14.2889	10.8542	4.03085	12.6259	6.01249	
12.9184	20.4135	6.00859	0	19.6714	15.3838	14.3027	11.2337	16.1027	12.9506	21.8969	16.7517	10.0394	33.3748	12.0211	
15.8511	7.24852	13.6628	19.6714	0	9.59477	6.91607	11.2081	18.2528	8.83805	10.5052	4.46705	14.0857	5.25784	7.75311	
17.5169	11.8679	7.85415	15.3838	9.59477	0	3.75748	4.15009	2.26851	11.8981	8.81691	6.20649	12.5407	22.8296	1.84166	
13.9812	12.248	12.8141	14.3027	6.91607	3.75748	0	7.01464	6.02599	15.2796	8.48714	2.44902	8.78327	4.22064	5.59914	
14.8147	19.2327	17.2423	11.2337	11.2081	4.15009	7.01464	0	5.7435	10.211	12.2919	6.74106	15.7979	8.51268	5.99174	
14.0167	17.3511	17.857	16.1027	18.2528	2.26851	6.02599	5.7435	0	15.9546	6.54839	12.4846	13.8262	23.2993	4.11017	
7.39482	15.9974	9.01272	12.9506	8.83805	11.8981	15.2796	10.211	15.9546	0	14.8631	12.8306	13.0436	14.0959	10.0564	
7.46833	12.3358	14.2889	21.8969	10.5052	8.81691	8.48714	12.2919	6.54839	14.8631	0	6.03812	17.0283	7.80974	8.27636	
11.5322	11.7156	10.8542	16.7517	4.46705	6.20649	2.44902	6.74106	12.4846	12.8306	6.03812	0	10.9902	1.77162	6.87806	
10.9407	6.83716	4.03085	10.0394	14.0857	12.5407	8.78327	15.7979	13.8262	13.0436	17.0283	10.9902	0	12.7618	10.0433	
13.3038	12.5064	12.6259	33.3748	5.25784	22.8296	4.22064	8.51268	23.2993	14.0959	7.80974	1.77162	12.7618	0	8.64968	
12.9223	10.0263	6.01249	12.0211	7.75311	1.84166	5.59914	5.99174	4.11017	10.0564	8.27636	6.87806	10.0433	8.64968	0	

0	8.6663	5.0696	5.69008	5.29805	10.3635	10.3032	7.85638	6.48458	5.6806	9.06683	7.24571	6.32462	7.43344	4.2856	
8.6663	0	9.81419	12.1595	7.87468	4.02918	10.1781	5.97977	8.71169	14.0072	9.91095	7.32912	17.5292	10.0101	12.9519	
5.0696	9.81419	0	6.56266	2.67306	4.63696	7.67819	7.03871	3.84716	6.867	3.18591	1.33702	2.82302	4.80845	0.784	
5.69008	12.1595	6.56266	0	10.9881	8.13029	12.3974	5.93864	4.56683	11.3707	3.37675	7.07698	6.30909	7.58064	9.97568	
5.29805	7.87468	2.67306	10.9881	0	5.52566	5.00513	7.09559	4.73587	5.58885	5.85897	2.22572	11.5662	2.13539	3.45706	
10.3635	4.02918	4.63696	8.13029	5.52566	0	6.14888	1.95059	3.32239	6.25611	5.80339	3.29994	6.42115	9.02489	18.9712	
10.3032	10.1781	7.67819	12.3974	5.00513	6.14888	0	5.27986	6.65167	9.58538	9.13267	7.23085	9.5728	7.14052	8.8503	
7.85638	5.97977	7.03871	5.93864	7.09559	1.95059	5.27986	0	1.37181	4.30552	3.85281	3.88195	3.11406	7.75898	6.50958	
6.48458	8.71169	3.84716	4.56683	4.73587	3.32239	6.65167	1.37181	0	5.67733	4.7578	2.51014	1.74225	8.96169	3.78128	
5.6806	14.0072	6.867	11.3707	5.58885	6.25611	9.58538	4.30552	5.67733	0	7.65735	5.52998	8.77608	3.45346	9.9662	
9.06683	9.91095	3.18591	3.37675	5.85897	5.80339	9.13267	3.85281	4.7578	7.65735	0	4.52293	6.50005	4.20389	3.96991	
7.24571	7.32912	1.33702	7.07698	2.22572	3.29994	7.23085	3.88195	2.51014	5.52998	4.52293	0	4.2524	4.36111	2.12102	
6.32462	17.5292	2.82302	6.30909	11.5662	6.42115	9.5728	3.11406	1.74225	8.77608	6.50005	4.2524	0	12.0689	2.03902	
7.43344	10.0101	4.80845	7.58064	2.13539	9.02489	7.14052	7.75898	8.96169	3.45346	4.20389	4.36111	12.0689	0	5.8727	
4.2856	12.9519	0.784	9.97568	3.45706	18.9712	8.8503	6.50958	3.78128	9.9662	3.96991	2.12102	2.03902	5.8727	0	

0	9.60513	2.723	13.6731	3.5152	9.9225	4.5017	9.74065	17.7537	9.37642	7.46979	4.02391	2.42695	8.16214	5.21788	
9.60513	0	9.13939	6.76169	6.08994	3.49517	4.42296	6.33363	3.01845	20.343	10.0445	7.83848	11.4138	7.16664	10.6017	
2.723	9.13939	0	4.89806	4.71702	3.90931	1.7787	4.72961	3.18321	13.7866	11.1881	1.30091	5.14995	8.00982	7.94088	
13.6731	6.76169	4.89806	0	12.8516	5.24997	3.11936	3.73017	4.52387	11.0639	7.50764	9.04917	10.4602	9.81094	8.25294	
3.5152	6.08994	4.71702	12.8516	0	5.89681	13.364	8.73512	9.10839	8.67025	3.95459	3.41611	5.94214	4.64694	4.51171	
9.9225	3.49517	3.90931	5.24997	5.89681	0	1.88123	3.7919	0.476716	13.2329	1.94222	11.2181	7.49555	9.00241	10.4219	
4.5017	4.42296	1.7787	3.11936	13.364	1.88123	0	2.95091	1.40451	10.2847	4.07283	3.07961	7.34084	9.35925	7.47369	
9.74065	6.33363	4.72961	3.73017	8.73512	3.7919	2.95091	0	3.31518	7.33377	7.84132	5.31901	10.2918	6.40834	4.52277	
17.7537	3.01845	3.18321	4.52387	9.10839	0.476716	1.40451	3.31518	0	10.649	2.41893	8.63419	7.97226	8.52569	7.83796	
9.37642	20.343	13.7866	11.0639	8.67025	13.2329	10.2847	7.33377	10.649	0	15.8625	12.6528	14.1109	13.7421	4.15854	
7.46979	10.0445	11.1881	7.50764	3.95459	1.94222	4.07283	7.84132	2.41893	15.8625	0	7.37071	9.43776	8.60154	8.46631	
4.02391	7.83848	1.30091	9.04917	3.41611	11.2181	3.07961	5.31901	8.63419	12.6528	7.37071	0	9.75063	6.7089	7.92783	
2.42695	11.4138	5.14995	10.4602	5.94214	7.49555	7.34084	10.2918	7.97226	14.1109	9.43776	9.75063	0	17.8414	7.64483	
8.16214	7.16664	8.00982	9.81094	4.64694	9.00241	9.35925	6.40834	8.52569	13.7421	8.60154	6.7089	17.8414	0	9.15866	
5.21788	10.6017	7.94088	8.25294	4.51171	10.4219	7.47369	4.52277	7.83796	4.15854	8.46631	7.92783	7.64483	9.15866	0	

0	7.08814	4.97804	7.14657	3.14261	6.94572	10.1926	10.1147	6.48006	9.05562	8.70099	4.81956	7.82272	9.25172	11.1997	
7.08814	0	12.0662	16.7404	10.2308	17.6608	17.2807	26.3907	13.5682	16.1438	18.9135	11.9077	15.4033	5.22109	8.03805	
4.97804	12.0662	0	3.76038	7.76435	3.49521	7.46811	5.1367	3.02954	10.3596	11.8836	8.00221	7.94824	8.56778	14.3823	
7.14657	16.7404	3.76038	0	4.00396	11.9425	8.61625	8.89708	6.78993	15.1726	16.549	7.19102	4.18785	12.3282	14.3792	
3.14261	10.2308	7.76435	4.00396	0	14.3873	12.6202	13.6542	9.62267	12.1982	14.9679	7.96216	7.4312	10.4149	17.6225	
6.94572	17.6608	3.49521	11.9425	14.3873	0	3.06451	0.733098	0.465662	5.95599	4.46444	8.34588	6.13692	21.176	9.62275	
10.1926	17.2807	7.46811	8.61625	12.6202	3.06451	0	2.33142	7.85522	7.55431	12.2086	14.9847	11.9815	19.4443	17.3669	
10.1147	26.3907	5.1367	8.89708	13.6542	0.733098	2.33142	0	1.19876	5.22289	5.19754	13.1389	9.10263	13.7045	10.3559	
6.48006	13.5682	3.02954	6.78993	9.62267	0.465662	7.85522	1.19876	0	6.8673	4.9301	8.67442	5.67126	11.5973	10.0884	
9.05562	16.1438	10.3596	15.1726	12.1982	5.95599	7.55431	5.22289	6.8673	0	10.8661	13.2214	14.7712	18.3073	9.02723	
8.70099	18.9135	11.8836	16.549	14.9679	4.46444	12.2086	5.19754	4.9301	10.8661	0	3.88143	6.8846	21.077	10.2616	
4.81956	11.9077	8.00221	7.19102	7.96216	8.34588	14.9847	13.1389	8.67442	13.2214	3.88143	0	3.00317	14.0713	6.38012	
7.82272	15.4033	7.94824	4.18785	7.4312	6.13692	11.9815	9.10263	5.67126	14.7712	6.8846	3.00317	0	15.4059	9.38328	
9.25172	5.22109	8.56778	12.3282	10.4149	21.176	19.4443	13.7045	11.5973	18.3073	21.077	14.0713	15.4059	0	13.2591	
11.1997	8.03805	14.3823	14.3792	17.6225	9.62275	17.3669	10.3559	10.0884	9.02723	10.2616	6.38012	9.38328	13.2591	0	

0	10.0643	7.1737	3.31986	6.46783	3.06004	12.433	5.98512	6.99593	5.8746	3.78373	6.68347	6.99129	7.69733	2.90706	
10.0643	0	5.17382	13.3841	2.78247	13.1243	12.1518	16.9532	11.3981	7.13275	9.51871	2.64438	13.1167	1.55297	9.97572	
7.1737	5.17382	0	11.5328	4.23018	7.38058	7.08166	4.4555	7.44763	7.23418	12.403	1.14722	7.86137	2.23863	4.26664	
3.31986	13.3841	11.5328	0	9.78769	6.37991	11.4375	6.6682	3.67607	7.9414	9.24865	10.0033	3.67143	11.3118	6.22692	
6.46783	2.78247	4.23018	9.78769	0	9.52787	11.8284	14.044	8.76827	4.50294	6.8889	2.32091	10.4869	1.2295	6.49043	
3.06004	13.1243	7.38058	6.37991	9.52787	0	5.55124	2.92508	5.91721	3.10965	0.723688	9.74351	10.8002	10.4077	5.9671	
12.433	12.1518	7.08166	11.4375	11.8284	5.55124	0	2.62616	5.61829	10.6067	10.0966	11.6903	7.76603	10.5989	13.4195	
5.98512	16.9532	4.4555	6.6682	14.044	2.92508	2.62616	0	2.99213	7.25746	3.64876	5.60272	5.71256	13.225	8.72214	
6.99593	11.3981	7.44763	3.67607	8.76827	5.91721	5.61829	2.99213	0	4.26534	6.65129	12.0838	2.72043	12.2814	6.56914	
5.8746	7.13275	7.23418	7.9414	4.50294	3.10965	10.6067	7.25746	4.26534	0	2.38596	7.5859	5.98394	5.73244	2.96754	
3.78373	9.51871	12.403	9.24865	6.8889	0.723688	10.0966	3.64876	6.65129	2.38596	0	10.2044	8.3699	9.68406	5.3535	
6.68347	2.64438	1.14722	10.0033	2.32091	9.74351	11.6903	5.60272	12.0838	7.5859	10.2044	0	9.00859	1.09141	5.41386	
6.99129	13.1167	7.86137	3.67143	10.4869	10.8002	7.76603	5.71256	2.72043	5.98394	8.3699	9.00859	0	14.0763	5.65351	
7.69733	1.55297	2.23863	11.3118	1.2295	10.4077	10.5989	13.225	12.2814	5.73244	9.68406	1.09141	14.0763	0	7.71993	
2.90706	9.97572	4.26664	6.22692	6.49043	5.9671	13.4195	8.72214	6.56914	2.96754	5.3535	5.41386	5.65351	7.71993	0	

0	4.50966	3.04397	11.1709	0.825026	8.84919	7.56079	5.98577	7.16797	5.12364	8.92037	2.27297	8.69519	10.8692	3.75206	
4.50966	0	8.80599	5.14769	10.5629	5.14167	10.5279	5.94951	7.80885	9.96083	7.10941	2.2367	1.57189	6.99368	3.7158	
3.04397	8.80599	0	9.37132	2.21894	5.56186	7.46106	11.6662	2.89468	2.90055	4.64708	6.54626	7.2341	9.95346	5.94192	
11.1709	5.14769	9.37132	0	11.8875	6.69199	9.49115	5.286	12.5632	12.5691	4.72424	8.99881	3.5758	8.99759	12.0089	
0.825026	10.5629	2.21894	11.8875	0	8.02416	9.68	11.6175	5.11362	5.11949	6.86602	3.09799	9.45304	10.0442	4.98958	
8.84919	5.14167	5.56186	6.69199	8.02416	0	6.08374	3.59339	2.66718	8.79444	1.96775	7.3062	6.71356	8.57614	9.47998	
7.56079	10.5279	7.46106	9.49115	9.68	6.08374	0	4.20515	8.75092	6.43761	4.80578	4.87534	7.9142	2.49241	3.39624	
5.98577	5.94951	11.6662	5.286	11.6175	3.59339	4.20515	0	6.26057	17.0634	5.56114	3.71281	8.8618	6.69756	5.19191	
7.16797	7.80885	2.89468	12.5632	5.11362	2.66718	8.75092	6.26057	0	5.79523	4.63493	13.8162	10.1288	14.4079	9.16862	
5.12364	9.96083	2.90055	12.5691	5.11949	8.79444	6.43761	17.0634	5.79523	0	7.54763	4.52047	10.1346	14.4137	3.04137	
8.92037	7.10941	4.64708	4.72424	6.86602	1.96775	4.80578	5.56114	4.63493	7.54763	0	12.7468	6.7091	7.29819	8.20202	
2.27297	2.2367	6.54626	8.99881	3.09799	7.3062	4.87534	3.71281	13.8162	4.52047	12.7468	0	3.80859	10.2722	1.4791	
8.69519	1.57189	7.2341	3.5758	9.45304	6.71356	7.9142	8.8618	10.1288	10.1346	6.7091	3.80859	0	5.42179	7.90133	
10.8692	6.99368	9.95346	8.99759	10.0442	8.57614	2.49241	6.69756	14.4079	14.4137	7.29819	10.2722	5.42179	0	5.88865	
3.75206	3.7158	5.94192	12.0089	4.98958	9.47998	3.39624	5.19191	9.16862	3.04137	8.20202	1.4791	7.90133	5.88865	0	

0	5.08265	2.07592	7.90801	0.806616	7.76891	7.02774	5.4627	4.52622	0.834424	3.21475	3.03187	9.06968	5.58978	3.03095	
5.08265	0	6.85119	6.44081	7.53974	11.0576	26.2914	9.50062	15.7156	4.24823	11.1341	12.9437	9.32053	3.04353	10.6651	
2.07592	6.85119	0	6.50135	2.88254	10.9829	5.62108	13.3752	3.11956	2.60296	1.80809	0.955946	1.71826	10.5247	5.10687	
7.90801	6.44081	6.50135	0	13.9806	13.4668	8.50625	14.0006	6.00472	10.689	4.69325	10.8526	11.615	9.48434	14.994	
0.806616	7.53974	2.88254	13.9806	0	12.7527	15.9757	9.23804	5.53125	1.64104	4.02137	5.40395	6.16627	4.78316	3.83756	
7.76891	11.0576	10.9829	13.4668	12.7527	0	7.43148	3.51467	5.39104	11.1549	6.7025	12.5474	11.0366	8.01403	4.73796	
7.02774	26.2914	5.62108	8.50625	15.9757	7.43148	0	6.7377	5.12445	17.5099	3.81299	16.5836	14.2597	12.5296	9.16945	
5.4627	9.50062	13.3752	14.0006	9.23804	3.51467	6.7377	0	4.48665	8.84866	5.79811	8.28428	7.52197	6.45709	2.43176	
4.52622	15.7156	3.11956	6.00472	5.53125	5.39104	5.12445	4.48665	0	5.55906	1.31146	11.5754	12.0086	10.0281	6.91841	
0.834424	4.24823	2.60296	10.689	1.64104	11.1549	17.5099	8.84866	5.55906	0	4.04918	3.55891	9.76475	7.29176	3.86537	
3.21475	11.1341	1.80809	4.69325	4.02137	6.7025	3.81299	5.79811	1.31146	4.04918	0	2.76404	14.9936	8.71662	6.2457	
3.03187	12.9437	0.955946	10.8526	5.40395	12.5474	16.5836	8.28428	11.5754	3.55891	2.76404	0	0.762315	7.03932	8.9472	
9.06968	9.32053	1.71826	11.615	6.16627	11.0366	14.2597	7.52197	12.0086	9.76475	14.9936	0.762315	0	6.27701	9.70952	
5.58978	3.04353	10.5247	9.48434	4.78316	8.01403	12.5296	6.45709	10.0281	7.29176	8.71662	7.03932	6.27701	0	8.88884	
3.03095	10.6651	5.10687	14.994	3.83756	4.73796	9.16945	2.43176	6.91841	3.86537	6.2457	8.9472	9.70952	8.88884	0	

0	12.4357	3.45008	6.22405	6.89285	8.6429	12.4144	6.90285	2.675	5.02978	9.06755	2.74669	9.51305	6.0077	3.21099	
12.4357	0	8.03343	14.0038	8.35657	20.113	20.0485	13.1982	7.5658	10.1497	17.9017	9.01346	9.27616	4.2331	14.1517	
3.45008	8.03343	0	4.40695	3.06199	10.2562	6.15855	7.74753	4.28829	1.5797	5.61746	6.19677	6.51213	3.80033	4.2659	
6.22405	14.0038	4.40695	0	28.9505	9.51696	1.7516	11.2393	3.54906	5.98665	10.0244	11.4193	4.7276	6.88176	8.67285	
6.89285	8.35657	3.06199	28.9505	0	11.1689	13.8139	7.65012	7.45618	1.48229	7.424	4.14617	10.9125	4.12347	4.44805	
8.6429	20.113	10.2562	9.51696	11.1689	0	16.6904	4.12465	5.96791	10.2925	24.6484	7.02274	10.8368	9.30061	9.79568	
12.4144	20.0485	6.15855	1.7516	13.8139	16.6904	0	17.4191	5.30066	12.5604	9.39798	9.66769	6.47921	14.4481	12.4406	
6.90285	13.1982	7.74753	11.2393	7.65012	4.12465	17.4191	0	7.69028	6.16783	12.1095	7.75136	14.5177	8.96511	9.1336	
2.675	7.5658	4.28829	3.54906	7.45618	5.96791	5.30066	7.69028	0	5.86799	9.90576	5.42168	8.27666	3.3327	5.88599	
5.02978	10.1497	1.5797	5.98665	1.48229	10.2925	12.5604	6.16783	5.86799	0	5.94171	5.62845	8.09183	5.38003	2.96577	
9.06755	17.9017	5.61746	10.0244	7.424	24.6484	9.39798	12.1095	9.90576	5.94171	0	17.5997	12.1296	9.41779	8.90748	
2.74669	9.01346	6.19677	11.4193	4.14617	7.02274	9.66769	7.75136	5.42168	5.62845	17.5997	0	6.76636	4.78037	2.77294	
9.51305	9.27616	6.51213	4.7276	10.9125	10.8368	6.47921	14.5177	8.27666	8.09183	12.1296	6.76636	0	10.3125	9.5393	
6.0077	4.2331	3.80033	6.88176	4.12347	9.30061	14.4481	8.96511	3.3327	5.38003	9.41779	4.78037	10.3125	0	7.55331	
3.21099	14.1517	4.2659	8.67285	4.44805	9.79568	12.4406	9.1336	5.88599	2.96577	8.90748	2.77294	9.5393	7.55331	0	

0	10.9986	0.781496	10.6892	2.21762	9.24739	9.84084	6.70735	4.10505	6.91022	12.1941	5.16538	11.6252	8.39613	4.76452	
10.9986	0	9.72744	12.8508	5.3433	5.26777	12.6214	7.77598	9.30354	10.9266	2.28926	5.83322	9.19854	2.53717	5.74442	
0.781496	9.72744	0	6.89782	1.43613	10.3452	5.234	7.48885	3.32356	6.07381	10.3378	3.55626	7.43713	4.24225	3.98302	
10.6892	12.8508	6.89782	0	9.13776	3.20524	5.4847	3.98185	3.57426	6.32451	6.60637	7.01762	9.78185	5.93583	10.0958	
2.21762	5.3433	1.43613	9.13776	0	5.53672	13.6806	10.0192	4.75968	12.695	11.9865	2.12014	8.59656	2.80612	5.41915	
9.24739	5.26777	10.3452	3.20524	5.53672	0	2.50519	2.54004	4.41563	16.8912	3.40113	10.2229	9.17123	2.73059	8.3695	
9.84084	12.6214	5.234	5.4847	13.6806	2.50519	0	5.04523	1.91044	4.6607	5.90632	14.6475	11.6764	5.23578	8.43194	
6.70735	7.77598	7.48885	3.98185	10.0192	2.54004	5.04523	0	4.41486	7.16511	5.48672	7.89905	11.7113	5.27064	10.9364	
4.10505	9.30354	3.32356	3.57426	4.75968	4.41563	1.91044	4.41486	0	2.75025	7.01428	9.86842	9.97561	10.9382	6.52149	
6.91022	10.9266	6.07381	6.32451	12.695	16.8912	4.6607	7.16511	2.75025	0	9.76453	8.52908	8.63627	10.8211	5.18215	
12.1941	2.28926	10.3378	6.60637	11.9865	3.40113	5.90632	5.48672	7.01428	9.76453	0	8.12248	12.5724	4.82643	8.03368	
5.16538	5.83322	3.55626	7.01762	2.12014	10.2229	14.6475	7.89905	9.86842	8.52908	8.12248	0	6.47642	4.92626	3.34693	
11.6252	9.19854	7.43713	9.78185	8.59656	9.17123	11.6764	11.7113	9.97561	8.63627	12.5724	6.47642	0	9.09302	3.45411	
8.39613	2.53717	4.24225	5.93583	2.80612	2.73059	5.23578	5.27064	10.9382	10.8211	4.82643	4.92626	9.09302	0	5.6389	
4.76452	5.74442	3.98302	10.0958	5.41915	8.3695	8.43194	10.9364	6.52149	5.18215	8.03368	3.34693	3.45411	5.6389	0	

0	12.1996	5.20247	18.0722	7.58619	13.694	16.5735	12.4461	15.4012	4.98331	5.5363	2.38633	4.16921	9.39405	4.09086	
12.1996	0	16.0444	23.9107	4.27228	12.6947	19.5156	13.9426	13.8048	10.915	17.4181	9.65371	19.0381	6.68905	7.76761	
5.20247	16.0444	0	6.95926	8.19756	7.66332	9.70736	8.91119	8.7734	13.2561	5.96609	2.81613	4.59901	15.7531	5.24686	
18.0722	23.9107	6.95926	0	18.7314	11.216	2.7481	6.87551	11.2155	36.0055	14.3326	9.66885	6.05665	15.5747	17.4092	
7.58619	4.27228	8.19756	18.7314	0	11.5171	19.5697	12.765	12.6272	6.30157	8.53139	5.38143	7.16431	6.74309	3.49533	
13.694	12.6947	7.66332	11.216	11.5171	0	5.37528	1.24788	1.11008	10.8599	4.7234	7.87336	6.62593	14.4457	14.6986	
16.5735	19.5156	9.70736	2.7481	19.5697	5.37528	0	4.12741	8.31459	18.8852	8.01521	5.09142	3.30855	12.8266	18.1298	
12.4461	13.9426	8.91119	6.87551	12.765	1.24788	4.12741	0	2.35796	10.0243	3.8878	7.03776	7.43595	15.6936	13.863	
15.4012	13.8048	8.7734	11.2155	12.6272	1.11008	8.31459	2.35796	0	10.4178	5.83348	7.29872	5.51585	15.5558	13.2241	
4.98331	10.915	13.2561	36.0055	6.30157	10.8599	18.8852	10.0243	10.4178	0	6.13649	5.23697	15.7318	8.10943	2.80624	
5.5363	17.4181	5.96609	14.3326	8.53139	4.7234	8.01521	3.8878	5.83348	6.13649	0	3.14996	4.93283	15.2784	5.58069	
2.38633	9.65371	2.81613	9.66885	5.38143	7.87336	5.09142	7.03776	7.29872	5.23697	3.14996	0	1.78287	7.73392	2.43073	
4.16921	19.0381	4.59901	6.05665	7.16431	6.62593	3.30855	7.43595	5.51585	15.7318	4.93283	1.78287	0	16.1351	4.2136	
9.39405	6.68905	15.7531	15.5747	6.74309	14.4457	12.8266	15.6936	15.5558	8.10943	15.2784	7.73392	16.1351	0	5.30319	
4.09086	7.76761	5.24686	17.4092	3.49533	14.6986	18.1298	13.863	13.2241	2.80624	5.58069	2.43073	4.2136	5.30319	0	

0	7.89958	1.34325	17.2129	1.86111	12.2194	13.5922	4.62391	13.0718	19.963	14.9287	5.22283	5.54362	5.28381	5.94668	
7.89958	0	9.24283	10.7811	9.76069	12.1906	16.721	15.4158	16.9911	22.0127	14.9435	15.7102	8.79091	7.88399	24.4725	
1.34325	9.24283	0	8.80864	3.20436	7.60006	8.96527	5.77431	6.90595	12.352	6.52449	3.87958	4.20037	12.9799	4.60343	
17.2129	10.7811	8.80864	0	20.5372	18.6669	6.61137	11.0029	10.7619	10.3699	4.16241	4.92906	19.572	14.9836	9.32865	
1.86111	9.76069	3.20436	20.5372	0	6.90118	13.5935	2.7628	3.89444	17.5514	17.6518	8.83668	9.80321	3.42271	14.1606	
12.2194	12.1906	7.60006	18.6669	6.90118	0	14.9691	1.98406	0.852416	15.9287	7.45188	10.2123	3.39969	13.977	22.9841	
13.5922	16.721	8.96527	6.61137	13.5935	14.9691	0	10.8307	11.9624	13.5581	7.73059	5.08569	14.414	15.1402	16.8524	
4.62391	15.4158	5.77431	11.0029	2.7628	1.98406	10.8307	0	1.13164	14.5463	7.73111	6.07387	7.53807	6.18551	10.3777	
13.0718	16.9911	6.90595	10.7619	3.89444	0.852416	11.9624	1.13164	0	12.807	6.59947	7.20551	4.25211	14.7175	11.7657	
19.963	22.0127	12.352	10.3699	17.5514	15.9287	13.5581	14.5463	12.807	0	6.20753	8.47245	13.6957	14.1287	9.81026	
14.9287	14.9435	6.52449	4.16241	17.6518	7.45188	7.73059	7.73111	6.59947	6.20753	0	2.6449	14.7997	12.6994	5.16624	
5.22283	15.7102	3.87958	4.92906	8.83668	10.2123	5.08569	6.07387	7.20551	8.47245	2.6449	0	8.07995	10.0545	7.81114	
5.54362	8.79091	4.20037	19.572	9.80321	3.39969	14.414	7.53807	4.25211	13.6957	14.7997	8.07995	0	10.5773	8.8038	
5.28381	7.88399	12.9799	14.9836	3.42271	13.977	15.1402	6.18551	14.7175	14.1287	12.6994	10.0545	10.5773	0	19.5255	
5.94668	24.4725	4.60343	9.32865	14.1606	22.9841	16.8524	10.3777	11.7657	9.81026	5.16624	7.81114	8.8038	19.5255	0	

0	5.60975	2.6654	8.16098	4.97828	9.83795	7.72459	6.25595	12.0566	3.15738	2.17123	3.34411	5.72019	3.3489	1.27357	
5.60975	0	2.33665	13.7629	2.72453	7.97592	9.4526	10.9625	8.41111	17.4236	7.78099	9.93455	12.1414	1.65315	6.88332	
2.6654	2.33665	0	4.13787	1.75487	6.53586	5.05919	6.7345	9.39116	5.86983	4.83664	0.678705	8.7761	0.683497	3.93897	
8.16098	13.7629	4.13787	0	1.82499	4.68924	3.21256	2.72613	3.19152	21.1822	6.81084	14.0425	15.8994	2.89637	7.12043	
4.97828	2.72453	1.75487	1.82499	0	8.60028	5.03755	4.55112	8.16509	7.17925	7.54002	2.99158	11.5596	1.07138	5.29544	
9.83795	7.97592	6.53586	4.68924	8.60028	0	1.47668	0.900584	0.435193	10.4673	7.07125	12.3066	10.2109	9.62907	15.2272	
7.72459	9.4526	5.05919	3.21256	5.03755	1.47668	0	1.67531	1.91187	10.929	5.76003	5.73789	14.8486	5.74268	17.1184	
6.25595	10.9625	6.7345	2.72613	4.55112	0.900584	1.67531	0	0.465391	8.40497	4.08471	12.5052	7.63367	12.69	11.6452	
12.0566	8.41111	9.39116	3.19152	8.16509	0.435193	1.91187	0.465391	0	10.0321	4.5501	10.0699	9.77567	9.23646	11.9159	
3.15738	17.4236	5.86983	21.1822	7.17925	10.4673	10.929	8.40497	10.0321	0	4.32026	6.54854	7.86921	6.55333	1.88381	
2.17123	7.78099	4.83664	6.81084	7.54002	7.07125	5.76003	4.08471	4.5501	4.32026	0	5.90585	3.54895	5.91064	3.4448	
3.34411	9.93455	0.678705	14.0425	2.99158	12.3066	5.73789	12.5052	10.0699	6.54854	5.90585	0	9.45398	1.3622	6.43918	
5.72019	12.1414	8.7761	15.8994	11.5596	10.2109	14.8486	7.63367	9.77567	7.86921	3.54895	9.45398	0	10.4882	11.1095	
3.3489	1.65315	0.683497	2.89637	1.07138	9.62907	5.74268	12.69	9.23646	6.55333	5.91064	1.3622	10.4882	0	6.36682	
1.27357	6.88332	3.93897	7.12043	5.29544	15.2272	17.1184	11.6452	11.9159	1.88381	3.4448	6.43918	11.1095	6.36682	0	

0	8.86931	4.02488	12.897	1.09926	10.0861	6.4165	7.55829	4.72157	7.07992	13.8563	2.24809	13.056	1.56983	3.83229	
8.86931	0	17.108	15.5811	2.30057	12.0873	8.60163	28.4616	10.5849	10.5853	14.6459	6.62122	17.4291	1.83	8.20542	
4.02488	17.108	0	14.7233	2.92562	7.40899	8.24287	5.6582	8.49492	5.08953	4.09849	8.80572	4.80039	3.39619	8.61712	
12.897	15.5811	14.7233	0	11.7977	10.4651	6.97944	14.4131	8.96271	12.7732	11.7822	17.6778	11.3659	12.2683	21.7802	
1.09926	2.30057	2.92562	11.7977	0	8.80288	5.31724	8.58382	5.82083	9.15249	7.02411	3.34735	7.72602	0.47057	5.78893	
10.0861	12.0873	7.40899	10.4651	8.80288	0	3.48564	1.75079	4.58751	6.47542	5.48438	12.3342	11.3194	13.9268	9.80486	
6.4165	8.60163	8.24287	6.97944	5.31724	3.48564	0	4.81998	1.98326	7.21242	8.97002	11.1045	18.3453	5.78781	13.5461	
7.55829	28.4616	5.6582	14.4131	8.58382	1.75079	4.81998	0	2.83672	8.06588	7.23517	9.63827	10.4586	13.4488	8.05407	
4.72157	10.5849	8.49492	8.96271	5.82083	4.58751	1.98326	2.83672	0	5.22916	6.2202	6.96966	14.1744	10.6121	7.61941	
7.07992	10.5853	5.08953	12.7732	9.15249	6.47542	7.21242	8.06588	5.22916	0	0.991042	3.97445	6.82606	8.75528	2.39025	
13.8563	14.6459	4.09849	11.7822	7.02411	5.48438	8.97002	7.23517	6.2202	0.991042	0	13.4066	5.83502	9.74633	3.38129	
2.24809	6.62122	8.80572	17.6778	3.34735	12.3342	11.1045	9.63827	6.96966	3.97445	13.4066	0	10.8079	6.35067	1.5842	
13.056	17.4291	4.80039	11.3659	7.72602	11.3194	18.3453	10.4586	14.1744	6.82606	5.83502	10.8079	0	18.5109	12.3921	
1.56983	1.83	3.39619	12.2683	0.47057	13.9268	5.78781	13.4488	10.6121	8.75528	9.74633	6.35067	18.5109	0	11.1455	
3.83229	8.20542	8.61712	21.7802	5.78893	9.80486	13.5461	8.05407	7.61941	2.39025	3.38129	1.5842	12.3921	11.1455	0	

0	12.3351	2.68665	14.2375	1.59011	3.42128	4.54192	5.39654	4.93156	7.18566	10.421	4.51214	5.5685	6.31466	5.63571	
12.3351	0	8.71867	13.6885	9.8152	13.6819	15.0677	11.7066	13.6469	12.4571	17.5274	9.61433	10.151	12.8803	13.0723	
2.68665	8.71867	0	5.48945	1.09653	6.56806	9.04218	11.2061	8.87277	3.7384	6.48421	0.895662	1.95202	3.81159	4.35363	
14.2375	13.6885	5.48945	0	19.3214	8.39022	10.9572	12.7915	10.4582	9.77258	15.6262	12.8091	3.53743	6.52634	14.9139	
1.59011	9.8152	1.09653	19.3214	0	5.01139	10.1387	9.89653	21.3714	4.83493	9.70437	1.99219	3.04855	4.72454	5.45017	
3.42128	13.6819	6.56806	8.39022	5.01139	0	1.12064	1.97526	1.51028	3.56262	5.39081	8.95057	4.85279	7.84171	2.21443	
4.54192	15.0677	9.04218	10.9572	10.1387	1.12064	0	3.09589	2.63092	11.3156	8.56975	9.93784	5.97343	10.5812	3.33507	
5.39654	11.7066	11.2061	12.7915	9.89653	1.97526	3.09589	0	3.48554	8.77023	6.02441	10.6748	6.82805	12.243	4.18969	
4.93156	13.6469	8.87277	10.4582	21.3714	1.51028	2.63092	3.48554	0	6.62634	3.88053	9.66528	6.36308	9.90967	3.72471	
7.18566	12.4571	3.7384	9.77258	4.83493	3.56262	11.3156	8.77023	6.62634	0	2.74581	4.63406	5.69042	9.22407	1.34819	
10.421	17.5274	6.48421	15.6262	9.70437	5.39081	8.56975	6.02441	3.88053	2.74581	0	5.78475	8.98097	8.70068	4.094	
4.51214	9.61433	0.895662	12.8091	1.99219	8.95057	9.93784	10.6748	9.66528	4.63406	5.78475	0	2.84768	2.91593	5.24929	
5.5685	10.151	1.95202	3.53743	3.04855	4.85279	5.97343	6.82805	6.36308	5.69042	8.98097	2.84768	0	2.98892	6.30565	
6.31466	12.8803	3.81159	6.52634	4.72454	7.84171	10.5812	12.243	9.90967	9.22407	8.70068	2.91593	2.98892	0	11.9754	
5.63571	13.0723	4.35363	14.9139	5.45017	2.21443	3.33507	4.18969	3.72471	1.34819	4.094	5.24929	6.30565	11.9754	0	

0	3.92657	0.444384	4.97819	2.83132	7.97245	12.1914	10.7752	8.2286	7.54146	12.9317	4.63147	5.10307	9.57368	2.57075	
3.92657	0	3.48219	8.016	2.95109	5.44674	6.17862	3.23986	2.68849	8.78131	6.28858	7.53381	4.79269	5.3635	8.11086	
0.444384	3.48219	0	4.53381	2.38693	7.52807	14.5569	11.2602	6.17068	10.2758	12.4626	7.84776	4.22854	8.84569	3.01513	
4.97819	8.016	4.53381	0	6.92074	4.93532	11.7553	8.66746	7.69357	10.1392	7.92881	10.4845	13.4625	20.7777	17.8763	
2.83132	2.95109	2.38693	6.92074	0	9.915	8.92994	16.1694	5.63958	9.8587	14.8743	11.0404	1.8416	8.31459	8.97971	
7.97245	5.44674	7.52807	4.93532	9.915	0	4.5065	3.30961	2.75824	6.91416	6.35834	5.5492	8.62004	7.7195	7.60991	
12.1914	6.17862	14.5569	11.7553	8.92994	4.5065	0	0.774366	1.32573	13.0921	7.09023	6.89881	7.08834	16.4628	8.97886	
10.7752	3.23986	11.2602	8.66746	16.1694	3.30961	0.774366	0	0.551364	10.6463	4.15146	6.12444	7.86271	8.29475	8.18516	
8.2286	2.68849	6.17068	7.69357	5.63958	2.75824	1.32573	0.551364	0	5.81045	3.60009	6.6758	10.5785	8.05199	8.75585	
7.54146	8.78131	10.2758	10.1392	9.8587	6.91416	13.0921	10.6463	5.81045	0	2.21036	6.19322	8.0171	8.36353	4.97071	
12.9317	6.28858	12.4626	7.92881	14.8743	6.35834	7.09023	4.15146	3.60009	2.21036	0	7.31579	10.2275	9.4861	7.18107	
4.63147	7.53381	7.84776	10.4845	11.0404	5.5492	6.89881	6.12444	6.6758	6.19322	7.31579	0	12.5064	2.17031	2.06072	
5.10307	4.79269	4.22854	13.4625	1.8416	8.62004	7.08834	7.86271	10.5785	8.0171	10.2275	12.5064	0	12.9225	7.67382	
9.57368	5.3635	8.84569	20.7777	8.31459	7.7195	16.4628	8.29475	8.05199	8.36353	9.4861	2.17031	12.9225	0	4.23102	
2.57075	8.11086	3.01513	17.8763	8.97971	7.60991	8.97886	8.18516	8.75585	4.97071	7.18107	2.06072	7.67382	4.23102	0	

0	15.1158	8.85883	12.5115	5.26981	8.40083	26.1564	13.6824	11.1044	7.11767	9.38681	7.97396	4.41353	3.75421	8.96034	
15.1158	0	5.79657	3.46627	11.3863	7.5769	10.7096	14.4198	16.5944	14.7251	8.04571	11.0282	13.019	10.9012	14.7582	
8.85883	5.79657	0	9.26284	6.62023	5.41508	16.5062	10.6967	8.11866	8.46809	9.14734	5.23165	7.97849	5.10463	11.416	
12.5115	3.46627	9.26284	0	14.8526	4.11063	14.1759	9.39221	6.8142	12.8535	11.512	11.7271	9.98532	14.8279	11.292	
5.26981	11.3863	6.62023	14.8526	0	9.75353	12.9996	9.28943	9.66656	4.87906	8.85211	5.73535	3.87883	1.5156	8.3202	
8.40083	7.5769	5.41508	4.11063	9.75353	0	8.99177	3.08071	2.70358	12.1608	10.848	10.6467	5.8747	10.5197	15.4026	
26.1564	10.7096	16.5062	14.1759	12.9996	8.99177	0	3.71019	4.08732	10.5894	18.7553	13.1628	22.8142	17.7824	19.0886	
13.6824	14.4198	10.6967	9.39221	9.28943	3.08071	3.71019	0	0.377132	6.87923	16.6652	9.45256	11.1563	10.2427	8.44075	
11.1044	16.5944	8.11866	6.8142	9.66656	2.70358	4.08732	0.377132	0	7.25636	14.0872	9.8297	8.57828	14.4493	15.7556	
7.11767	14.7251	8.46809	12.8535	4.87906	12.1608	10.5894	6.87923	7.25636	0	10.0205	7.58321	7.18777	3.36346	1.56152	
9.38681	8.04571	9.14734	11.512	8.85211	10.848	18.7553	16.6652	14.0872	10.0205	0	11.6427	4.97328	7.42297	8.45896	
7.97396	11.0282	5.23165	11.7271	5.73535	10.6467	13.1628	9.45256	9.8297	7.58321	11.6427	0	13.2101	4.21975	7.97316	
4.41353	13.019	7.97849	9.98532	3.87883	5.8747	22.8142	11.1563	8.57828	7.18777	4.97328	13.2101	0	5.39443	8.74929	
3.75421	10.9012	5.10463	14.8279	1.5156	10.5197	17.7824	10.2427	14.4493	3.36346	7.42297	4.21975	5.39443	0	4.92499	
8.96034	14.7582	11.416	11.292	8.3202	15.4026	19.0886	8.44075	15.7556	1.56152	8.45896	7.97316	8.74929	4.92499	0	

0	7.83258	4.22224	2.86062	3.38893	1.56107	7.38981	3.57094	3.00224	1.70647	3.92882	6.44613	3.47469	5.51481	6.26729	
7.83258	0	3.25261	10.6932	7.21247	5.91378	12.0806	8.25816	10.6889	9.17417	11.3584	3.43683	4.94787	9.30526	9.89257	
4.22224	3.25261	0	12.1825	3.95987	2.66118	6.25332	4.67106	4.10235	6.00763	8.10576	6.68944	3.49669	11.2279	16.2123	
2.86062	10.6932	12.1825	0	6.24955	4.42168	13.4097	12.1619	12.0189	4.56709	6.71749	8.52262	6.33531	2.65419	16.0659	
3.38893	7.21247	3.95987	6.24955	0	4.95	7.7311	8.96542	9.2061	2.04776	4.27011	9.83506	6.27406	15.1877	6.60858	
1.56107	5.91378	2.66118	4.42168	4.95	0	3.25765	2.00988	1.44118	3.26754	10.7669	8.0072	5.03576	11.6523	13.5728	
7.38981	12.0806	6.25332	13.4097	7.7311	3.25765	0	1.24777	4.64687	5.68334	6.69227	7.24915	9.90964	16.9303	10.2442	
3.57094	8.25816	4.67106	12.1619	8.96542	2.00988	1.24777	0	3.45105	6.93111	7.94004	6.00138	8.50224	11.8698	11.5629	
3.00224	10.6889	4.10235	12.0189	9.2061	1.44118	4.64687	3.45105	0	7.15834	9.38068	15.7087	5.74101	13.0935	11.7192	
1.70647	9.17417	6.00763	4.56709	2.04776	3.26754	5.68334	6.93111	7.15834	0	2.22234	8.15261	4.2263	13.768	4.56082	
3.92882	11.3584	8.10576	6.71749	4.27011	10.7669	6.69227	7.94004	9.38068	2.22234	0	15.2732	6.44864	9.37168	6.78316	
6.44613	3.43683	6.68944	8.52262	9.83506	8.0072	7.24915	6.00138	15.7087	8.15261	15.2732	0	8.3847	5.86843	6.45574	
3.47469	4.94787	3.49669	6.33531	6.27406	5.03576	9.90964	8.50224	5.74101	4.2263	6.44864	8.3847	0	14.7246	8.78712	
5.51481	9.30526	11.2279	2.65419	15.1877	11.6523	16.9303	11.8698	13.0935	13.768	9.37168	5.86843	14.7246	0	12.3242	
6.26729	9.89257	16.2123	16.0659	6.60858	13.5728	10.2442	11.5629	11.7192	4.56082	6.78316	6.45574	8.78712	12.3242	0	

0	13.4199	8.37795	6.69766	7.9274	12.6578	5.48443	6.88399	14.0879	13.11	20.8787	5.24039	3.91702	10.0008	10.3003	
13.4199	0	8.73602	2.98607	5.49252	7.33954	7.62511	12.661	12.6621	10.6751	17.4312	11.8736	5.76671	7.56588	7.40664	
8.37795	8.73602	0	7.16529	14.2285	2.81183	10.008	6.4276	7.51554	5.6917	13.4165	3.13756	5.1104	12.6929	15.9698	
6.69766	2.98607	7.16529	0	6.79352	4.35347	4.34804	5.20763	7.81344	7.23334	14.076	4.75347	2.78063	15.4062	4.42057	
7.9274	5.49252	14.2285	6.79352	0	8.06246	10.344	3.16001	7.16954	5.18259	20.0122	11.6287	11.8444	2.07336	2.37295	
12.6578	7.33954	2.81183	4.35347	8.06246	0	7.19614	3.61577	6.37827	2.87988	12.9106	5.94938	6.58274	18.0002	4.40283	
5.48443	7.62511	10.008	4.34804	10.344	7.19614	0	4.53438	3.17441	6.67281	9.43701	3.54025	1.56741	14.1929	6.04762	
6.88399	12.661	6.4276	5.20763	3.16001	3.61577	4.53438	0	4.63639	6.49565	12.9624	4.93981	2.96697	15.5925	0.787063	
14.0879	12.6621	7.51554	7.81344	7.16954	6.37827	3.17441	4.63639	0	3.4984	12.6114	10.6531	4.74182	9.2429	5.42345	
13.11	10.6751	5.6917	7.23334	5.18259	2.87988	6.67281	6.49565	3.4984	0	15.7905	21.4862	12.4392	7.25595	7.55554	
20.8787	17.4312	13.4165	14.076	20.0122	12.9106	9.43701	12.9624	12.6114	15.7905	0	15.6383	11.0044	23.2881	13.7495	
5.24039	11.8736	3.13756	4.75347	11.6287	5.94938	3.54025	4.93981	10.6531	21.4862	15.6383	0	1.97284	9.55536	12.2259	
3.91702	5.76671	5.1104	2.78063	11.8444	6.58274	1.56741	2.96697	4.74182	12.4392	11.0044	1.97284	0	11.5282	3.75403	
10.0008	7.56588	12.6929	15.4062	2.07336	18.0002	14.1929	15.5925	9.2429	7.25595	23.2881	9.55536	11.5282	0	4.44631	
10.3003	7.40664	15.9698	4.42057	2.37295	4.40283	6.04762	0.787063	5.42345	7.55554	13.7495	12.2259	3.75403	4.44631	0	

0	4.79014	2.33684	9.78231	5.34852	2.60106	14.2256	11.5055	9.97321	12.6891	3.79961	1.97238	3.31811	1.57521	9.79566	
4.79014	0	4.8252	13.5492	10.4558	13.4343	18.6507	15.4293	13.897	15.6148	16.4995	6.32068	8.42537	6.36535	9.06769	
2.33684	4.8252	0	9.30542	7.29736	2.12416	10.4004	12.5136	10.9812	9.7384	3.32271	1.49549	4.92611	3.91205	5.9705	
9.78231	13.5492	9.30542	0	10.5005	8.43861	15.0192	18.9951	18.274	11.0286	9.63716	7.80993	5.52588	11.2878	4.48148	
5.34852	10.4558	7.29736	10.5005	0	9.88548	7.84557	25.205	18.3721	7.18355	16.9153	12.1296	2.37125	3.77331	3.41565	
2.60106	13.4343	2.12416	8.43861	9.88548	0	5.52847	1.18378	0.462701	4.39806	2.4559	0.628677	7.51423	7.74381	8.55863	
14.2256	18.6507	10.4004	15.0192	7.84557	5.52847	0	3.53345	4.25453	10.2866	16.4669	8.60829	5.47432	7.21722	6.51872	
11.5055	15.4293	12.5136	18.9951	25.205	1.18378	3.53345	0	0.721081	6.39308	14.8735	2.6237	9.00777	9.73883	16.9689	
9.97321	13.897	10.9812	18.274	18.3721	0.462701	4.25453	0.721081	0	4.86076	13.3412	1.09138	7.97693	8.20651	15.4366	
12.6891	15.6148	9.7384	11.0286	7.18355	4.39806	10.2866	6.39308	4.86076	0	5.9834	5.02673	4.81229	6.55519	5.85669	
3.79961	16.4995	3.32271	9.63716	16.9153	2.4559	16.4669	14.8735	13.3412	5.9834	0	1.82723	10.7957	10.1835	12.5305	
1.97238	6.32068	1.49549	7.80993	12.1296	0.628677	8.60829	2.6237	1.09138	5.02673	1.82723	0	6.4216	3.54759	11.5886	
3.31811	8.42537	4.92611	5.52588	2.37125	7.51423	5.47432	9.00777	7.97693	4.81229	10.7957	6.4216	0	1.7429	1.0444	
1.57521	6.36535	3.91205	11.2878	3.77331	7.74381	7.21722	9.73883	8.20651	6.55519	10.1835	3.54759	1.7429	0	2.78729	
9.79566	9.06769	5.9705	4.48148	3.41565	8.55863	6.51872	16.9689	15.4366	5.85669	12.5305	11.5886	1.0444	2.78729	0	

0	3.46402	5.73455	10.0002	2.46989	9.56551	6.16992	10.5471	7.71222	4.10219	5.03523	6.69122	9.64637	8.81587	6.48656	
3.46402	0	9.19857	6.62874	5.93391	16.1858	9.63394	7.57257	11.2683	7.56621	17.7429	10.1552	13.08	6.94435	10.6807	
5.73455	9.19857	0	4.26568	4.67344	12.3138	11.9045	12.2044	9.91577	3.65174	4.58478	12.3069	9.35171	13.2231	6.03611	
10.0002	6.62874	4.26568	0	8.93912	13.7442	14.0629	7.93875	11.6345	7.91742	9.48929	9.4064	6.45125	13.5731	14.0871	
2.46989	5.93391	4.67344	8.93912	0	6.32751	8.63981	8.9381	5.24233	6.57208	7.17124	9.16111	8.46414	8.5497	5.54835	
9.56551	16.1858	12.3138	13.7442	6.32751	0	3.3956	4.78094	1.08517	9.2694	10.2024	6.4804	9.43555	15.997	6.82255	
6.16992	9.63394	11.9045	14.0629	8.63981	3.3956	0	6.12417	4.48077	10.2721	10.8268	9.876	13.8648	14.9858	11.3697	
10.5471	7.57257	12.2044	7.93875	8.9381	4.78094	6.12417	0	3.69577	14.6493	16.9509	17.2384	14.39	14.5169	9.43314	
7.71222	11.2683	9.91577	11.6345	5.24233	1.08517	4.48077	3.69577	0	8.12174	12.4136	7.56557	13.7065	13.792	5.73737	
4.10219	7.56621	3.65174	7.91742	6.57208	9.2694	10.2721	14.6493	8.12174	0	0.93304	10.7934	3.97107	11.7316	2.38437	
5.03523	17.7429	4.58478	9.48929	7.17124	10.2024	10.8268	16.9509	12.4136	0.93304	0	5.99319	3.03804	10.7986	3.31741	
6.69122	10.1552	12.3069	9.4064	9.16111	6.4804	9.876	17.2384	7.56557	10.7934	5.99319	0	2.95515	15.5071	13.9079	
9.64637	13.08	9.35171	6.45125	8.46414	9.43555	13.8648	14.39	13.7065	3.97107	3.03804	2.95515	0	13.8366	10.419	
8.81587	6.94435	13.2231	13.5731	8.5497	15.997	14.9858	14.5169	13.792	11.7316	10.7986	15.5071	13.8366	0	13.4398	
6.48656	10.6807	6.03611	14.0871	5.54835	6.82255	11.3697	9.43314	5.73737	2.38437	3.31741	13.9079	10.419	13.4398	0	

0	8.441	5.42614	13.2972	3.89883	15.8191	10.8126	7.34837	5.90334	13.3364	25.8599	3.91348	17.0311	1.33923	7.96216	
8.441	0	11.1887	15.6416	14.0099	17.5299	13.157	9.69274	8.24771	12.3094	13.5786	9.67602	25.3667	7.10177	17.6836	
5.42614	11.1887	0	7.97888	8.96793	8.92443	10.3437	4.67007	5.43442	2.77232	4.04155	4.27682	12.7307	4.08691	4.30801	
13.2972	15.6416	7.97888	0	13.6478	4.14591	2.37115	2.91608	7.28043	5.20656	6.32094	14.6185	0.515561	18.7805	10.1763	
3.89883	14.0099	8.96793	13.6478	0	12.0918	24.8392	12.3315	9.80217	12.6042	18.7616	4.69111	13.1323	5.23806	7.19002	
15.8191	17.5299	8.92443	4.14591	12.0918	0	2.52321	0.239612	1.68464	2.13736	6.66974	10.3559	2.64013	13.0113	2.28908	
10.8126	13.157	10.3437	2.37115	24.8392	2.52321	0	2.2836	3.72863	4.18135	3.94979	15.0468	2.88672	19.0942	4.33307	
7.34837	9.69274	4.67007	2.91608	12.3315	0.239612	2.2836	0	1.44503	1.89774	3.16698	4.54838	2.40052	16.501	2.04947	
5.90334	8.24771	5.43442	7.28043	9.80217	1.68464	3.72863	1.44503	0	3.34278	8.85907	9.71124	3.84555	7.24256	3.4945	
13.3364	12.3094	2.77232	5.20656	12.6042	2.13736	4.18135	1.89774	3.34278	0	1.26923	7.04914	4.29826	6.85923	3.94721	
25.8599	13.5786	4.04155	6.32094	18.7616	6.66974	3.94979	3.16698	8.85907	1.26923	0	12.0783	13.9311	16.4129	6.64349	
3.91348	9.67602	4.27682	14.6185	4.69111	10.3559	15.0468	4.54838	9.71124	7.04914	12.0783	0	17.0075	2.57425	2.49891	
17.0311	25.3667	12.7307	0.515561	13.1323	2.64013	2.88672	2.40052	3.84555	4.29826	13.9311	17.0075	0	16.8176	4.44999	
1.33923	7.10177	4.08691	18.7805	5.23806	13.0113	19.0942	16.501	7.24256	6.85923	16.4129	2.57425	16.8176	0	5.07316	
7.96216	17.6836	4.30801	10.1763	7.19002	2.28908	4.33307	2.04947	3.4945	3.94721	6.64349	2.49891	4.44999	5.07316	0	

-111