10
10
2
2
30

6	11
10	43
1	33
14	23
27	48
42	35
42	47
41	23
36	45
43	34

12	21
1	2
11	28
2	10
14	5
10	12
23	24
24	11
8	30
11	27

150

1.79769e+308
1.79769e+308
1.79769e+308
1.79769e+308
1.79769e+308
1.79769e+308
1.79769e+308
1.79769e+308
1.79769e+308
1.79769e+308

11
15
11
14
17
13
14
15
13
17

0
0
0
0
0
0
0
0
0
0

0

0	15.816	14.1003	16.8723	25.3585	14.956	18.3086	16.2832	19.951	18.0893	12.4428	4.28143	8.94679	2.18525	16.3557	3.13356	10.0093	13.9165	13.1168	8.71679	
15.816	0	11.4356	16.1129	10.6229	15.4189	16.4098	27.4273	5.21536	13.3401	19.2242	8.815	12.628	10.9112	20.5557	21.5959	17.4965	15.7305	14.6342	12.858	
14.1003	11.4356	0	8.54596	27.0156	22.7891	23.3529	21.3274	16.5398	23.1065	12.0626	19.5927	5.50618	17.4965	19.4485	10.9667	19.8388	30.2941	3.19862	9.39788	
16.8723	16.1129	8.54596	0	24.3862	12.4697	14.6239	11.34	18.6885	25.4272	3.11127	17.0417	7.65489	12.1706	8.97182	13.345	4.34658	13.4336	5.34734	7.73417	
25.3585	10.6229	27.0156	24.3862	0	6.96876	16.602	18.5974	5.40749	4.88987	23.7357	15.9782	26.1245	26.8369	31.3894	25.1216	21.4223	36.811	18.7487	30.1385	
14.956	15.4189	22.7891	12.4697	6.96876	0	14.76	5.2983	16.5599	2.07889	16.4464	13.1672	20.8988	15.9472	12.7484	11.8224	8.12316	18.6843	24.1378	12.8647	
18.3086	16.4098	23.3529	14.6239	16.602	14.76	0	17.1582	11.1945	14.2119	11.5127	22.247	9.82185	21.7703	24.4123	21.7464	19.836	37.5989	15.9134	9.59185	
16.2832	27.4273	21.3274	11.34	18.5974	5.2983	17.1582	0	21.8582	7.3772	12.1893	20.2215	7.79637	24.2547	25.1072	17.1207	13.4215	24.7736	13.8879	7.56637	
19.951	5.21536	16.5398	18.6885	5.40749	16.5599	11.1945	21.8582	0	10.2974	18.3282	14.0304	15.6488	22.1362	20.926	23.0845	16.3008	26.8619	13.3412	19.6627	
18.0893	13.3401	23.1065	25.4272	4.88987	2.07889	14.2119	7.3772	10.2974	0	25.7245	11.0883	24.7438	13.1845	22.829	13.9013	10.2021	18.0038	26.3052	21.6536	
12.4428	19.2242	12.0626	3.11127	23.7357	16.4464	11.5127	12.1893	18.3282	25.7245	0	12.3538	4.8529	10.2576	12.8996	10.2337	7.45785	16.5449	8.45861	4.6229	
4.28143	8.815	19.5927	17.0417	15.9782	13.1672	22.247	20.2215	14.0304	11.0883	12.3538	0	12.8851	2.09619	11.7407	10.1346	9.92023	6.91549	18.9767	12.6551	
8.94679	12.628	5.50618	7.65489	26.1245	20.8988	9.82185	7.79637	15.6488	24.7438	4.8529	12.8851	0	12.9945	17.4008	13.6265	11.7335	21.4009	2.30755	0.23	
2.18525	10.9112	17.4965	12.1706	26.8369	15.9472	21.7703	24.2547	22.1362	13.1845	10.2576	2.09619	12.9945	0	12.4493	5.31881	7.82405	9.01168	19.1216	10.902	
16.3557	20.5557	19.4485	8.97182	31.3894	12.7484	24.4123	25.1072	20.926	22.829	12.8996	11.7407	17.4008	12.4493	0	13.2221	4.62524	10.8456	21.2654	16.1287	
3.13356	21.5959	10.9667	13.345	25.1216	11.8224	21.7464	17.1207	23.0845	13.9013	10.2337	10.1346	13.6265	5.31881	13.2221	0	16.4534	19.6964	12.3153	11.8503	
10.0093	17.4965	19.8388	4.34658	21.4223	8.12316	19.836	13.4215	16.3008	10.2021	7.45785	9.92023	11.7335	7.82405	4.62524	16.4534	0	10.5611	9.69392	11.5035	
13.9165	15.7305	30.2941	13.4336	36.811	18.6843	37.5989	24.7736	26.8619	18.0038	16.5449	6.91549	21.4009	9.01168	10.8456	19.6964	10.5611	0	18.781	19.5706	
13.1168	14.6342	3.19862	5.34734	18.7487	24.1378	15.9134	13.8879	13.3412	26.3052	8.45861	18.9767	2.30755	19.1216	21.2654	12.3153	9.69392	18.781	0	2.53755	
8.71679	12.858	9.39788	7.73417	30.1385	12.8647	9.59185	7.56637	19.6627	21.6536	4.6229	12.6551	0.23	10.902	16.1287	11.8503	11.5035	19.5706	2.53755	0	

0	26.3376	9.72051	8.34868	15.6912	13.5055	17.5844	15.3849	20.5177	15.6838	4.898	9.55133	12.5348	3.50464	7.66464	5.81358	12.3382	15.6969	11.8569	10.3649	
26.3376	0	12.6868	13.3511	6.02482	19.9877	17.737	18.683	10.1042	20.0791	13.9507	23.8299	6.31398	18.5027	29.3843	19.5609	9.66913	20.3606	11.6141	7.02398	
9.72051	12.6868	0	5.38195	14.0693	13.5461	11.8671	14.4005	9.99	15.922	10.8312	9.3	4.09195	6.21587	10.3759	8.04227	9.07184	15.1328	5.24871	3.38195	
8.34868	13.3511	5.38195	0	7.32628	12.0582	9.21954	7.02	11.4056	15.3476	3.45068	15.5257	2.71	8.50514	8.28	6.66032	7.68989	13.7509	3.86676	2	
15.6912	6.02482	14.0693	7.32628	0	19.0555	9.5817	14.3463	4.07934	10.8593	10.777	24.5681	12.0379	16.0924	15.6063	13.5361	14.6532	26.6957	9.16038	9.32628	
13.5055	19.9877	13.5461	12.0582	19.0555	0	8.50393	9.99452	9.15585	2.37588	8.60753	20.6825	16.2443	13.662	16.3969	21.0539	10.3186	8.7	15.8115	16.0085	
17.5844	17.737	11.8671	9.21954	9.5817	8.50393	0	16.2395	5.50236	6.12805	12.6702	24.6086	9.1951	28.5036	17.4995	13.1454	14.175	20.2359	10.3519	8.4851	
15.3849	18.683	14.4005	7.02	14.3463	9.99452	16.2395	0	12.183	12.3704	10.4707	27.3704	16.1163	17.8475	15.3	21.9117	9.01388	18.6945	12.1443	9.02	
20.5177	10.1042	9.99	11.4056	4.07934	9.15585	5.50236	12.183	0	6.77997	22.0617	19.29	16.1172	16.2059	20.0253	14.7042	18.7706	23.0755	13.2397	13.372	
15.6838	20.0791	15.922	15.3476	10.8593	2.37588	6.12805	12.3704	6.77997	0	10.9834	18.4805	19.9446	19.1884	23.6838	21.4841	12.6945	11.0759	20.246	14.6131	
4.898	13.9507	10.8312	3.45068	10.777	8.60753	12.6702	10.4707	22.0617	10.9834	0	11.1012	7.63675	5.05446	9.21446	7.61079	13.5366	17.3075	9.71353	5.45068	
9.55133	23.8299	9.3	15.5257	24.5681	20.6825	24.6086	27.3704	19.29	18.4805	11.1012	0	15.6728	6.04669	10.2067	8.60302	14.8803	19.7585	14.3989	12.682	
12.5348	6.31398	4.09195	2.71	12.0379	16.2443	9.1951	16.1163	16.1172	19.9446	7.63675	15.6728	0	12.5887	10.4796	5.37032	6.39989	12.4609	2.57676	0.71	
3.50464	18.5027	6.21587	8.50514	16.0924	13.662	28.5036	17.8475	16.2059	19.1884	5.05446	6.04669	12.5887	0	4.16	2.55633	8.8336	11.8569	8.35225	7.21665	
7.66464	29.3843	10.3759	8.28	15.6063	16.3969	17.4995	15.3	20.0253	23.6838	9.21446	10.2067	10.4796	4.16	0	5.32109	12.9936	7.69686	11.6363	9.76959	
5.81358	19.5609	8.04227	6.66032	13.5361	21.0539	13.1454	21.9117	14.7042	21.4841	7.61079	8.60302	5.37032	2.55633	5.32109	0	10.3502	13.0179	6.52708	4.66032	
12.3382	9.66913	9.07184	7.68989	14.6532	10.3186	14.175	9.01388	18.7706	12.6945	13.5366	14.8803	6.39989	8.8336	12.9936	10.3502	0	10.6915	5.49287	5.68989	
15.6969	20.3606	15.1328	13.7509	26.6957	8.7	20.2359	18.6945	23.0755	11.0759	17.3075	19.7585	12.4609	11.8569	7.69686	13.0179	10.6915	0	13.6176	11.7509	
11.8569	11.6141	5.24871	3.86676	9.16038	15.8115	10.3519	12.1443	13.2397	20.246	9.71353	14.3989	2.57676	8.35225	11.6363	6.52708	5.49287	13.6176	0	1.86676	
10.3649	7.02398	3.38195	2	9.32628	16.0085	8.4851	9.02	13.372	14.6131	5.45068	12.682	0.71	7.21665	9.76959	4.66032	5.68989	11.7509	1.86676	0	

0	24.0803	11.5072	9.21101	25.2072	18.337	21.7299	24.4366	23.1139	16.5551	7.34371	9.8838	8.94101	4.37049	9.5	4.70034	19.1709	15.48	12.8446	7.71101	
24.0803	0	12.5119	12.3586	17.1884	9.30707	22.2518	16.3576	25.2574	7.52516	11.7081	25.7418	7.83988	14.6813	16.5478	15.8569	11.7411	15.3008	3.94588	9.07948	
11.5072	12.5119	0	9.89657	17.142	8.20975	10.8311	17.317	19.0553	9.99166	10.1099	14.5895	9.62657	7.13674	15.0577	13.7337	22.7325	20.0884	11.4237	8.39657	
9.21101	12.3586	9.89657	0	27.836	23.7873	15.5189	21.3234	16.9029	33.9299	0.650538	7.69294	1.28281	3.62375	8.16108	4.79933	11.0476	4.24325	5.1768	1.5	
25.2072	17.1884	17.142	27.836	0	8.93224	11.5756	22.9005	12.8072	10.7142	28.4455	15.3234	29.7105	24.9175	26.4594	24.6835	16.7884	20.833	21.1343	21.5164	
18.337	9.30707	8.20975	23.7873	8.93224	0	17.8191	10.6144	10.8456	1.78191	20.3927	24.2557	19.0149	15.3465	10.8046	25.5737	24.2441	16.8	15.1209	16.6063	
21.7299	22.2518	10.8311	15.5189	11.5756	17.8191	0	24.8697	8.91762	16.0372	12.85	20.2118	14.3935	17.9678	20.6799	27.8475	28.3641	9.25732	19.1525	14.0189	
24.4366	16.3576	17.317	21.3234	22.9005	10.6144	24.8697	0	16.0183	8.83247	23.8851	24.2765	25.2018	24.4538	17.8552	19.7363	10.2758	26.4744	21.5847	25.7136	
23.1139	25.2574	19.0553	16.9029	12.8072	10.8456	8.91762	16.0183	0	12.6275	14.0488	21.5959	15.5923	26.3426	22.064	19.7456	26.2942	10.4561	20.5365	15.4029	
16.5551	7.52516	9.99166	33.9299	10.7142	1.78191	16.0372	8.83247	12.6275	0	19.2332	26.4389	28.4775	20.9256	9.02268	15.4725	18.6936	18.5819	11.471	15.6838	
7.34371	11.7081	10.1099	0.650538	28.4455	20.3927	12.85	23.8851	14.0488	19.2332	0	9.4168	1.93335	2.97321	9.88495	4.1488	11.6981	3.59271	8.35746	2.15054	
9.8838	25.7418	14.5895	7.69294	15.3234	24.2557	20.2118	24.2765	21.5959	26.4389	9.4168	0	7.42294	9.59409	12.854	14.5841	14.0007	22.6854	11.3265	6.19294	
8.94101	7.83988	9.62657	1.28281	29.7105	19.0149	14.3935	25.2018	15.5923	28.4775	1.93335	7.42294	0	9.69073	7.89108	9.94429	12.3304	5.13622	3.894	1.23	
4.37049	14.6813	7.13674	3.62375	24.9175	15.3465	17.9678	24.4538	26.3426	20.9256	2.97321	9.59409	9.69073	0	13.0468	6.59697	22.5842	6.56593	17.2541	6.19708	
9.5	16.5478	15.0577	8.16108	26.4594	10.8046	20.6799	17.8552	22.064	9.02268	9.88495	12.854	7.89108	13.0468	0	6.44981	9.67095	15.3636	11.7947	6.66108	
4.70034	15.8569	13.7337	4.79933	24.6835	25.5737	27.8475	19.7363	19.7456	15.4725	4.1488	14.5841	9.94429	6.59697	6.44981	0	16.1208	7.74151	17.3278	7.37266	
19.1709	11.7411	22.7325	11.0476	16.7884	24.2441	28.3641	10.2758	26.2942	18.6936	11.6981	14.0007	12.3304	22.5842	9.67095	16.1208	0	19.2968	11.3088	12.5476	
15.48	15.3008	20.0884	4.24325	20.833	16.8	9.25732	26.4744	10.4561	18.5819	3.59271	22.6854	5.13622	6.56593	15.3636	7.74151	19.2968	0	9.03022	6.36622	
12.8446	3.94588	11.4237	5.1768	21.1343	15.1209	19.1525	21.5847	20.5365	11.471	8.35746	11.3265	3.894	17.2541	11.7947	17.3278	11.3088	9.03022	0	5.124	
7.71101	9.07948	8.39657	1.5	21.5164	16.6063	14.0189	25.7136	15.4029	15.6838	2.15054	6.19294	1.23	6.19708	6.66108	7.37266	12.5476	6.36622	5.124	0	

0	8.06021	13.0854	11.2937	23.7944	10.5489	12.2188	21.8271	13.8632	9.14887	5.24257	9.27039	5.80366	7.1742	12.1622	1.27816	18.0931	17.6999	8.42718	4.69366	
8.06021	0	17.211	9.96656	14.0534	12.6604	10.7713	25.5964	9.12688	18.4346	8.29359	20.5068	4.47656	19.7773	23.284	12.4	17.2577	16.337	5.7873	3.36656	
13.0854	17.211	0	14.3644	19.4984	18.2968	25.3042	18.7848	27.6237	18.4756	10.744	17.9812	13.8636	14.3119	23.6436	14.3636	12.8357	16.6798	11.4237	14.8106	
11.2937	9.96656	14.3644	0	10.2412	15.5395	16.3583	6.75	23.2196	11.3519	3.62039	6.69606	4.60645	4.59987	16.52	7.58479	12.6992	9.55618	8.50045	5.71645	
23.7944	14.0534	19.4984	10.2412	0	18.7673	6.76727	15.4727	5.12289	24.6239	14.4029	18.7274	5.63475	30.2721	25.2093	13.8107	16.766	13.3637	9.52874	6.74475	
10.5489	12.6604	18.2968	15.5395	18.7673	0	11.64	9.99452	13.2844	1.40007	9.13163	21.5926	10.7671	20.8631	21.352	23.8973	10.3443	24.1444	6.87314	10.6067	
12.2188	10.7713	25.3042	16.3583	6.76727	11.64	0	9.60833	1.64438	13.0401	20.7667	25.0913	11.9986	19.393	20.9658	13.497	15.5575	19.9169	15.8926	13.1086	
21.8271	25.5964	18.7848	6.75	15.4727	9.99452	9.60833	0	11.2527	11.3946	10.3704	16.8956	11.3565	11.3499	11.3575	22.2415	5.94916	11.8164	15.4164	13.35	
13.8632	9.12688	27.6237	23.2196	5.12289	13.2844	1.64438	11.2527	0	15.0445	25.3595	28.8919	10.7576	29.8012	20.0864	21.5269	22.4187	18.4866	14.9142	12.4934	
9.14887	18.4346	18.4756	11.3519	24.6239	1.40007	13.0401	11.3946	15.0445	0	7.73156	21.1238	16.1781	11.2994	20.6312	10.427	8.94427	13.6673	8.27321	12.6586	
5.24257	8.29359	10.744	3.62039	14.4029	9.13163	20.7667	10.3704	25.3595	7.73156	0	5.66404	6.03704	3.56786	12.8996	3.9644	11.1737	5.93579	8.66056	4.92704	
9.27039	20.5068	17.9812	6.69606	18.7274	21.5926	25.0913	16.8956	28.8919	21.1238	5.66404	0	13.0927	2.09619	8.8055	10.4938	18.9573	13.09	14.7195	14.2027	
5.80366	4.47656	13.8636	4.60645	5.63475	10.7671	11.9986	11.3565	10.7576	16.1781	6.03704	13.0927	0	9.20632	19.06	8.17592	11.1312	7.91835	3.894	1.11	
7.1742	19.7773	14.3119	4.59987	30.2721	20.8631	19.393	11.3499	29.8012	11.2994	3.56786	2.09619	9.20632	0	10.9017	7.53226	14.7416	9.50365	12.7273	8.49489	
12.1622	23.284	23.6436	16.52	25.2093	21.352	20.9658	11.3575	20.0864	20.6312	12.8996	8.8055	19.06	10.9017	0	10.884	17.2395	18.659	22.0591	17.8267	
1.27816	12.4	14.3636	7.58479	13.8107	23.8973	13.497	22.2415	21.5269	10.427	3.9644	10.4938	8.17592	7.53226	10.884	0	15.1381	9.90019	12.0699	5.97182	
18.0931	17.2577	12.8357	12.6992	16.766	10.3443	15.5575	5.94916	22.4187	8.94427	11.1737	18.9573	11.1312	14.7416	17.2395	15.1381	0	5.86728	11.4704	12.2412	
17.6999	16.337	16.6798	9.55618	13.3637	24.1444	19.9169	11.8164	18.4866	13.6673	5.93579	13.09	7.91835	9.50365	18.659	9.90019	5.86728	0	11.8123	9.02835	
8.42718	5.7873	11.4237	8.50045	9.52874	6.87314	15.8926	15.4164	14.9142	8.27321	8.66056	14.7195	3.894	12.7273	22.0591	12.0699	11.4704	11.8123	0	3.73352	
4.69366	3.36656	14.8106	5.71645	6.74475	10.6067	13.1086	13.35	12.4934	12.6586	4.92704	14.2027	1.11	8.49489	17.8267	5.97182	12.2412	9.02835	3.73352	0	

0	8.52288	13.4304	10.1376	22.5484	14.8688	19.8556	28.864	14.8009	21.7211	5.13124	9.95521	7.18185	1.7317	11.4	3.83449	7.75364	10.44	5.90783	7.686	
8.52288	0	14.1546	22.1821	8.15122	17.6789	17.6222	15.8634	15.551	26.8202	11.4374	15.0147	9.44215	6.79117	27.9812	15.6971	17.4235	19.5643	7.89177	12.2617	
13.4304	14.1546	0	7.54456	6.00333	15.5311	15.4743	21.0278	13.4031	28.697	12.5509	20.27	14.9499	17.8845	16.9046	9.59587	20.3127	24.9332	13.7084	13.2446	
10.1376	22.1821	7.54456	0	13.5479	20.9833	25.6215	28.5724	19.4366	15.8546	5.00632	19.2646	6.08	15.577	9.36	9.94899	7.62872	12.0908	8.5519	5.7	
22.5484	8.15122	6.00333	13.5479	0	9.52773	9.47098	14.2239	7.39973	11.0127	21.26	14.2666	19.2094	14.9424	29.6486	15.5992	14.0682	28.3446	16.043	19.5894	
14.8688	17.6789	15.5311	20.9833	9.52773	0	8.39528	4.69622	8.74643	1.48492	17.8567	22.0775	19.0499	19.9402	25.5463	11.0343	15.4149	15.5064	27.5535	11.6395	
19.8556	17.6222	15.4743	25.6215	9.47098	8.39528	0	17.5362	9.36034	6.91035	22.4763	23.7376	20.3015	21.5873	27.4708	23.69	16.0288	20.9318	24.2915	17.0649	
28.864	15.8634	21.0278	28.5724	14.2239	4.69622	17.5362	0	13.4426	6.18115	31.2865	31.5493	29.8872	22.6546	38.25	15.7305	22.9185	21.4329	23.7552	21.1113	
14.8009	15.551	13.4031	19.4366	7.39973	8.74643	9.36034	13.4426	0	10.2314	9.29091	21.6664	17.4203	28.9376	37.0484	19.7807	6.66851	27.1388	16.2002	19.1859	
21.7211	26.8202	28.697	15.8546	11.0127	1.48492	6.91035	6.18115	10.2314	0	12.7093	20.5926	10.5346	21.5034	17.7038	12.5192	19.7072	14.0214	14.5245	10.1546	
5.13124	11.4374	12.5509	5.00632	21.26	17.8567	22.4763	31.2865	9.29091	12.7093	0	18.5156	2.05061	6.86294	10.104	6.82246	2.6224	8.94557	3.54559	2.43061	
9.95521	15.0147	20.27	19.2646	14.2666	22.0775	23.7376	31.5493	21.6664	20.5926	18.5156	0	24.9269	8.2235	20.2793	17.1294	21.5167	14.078	12.3996	19.5724	
7.18185	9.44215	14.9499	6.08	19.2094	19.0499	20.3015	29.8872	17.4203	10.5346	2.05061	24.9269	0	5.72651	7.92923	8.01561	4.67301	6.77081	1.55039	0.38	
1.7317	6.79117	17.8845	15.577	14.9424	19.9402	21.5873	22.6546	28.9376	21.5034	6.86294	8.2235	5.72651	0	13.1317	5.56619	9.86406	12.1717	4.17612	8.54604	
11.4	27.9812	16.9046	9.36	29.6486	25.5463	27.4708	38.25	37.0484	17.7038	10.104	20.2793	7.92923	13.1317	0	14.5121	19.5324	13.94	11.9191	7.54923	
3.83449	15.6971	9.59587	9.94899	15.5992	11.0343	23.69	15.7305	19.7807	12.5192	6.82246	17.1294	8.01561	5.56619	14.5121	0	9.44487	14.2745	9.566	8.39561	
7.75364	17.4235	20.3127	7.62872	14.0682	15.4149	16.0288	22.9185	6.66851	19.7072	2.6224	21.5167	4.67301	9.86406	19.5324	9.44487	0	17.3057	6.16799	5.17716	
10.44	19.5643	24.9332	12.0908	28.3446	15.5064	20.9318	21.4329	27.1388	14.0214	8.94557	14.078	6.77081	12.1717	13.94	14.2745	17.3057	0	10.7607	6.39081	
5.90783	7.89177	13.7084	8.5519	16.043	27.5535	24.2915	23.7552	16.2002	14.5245	3.54559	12.3996	1.55039	4.17612	11.9191	9.566	6.16799	10.7607	0	1.93039	
7.686	12.2617	13.2446	5.7	19.5894	11.6395	17.0649	21.1113	19.1859	10.1546	2.43061	19.5724	0.38	8.54604	7.54923	8.39561	5.17716	6.39081	1.93039	0	

0	17.8205	20.0372	14.5395	27.5693	22.3142	25.0632	14.771	19.4975	20.2447	8.39303	11.8216	11.1255	4.08187	15.7	3.5871	11.5565	16.4229	14.1377	11.1038	
17.8205	0	2.82526	7.18625	12.5812	9.23576	9.9972	19.1099	15.5628	10.0843	9.71992	21.9225	8.58623	14.0311	16.9956	15.8529	13.6379	13.7812	3.68283	8.33623	
20.0372	2.82526	0	13.5731	10.2057	8.20975	12.8225	18.0839	17.02	9.05828	11.3952	21.3019	13.0479	15.7063	21.6041	16.4501	18.8063	15.4565	6.50809	11.1615	
14.5395	7.18625	13.5731	0	14.8502	16.7343	14.9962	13.515	17.0187	19.6166	2.17789	15.1204	6.99714	6.48905	3.78	15.7666	5.97655	6.23922	3.50343	6.375	
27.5693	12.5812	10.2057	14.8502	0	10.4157	15.785	11.8032	14.6097	9.56713	10.7973	11.0963	6.85019	18.836	15.2596	14.1168	13.1559	20.6187	12.2429	6.60019	
22.3142	9.23576	8.20975	16.7343	10.4157	0	6.12	3.0846	11.6856	0.848528	18.1688	20.7138	14.119	28.6544	19.6091	17.5062	10.7577	18.9998	12.9186	17.3134	
25.0632	9.9972	12.8225	14.9962	15.785	6.12	0	13.9706	5.56561	6.96853	13.3024	19.6989	7.99905	15.0427	18.8044	25.2247	11.4143	12.8798	13.191	8.24905	
14.771	19.1099	18.0839	13.515	11.8032	3.0846	13.9706	0	22.4456	2.23607	21.1834	21.0754	21.1005	16.2965	9.73499	11.1839	15.8761	24.3124	27.4006	18.3944	
19.4975	15.5628	17.02	17.0187	14.6097	11.6856	5.56561	22.4456	0	14.0265	17.0413	24.5792	13.5647	23.5794	13.2387	23.0847	22.498	12.98	27.4536	21.2099	
20.2447	10.0843	9.05828	19.6166	9.56713	0.848528	6.96853	2.23607	14.0265	0	21.0512	20.6634	17.0553	21.7703	11.9711	13.4199	11.6062	22.0763	18.375	16.1673	
8.39303	9.71992	11.3952	2.17789	10.7973	18.1688	13.3024	21.1834	17.0413	21.0512	0	12.0509	4.44711	4.31116	5.95789	9.42381	7.41114	4.06133	5.68132	4.19711	
11.8216	21.9225	21.3019	15.1204	11.0963	20.7138	19.6989	21.0754	24.5792	20.6634	12.0509	0	11.6998	7.73977	11.3404	12.8524	9.95606	16.0538	16.8918	11.9498	
11.1255	8.58623	13.0479	6.99714	6.85019	14.119	7.99905	21.1005	13.5647	17.0553	4.44711	11.6998	0	7.04361	8.90941	7.76665	3.41526	9.36463	5.19199	0.25	
4.08187	14.0311	15.7063	6.48905	18.836	28.6544	15.0427	16.2965	23.5794	21.7703	4.31116	7.73977	7.04361	0	15.7596	5.11265	10.4589	8.37249	12.2356	7.29361	
15.7	16.9956	21.6041	3.78	15.2596	19.6091	18.8044	9.73499	13.2387	11.9711	5.95789	11.3404	8.90941	15.7596	0	12.819	9.75655	12.5275	7.28343	8.65941	
3.5871	15.8529	16.4501	15.7666	14.1168	17.5062	25.2247	11.1839	23.0847	13.4199	9.42381	12.8524	7.76665	5.11265	12.819	0	14.0724	18.6674	13.1594	7.51665	
11.5565	13.6379	18.8063	5.97655	13.1559	10.7577	11.4143	15.8761	22.498	11.6062	7.41114	9.95606	3.41526	10.4589	9.75655	14.0724	0	9.51804	8.60725	3.66526	
16.4229	13.7812	15.4565	6.23922	20.6187	18.9998	12.8798	24.3124	12.98	22.0763	4.06133	16.0538	9.36463	8.37249	12.5275	18.6674	9.51804	0	12.2509	8.25844	
14.1377	3.68283	6.50809	3.50343	12.2429	12.9186	13.191	27.4006	27.4536	18.375	5.68132	16.8918	5.19199	12.2356	7.28343	13.1594	8.60725	12.2509	0	5.44199	
11.1038	8.33623	11.1615	6.375	6.60019	17.3134	8.24905	18.3944	21.2099	16.1673	4.19711	11.9498	0.25	7.29361	8.65941	7.51665	3.66526	8.25844	5.44199	0	

0	11.3458	8.05936	4.61511	14.1956	18.879	17.9134	17.2137	14.9819	27.5506	8.82946	10.6318	11.2256	6.76189	5.1	6.92682	8.56037	12.5636	9.17039	6.11511	
11.3458	0	3.76701	6.14905	16.3112	17.7755	11.8997	23.3872	19.1758	22.0101	10.9451	18.5858	5.21187	7.75044	20.6356	11.6688	14.7339	9.86337	3.15671	4.64905	
8.05936	3.76701	0	3.44426	13.0248	22.8058	10.4185	36.8714	15.8893	24.4332	7.65861	12.3879	3.73063	6.2692	20.762	8.91045	16.341	8.38213	1.67547	4.94426	
4.61511	6.14905	3.44426	0	9.58052	14.6264	9.61618	14.3885	12.0208	18.861	4.21436	11.8551	2.64	11.377	9.71511	9.61798	12.5087	15.9309	5.11973	1.5	
14.1956	16.3112	13.0248	9.58052	0	19.3076	11.2893	23.7847	9.01249	15.007	11.972	21.4356	5.89087	32.0491	18.9713	25.2886	15.434	11.5076	7.94604	7.03087	
18.879	17.7755	22.8058	14.6264	19.3076	0	12.36	16.7684	13.2602	1.00409	18.8203	23.2095	10.1202	19.3397	15.2636	17.7492	10.3186	7.8	14.5067	13.1264	
17.9134	11.8997	10.4185	9.61618	11.2893	12.36	0	30.9041	2.27684	13.3641	10.0833	28.8491	9.25618	13.3368	24.1028	16.2342	8.69837	15.4497	8.74303	8.11618	
17.2137	23.3872	36.8714	14.3885	23.7847	16.7684	30.9041	0	15.0748	15.7643	10.1741	27.7377	16.2552	21.9183	19.7407	16.0839	8.65332	12.2771	18.9838	19.662	
14.9819	19.1758	15.8893	12.0208	9.01249	13.2602	2.27684	15.0748	0	12.2561	7.80646	24.3002	13.8876	19.5507	19.246	13.8521	6.42153	16.2003	11.0199	10.393	
27.5506	22.0101	24.4332	18.861	15.007	1.00409	13.3641	15.7643	12.2561	0	15.1973	28.0989	9.11614	20.3438	32.167	20.6238	11.3227	8.80409	11.1713	10.2561	
8.82946	10.9451	7.65861	4.21436	11.972	18.8203	10.0833	10.1741	7.80646	15.1973	0	15.6141	6.08112	11.7442	14.3508	12.3542	13.7961	16.5555	8.13628	5.71436	
10.6318	18.5858	12.3879	11.8551	21.4356	23.2095	28.8491	27.7377	24.3002	28.0989	15.6141	0	21.8729	3.86988	18.1755	16.8164	21.6358	16.0538	8.46362	13.3551	
11.2256	5.21187	3.73063	2.64	5.89087	10.1202	9.25618	16.2552	13.8876	9.11614	6.08112	21.8729	0	6.6489	17.1266	9.25798	9.86631	8.76183	2.05516	1.14	
6.76189	7.75044	6.2692	11.377	32.0491	19.3397	13.3368	21.9183	19.5507	20.3438	11.7442	3.86988	6.6489	0	11.8619	12.9466	15.3223	11.3004	4.59373	10.3637	
5.1	20.6356	20.762	9.71511	18.9713	15.2636	24.1028	19.7407	19.246	32.167	14.3508	18.1755	17.1266	11.8619	0	11.8515	12.8245	7.46362	14.1703	15.9866	
6.92682	11.6688	8.91045	9.61798	25.2886	17.7492	16.2342	16.0839	13.8521	20.6238	12.3542	16.8164	9.25798	12.9466	11.8515	0	7.43056	14.176	8.51206	8.11798	
8.56037	14.7339	16.341	12.5087	15.434	10.3186	8.69837	8.65332	6.42153	11.3227	13.7961	21.6358	9.86631	15.3223	12.8245	7.43056	0	9.7788	11.9215	11.0063	
12.5636	9.86337	8.38213	15.9309	11.5076	7.8	15.4497	12.2771	16.2003	8.80409	16.5555	16.0538	8.76183	11.3004	7.46362	14.176	9.7788	0	6.70666	12.4767	
9.17039	3.15671	1.67547	5.11973	7.94604	14.5067	8.74303	18.9838	11.0199	11.1713	8.13628	8.46362	2.05516	4.59373	14.1703	8.51206	11.9215	6.70666	0	3.19516	
6.11511	4.64905	4.94426	1.5	7.03087	13.1264	8.11618	19.662	10.393	10.2561	5.71436	13.3551	1.14	10.3637	15.9866	8.11798	11.0063	12.4767	3.19516	0	

0	14.1896	21.8581	7.2111	23.4635	20.075	19.8556	9.25	20.0453	20.3185	8.79019	11.9346	13.9988	7.33913	13.7	6.76189	13.4848	18.062	15.274	12.4111	
14.1896	0	7.66857	21.1193	10.4548	17.8538	14.0628	14.7567	12.2561	25.8252	18.998	26.243	16.7246	21.5287	17.8559	20.9515	15.885	20.5489	13.2845	12.4499	
21.8581	7.66857	0	9.98138	18.1234	17.651	21.9182	22.4253	15.1026	19.1217	12.2024	24.4372	5.53138	23.1757	10.1873	17.5748	14.6768	12.8214	9.06277	4.78138	
7.2111	21.1193	9.98138	0	21.4153	14.0394	18.4391	16.4611	15.0845	13.8867	2.12132	9.3663	5.95	7.43056	6.84	4.14962	13.1303	7.5885	8.1132	5.2	
23.4635	10.4548	18.1234	21.4153	0	11.5127	3.60799	25.2115	7.30486	12.7349	23.4308	26.9481	13.3513	24.2485	28.2553	19.2578	26.3398	15.5976	23.5407	23.0915	
20.075	17.8538	17.651	14.0394	11.5127	0	10.5977	12.5393	5.59771	1.47078	11.9181	17.3314	11.6442	12.7359	16.2352	13.9464	25.6269	13.8905	12.028	18.5192	
19.8556	14.0628	21.9182	18.4391	3.60799	10.5977	0	20.1954	10.1193	9.12688	17.6781	29.2209	16.1658	21.4221	23.8913	15.6498	22.3727	16.9047	24.1619	21.3972	
9.25	14.7567	22.4253	16.4611	25.2115	12.5393	20.1954	0	18.7257	11.0685	21.8449	24.0757	22.1033	16.5891	22.95	16.0119	13.8814	23.0083	26.7187	23.7768	
20.0453	12.2561	15.1026	15.0845	7.30486	5.59771	10.1193	18.7257	0	7.0685	12.3397	33.0676	6.04649	18.3336	18.6719	25.7691	14.2684	8.29277	9.94048	6.79649	
20.3185	25.8252	19.1217	13.8867	12.7349	1.47078	9.12688	11.0685	7.0685	0	11.7654	19.0104	18.0587	14.2067	14.7644	13.7937	21.3975	17.2326	13.4988	19.1864	
8.79019	18.998	12.2024	2.12132	23.4308	11.9181	17.6781	21.8449	12.3397	11.7654	0	7.24498	6.29325	7.80065	5.96607	2.0283	8.75119	5.46717	10.1872	7.04325	
11.9346	26.243	24.4372	9.3663	26.9481	17.3314	29.2209	24.0757	33.0676	19.0104	7.24498	0	13.5382	4.59549	13.2111	9.27328	22.9794	12.7122	19.4744	14.666	
13.9988	16.7246	5.53138	5.95	13.3513	11.6442	16.1658	22.1033	6.04649	18.0587	6.29325	13.5382	0	16.4685	12.2593	8.32155	8.22192	8.79006	3.894	0.75	
7.33913	21.5287	23.1757	7.43056	24.2485	12.7359	21.4221	16.5891	18.3336	14.2067	7.80065	4.59549	16.4685	0	14.2706	5.77235	12.4952	11.2316	14.2844	12.6306	
13.7	17.8559	10.1873	6.84	28.2553	16.2352	23.8913	22.95	18.6719	14.7644	5.96607	13.2111	12.2593	14.2706	0	7.99437	19.506	10.3791	8.74137	12.04	
6.76189	20.9515	17.5748	4.14962	19.2578	13.9464	15.6498	16.0119	25.7691	13.7937	2.0283	9.27328	8.32155	5.77235	7.99437	0	6.72289	7.49547	8.51206	9.44927	
13.4848	15.885	14.6768	13.1303	26.3398	25.6269	22.3727	13.8814	14.2684	21.3975	8.75119	22.9794	8.22192	12.4952	19.506	6.72289	0	9.12688	12.1159	8.97192	
18.062	20.5489	12.8214	7.5885	15.5976	13.8905	16.9047	23.0083	8.29277	17.2326	5.46717	12.7122	8.79006	11.2316	10.3791	7.49547	9.12688	0	9.19061	8.04006	
15.274	13.2845	9.06277	8.1132	23.5407	12.028	24.1619	26.7187	9.94048	13.4988	10.1872	19.4744	3.894	14.2844	8.74137	8.51206	12.1159	9.19061	0	4.644	
12.4111	12.4499	4.78138	5.2	23.0915	18.5192	21.3972	23.7768	6.79649	19.1864	7.04325	14.666	0.75	12.6306	12.04	9.44927	8.97192	8.04006	4.644	0	

0	26.1457	7.44514	6.59115	14.1147	12.7017	19.888	19.6138	13.8459	10.8915	5.71433	8.9572	10.9541	1.52555	8.14212	1.77294	7.91835	11.1779	14.2232	9.78978	
26.1457	0	15.8536	11.4218	9.39162	16.1776	8.75711	10.1788	5.21536	22.1653	12.2986	19.3357	11.8879	22.0369	17.1945	21.7334	11.1429	14.5459	9.07553	10.3908	
7.44514	15.8536	0	4.78373	20.6712	36.3325	24.898	28.6155	19.2689	16.6808	3.90692	16.4023	6.84433	8.97069	17.5963	9.21807	9.05405	23.2375	6.77804	5.71433	
6.59115	11.4218	4.78373	0	15.7454	17.3241	24.7837	13.23	16.6372	13.6507	0.876812	12.3491	6.73	10.6151	7.74	6.40854	6.3837	3.1241	6.91522	4.95226	
14.1147	9.39162	20.6712	15.7454	0	6.90733	3.30733	11.4145	6.45105	12.3038	14.9308	15.1153	8.70825	17.1245	18.7109	12.3417	11.744	12.6213	11.5206	9.83825	
12.7017	16.1776	36.3325	17.3241	6.90733	0	3.6	4.09414	7.14175	1.81019	14.5841	27.342	23.2982	17.0127	30.892	29.2088	16.8898	18.5166	29.5545	22.7837	
19.888	8.75711	24.898	24.7837	3.30733	3.6	0	7.69414	3.54175	5.41019	21.7704	23.742	12.0156	24.199	31.9779	15.6491	9.46931	15.9286	20.4989	17.0963	
19.6138	10.1788	28.6155	13.23	11.4145	4.09414	7.69414	0	4.96343	5.90434	14.1068	25.5791	19.8016	18.0882	20.97	22.871	10.891	16.3541	27.0593	18.518	
13.8459	5.21536	19.2689	16.6372	6.45105	7.14175	3.54175	4.96343	0	12.5383	17.63	26.1241	8.96335	23.0517	22.4098	18.7928	5.92756	9.18716	14.2909	9.26728	
10.8915	22.1653	16.6808	13.6507	12.3038	1.81019	5.41019	5.90434	12.5383	0	12.7739	19.8487	18.9964	12.4171	26.3915	12.6644	17.4413	16.7064	24.0016	16.8493	
5.71433	12.2986	3.90692	0.876812	14.9308	14.5841	21.7704	14.1068	17.63	12.7739	0	12.6296	5.20545	7.23988	8.61681	5.53173	7.41517	4.00091	5.39067	4.07545	
8.9572	19.3357	16.4023	12.3491	15.1153	27.342	23.742	25.5791	26.1241	19.8487	12.6296	0	6.40706	10.4827	17.7725	10.7301	9.44285	10.6202	9.21939	7.53706	
10.9541	11.8879	6.84433	6.73	8.70825	23.2982	12.0156	19.8016	8.96335	18.9964	5.20545	6.40706	0	19.1283	11.3655	11.7543	3.03579	6.29539	2.44522	1.13	
1.52555	22.0369	8.97069	10.6151	17.1245	17.0127	24.199	18.0882	23.0517	12.4171	7.23988	10.4827	19.1283	0	11.152	3.29848	9.44389	13.7392	16.9133	16.2151	
8.14212	17.1945	17.5963	7.74	18.7109	30.892	31.9779	20.97	22.4098	26.3915	8.61681	17.7725	11.3655	11.152	0	6.36918	14.4013	10.8641	14.1778	12.4955	
1.77294	21.7334	9.21807	6.40854	12.3417	29.2088	15.6491	22.871	18.7928	12.6644	5.53173	10.7301	11.7543	3.29848	6.36918	0	9.69128	20.8594	16.7594	9.60718	
7.91835	11.1429	9.05405	6.3837	11.744	16.8898	9.46931	10.891	5.92756	17.4413	7.41517	9.44285	3.03579	9.44389	14.4013	9.69128	0	3.2596	4.65493	3.33972	
11.1779	14.5459	23.2375	3.1241	12.6213	18.5166	15.9286	16.3541	9.18716	16.7064	4.00091	10.6202	6.29539	13.7392	10.8641	20.8594	3.2596	0	16.9534	6.59932	
14.2232	9.07553	6.77804	6.91522	11.5206	29.5545	20.4989	27.0593	14.2909	24.0016	5.39067	9.21939	2.44522	16.9133	14.1778	16.7594	4.65493	16.9534	0	1.31522	
9.78978	10.3908	5.71433	4.95226	9.83825	22.7837	17.0963	18.518	9.26728	16.8493	4.07545	7.53706	1.13	16.2151	12.4955	9.60718	3.33972	6.59932	1.31522	0	

0	22.7995	13.6689	6.36706	16.4567	13.8705	20.7838	12.58	24.8302	15.1515	15.0102	8.93579	11.1636	4.82403	10.8	0.865852	17.6959	7.2	10.6988	4.62418	
22.7995	0	15.0709	17.6763	17.8587	9.56561	17.9656	14.8639	13.414	11.6304	19.1784	18.9068	12.7783	27.3755	20.2351	22.5703	14.5037	20.7945	12.1007	13.2983	
13.6689	15.0709	0	8.69265	8.7281	24.5613	37.5104	18.1506	35.456	16.0044	11.8219	12.0788	4.25181	16.0425	13.8918	7.49013	14.3694	11.664	2.97015	3.73181	
6.36706	17.6763	8.69265	0	21.5234	17.5728	25.4191	18.0795	26.7211	15.5081	3.4224	11.0265	4.898	12.1806	10.8397	5.50121	8.09712	11.2326	6.73683	5.418	
16.4567	17.8587	8.7281	21.5234	0	9.35079	11.726	6.01715	5.50236	8.58863	15.9023	18.2125	7.59678	14.1007	23.8507	20.7802	14.4902	14.4518	5.75795	9.15206	
13.8705	9.56561	24.5613	17.5728	9.35079	0	8.4	4.63623	3.84843	2.06475	18.0868	22.1448	21.9285	19.6841	10.6695	13.0047	13.7713	23.2461	15.099	16.763	
20.7838	17.9656	37.5104	25.4191	11.726	8.4	0	13.6983	9.36034	10.4648	35.4068	27.6568	30.3285	25.8267	19.0695	19.9179	31.6718	30.2725	17.4839	23.6762	
12.58	14.8639	18.1506	18.0795	6.01715	4.63623	13.6983	0	9.14673	2.57148	13.1478	21.2334	17.0192	17.404	15.9678	13.4459	8.47305	19.78	11.7751	18.5745	
24.8302	13.414	35.456	26.7211	5.50236	3.84843	9.36034	9.14673	0	5.91318	28.7224	18.2964	24.4249	19.6031	14.5179	16.8531	25.9331	20.9122	11.2603	26.6434	
15.1515	11.6304	16.0044	15.5081	8.58863	2.06475	10.4648	2.57148	5.91318	0	18.9305	23.8049	14.8731	30.6838	12.7343	15.0694	11.0445	21.1813	13.0343	16.4284	
15.0102	19.1784	11.8219	3.4224	15.9023	18.0868	35.4068	13.1478	28.7224	18.9305	0	14.4788	8.3204	17.1673	7.41728	8.92361	4.67472	7.81025	10.1443	8.09007	
8.93579	18.9068	12.0788	11.0265	18.2125	22.1448	27.6568	21.2334	18.2964	23.8049	14.4788	0	6.12849	4.11175	13.8618	10.7912	16.9836	6.66851	7.96732	6.64849	
11.1636	12.7783	4.25181	4.898	7.59678	21.9285	30.3285	17.0192	24.4249	14.8731	8.3204	6.12849	0	10.2402	12.7572	4.27832	11.1576	8.76621	1.83883	0.52	
4.82403	27.3755	16.0425	12.1806	14.1007	19.6841	25.8267	17.404	19.6031	30.6838	17.1673	4.11175	10.2402	0	9.75	5.68989	12.8718	10.7803	15.5228	10.4378	
10.8	20.2351	13.8918	10.8397	23.8507	10.6695	19.0695	15.9678	14.5179	12.7343	7.41728	13.8618	12.7572	9.75	0	10.9647	12.092	15.2275	14.596	13.2772	
0.865852	22.5703	7.49013	5.50121	20.7802	13.0047	19.9179	13.4459	16.8531	15.0694	8.92361	10.7912	4.27832	5.68989	10.9647	0	14.3959	8.06585	7.15244	3.75832	
17.6959	14.5037	14.3694	8.09712	14.4902	13.7713	31.6718	8.47305	25.9331	11.0445	4.67472	16.9836	11.1576	12.8718	12.092	14.3959	0	12.485	14.0317	10.6376	
7.2	20.7945	11.664	11.2326	14.4518	23.2461	30.2725	19.78	20.9122	21.1813	7.81025	6.66851	8.76621	10.7803	15.2275	8.06585	12.485	0	8.69382	8.24621	
10.6988	12.1007	2.97015	6.73683	5.75795	15.099	17.4839	11.7751	11.2603	13.0343	10.1443	7.96732	1.83883	15.5228	14.596	7.15244	14.0317	8.69382	0	2.35883	
4.62418	13.2983	3.73181	5.418	9.15206	16.763	23.6762	18.5745	26.6434	16.4284	8.09007	6.64849	0.52	10.4378	13.2772	3.75832	10.6376	8.24621	2.35883	0	

0	16.7353	12.8336	5.33622	12.4808	13.1118	20.9311	21.0089	27.1131	10.8915	9.43744	7.31122	8.51125	2.47386	7.4	5.40127	14.3386	7.56	8.83964	9.20625	
16.7353	0	4.03609	16.173	5.31601	20.6001	14.0007	14.485	12.7157	21.8914	17.6708	19.0988	10.9679	14.2615	24.9883	22.3189	13.813	18.0403	7.69166	11.0332	
12.8336	4.03609	0	7.159	9.3521	13.278	9.9646	12.7816	16.2892	20.0042	10.8209	15.1971	5.63862	10.3598	14.9679	14.4778	7.856	14.0042	3.65557	6.99714	
5.33622	16.173	7.159	0	15.7883	13.1258	15.0297	10.7531	14.5939	16.2277	4.10122	6.42153	4.3149	7.81008	9.19386	2.34094	7.70386	12.8088	3.50343	4.7	
12.4808	5.31601	9.3521	15.7883	0	15.2841	13.7243	9.16899	7.39973	17.5044	12.3548	14.8443	11.7817	10.007	19.4495	16.7801	15.8393	21.1022	13.7648	11.0883	
13.1118	20.6001	13.278	13.1258	15.2841	0	8.28	6.14121	8.39657	2.22032	17.3539	16.93	11.6054	23.5167	10.2591	17.1121	12.8115	18.1892	9.62239	12.1943	
20.9311	14.0007	9.9646	15.0297	13.7243	8.28	0	14.4212	6.32456	10.0396	15.4392	20.887	11.3897	17.0621	18.5391	20.7019	22.0861	23.9688	13.6202	10.3297	
21.0089	14.485	12.7816	10.7531	9.16899	6.14121	14.4212	0	14.5378	8.36153	11.1626	26.7176	7.1131	12.7855	16.4004	17.4337	6.67027	21.7948	10.8707	6.0531	
27.1131	12.7157	16.2892	14.5939	7.39973	8.39657	6.32456	14.5378	0	10.6169	14.1681	27.6904	10.279	16.3164	18.6557	23.1065	19.6394	31.6816	12.2621	11.339	
10.8915	21.8914	20.0042	16.2277	17.5044	2.22032	10.0396	8.36153	10.6169	0	23.9515	26.2718	19.6996	13.3654	12.4795	16.2928	21.5401	18.4515	11.8427	20.3693	
9.43744	17.6708	10.8209	4.10122	12.3548	17.3539	15.4392	11.1626	14.1681	23.9515	0	4.61044	3.88909	9.36562	7.09479	4.42538	13.2494	8.74748	5.87214	4.94909	
7.31122	19.0988	15.1971	6.42153	14.8443	16.93	20.887	26.7176	27.6904	26.2718	4.61044	0	8.49953	4.83735	6.67083	8.76247	18.8626	13.3579	9.92495	9.71997	
8.51125	10.9679	5.63862	4.3149	11.7817	11.6054	11.3897	7.1131	10.279	19.6996	3.88909	8.49953	0	6.03738	10.9839	6.65584	6.18348	12.6366	1.98305	1.06	
2.47386	14.2615	10.3598	7.81008	10.007	23.5167	17.0621	12.7855	16.3164	13.3654	9.36562	4.83735	6.03738	0	9.87386	7.87513	14.6385	10.0339	8.02044	6.73238	
7.4	24.9883	14.9679	9.19386	19.4495	10.2591	18.5391	16.4004	18.6557	12.4795	7.09479	6.67083	10.9839	9.87386	0	6.85292	15.5128	7.93009	11.3124	12.2043	
5.40127	22.3189	14.4778	2.34094	16.7801	17.1121	20.7019	17.4337	23.1065	16.2928	4.42538	8.76247	6.65584	7.87513	6.85292	0	17.9162	12.9613	5.84437	7.04094	
14.3386	13.813	7.856	7.70386	15.8393	12.8115	22.0861	6.67027	19.6394	21.5401	13.2494	18.8626	6.18348	14.6385	15.5128	17.9162	0	15.1245	4.20043	10.4203	
7.56	18.0403	14.0042	12.8088	21.1022	18.1892	23.9688	21.7948	31.6816	18.4515	8.74748	13.3579	12.6366	10.0339	7.93009	12.9613	15.1245	0	16.3122	13.857	
8.83964	7.69166	3.65557	3.50343	13.7648	9.62239	13.6202	10.8707	12.2621	11.8427	5.87214	9.92495	1.98305	8.02044	11.3124	5.84437	4.20043	16.3122	0	3.04305	
9.20625	11.0332	6.99714	4.7	11.0883	12.1943	10.3297	6.0531	11.339	20.3693	4.94909	9.71997	1.06	6.73238	12.2043	7.04094	10.4203	13.857	3.04305	0	

0	13.0887	15.7927	3.60555	13.4679	10.6121	21.068	9.81555	19.0441	12.0978	5.72687	6.79512	5.47146	4.61788	7.4	5.64865	5.99226	13.5	9.27022	9.82039	
13.0887	0	13.0225	12.7303	10.1004	20.4679	16.1245	19.6714	17.6899	19.9057	7.19664	11.7533	7.22491	9.14301	15.0185	7.44	16.9025	18.6685	4.34047	8.79525	
15.7927	13.0225	0	14.1374	19.9422	22.5768	31.4899	23.2673	25.2683	21.506	11.5382	22.5878	11.5664	13.4845	23.1927	19.3673	10.6964	24.8256	8.68198	13.1368	
3.60555	12.7303	14.1374	0	9.8623	7.00651	18.0465	6.21	17.4518	7.85504	2.12132	10.4007	1.8659	8.22343	11.0056	7.63714	3.44105	16.4185	4.75035	2.1459	
13.4679	10.1004	19.9422	9.8623	0	11.1157	9.61332	11.7478	7.58947	11.9642	11.9836	21.8538	11.7282	21.203	28.191	17.5404	9.2458	32.1934	14.4409	13.3277	
10.6121	20.4679	22.5768	7.00651	11.1157	0	4.62967	3.53181	13.0639	0.848528	9.12783	18.0444	8.87242	15.8672	18.6493	16.898	10.4476	24.7493	15.3963	8.71013	
21.068	16.1245	31.4899	18.0465	9.61332	4.62967	0	6.46442	2.02386	3.78114	23.4865	27.8778	21.6878	22.1862	30.7376	23.5645	16.5958	42.6795	20.465	11.6427	
9.81555	19.6714	23.2673	6.21	11.7478	3.53181	6.46442	0	14.7549	2.68328	8.33132	19.2105	8.0759	9.45521	13.4852	13.2485	9.65105	28.6829	13.6117	10.5449	
19.0441	17.6899	25.2683	17.4518	7.58947	13.0639	2.02386	14.7549	0	5.805	24.777	25.8392	31.141	23.662	26.4441	24.6928	14.5719	32.5441	24.8318	18.6538	
12.0978	19.9057	21.506	7.85504	11.9642	0.848528	3.78114	2.68328	5.805	0	11.2679	35.2968	8.1416	12.1385	20.5461	21.0909	11.9435	26.0033	12.3164	7.8616	
5.72687	7.19664	11.5382	2.12132	11.9836	9.12783	23.4865	8.33132	24.777	11.2679	0	13.2092	3.68635	7.65871	9.02973	11.5244	5.56237	18.2426	2.85617	3.40635	
6.79512	11.7533	22.5878	10.4007	21.8538	18.0444	27.8778	19.2105	25.8392	35.2968	13.2092	0	13.3053	9.50008	5.47008	7.53403	12.7874	14.683	14.5579	17.6768	
5.47146	7.22491	11.5664	1.8659	11.7282	8.87242	21.6878	8.0759	31.141	8.1416	3.68635	13.3053	0	7.68698	12.0798	5.77124	4.36187	14.5526	2.88444	0.28	
4.61788	9.14301	13.4845	8.22343	21.203	15.8672	22.1862	9.45521	23.662	12.1385	7.65871	9.50008	7.68698	0	4.03	3.79326	10.6101	13.2429	4.80254	8.32984	
7.4	15.0185	23.1927	11.0056	28.191	18.6493	30.7376	13.4852	26.4441	20.5461	9.02973	5.47008	12.0798	4.03	0	7.57852	13.3923	9.2129	8.83254	12.4361	
5.64865	7.44	19.3673	7.63714	17.5404	16.898	23.5645	13.2485	24.6928	21.0909	11.5244	7.53403	5.77124	3.79326	7.57852	0	10.2612	11.2285	8.5958	6.05124	
5.99226	16.9025	10.6964	3.44105	9.2458	10.4476	16.5958	9.65105	14.5719	11.9435	5.56237	12.7874	4.36187	10.6101	13.3923	10.2612	0	19.4923	8.53665	4.08187	
13.5	18.6685	24.8256	16.4185	32.1934	24.7493	42.6795	28.6829	32.5441	26.0033	18.2426	14.683	14.5526	13.2429	9.2129	11.2285	19.4923	0	17.4371	14.8326	
9.27022	4.34047	8.68198	4.75035	14.4409	15.3963	20.465	13.6117	24.8318	12.3164	2.85617	14.5579	2.88444	4.80254	8.83254	8.5958	8.53665	17.4371	0	3.16444	
9.82039	8.79525	13.1368	2.1459	13.3277	8.71013	11.6427	10.5449	18.6538	7.8616	3.40635	17.6768	0.28	8.32984	12.4361	6.05124	4.08187	14.8326	3.16444	0	

0	20.9619	5.64026	7.34725	21.4471	20.0043	14.9895	16.1311	15.2603	18.8233	7.09796	6.49697	8.88256	2.14401	4	3.13356	13.4843	6.56562	13.0276	7.87864	
20.9619	0	12.6485	20.1968	14.3532	22.0998	12.8996	22.803	14.1645	23.9525	14.2236	12.188	10.2729	23.0097	23.872	24.0954	12.3696	17.1841	5.26118	11.5403	
5.64026	12.6485	0	4.26432	17.1146	13.0943	10.8849	16.1627	9.62	20.8986	3.41855	10.0049	3.2423	7.78427	9.64026	7.38296	7.84401	14.2803	7.3873	4.3623	
7.34725	20.1968	4.26432	0	18.0204	16.7908	16.0696	15.39	13.8843	19.4317	1.95161	7.5771	4.62	15.0987	8.24018	4.21369	10.5505	13.7256	9.77911	3.22899	
21.4471	14.3532	17.1146	18.0204	0	12.5051	8.75951	14.0373	7.4946	14.3578	15.7978	21.677	15.6404	22.1332	22.9824	18.3135	21.5709	20.4168	19.6144	14.5204	
20.0043	22.0998	13.0943	16.7908	12.5051	0	16.32	13.9682	13.7176	1.85262	12.9632	13.469	9.85195	20.3168	16.0043	20.7532	17.5051	18.5699	14.8637	10.972	
14.9895	12.8996	10.8849	16.0696	8.75951	16.32	0	7.80761	1.26491	13.1299	15.8203	15.2193	15.2709	15.9036	19.0313	11.8559	18.5536	29.1198	18.1608	16.3909	
16.1311	22.803	16.1627	15.39	14.0373	13.9682	7.80761	0	6.5427	12.7456	17.3416	23.7874	22.3288	15.2106	10.0567	19.6037	20.0108	7.49111	17.5418	18.89	
15.2603	14.1645	9.62	13.8843	7.4946	13.7176	1.26491	6.5427	0	11.8649	13.0386	23.4813	12.8623	14.6386	22.5857	13.1208	17.2887	14.0338	17.0073	22.015	
18.8233	23.9525	20.8986	19.4317	14.3578	1.85262	13.1299	12.7456	11.8649	0	17.48	11.6163	11.7046	24.3547	17.8569	14.9797	15.6525	20.2367	18.5432	18.7574	
7.09796	14.2236	3.41855	1.95161	15.7978	12.9632	15.8203	17.3416	13.0386	17.48	0	6.58635	2.39738	13.5761	6.28856	3.9644	8.32789	8.85418	7.55649	1.27738	
6.49697	12.188	10.0049	7.5771	21.677	13.469	15.2193	23.7874	23.4813	11.6163	6.58635	0	9.69762	9.35096	10.5388	3.36341	14.0352	15.8469	6.92682	7.86373	
8.88256	10.2729	3.2423	4.62	15.6404	9.85195	15.2709	22.3288	12.8623	11.7046	2.39738	9.69762	0	10.4648	9.39983	7.07567	7.96894	16.9347	5.01172	1.12	
2.14401	23.0097	7.78427	15.0987	22.1332	20.3168	15.9036	15.2106	14.6386	24.3547	13.5761	9.35096	10.4648	0	6.14401	5.27758	18.4337	10.784	15.4765	10.0227	
4	23.872	9.64026	8.24018	22.9824	16.0043	19.0313	10.0567	22.5857	17.8569	6.28856	10.5388	9.39983	6.14401	0	7.13356	15.5576	2.56562	14.4886	7.56594	
3.13356	24.0954	7.38296	4.21369	18.3135	20.7532	11.8559	19.6037	13.1208	14.9797	3.9644	3.36341	7.07567	5.27758	7.13356	0	16.2765	9.74103	10.2902	5.24178	
13.4843	12.3696	7.84401	10.5505	21.5709	17.5051	18.5536	20.0108	17.2887	15.6525	8.32789	14.0352	7.96894	18.4337	15.5576	16.2765	0	15.6461	7.10842	7.05051	
6.56562	17.1841	14.2803	13.7256	20.4168	18.5699	29.1198	7.49111	14.0338	20.2367	8.85418	15.8469	16.9347	10.784	2.56562	9.74103	15.6461	0	11.923	16.5186	
13.0276	5.26118	7.3873	9.77911	19.6144	14.8637	18.1608	17.5418	17.0073	18.5432	7.55649	6.92682	5.01172	15.4765	14.4886	10.2902	7.10842	11.923	0	6.13172	
7.87864	11.5403	4.3623	3.22899	14.5204	10.972	16.3909	18.89	22.015	18.7574	1.27738	7.86373	1.12	10.0227	7.56594	5.24178	7.05051	16.5186	6.13172	0	

0	18.0692	10.1576	6.05733	16.3655	17.7883	32.1079	17.0259	16.0134	17.2231	3.73181	9.30911	8.39871	6.18466	14.6	1.23693	6.81028	6.71084	6.98193	11.8073	
18.0692	0	7.66857	11.7689	5.67041	23.1474	11.6837	24.2026	18.8571	17.5762	8.64283	23.0105	9.64726	11.8845	17.2193	16.651	16.3925	11.1771	5.39271	11.0354	
10.1576	7.66857	0	4.1003	13.339	29.6477	27.5918	20.8747	14.0564	15.2661	6.44875	22.8709	7.45318	11.8847	15.0252	11.4743	6.54526	14.4098	3.19862	8.84134	
6.05733	11.7689	4.1003	0	11.8488	12.7639	13.4978	9.2955	9.95606	10.4948	4.83661	15.4461	5.18955	7.78439	10.434	7.29426	2.44495	7.66032	7.29893	5.75	
16.3655	5.67041	13.339	11.8488	0	13.5038	6.01332	19.7372	9.55507	11.9058	11.3262	19.325	6.65925	17.555	15.7228	15.1286	19.9556	12.0095	10.9138	7.30925	
17.7883	23.1474	29.6477	12.7639	13.5038	0	9.13946	5.65955	5.59771	1.59806	24.8134	23.2467	18.7375	28.7558	29.724	16.5514	9.64791	18.9011	32.2214	13.9153	
32.1079	11.6837	27.5918	13.4978	6.01332	9.13946	0	16.5744	3.54175	10.0396	29.7962	23.7933	12.6726	29.2113	20.1911	21.1419	18.0894	25.357	31.4947	11.8593	
17.0259	24.2026	20.8747	9.2955	19.7372	5.65955	16.5744	0	11.2573	7.25761	9.92902	23.8612	13.0779	24.6847	14.8396	15.789	6.85055	12.0659	17.3325	13.7279	
16.0134	18.8571	14.0564	9.95606	9.55507	5.59771	3.54175	11.2573	0	7.19578	14.7927	28.7267	8.96758	17.7405	23.416	17.33	12.401	20.2656	13.9603	8.31758	
17.2231	17.5762	15.2661	10.4948	11.9058	1.59806	10.0396	7.25761	7.19578	0	11.1283	21.6486	16.3554	18.9502	16.0389	18.1495	8.04984	13.2652	26.6546	16.9158	
3.73181	8.64283	6.44875	4.83661	11.3262	24.8134	29.7962	9.92902	14.7927	11.1283	0	18.0293	4.6669	9.91647	11.0675	4.96874	3.07847	8.29384	3.25012	5.3169	
9.30911	23.0105	22.8709	15.4461	19.325	23.2467	23.7933	23.8612	28.7267	21.6486	18.0293	0	18.4925	11.1259	3.60225	8.07217	11.5913	13.5461	15.4288	18.7007	
8.39871	9.64726	7.45318	5.18955	6.65925	18.7375	12.6726	13.0779	8.96758	16.3554	4.6669	18.4925	0	12.9739	15.7485	10.4203	7.6345	5.35023	4.25455	0.65	
6.18466	11.8845	11.8847	7.78439	17.555	28.7558	29.2113	24.6847	17.7405	18.9502	9.91647	11.1259	12.9739	0	13	7.42159	10.2293	13.2136	15.6304	13.5344	
14.6	17.2193	15.0252	10.434	15.7228	29.724	20.1911	14.8396	23.416	16.0389	11.0675	3.60225	15.7485	13	0	11.6744	7.98904	13.2044	11.8266	15.0985	
1.23693	16.651	11.4743	7.29426	15.1286	16.5514	21.1419	15.789	17.33	18.1495	4.96874	8.07217	10.4203	7.42159	11.6744	0	9.81891	5.47391	13.2072	11.0703	
6.81028	16.3925	6.54526	2.44495	19.9556	9.64791	18.0894	6.85055	12.401	8.04984	3.07847	11.5913	7.6345	10.2293	7.98904	9.81891	0	5.21536	6.3286	8.19495	
6.71084	11.1771	14.4098	7.66032	12.0095	18.9011	25.357	12.0659	20.2656	13.2652	8.29384	13.5461	5.35023	13.2136	13.2044	5.47391	5.21536	0	9.60478	6.00023	
6.98193	5.39271	3.19862	7.29893	10.9138	32.2214	31.4947	17.3325	13.9603	26.6546	3.25012	15.4288	4.25455	15.6304	11.8266	13.2072	6.3286	9.60478	0	4.90455	
11.8073	11.0354	8.84134	5.75	7.30925	13.9153	11.8593	13.7279	8.31758	16.9158	5.3169	18.7007	0.65	13.5344	15.0985	11.0703	8.19495	6.00023	4.90455	0	

0	18.0595	12.8686	12.6915	22.2259	13.8787	24.4376	14.0815	17.7646	12.6342	14.1109	7.24271	10.6622	4.82403	8.3	5.85481	8.13236	9.22858	10.5077	14.1564	
18.0595	0	13.5409	10.3465	23.3905	29.3453	22.2518	31.1395	23.2084	15.703	12.6937	12.1731	10.1565	14.5918	17.3763	20.5232	19.9684	16.4164	11.18	8.49655	
12.8686	13.5409	0	10.1688	14.408	20.3628	24.1796	30.432	24.3692	26.1708	13.1946	12.4	5.42561	14.8187	17.6032	19.3914	16.1698	19.2286	2.36089	6.00956	
12.6915	10.3465	10.1688	0	17.6905	17.7629	25.4459	15.0704	20.5893	9.05647	3.73352	10.8672	3.51	13.2859	13.14	13.414	7.66106	9.05989	5.49867	1.85	
22.2259	23.3905	14.408	17.6905	0	5.95483	9.77164	11.6144	9.96117	7.19934	20.0376	19.1291	17.5005	29.0059	13.9259	18.2795	12.7607	23.6548	16.7689	15.8405	
13.8787	29.3453	20.3628	17.7629	5.95483	0	10.92	5.65955	6.59025	1.24451	15.5598	24.122	9.33572	21.9492	15.8461	15.1259	6.61107	17.7	26.3935	8.45098	
24.4376	22.2518	24.1796	25.4459	9.77164	10.92	0	8.8877	7.65271	12.1645	20.2246	30.9469	30.5418	29.2616	22.8412	25.2977	14.8369	28.62	33.4318	20.8968	
14.0815	31.1395	30.432	15.0704	11.6144	5.65955	8.8877	0	15.5814	6.90406	11.3369	19.1567	8.47898	21.0925	13.9535	18.3071	5.94916	19.5091	22.1706	15.534	
17.7646	23.2084	24.3692	20.5893	9.96117	6.59025	7.65271	15.5814	0	5.34575	21.3761	26.1208	12.1621	24.7756	18.6725	17.645	9.63229	23.1922	23.0564	12.5522	
12.6342	15.703	26.1708	9.05647	7.19934	1.24451	12.1645	6.90406	5.34575	0	11.4036	20.7677	7.89639	17.4582	14.4068	13.8814	5.36656	18.9265	10.8551	7.20647	
14.1109	12.6937	13.1946	3.73352	20.0376	15.5598	20.2246	11.3369	21.3761	11.4036	0	8.56225	1.62635	10.9809	13.7655	9.68052	4.15617	12.7934	4.69106	3.28635	
7.24271	12.1731	12.4	10.8672	19.1291	24.122	30.9469	19.1567	26.1208	20.7677	8.56225	0	10.1886	2.41868	5.20325	8.47578	14.2435	6.82322	14.7609	12.7172	
10.6622	10.1565	5.42561	3.51	17.5005	9.33572	30.5418	8.47898	12.1621	7.89639	1.62635	10.1886	0	16.0865	11.5701	11.3069	2.52982	14.1911	3.06472	1.66	
4.82403	14.5918	14.8187	13.2859	29.0059	21.9492	29.2616	21.0925	24.7756	17.4582	10.9809	2.41868	16.0865	0	7.62193	10.3902	12.9564	4.40454	13.1548	14.4265	
8.3	17.3763	17.6032	13.14	13.9259	15.8461	22.8412	13.9535	18.6725	14.4068	13.7655	5.20325	11.5701	7.62193	0	4.35362	9.04023	11.312	17.6369	13.9883	
5.85481	20.5232	19.3914	13.414	18.2795	15.1259	25.2977	18.3071	17.645	13.8814	9.68052	8.47578	11.3069	10.3902	4.35362	0	13.3939	9.26354	15.6753	12.0266	
8.13236	19.9684	16.1698	7.66106	12.7607	6.61107	14.8369	5.94916	9.63229	5.36656	4.15617	14.2435	2.52982	12.9564	9.04023	13.3939	0	13.5599	5.59454	4.18982	
9.22858	16.4164	19.2286	9.05989	23.6548	17.7	28.62	19.5091	23.1922	18.9265	12.7934	6.82322	14.1911	4.40454	11.312	9.26354	13.5599	0	17.5593	10.9099	
10.5077	11.18	2.36089	5.49867	16.7689	26.3935	33.4318	22.1706	23.0564	10.8551	4.69106	14.7609	3.06472	13.1548	17.6369	15.6753	5.59454	17.5593	0	3.64867	
14.1564	8.49655	6.00956	1.85	15.8405	8.45098	20.8968	15.534	12.5522	7.20647	3.28635	12.7172	1.66	14.4265	13.9883	12.0266	4.18982	10.9099	3.64867	0	

0	10.3197	13.9878	12.725	17.9393	12.4782	21.5385	17.8311	21.3878	10.4559	8.1282	11.6507	11.4788	6.30835	17.3079	5.73112	21.829	12.06	5.34939	9.3799	
10.3197	0	8.78569	11.6456	7.61962	11.9419	21.0022	12.9121	11.3195	9.91953	10.6612	18.3196	3.30733	12.1622	22.28	12.4	8.11399	21.0701	9.43676	5.07733	
13.9878	8.78569	0	11.8307	11.0999	12.4146	9.74009	15.6103	7.4	21.086	12.8323	17.301	5.47837	12.3013	11.1135	12.995	10.285	16.3613	8.68198	6.53067	
12.725	11.6456	11.8307	0	22.2606	9.74819	20.6518	12.879	8.65499	11.7705	0.848528	8.09351	7.07	9.02282	19.3063	3.24561	12.0437	14.0584	5.379	5.3	
17.9393	7.61962	11.0999	22.2606	0	8.71448	6.03995	20.5317	3.69986	17.5391	11.5063	28.6125	10.9269	20.1833	22.2196	20.0196	26.4222	16.3193	19.7881	17.6368	
12.4782	11.9419	12.4146	9.74819	8.71448	0	7.3547	3.13081	5.01462	2.02233	10.5967	17.69	11.3747	11.3208	16.1108	16.069	20.6134	15.1488	13.6352	9.60469	
21.5385	21.0022	9.74009	20.6518	6.03995	7.3547	0	24.2508	2.34009	11.0826	10.1465	18.8718	22.3749	25.241	21.97	24.7914	25.0624	14.9595	18.5401	22.98	
17.8311	12.9121	15.6103	12.879	20.5317	3.13081	24.2508	0	8.14543	5.15314	15.8315	19.85	10.8496	14.4516	12.98	14.1443	20.0883	18.2278	12.4817	9.07965	
21.3878	11.3195	7.4	8.65499	3.69986	5.01462	2.34009	8.14543	0	7.03694	7.80646	15.0514	12.8784	16.3354	17.8673	10.2035	20.3484	12.6194	12.3369	13.9307	
10.4559	9.91953	21.086	11.7705	17.5391	2.02233	11.0826	5.15314	7.03694	0	14.8058	28.1643	13.2269	13.3431	18.3743	16.187	26.0009	13.1265	15.8052	11.627	
8.1282	10.6612	12.8323	0.848528	11.5063	10.5967	10.1465	15.8315	7.80646	14.8058	0	7.24498	7.35391	9.87135	14.0067	2.39708	12.1606	14.8888	4.53047	6.14853	
11.6507	18.3196	17.301	8.09351	28.6125	17.69	18.8718	19.85	15.0514	28.1643	7.24498	0	12.5403	6.36918	17.5292	5.91959	15.2452	18.4113	11.7755	10.7703	
11.4788	3.30733	5.47837	7.07	10.9269	11.3747	22.3749	10.8496	12.8784	13.2269	7.35391	12.5403	0	7.54062	16.5918	8.23432	4.80666	17.7628	5.80051	1.77	
6.30835	12.1622	12.3013	9.02282	20.1833	11.3208	25.241	14.4516	16.3354	13.3431	9.87135	6.36918	7.54062	0	14.17	8.82345	13.6615	18.3684	9.80112	5.77062	
17.3079	22.28	11.1135	19.3063	22.2196	16.1108	21.97	12.98	17.8673	18.3743	14.0067	17.5292	16.5918	14.17	0	11.6097	25.682	5.24786	16.9224	17.6441	
5.73112	12.4	12.995	3.24561	20.0196	16.069	24.7914	14.1443	10.2035	16.187	2.39708	5.91959	8.23432	8.82345	11.6097	0	14.939	12.4917	6.92756	6.46432	
21.829	8.11399	10.285	12.0437	26.4222	20.6134	25.0624	20.0883	20.3484	26.0009	12.1606	15.2452	4.80666	13.6615	25.682	14.939	0	22.5694	10.9361	6.57666	
12.06	21.0701	16.3613	14.0584	16.3193	15.1488	14.9595	18.2278	12.6194	13.1265	14.8888	18.4113	17.7628	18.3684	5.24786	12.4917	22.5694	0	11.6746	15.7051	
5.34939	9.43676	8.68198	5.379	19.7881	13.6352	18.5401	12.4817	12.3369	15.8052	4.53047	11.7755	5.80051	9.80112	16.9224	6.92756	10.9361	11.6746	0	4.03051	
9.3799	5.07733	6.53067	5.3	17.6368	9.60469	22.98	9.07965	13.9307	11.627	6.14853	10.7703	1.77	5.77062	17.6441	6.46432	6.57666	15.7051	4.03051	0	

0	10.9421	18.8825	5.30485	16.0519	9.74179	11.5052	31.1415	10.7347	26.8517	4.3149	12.5076	11.9069	7.2979	6.07061	1.07201	6.73339	5.84413	8.49742	7.96456	
10.9421	0	21.3913	7.61717	18.3642	7.25667	19.8035	12.1743	13.5541	9.18	6.62722	12.5929	11.1206	12.5637	17.8085	14.4638	8.97847	16.353	15.0354	10.2769	
18.8825	21.3913	0	19.1211	17.7098	17.0476	22.1676	14.4309	29.5684	15.1243	16.5944	19.2114	11.3023	27.7436	24.5095	16.5643	17.3519	18.7171	9.13893	12.9447	
5.30485	7.61717	19.1211	0	12.727	16.5119	17.9729	21.0495	11.5117	14.2717	0.989949	11.0525	5.48109	8.31515	4.5	7.84215	4.86655	9.05989	7.64443	4.63961	
16.0519	18.3642	17.7098	12.727	0	18.0812	21.1969	21.4593	11.8585	16.1578	11.737	26.3298	15.016	24.3155	19.2923	16.1237	10.4624	23.8919	24.5193	15.3867	
9.74179	7.25667	17.0476	16.5119	18.0812	0	14.1794	5.05747	6.29743	1.92333	13.8839	19.8495	10.7139	14.9369	13.6684	8.66979	11.3148	13.4419	14.4336	17.8373	
11.5052	19.8035	22.1676	17.9729	21.1969	14.1794	0	19.2167	11.1945	12.2561	12.8726	21.8688	9.76293	16.7003	15.4318	10.4332	16.0946	14.9953	13.6777	9.22293	
31.1415	12.1743	14.4309	21.0495	21.4593	5.05747	19.2167	0	11.3549	6.9808	14.8735	24.7671	15.5506	23.8436	16.5495	13.7273	10.9969	17.2712	19.4911	22.7549	
10.7347	13.5541	29.5684	11.5117	11.8585	6.29743	11.1945	11.3549	0	8.22076	12.5016	21.0983	16.9928	15.9299	14.6613	9.66274	15.3241	14.4349	17.0882	20.2617	
26.8517	9.18	15.1243	14.2717	16.1578	1.92333	12.2561	6.9808	8.22076	0	13.2681	14.3619	8.79056	31.3271	18.2215	10.5931	9.39149	12.5298	10.9539	9.33056	
4.3149	6.62722	16.5944	0.989949	11.737	13.8839	12.8726	14.8735	12.5016	13.2681	0	13.9859	4.18966	9.3051	5.48995	5.38691	3.8766	9.42201	8.10443	3.64966	
12.5076	12.5929	19.2114	11.0525	26.3298	19.8495	21.8688	24.7671	21.0983	14.3619	13.9859	0	5.57136	11.6903	11.6072	11.4356	10.125	14.7738	7.73469	6.11136	
11.9069	11.1206	11.3023	5.48109	15.016	10.7139	9.76293	15.5506	16.9928	8.79056	4.18966	5.57136	0	13.7962	9.98109	9.58875	4.55368	6.31235	2.16333	0.54	
7.2979	12.5637	27.7436	8.31515	24.3155	14.9369	16.7003	23.8436	15.9299	31.3271	9.3051	11.6903	13.7962	0	11.2657	6.26712	11.9285	11.0392	13.6925	16.3501	
6.07061	17.8085	24.5095	4.5	19.2923	13.6684	15.4318	16.5495	14.6613	18.2215	5.48995	11.6072	9.98109	11.2657	0	4.9986	8.82999	9.77073	12.424	13.25	
1.07201	14.4638	16.5643	7.84215	16.1237	8.66979	10.4332	13.7273	9.66274	10.5931	5.38691	11.4356	9.58875	6.26712	4.9986	0	5.66138	4.77213	7.42542	10.5445	
6.73339	8.97847	17.3519	4.86655	10.4624	11.3148	16.0946	10.9969	15.3241	9.39149	3.8766	10.125	4.55368	11.9285	8.82999	5.66138	0	10.4335	6.71701	5.09368	
5.84413	16.353	18.7171	9.05989	23.8919	13.4419	14.9953	17.2712	14.4349	12.5298	9.42201	14.7738	6.31235	11.0392	9.77073	4.77213	10.4335	0	10.2271	5.77235	
8.49742	15.0354	9.13893	7.64443	24.5193	14.4336	13.6777	19.4911	17.0882	10.9539	8.10443	7.73469	2.16333	13.6925	12.424	7.42542	6.71701	10.2271	0	2.70333	
7.96456	10.2769	12.9447	4.63961	15.3867	17.8373	9.22293	22.7549	20.2617	9.33056	3.64966	6.11136	0.54	16.3501	13.25	10.5445	5.09368	5.77235	2.70333	0	

0	17.1815	9.47563	8.01972	18.4806	13.8453	16.9653	12.5151	20.1427	15.5707	5.24786	9.8838	7.66811	4.61788	8	6.59697	9.63042	6.84	10.0468	7.20811	
17.1815	0	14.5299	20.1966	23.5349	26.0168	22.8968	33.5296	24.1617	26.2932	18.0641	18.2072	18.942	12.5637	16.3337	16.43	27.9297	27.5182	15.1259	19.1564	
9.47563	14.5299	0	7.16714	9.005	13.4887	18.4137	11.6625	15.9304	11.7633	4.39528	9.22527	9.9505	9.89573	17.4756	12.2319	9.75411	8.92523	8.91045	8.65322	
8.01972	20.1966	7.16714	0	11.8348	16.7971	14.574	10.0391	12.2032	17.8988	2.77186	7.60185	1.92421	8.2723	18	10.6085	8.13068	7.3018	5.07075	2.38421	
18.4806	23.5349	9.005	11.8348	0	4.96236	8.08236	13.0302	6.92539	6.6877	13.4003	26.4067	13.759	28.3567	29.8348	29.743	20.9891	27.3862	16.9055	18.5848	
13.8453	26.0168	13.4887	16.7971	4.96236	0	3.12	8.06787	4.38491	1.72534	15.3351	23.7291	15.5073	17.878	15.2594	20.4423	16.0268	20.6853	12.6233	15.0473	
16.9653	22.8968	18.4137	14.574	8.08236	3.12	0	11.1879	1.26491	4.84534	17.3824	29.1349	11.5439	14.9322	24.1579	29.6028	19.1468	18.5146	9.50329	13.5338	
12.5151	33.5296	11.6625	10.0391	13.0302	8.06787	11.1879	0	14.3653	9.79321	7.26722	12.0972	16.1193	12.7677	24.7359	15.1038	12.626	11.7972	15.1463	11.5252	
20.1427	24.1617	15.9304	12.2032	6.92539	4.38491	1.26491	14.3653	0	8.02277	21.0271	36.67	10.279	31.4761	35.085	31.9992	20.4995	19.7796	10.7682	10.739	
15.5707	26.2932	11.7633	17.8988	6.6877	1.72534	4.84534	9.79321	8.02277	0	15.127	19.957	20.7936	16.1527	13.534	22.8321	17.7521	19.6569	20.6738	16.7727	
5.24786	18.0641	4.39528	2.77186	13.4003	15.3351	17.3824	7.26722	21.0271	15.127	0	4.82999	4.69607	5.50045	9.27045	7.83661	5.35882	4.52994	7.84261	4.25793	
9.8838	18.2072	9.22527	7.60185	26.4067	23.7291	29.1349	12.0972	36.67	19.957	4.82999	0	15.578	5.64358	9.41358	12.323	10.1888	9.35993	11.0725	9.08792	
7.66811	18.942	9.9505	1.92421	13.759	15.5073	11.5439	16.1193	10.279	20.7936	4.69607	15.578	0	10.7652	19.9242	15.794	16.1068	14.3386	4.49051	0.46	
4.61788	12.5637	9.89573	8.2723	28.3567	17.878	14.9322	12.7677	31.4761	16.1527	5.50045	5.64358	10.7652	0	3.77	6.67943	10.8593	10.0304	5.42896	9.45947	
8	16.3337	17.4756	18	29.8348	15.2594	24.1579	24.7359	35.085	13.534	9.27045	9.41358	19.9242	3.77	0	9.59409	17.6304	13.8777	9.19896	15.2081	
6.59697	16.43	12.2319	10.6085	29.743	20.4423	29.6028	15.1038	31.9992	22.8321	7.83661	12.323	15.794	6.67943	9.59409	0	11.4997	11.0882	12.1084	12.0945	
9.63042	27.9297	9.75411	8.13068	20.9891	16.0268	19.1468	12.626	20.4995	17.7521	5.35882	10.1888	16.1068	10.8593	17.6304	11.4997	0	7.17112	13.2379	9.61676	
6.84	27.5182	8.92523	7.3018	27.3862	20.6853	18.5146	11.7972	19.7796	19.6569	4.52994	9.35993	14.3386	10.0304	13.8777	11.0882	7.17112	0	12.409	8.78788	
10.0468	15.1259	8.91045	5.07075	16.9055	12.6233	9.50329	15.1463	10.7682	20.6738	7.84261	11.0725	4.49051	5.42896	9.19896	12.1084	13.2379	12.409	0	4.03051	
7.20811	19.1564	8.65322	2.38421	18.5848	15.0473	13.5338	11.5252	10.739	16.7727	4.25793	9.08792	0.46	9.45947	15.2081	12.0945	9.61676	8.78788	4.03051	0	

0	9.65553	7.89636	8.95133	27.1666	13.4733	32.5715	9.62	13.8962	12.1619	6.90384	5.49077	10.8388	2.18525	14.8	3.21602	14.848	16.56	9.64799	8.47768	
9.65553	0	6.0921	13.2575	4.25281	19.1399	8.06226	19.7804	15.637	11.4813	13.6969	10.7758	6.35958	7.47029	11.7963	15.7503	11.2873	11.7923	4.34047	5.61326	
7.89636	6.0921	0	12.2619	17.7169	12.0995	22.4576	8.24621	16.3682	20.0974	7.65105	13.2963	3.77074	10.0816	9.2075	11.1124	8.69849	9.20347	1.75163	3.02442	
8.95133	13.2575	12.2619	0	16.0615	14.4391	21.3197	11.2186	16.4897	13.6471	4.04138	14.6283	2.44	7.92474	16.6043	5.7353	6.19511	12.184	2.27279	1	
27.1666	4.25281	17.7169	16.0615	0	8.02046	7.21598	18.7404	11.3842	7.2285	20.8415	27.4765	16.4298	11.7231	23.4211	21.7968	20.5982	23.4171	8.59328	17.0615	
13.4733	19.1399	12.0995	14.4391	8.02046	0	12.005	3.85331	10.4957	0.79196	21.2301	30.7895	11.4568	10.7686	19.2872	16.2598	9.08136	18.6275	19.2448	17.1701	
32.5715	8.06226	22.4576	21.3197	7.21598	12.005	0	19.5062	11.3842	11.213	25.4073	34.6925	20.2392	15.5325	35.1913	26.6808	21.2635	27.9715	12.4027	28.4487	
9.62	19.7804	8.24621	11.2186	18.7404	3.85331	19.5062	0	8.12197	4.64527	11.499	17.4447	7.60345	11.8052	20.5926	12.836	5.22805	14.7741	9.62256	9.04345	
13.8962	15.637	16.3682	16.4897	11.3842	10.4957	11.3842	8.12197	0	11.2877	16.1502	15.0164	14.3065	11.7109	29.2609	21.2765	9.87927	22.8961	16.8261	15.0744	
12.1619	11.4813	20.0974	13.6471	7.2285	0.79196	11.213	4.64527	11.2877	0	18.4271	13.2822	17.2623	9.97666	20.0791	15.4678	17.0792	20.592	20.0367	14.6471	
6.90384	13.6969	7.65105	4.04138	20.8415	21.2301	25.4073	11.499	16.1502	18.4271	0	12.7017	4.48138	9.96612	16.4262	3.68782	6.27096	16.6476	4.31417	3.04138	
5.49077	10.7758	13.2963	14.6283	27.4765	30.7895	34.6925	17.4447	15.0164	13.2822	12.7017	0	11.9591	3.30553	12.808	9.01393	18.4916	12.5961	11.5447	10.2303	
10.8388	6.35958	3.77074	2.44	16.4298	11.4568	20.2392	7.60345	14.3065	17.2623	4.48138	11.9591	0	8.36474	9.47499	6.70165	4.42719	9.47095	2.01911	1.44	
2.18525	7.47029	10.0816	7.92474	11.7231	10.7686	15.5325	11.8052	11.7109	9.97666	9.96612	3.30553	8.36474	0	16.1135	5.40127	12.1199	15.9016	8.19753	6.92474	
14.8	11.7963	9.2075	16.6043	23.4211	19.2872	35.1913	20.5926	29.2609	20.0791	16.4262	12.808	9.47499	16.1135	0	12.7384	14.4027	14.9077	7.45588	8.72867	
3.21602	15.7503	11.1124	5.7353	21.7968	16.2598	26.6808	12.836	21.2765	15.4678	3.68782	9.01393	6.70165	5.40127	12.7384	0	9.95878	17.9193	6.53445	5.26165	
14.848	11.2873	8.69849	6.19511	20.5982	9.08136	21.2635	5.22805	9.87927	17.0792	6.27096	18.4916	4.42719	12.1199	14.4027	9.95878	0	14.3987	6.4463	5.19511	
16.56	11.7923	9.20347	12.184	23.4171	18.6275	27.9715	14.7741	22.8961	20.592	16.6476	12.5961	9.47095	15.9016	14.9077	17.9193	14.3987	0	7.45185	8.72464	
9.64799	4.34047	1.75163	2.27279	8.59328	19.2448	12.4027	9.62256	16.8261	20.0367	4.31417	11.5447	2.01911	8.19753	7.45588	6.53445	6.4463	7.45185	0	1.27279	
8.47768	5.61326	3.02442	1	17.0615	17.1701	28.4487	9.04345	15.0744	14.6471	3.04138	10.2303	1.44	6.92474	8.72867	5.26165	5.19511	8.72464	1.27279	0	

0	12.2182	6.99392	5.05072	23.272	8.65332	13.237	12.95	21.1316	9.30386	3.38195	8.25325	11.1902	4.94773	7.1	6.39081	9.5389	4.14	11.5918	9.8902	
12.2182	0	16.0098	10.5051	19.7996	13.6485	18.3819	14.0189	14.4308	12.998	8.83629	24.5	13.457	13.5223	14.0386	7.75	14.9932	15.2121	7.76024	12.6647	
6.99392	16.0098	0	16.3202	20.7213	15.6472	20.231	15.2033	15.3526	24.3364	10.3759	19.8812	8.27345	11.9416	14.0939	13.3847	10.6964	11.1339	8.68198	9.57345	
5.05072	10.5051	16.3202	0	21.7238	11.6005	14.7513	19.4483	7.77817	17.1924	1.66877	19.0512	6.7	13.7315	11.617	7.9592	7.82572	3.59271	11.0446	5.4	
23.272	19.7996	20.7213	21.7238	0	12.3437	11.275	14.1528	13.9456	11.6932	27.4036	25.8913	17.7361	29.1968	16.172	18.3781	20.8392	19.4912	12.0394	18.4457	
8.65332	13.6485	15.6472	11.6005	12.3437	0	11.64	3.11021	12.4782	0.650538	9.93177	26.5677	18.1342	13.601	15.7533	15.0441	14.2906	12.7933	19.1488	12.4429	
13.237	18.3819	20.231	14.7513	11.275	11.64	0	5.52479	10.4355	7.98446	16.42	24.0112	22.1792	18.1848	20.337	19.6279	10.0317	17.377	17.1061	20.1513	
12.95	14.0189	15.2033	19.4483	14.1528	3.11021	5.52479	0	15.9603	2.45967	10.6639	29.2046	22.5952	17.8977	20.05	19.3408	4.50694	17.09	21.7791	12.2996	
21.1316	14.4308	15.3526	7.77817	13.9456	12.4782	10.4355	15.9603	0	13.1288	9.44695	23.4104	12.3674	23.5239	27.3982	13.0094	22.7196	11.3709	6.6706	13.077	
9.30386	12.998	24.3364	17.1924	11.6932	0.650538	7.98446	2.45967	13.1288	0	10.5823	33.2355	13.0924	25.2063	18.0094	19.4339	6.96661	19.6263	18.1988	11.7924	
3.38195	8.83629	10.3759	1.66877	27.4036	9.93177	16.42	10.6639	9.44695	10.5823	0	21.2963	8.20244	8.32968	10.482	7.37564	6.15695	5.26149	13.7144	7.06877	
8.25325	24.5	19.8812	19.0512	25.8913	26.5677	24.0112	29.2046	23.4104	33.2355	21.2963	0	18.8015	3.30553	19.7457	9.07787	21.7299	22.0544	16.7398	23.1462	
11.1902	13.457	8.27345	6.7	17.7361	18.1342	22.1792	22.5952	12.3674	13.0924	8.20244	18.8015	0	15.496	7.51701	12.0355	9.09267	9.1339	5.69677	1.3	
4.94773	13.5223	11.9416	13.7315	29.1968	13.601	18.1848	17.8977	23.5239	25.2063	8.32968	3.30553	15.496	0	12.0477	5.77235	17.5743	9.08773	12.1111	14.8379	
7.1	14.0386	14.0939	11.617	16.172	15.7533	20.337	20.05	27.3982	18.0094	10.482	19.7457	7.51701	12.0477	0	6.28856	14.0097	11.24	12.6234	6.21701	
6.39081	7.75	13.3847	7.9592	18.3781	15.0441	19.6279	19.3408	13.0094	19.4339	7.37564	9.07787	12.0355	5.77235	6.28856	0	13.5326	10.5308	6.33877	12.5056	
9.5389	14.9932	10.6964	7.82572	20.8392	14.2906	10.0317	4.50694	22.7196	6.96661	6.15695	21.7299	9.09267	17.5743	14.0097	13.5326	0	15.6266	14.1991	7.79267	
4.14	15.2121	11.1339	3.59271	19.4912	12.7933	17.377	17.09	11.3709	19.6263	5.26149	22.0544	9.1339	9.08773	11.24	10.5308	15.6266	0	7.45185	7.8339	
11.5918	7.76024	8.68198	11.0446	12.0394	19.1488	17.1061	21.7791	6.6706	18.1988	13.7144	16.7398	5.69677	12.1111	12.6234	6.33877	14.1991	7.45185	0	6.40639	
9.8902	12.6647	9.57345	5.4	18.4457	12.4429	20.1513	12.2996	13.077	11.7924	7.06877	23.1462	1.3	14.8379	6.21701	12.5056	7.79267	7.8339	6.40639	0	

0	12.8476	15.0363	7.52495	17.3911	15.0662	15.9545	11.1518	12.2003	26.6514	4.78138	5.03463	4.42076	3.42218	5.9	2.06155	10.5252	10.029	10.682	4.19076	
12.8476	0	3.49794	11.2065	21.8572	24.7847	14.4784	15.6179	10.4307	18.6449	11.3941	16.8279	8.88686	14.6404	12.7592	11.78	14.5528	8.03355	9.99624	8.65686	
15.0363	3.49794	0	7.70857	24.0459	16.7881	17.3677	14.0186	13.32	21.5342	10.4521	13.33	8.21253	14.9425	9.26121	15.2779	12.7796	11.5315	7.31114	10.8456	
7.52495	11.2065	7.70857	0	19.6696	19.4964	17.0352	10.5922	16.5595	20.1752	2.74357	11.0863	7.40531	12.5426	9.69625	9.75043	5.07102	5.93579	8.3067	5.48082	
17.3911	21.8572	24.0459	19.6696	0	30.3696	18.278	20.1614	14.2302	22.4444	15.9376	28.5481	13.4304	26.2085	19.2239	31.417	14.5986	21.1178	19.6916	13.2004	
15.0662	24.7847	16.7881	19.4964	30.3696	0	17.1072	2.76957	8.89302	0.678823	10.6182	31.1858	10.0689	19.5192	23.2437	13.0047	13.5862	21.7054	28.5315	9.73063	
15.9545	14.4784	17.3677	17.0352	18.278	17.1072	0	20.066	4.04772	12.2619	14.2916	14.1448	25.4639	12.5324	30.6024	19.0469	23.5593	19.1392	26.283	12.0572	
11.1518	15.6179	14.0186	10.5922	20.1614	2.76957	20.066	0	14.9706	3.44839	7.8486	16.1913	7.19106	22.4265	15.4419	14.8555	10.8167	13.5056	8.2007	6.96106	
12.2003	10.4307	13.32	16.5595	14.2302	8.89302	4.04772	14.9706	0	8.2142	10.7468	23.3572	8.23952	16.5801	22.5812	22.2107	19.5116	18.4643	14.5008	8.00952	
26.6514	18.6449	21.5342	20.1752	22.4444	0.678823	12.2619	3.44839	8.2142	0	22.6066	45.9373	22.0574	28.9608	34.8289	13.6835	23.292	28.671	23.3662	16.2237	
4.78138	11.3941	10.4521	2.74357	15.9376	10.6182	14.2916	7.8486	10.7468	22.6066	0	8.34271	2.96724	8.20356	10.6814	6.84293	7.81459	8.67936	9.22848	2.73724	
5.03463	16.8279	13.33	11.0863	28.5481	31.1858	14.1448	16.1913	23.3572	45.9373	8.34271	0	15.5777	1.61245	8.67208	8.12696	13.2223	8.21927	16.6422	11.08	
4.42076	8.88686	8.21253	7.40531	13.4304	10.0689	25.4639	7.19106	8.23952	22.0574	2.96724	15.5777	0	12.8131	8.87146	10.26	5.6921	6.20627	0.901388	0.23	
3.42218	14.6404	14.9425	12.5426	26.2085	19.5192	12.5324	22.4265	16.5801	28.9608	8.20356	1.61245	12.8131	0	9.32218	5.48373	11.6099	6.60681	24.8497	7.61294	
5.9	12.7592	9.26121	9.69625	19.2239	23.2437	30.6024	15.4419	22.5812	34.8289	10.6814	8.67208	8.87146	9.32218	0	7.96155	4.62524	11.1444	7.97008	10.0908	
2.06155	11.78	15.2779	9.75043	31.417	13.0047	19.0469	14.8555	22.2107	13.6835	6.84293	8.12696	10.26	5.48373	7.96155	0	14.6881	13.1213	11.1614	6.25232	
10.5252	14.5528	12.7796	5.07102	14.5986	13.5862	23.5593	10.8167	19.5116	23.292	7.81459	13.2223	5.6921	11.6099	4.62524	14.6881	0	6.5192	6.59349	5.9221	
10.029	8.03355	11.5315	5.93579	21.1178	21.7054	19.1392	13.5056	18.4643	28.671	8.67936	8.21927	6.20627	6.60681	11.1444	13.1213	6.5192	0	7.10766	6.43627	
10.682	9.99624	7.31114	8.3067	19.6916	28.5315	26.283	8.2007	14.5008	23.3662	9.22848	16.6422	0.901388	24.8497	7.97008	11.1614	6.59349	7.10766	0	1.13139	
4.19076	8.65686	10.8456	5.48082	13.2004	9.73063	12.0572	6.96106	8.00952	16.2237	2.73724	11.08	0.23	7.61294	10.0908	6.25232	5.9221	6.43627	1.13139	0	

0	14.3417	12.507	9.49461	10.2106	14.8488	13.3676	15.91	19.3179	26.9138	15.2771	14.105	8.32842	6.06097	5	6.47328	18.3212	14.8701	11.8451	8.60842	
14.3417	0	19.1144	7.17951	18.2516	6.59697	12.597	13.0994	17.5592	7.04952	15.562	27.7334	6.01332	22.113	16.4457	14.8305	16.0061	14.997	9.79915	6.29332	
12.507	19.1144	0	8.36507	9.30517	15.5768	12.4622	25.3565	18.4125	15.1243	7.48826	18.91	12.7724	6.44608	12.9657	15.8468	18.5404	15.2552	8.98661	9.61722	
9.49461	7.17951	8.36507	0	18.6284	7.89642	18.5275	21.734	10.8894	7.44387	0.876812	21.5843	1.16619	8.8459	15.8655	9.01262	7.78763	17.655	4.95202	1.44619	
10.2106	18.2516	9.30517	18.6284	0	9.15699	3.15699	19.4046	9.10736	13.3547	15.8574	10.5679	14.0084	15.7512	15.2106	16.6839	13.8968	21.3021	18.2918	13.7284	
14.8488	6.59697	15.5768	7.89642	9.15699	0	6	6.50246	10.9622	0.452548	16.1084	21.5732	12.6103	17.2091	9.84878	16.7017	16.7398	8.4	16.4955	20.1315	
13.3676	12.597	12.4622	18.5275	3.15699	6	0	12.5025	10.309	6.45255	23.3958	13.7249	19.9976	14.167	15.8488	22.7633	10.7398	14.4	20.9072	16.8854	
15.91	13.0994	25.3565	21.734	19.4046	6.50246	12.5025	0	17.4647	6.95501	31.1871	30.015	24.2384	18.9104	16.3512	22.3833	31.9091	14.9025	22.998	36.3609	
19.3179	17.5592	18.4125	10.8894	9.10736	10.9622	10.309	17.4647	0	11.4147	11.7663	19.6752	12.0556	19.7353	20.811	19.9021	18.6771	12.98	23.0592	15.7894	
26.9138	7.04952	15.1243	7.44387	13.3547	0.452548	6.45255	6.95501	11.4147	0	8.32068	21.1206	8.61006	16.2898	10.3013	16.4565	15.2315	8.85255	16.9481	12.3439	
15.2771	15.562	7.48826	0.876812	15.8574	16.1084	23.3958	31.1871	11.7663	8.32068	0	19.9	2.043	9.72272	18.8383	9.88943	8.66444	19.057	9.63844	2.12897	
14.105	27.7334	18.91	21.5843	10.5679	21.5732	13.7249	30.015	19.6752	21.1206	19.9	0	18.051	12.7384	12.808	15.0681	23.3345	21.5475	17.6057	17.771	
8.32842	6.01332	12.7724	1.16619	14.0084	12.6103	19.9976	24.2384	12.0556	8.61006	2.043	18.051	0	10.0121	13.3284	8.09731	8.95382	22.043	3.78583	0.28	
6.06097	22.113	6.44608	8.8459	15.7512	17.2091	14.167	18.9104	19.7353	16.2898	9.72272	12.7384	10.0121	0	11.061	9.40068	15.9005	8.80909	15.4327	13.7459	
5	16.4457	12.9657	15.8655	15.2106	9.84878	15.8488	16.3512	20.811	10.3013	18.8383	12.808	13.3284	11.061	0	6.85292	15.1371	17.8427	16.8451	14.6702	
6.47328	14.8305	15.8468	9.01262	16.6839	16.7017	22.7633	22.3833	19.9021	16.4565	9.88943	15.0681	8.09731	9.40068	6.85292	0	16.8003	15.0182	12.603	7.81731	
18.3212	16.0061	18.5404	7.78763	13.8968	16.7398	10.7398	31.9091	18.6771	15.2315	8.66444	23.3345	8.95382	15.9005	15.1371	16.8003	0	15.2549	13.7786	10.2728	
14.8701	14.997	15.2552	17.655	21.3021	8.4	14.4	14.9025	12.98	8.85255	19.057	21.5475	22.043	8.80909	17.8427	15.0182	15.2549	0	24.8955	21.186	
11.8451	9.79915	8.98661	4.95202	18.2918	16.4955	20.9072	22.998	23.0592	16.9481	9.63844	17.6057	3.78583	15.4327	16.8451	12.603	13.7786	24.8955	0	4.06583	
8.60842	6.29332	9.61722	1.44619	13.7284	20.1315	16.8854	36.3609	15.7894	12.3439	2.12897	17.771	0.28	13.7459	14.6702	7.81731	10.2728	21.186	4.06583	0	

0	13.9752	8.80756	5.33087	21.6975	25.6004	12.2188	14.1516	20.9903	27.213	8.81588	4.45816	6.64659	1.07201	3.7	2.63879	11.4847	9.06448	14.9341	7.29911	
13.9752	0	8.07217	12.9813	15.2392	16.0633	18.3819	17.7203	12.3066	14.3662	12.2697	13.8521	20.8463	12.9032	10.3167	14.241	7.36695	15.6812	15.0025	18.6845	
8.80756	8.07217	0	8.86086	18.7966	16.83	26.4541	17.6816	20.6277	18.527	12.3459	12.09	9.81479	10.3598	13.1023	6.16878	15.0147	22.2163	6.93035	10.6123	
5.33087	12.9813	8.86086	0	13.1842	20.6877	22.3391	14.2049	10.554	20.6341	2.91328	12.9168	5.55811	8.21704	9.62562	2.69208	5.61434	8.53666	2.67367	5	
21.6975	15.2392	18.7966	13.1842	0	9.92472	21.9778	16.6188	11.2893	11.6218	13.6619	25.1876	9.12423	19.7255	25.3975	12.8446	8.75918	17.7557	14.6755	8.18423	
25.6004	16.0633	16.83	20.6877	9.92472	0	16.6912	5.05116	16.4433	1.69706	26.0234	15.2629	16.6277	18.6491	25.7645	20.348	18.6839	20.4	22.1789	15.6877	
12.2188	18.3819	26.4541	22.3391	21.9778	16.6912	0	18.3483	10.6885	14.9942	27.8015	24.9854	18.2791	13.2908	15.9188	14.8576	15.6281	29.089	23.8304	17.3391	
14.1516	17.7203	17.6816	14.2049	16.6188	5.05116	18.3483	0	12.8598	3.3541	11.9182	21.7376	15.5206	17.0378	18.4464	11.5128	16.821	17.5416	19.9537	16.1731	
20.9903	12.3066	20.6277	10.554	11.2893	16.4433	10.6885	12.8598	0	16.2139	9.84239	26.7185	16.3255	16.5495	29.5217	13.7855	4.93964	13.9361	14.956	17.2655	
27.213	14.3662	18.527	20.6341	11.6218	1.69706	14.9942	3.3541	16.2139	0	15.2723	16.96	30.4224	26.2254	24.6829	14.8669	21.7332	22.0971	23.5947	17.3847	
8.81588	12.2697	12.3459	2.91328	13.6619	26.0234	27.8015	11.9182	9.84239	15.2723	0	15.7496	5.16188	11.7021	10.9879	5.60536	4.90275	5.62338	5.58695	6.10188	
4.45816	13.8521	12.09	12.9168	25.1876	15.2629	24.9854	21.7376	26.7185	16.96	15.7496	0	14.2326	3.38615	6.76615	8.91111	14.996	10.1263	19.0204	14.8851	
6.64659	20.8463	9.81479	5.55811	9.12423	16.6277	18.2791	15.5206	16.3255	30.4224	5.16188	14.2326	0	9.53277	10.9413	4.0078	10.0646	10.7853	2.88444	0.94	
1.07201	12.9032	10.3598	8.21704	19.7255	18.6491	13.2908	17.0378	16.5495	26.2254	11.7021	3.38615	9.53277	0	3.38	3.7108	11.6099	8.74448	17.2901	10.1853	
3.7	10.3167	13.1023	9.62562	25.3975	25.7645	15.9188	18.4464	29.5217	24.6829	10.9879	6.76615	10.9413	3.38	0	6.33879	14.361	5.36448	21.2617	11.5939	
2.63879	14.241	6.16878	2.69208	12.8446	20.348	14.8576	11.5128	13.7855	14.8669	5.60536	8.91111	4.0078	3.7108	6.33879	0	8.30642	11.8005	5.36575	4.66032	
11.4847	7.36695	15.0147	5.61434	8.75918	18.6839	15.6281	16.821	4.93964	21.7332	4.90275	14.996	10.0646	11.6099	14.361	8.30642	0	8.9965	8.28801	10.6143	
9.06448	15.6812	22.2163	8.53666	17.7557	20.4	29.089	17.5416	13.9361	22.0971	5.62338	10.1263	10.7853	8.74448	5.36448	11.8005	8.9965	0	15.1768	16.0857	
14.9341	15.0025	6.93035	2.67367	14.6755	22.1789	23.8304	19.9537	14.956	23.5947	5.58695	19.0204	2.88444	17.2901	21.2617	5.36575	8.28801	15.1768	0	3.82444	
7.29911	18.6845	10.6123	5	8.18423	15.6877	17.3391	16.1731	17.2655	17.3847	6.10188	14.8851	0.94	10.1853	11.5939	4.66032	10.6143	16.0857	3.82444	0	

0	10.8514	11.2805	15.2023	16.1668	8.65332	15.0133	18.1277	22.5229	9.34629	7.92543	11.1193	7.43233	5.40127	6.47112	2.76248	9.91313	9.18	12.5663	6.20233	
10.8514	0	19.9114	13.6491	15.5936	14.8941	22.0874	34.6782	19.5576	19.8242	14.5031	12.5929	5.87905	19.7514	12.9914	16.7	8.35985	25.0031	11.013	4.64905	
11.2805	19.9114	0	11.9652	18.9105	17.1911	10.8311	21.6788	13.3609	12.8433	6.10462	13.02	9.91341	16.6818	19.7018	14.043	10.4986	12.7311	4.03636	10.4003	
15.2023	13.6491	11.9652	0	18.5102	10.308	22.7539	21.4441	15.8109	9.615	4.27092	15.0659	6.47236	13.9339	17.8713	9.43387	5.34268	12.4964	6.33919	7.70236	
16.1668	15.5936	18.9105	18.5102	0	14.2916	8.886	35.1236	6.35618	14.9846	17.8962	27.286	12.0379	21.568	22.4989	18.9292	18.4889	25.3468	17.9149	13.2679	
8.65332	14.8941	17.1911	10.308	14.2916	0	6.36	19.5877	8.88982	0.692965	13.0446	19.7726	11.475	14.0546	8.20731	7.88162	13.9558	17.8333	9.49992	10.245	
15.0133	22.0874	10.8311	22.7539	8.886	6.36	0	27.192	2.52982	7.05296	14.0698	22.5245	20.7022	31.0705	14.5673	14.2416	20.3125	23.5622	14.8251	16.605	
18.1277	34.6782	21.6788	21.4441	35.1236	19.5877	27.192	0	31.1342	18.8948	19.9474	31.4231	23.2863	21.2804	19.1687	15.4601	16.9011	8.94772	17.8792	24.2431	
22.5229	19.5576	13.3609	15.8109	6.35618	8.88982	2.52982	31.1342	0	17.3936	11.54	25.0543	18.3941	21.2029	25.108	16.7029	17.7827	25.7361	13.6082	21.3941	
9.34629	19.8242	12.8433	9.615	14.9846	0.692965	7.05296	18.8948	17.3936	0	10.8752	21.219	14.684	24.9392	8.90028	8.57459	14.9577	22.1114	8.80696	10.938	
7.92543	14.5031	6.10462	4.27092	17.8962	13.0446	14.0698	19.9474	11.54	10.8752	0	18.2089	7.94531	9.66294	8.87158	5.16294	8.53046	16.7673	2.06826	8.43222	
11.1193	12.5929	13.02	15.0659	27.286	19.7726	22.5245	31.4231	25.0543	21.219	18.2089	0	21.2197	8.54599	11.6072	13.8818	20.4086	20.2993	17.0564	17.2419	
7.43233	5.87905	9.91341	6.47236	12.0379	11.475	20.7022	23.2863	18.3941	14.684	7.94531	21.2197	0	15.1074	11.7242	8.01561	4.9408	14.3386	5.87705	1.23	
5.40127	19.7514	16.6818	13.9339	21.568	14.0546	31.0705	21.2804	21.2029	24.9392	9.66294	8.54599	15.1074	0	6.76	7.09174	19.2915	12.3327	11.7312	11.6036	
6.47112	12.9914	19.7018	17.8713	22.4989	8.20731	14.5673	19.1687	25.108	8.90028	8.87158	11.6072	11.7242	6.76	0	3.70864	14.8126	12.0118	16.4191	11.1018	
2.76248	16.7	14.043	9.43387	18.9292	7.88162	14.2416	15.4601	16.7029	8.57459	5.16294	13.8818	8.01561	7.09174	3.70864	0	14.4667	11.9425	7.23121	8.96481	
9.91313	8.35985	10.4986	5.34268	18.4889	13.9558	20.3125	16.9011	17.7827	14.9577	8.53046	20.4086	4.9408	19.2915	14.8126	14.4667	0	7.95343	6.4622	3.7108	
9.18	25.0031	12.7311	12.4964	25.3468	17.8333	23.5622	8.94772	25.7361	22.1114	16.7673	20.2993	14.3386	12.3327	12.0118	11.9425	7.95343	0	14.4156	11.6642	
12.5663	11.013	4.03636	6.33919	17.9149	9.49992	14.8251	17.8792	13.6082	8.80696	2.06826	17.0564	5.87705	11.7312	16.4191	7.23121	6.4622	14.4156	0	6.36396	
6.20233	4.64905	10.4003	7.70236	13.2679	10.245	16.605	24.2431	21.3941	10.938	8.43222	17.2419	1.23	11.6036	11.1018	8.96481	3.7108	11.6642	6.36396	0	

0	14.1838	22.6226	6.35407	25.9233	15.576	26.136	15.8506	25.6052	18.1074	8.04671	12.9678	19.1125	2.63879	7.12638	4.7828	7.91835	9.90628	17.9587	10.2365	
14.1838	0	17.4672	7.95447	12.6391	27.9321	24.1868	15.7596	25.2945	21.0202	10.3021	19.6014	7.51665	11.545	11.463	13.5592	7.82739	8.73212	8.67042	8.02665	
22.6226	17.4672	0	9.51271	16.209	20.8195	10.8311	19.2384	21.8991	14.6122	11.8603	22.3389	11.6635	13.228	14.2005	16.2967	11.8671	20.9157	10.5098	11.7127	
6.35407	7.95447	9.51271	0	9.01696	16.9478	18.6673	10.26	17.65	8.75134	2.34759	15.4056	2.71	3.71528	8.1	5.85929	2.3544	10.9828	4.10919	2.2	
25.9233	12.6391	16.209	9.01696	0	12.9021	14.6239	19.277	8.63302	10.8427	11.3646	22.5135	5.1225	12.7322	14.3751	16.4713	11.3714	20.4199	6.27628	5.6325	
15.576	27.9321	20.8195	16.9478	12.9021	0	6.31258	10.5966	6.05181	2.53144	23.6227	29.1431	11.4635	17.4529	26.3138	19.5969	15.7242	19.2	10.3097	9.08278	
26.136	24.1868	10.8311	18.6673	14.6239	6.31258	0	8.40729	7.30151	3.78114	27.1099	41.3868	18.1065	28.0129	25.0316	28.4235	16.3395	26.3027	20.8697	10.3325	
15.8506	15.7596	19.2384	10.26	19.277	10.5966	8.40729	0	19.4025	12.1884	10.8967	25.3553	16.1493	13.9753	18.36	23.6835	7.93221	17.5806	16.8981	12.46	
25.6052	25.2945	21.8991	17.65	8.63302	6.05181	7.30151	19.4025	0	3.52037	22.7406	36.1328	13.7555	27.4821	23.0081	29.9318	16.7132	29.2292	20.3389	10.0717	
18.1074	21.0202	14.6122	8.75134	10.8427	2.53144	3.78114	12.1884	3.52037	0	8.74113	30.6159	7.06134	19.9843	25.2178	15.1203	13.1928	21.7314	8.46052	6.55134	
8.04671	10.3021	11.8603	2.34759	11.3646	23.6227	27.1099	10.8967	22.7406	8.74113	0	13.3922	2.69979	6.06287	9.28743	7.19124	2.96446	12.6129	4.09898	2.18979	
12.9678	19.6014	22.3389	15.4056	22.5135	29.1431	41.3868	25.3553	36.1328	30.6159	13.3922	0	25.9787	10.0817	8.13842	7.93764	16.3567	15.2522	29.4459	15.582	
19.1125	7.51665	11.6635	2.71	5.1225	11.4635	18.1065	16.1493	13.7555	7.06134	2.69979	25.9787	0	9.60454	13.9893	9.07898	8.24366	15.7655	1.15378	0.51	
2.63879	11.545	13.228	3.71528	12.7322	17.4529	28.0129	13.9753	27.4821	19.9843	6.06287	10.0817	9.60454	0	4.2402	2.14401	6.06968	7.2675	10.3534	5.91528	
7.12638	11.463	14.2005	8.1	14.3751	26.3138	25.0316	18.36	23.0081	25.2178	9.28743	8.13842	13.9893	4.2402	0	2.09619	10.4544	7.11376	14.7381	10.3	
4.7828	13.5592	16.2967	5.85929	16.4713	19.5969	28.4235	23.6835	29.9318	15.1203	7.19124	7.93764	9.07898	2.14401	2.09619	0	10.1557	9.20995	10.4782	8.56898	
7.91835	7.82739	11.8671	2.3544	11.3714	15.7242	16.3395	7.93221	16.7132	13.1928	2.96446	16.3567	8.24366	6.06968	10.4544	10.1557	0	9.64842	8.99247	4.5544	
9.90628	8.73212	20.9157	10.9828	20.4199	19.2	26.3027	17.5806	29.2292	21.7314	12.6129	15.2522	15.7655	7.2675	7.11376	9.20995	9.64842	0	17.1647	13.603	
17.9587	8.67042	10.5098	4.10919	6.27628	10.3097	20.8697	16.8981	20.3389	8.46052	4.09898	29.4459	1.15378	10.3534	14.7381	10.4782	8.99247	17.1647	0	1.66378	
10.2365	8.02665	11.7127	2.2	5.6325	9.08278	10.3325	12.46	10.0717	6.55134	2.18979	15.582	0.51	5.91528	10.3	8.56898	4.5544	13.603	1.66378	0	

0	17.632	14.1929	11.0936	18.0188	16.874	20.3647	15.6653	18.086	17.7932	7.29493	5.35373	6.66476	0.865852	4.83843	1.8554	13.9901	16.24	11.9974	9.05205	
17.632	0	21.1222	9.36687	16.2921	17.9966	16.0577	8.75073	14.603	25.1983	7.95266	30.3462	8.26831	17.7286	15.6661	13.0777	4.60435	14.5133	12.3426	9.32831	
14.1929	21.1222	0	8.52863	23.7132	18.5815	30.4781	19.3286	22.0264	18.4852	9.94285	25.0764	8.41526	16.1308	15.3206	12.3376	17.2218	14.0042	4.34099	8.03209	
11.0936	9.36687	8.52863	0	9.75367	10.0528	14.6128	10.8	14.4019	10.9721	1.41421	16.5478	6.23912	14.0934	13.2832	6.85374	8.69317	7.97482	7.65222	3.42153	
18.0188	16.2921	23.7132	9.75367	0	11.325	6.76498	8.59593	8.21963	15.6078	8.33946	30.733	18.5983	23.3954	21.5626	13.779	12.7423	14.9001	23.5398	10.3468	
16.874	17.9966	18.5815	10.0528	11.325	0	4.56	7.10454	6.01465	0.919239	11.467	22.2277	16.2919	17.2588	9.84878	12.8318	11.2509	18	17.705	17.6528	
20.3647	16.0577	30.4781	14.6128	6.76498	4.56	0	10.8094	1.45465	5.47924	15.1044	25.7184	9.6174	21.2305	14.4088	22.2201	14.9558	22.56	25.8261	15.0092	
15.6653	8.75073	19.3286	10.8	8.59593	7.10454	10.8094	0	12.264	8.02378	12.2142	26.4897	17.0391	14.7995	16.9533	18.5927	4.14638	18.0975	18.4522	17.7045	
18.086	14.603	22.0264	14.4019	8.21963	6.01465	1.45465	12.264	0	11.1817	15.5619	30.5178	8.16276	20.4941	20.1113	12.9721	19.2074	21.2728	12.237	9.22276	
17.7932	25.1983	18.4852	10.9721	15.6078	0.919239	5.47924	8.02378	11.1817	0	20.6786	24.0768	16.93	25.6444	10.768	21.7393	14.3115	18.9192	21.0042	17.99	
7.29493	7.95266	9.94285	1.41421	8.33946	11.467	15.1044	12.2142	15.5619	20.6786	0	15.0331	3.06731	9.23279	8.42257	5.43953	10.1074	6.56061	5.69841	2.00731	
5.35373	30.3462	25.0764	16.5478	30.733	22.2277	25.7184	26.4897	30.5178	24.0768	15.0331	0	15.277	6.21958	13.4537	7.20913	24.8145	28.8969	17.772	14.4058	
6.66476	8.26831	8.41526	6.23912	18.5983	16.2919	9.6174	17.0391	8.16276	16.93	3.06731	15.277	0	8.60262	7.7924	4.80937	12.8727	17.4501	4.07427	1.06	
0.865852	17.7286	16.1308	14.0934	23.3954	17.2588	21.2305	14.7995	20.4941	25.6444	9.23279	6.21958	8.60262	0	6.77629	2.72125	13.1242	21.3378	13.2841	9.9179	
4.83843	15.6661	15.3206	13.2832	21.5626	9.84878	14.4088	16.9533	20.1113	10.768	8.42257	13.4537	7.7924	6.77629	0	2.98304	20.2704	19.2421	13.1251	16.0356	
1.8554	13.0777	12.3376	6.85374	13.779	12.8318	22.2201	18.5927	12.9721	21.7393	5.43953	7.20913	4.80937	2.72125	2.98304	0	16.9175	12.0001	8.88364	5.86937	
13.9901	4.60435	17.2218	8.69317	12.7423	11.2509	14.9558	4.14638	19.2074	14.3115	10.1074	24.8145	12.8727	13.1242	20.2704	16.9175	0	13.9511	16.3454	13.5231	
16.24	14.5133	14.0042	7.97482	14.9001	18	22.56	18.0975	21.2728	18.9192	6.56061	28.8969	17.4501	21.3378	19.2421	12.0001	13.9511	0	18.3452	8.56792	
11.9974	12.3426	4.34099	7.65222	23.5398	17.705	25.8261	18.4522	12.237	21.0042	5.69841	17.772	4.07427	13.2841	13.1251	8.88364	16.3454	18.3452	0	3.6911	
9.05205	9.32831	8.03209	3.42153	10.3468	17.6528	15.0092	17.7045	9.22276	17.99	2.00731	14.4058	1.06	9.9179	16.0356	5.86937	13.5231	8.56792	3.6911	0	

0	15.881	23.1604	6.05733	10.2106	16.426	16.752	9.25	17.6103	18.4698	10.9505	17.1247	8.27309	6.88559	14.7	6.96805	17.6482	11.5245	13.5252	10.1573	
15.881	0	2.82526	10.195	5.67041	7.25667	10.9767	15.6858	11.7346	8.9113	5.30177	12.1077	8.4053	11.0995	15.7827	16.6418	13.5452	10.1456	8.68941	7.8553	
23.1604	2.82526	0	12.7875	8.49568	10.0819	19.5489	19.8033	14.5598	15.1243	8.12703	17.98	9.7942	22.4096	18.1659	22.1638	14.1003	7.32036	5.86415	9.32952	
6.05733	10.195	12.7875	0	9.58052	13.3389	10.6947	8.60266	16.7775	18.3885	4.89318	11.6991	2.21576	10.0843	14.0916	9.48081	9.78989	5.46717	6.14581	2.76576	
10.2106	5.67041	8.49568	9.58052	0	8.53526	12.2553	11.4612	7.39973	10.1899	10.9722	19.4695	11.7963	17.0962	23.1446	17.1786	12.5863	15.0477	16.8986	13.5257	
16.426	7.25667	10.0819	13.3389	8.53526	0	3.72	8.42912	5.36448	1.65463	12.5584	26.5657	11.1232	18.0513	18.7295	9.45795	10.5511	12.6	12.5753	11.6732	
16.752	10.9767	19.5489	10.6947	12.2553	3.72	0	12.1491	6.64078	5.37463	15.5879	36.2906	12.9104	19.3276	37.1547	13.1779	9.84485	16.1618	13.6847	14.7947	
9.25	15.6858	19.8033	8.60266	11.4612	8.42912	12.1491	0	13.0854	10.0837	12.0438	26.9585	6.3869	16.1356	19.608	16.218	14.1029	17.5154	10.317	6.9369	
17.6103	11.7346	14.5598	16.7775	7.39973	5.36448	6.64078	13.0854	0	7.01911	13.5099	22.9259	12.9026	12.6868	35.1512	14.8224	5.18662	11.9666	11.1177	10.8765	
18.4698	8.9113	15.1243	18.3885	10.1899	1.65463	5.37463	10.0837	7.01911	0	15.1556	30.6249	12.7778	21.6445	20.7733	11.1126	19.0066	14.2546	10.9206	16.6482	
10.9505	5.30177	8.12703	4.89318	10.9722	12.5584	15.5879	12.0438	13.5099	15.1556	0	6.80589	5.65685	5.79777	10.4809	11.34	8.32328	10.3604	4.23501	6.20685	
17.1247	12.1077	17.98	11.6991	19.4695	26.5657	36.2906	26.9585	22.9259	30.6249	6.80589	0	12.4627	10.2391	12.2743	18.1459	15.1292	14.5719	11.0409	16.1125	
8.27309	8.4053	9.7942	2.21576	11.7963	11.1232	12.9104	6.3869	12.9026	12.7778	5.65685	12.4627	0	10.8673	10.5416	11.6966	6.23989	7.68294	3.93005	0.55	
6.88559	11.0995	22.4096	10.0843	17.0962	18.0513	19.3276	16.1356	12.6868	21.6445	5.79777	10.2391	10.8673	0	16.2787	10.1428	14.121	15.5515	10.0328	11.4173	
14.7	15.7827	18.1659	14.0916	23.1446	18.7295	37.1547	19.608	35.1512	20.7733	10.4809	12.2743	10.5416	16.2787	0	9.2716	15.6815	10.8456	14.7159	9.99162	
6.96805	16.6418	22.1638	9.48081	17.1786	9.45795	13.1779	16.218	14.8224	11.1126	11.34	18.1459	11.6966	10.1428	9.2716	0	19.6633	14.948	15.575	13.5808	
17.6482	13.5452	14.1003	9.78989	12.5863	10.5511	9.84485	14.1029	5.18662	19.0066	8.32328	15.1292	6.23989	14.121	15.6815	19.6633	0	6.77997	11.4175	5.68989	
11.5245	10.1456	7.32036	5.46717	15.0477	12.6	16.1618	17.5154	11.9666	14.2546	10.3604	14.5719	7.68294	15.5515	10.8456	14.948	6.77997	0	12.935	9.56717	
13.5252	8.68941	5.86415	6.14581	16.8986	12.5753	13.6847	10.317	11.1177	10.9206	4.23501	11.0409	3.93005	10.0328	14.7159	15.575	11.4175	12.935	0	4.48005	
10.1573	7.8553	9.32952	2.76576	13.5257	11.6732	14.7947	6.9369	10.8765	16.6482	6.20685	16.1125	0.55	11.4173	9.99162	13.5808	5.68989	9.56717	4.48005	0	

0	22.8968	17.5976	5.96927	21.649	31.3709	36.3506	15.0852	14.9715	20.5555	14.0484	13.2814	10.5218	5.60742	2.6	3.62833	5.35023	5.74871	15.8513	10.5607	
22.8968	0	15.5968	16.3169	13.4672	28.3118	24.8318	14.7567	24.0925	18.2226	18.7771	21.7505	14.5456	23.2167	25.4968	18.6578	20.5672	22.7675	14.0737	13.1456	
17.5976	15.5968	0	9.54416	18.9105	16.009	19.489	9.28203	23.1232	17.197	8.22038	15.954	3.83071	22.9986	19.0625	17.2911	12.0242	10.217	1.52315	8.86292	
5.96927	16.3169	9.54416	0	16.3506	24.1318	20.6518	12.69	13.6842	16.1559	5.09117	5.4336	3.03209	4.32003	8.30701	2.34094	9.41766	6.27093	5.33965	4.43209	
21.649	13.4672	18.9105	16.3506	0	26.4854	14.7995	24.3551	10.6253	21.2429	11.4281	17.3559	12.4883	28.9772	22.8766	20.2119	17.7617	15.6457	15.6261	11.0883	
31.3709	28.3118	16.009	24.1318	26.4854	0	3.48	4.65384	7.65421	1.18794	13.9618	26.5327	22.2102	32.0681	25.3851	27.2034	16.3932	13.1211	17.5322	11.3425	
36.3506	24.8318	19.489	20.6518	14.7995	3.48	0	18.3297	4.17421	4.66794	24.8783	26.0854	22.3137	27.5516	38.6884	15.5174	21.7099	26.7969	24.0518	19.2691	
15.0852	14.7567	9.28203	12.69	24.3551	4.65384	18.3297	0	17.5976	3.46591	14.4561	18.1236	10.0664	18.0882	22.5082	15.0309	9.73499	15.3991	7.75888	13.6205	
14.9715	24.0925	23.1232	13.6842	10.6253	7.65421	4.17421	17.5976	0	17.0481	20.7041	26.6318	16.4949	13.3223	17.3093	11.3432	17.5357	15.2732	20.447	15.0949	
20.5555	18.2226	17.197	16.1559	21.2429	1.18794	4.66794	3.46591	17.0481	0	12.7739	18.7016	11.5546	21.5541	15.0819	15.8631	13.2009	11.9331	11.2248	10.1546	
14.0484	18.7771	8.22038	5.09117	11.4281	13.9618	24.8783	14.4561	20.7041	12.7739	0	5.92771	4.87904	11.991	7.36625	7.43211	13.5044	4.21753	6.69722	6.08276	
13.2814	21.7505	15.954	5.4336	17.3559	26.5327	26.0854	18.1236	26.6318	18.7016	5.92771	0	8.46569	11.7709	11.5461	7.77454	16.9339	8.39738	12.6249	12.0105	
10.5218	14.5456	3.83071	3.03209	12.4883	22.2102	22.3137	10.0664	16.4949	11.5546	4.87904	8.46569	0	8.87252	12.8595	5.37303	8.82159	9.09657	2.30755	1.4	
5.60742	23.2167	22.9986	4.32003	28.9772	32.0681	27.5516	18.0882	13.3223	21.5541	11.991	11.7709	8.87252	0	4.42	1.97909	9.05581	5.90908	14.9208	14.1498	
2.6	25.4968	19.0625	8.30701	22.8766	25.3851	38.6884	22.5082	17.3093	15.0819	7.36625	11.5461	12.8595	4.42	0	5.96607	7.95023	3.14871	11.8425	13.1607	
3.62833	18.6578	17.2911	2.34094	20.2119	27.2034	15.5174	15.0309	11.3432	15.8631	7.43211	7.77454	5.37303	1.97909	5.96607	0	7.07672	3.92999	9.20098	8.29342	
5.35023	20.5672	12.0242	9.41766	17.7617	16.3932	21.7099	9.73499	17.5357	13.2009	13.5044	16.9339	8.82159	9.05581	7.95023	7.07672	0	11.0067	10.5011	7.42159	
5.74871	22.7675	10.217	6.27093	15.6457	13.1211	26.7969	15.3991	15.2732	11.9331	4.21753	8.39738	9.09657	5.90908	3.14871	3.92999	11.0067	0	8.69382	10.3003	
15.8513	14.0737	1.52315	5.33965	15.6261	17.5322	24.0518	7.75888	20.447	11.2248	6.69722	12.6249	2.30755	14.9208	11.8425	9.20098	10.5011	8.69382	0	3.70755	
10.5607	13.1456	8.86292	4.43209	11.0883	11.3425	19.2691	13.6205	15.0949	10.1546	6.08276	12.0105	1.4	14.1498	13.1607	8.29342	7.42159	10.3003	3.70755	0	

0	14.5239	9.30481	7.26344	16.5565	15.576	16.1049	23.6056	20.9405	15.8588	8.62759	6.5892	6.15707	1.93786	9.21786	3.75203	12.4228	7.12059	10.1521	5.86707	
14.5239	0	10.6284	11.5569	7.97402	15.173	12.6343	15.4238	20.5375	15.4559	13.5839	17.2102	6.16365	14.9406	18.346	15.19	14.765	12.78	7.10109	6.45365	
9.30481	10.6284	0	13.2791	7.80433	21.9452	12.4647	15.2541	24.4063	19.0723	13.9998	15.4292	9.61509	7.36695	7.71767	12.3147	16.9348	14.5022	9.74819	9.90509	
7.26344	11.5569	13.2791	0	7.32628	11.3678	11.9866	14.7761	23.9282	18.5826	3.4224	15.8194	3.19	8.45914	15.5158	3.51141	8.69317	6.87997	7.18507	2.9	
16.5565	7.97402	7.80433	7.32628	0	11.5508	4.66032	7.44981	14.9187	9.22376	10.7487	25.1843	14.1377	15.1713	15.522	10.8377	16.0195	20.9754	17.5525	10.2263	
15.576	15.173	21.9452	11.3678	11.5508	0	4.84628	4.08416	3.9336	0.282843	7.94541	22.1652	19.3298	14.6351	20.0388	14.581	17.4089	16.8	22.5174	12.8725	
16.1049	12.6343	12.4647	11.9866	4.66032	4.84628	0	8.36476	8.2142	4.56344	20.0654	22.2293	14.242	14.167	18.9608	15.6498	25.3803	19.0184	13.3046	17.5897	
23.6056	15.4238	15.2541	14.7761	7.44981	4.08416	8.36476	0	7.45207	3.80132	19.1855	21.2334	14.5986	25.8752	24.9543	16.8942	13.7011	13.5256	15.5361	14.8886	
20.9405	20.5375	24.4063	23.9282	14.9187	3.9336	8.2142	7.45207	0	3.65075	13.3099	47.4593	18.0904	25.0453	22.8092	18.722	31.378	22.1645	17.153	21.438	
15.8588	15.4559	19.0723	18.5826	9.22376	0.282843	4.56344	3.80132	3.65075	0	8.22826	25.0347	18.3999	18.7305	27.1646	14.8638	17.5024	17.0828	17.868	25.7686	
8.62759	13.5839	13.9998	3.4224	10.7487	7.94541	20.0654	19.1855	13.3099	8.22826	0	14.752	5.21704	6.68973	12.0934	6.93381	9.46346	9.05014	9.2121	4.92704	
6.5892	17.2102	15.4292	15.8194	25.1843	22.1652	22.2293	21.2334	47.4593	25.0347	14.752	0	22.564	8.06226	15.3423	10.3412	22.196	16.6692	16.4145	12.4563	
6.15707	6.16365	9.61509	3.19	14.1377	19.3298	14.242	14.5986	18.0904	18.3999	5.21704	22.564	0	9.28969	6.59363	12.1995	6.84574	4.41311	0.937443	0.29	
1.93786	14.9406	7.36695	8.45914	15.1713	14.6351	14.167	25.8752	25.0453	18.7305	6.68973	8.06226	9.28969	0	7.28	4.94773	14.1338	8.31629	8.35225	7.80493	
9.21786	18.346	7.71767	15.5158	15.522	20.0388	18.9608	24.9543	22.8092	27.1646	12.0934	15.3423	6.59363	7.28	0	12.0934	13.4552	11.4287	5.65618	9.94125	
3.75203	15.19	12.3147	3.51141	10.8377	14.581	15.6498	16.8942	18.722	14.8638	6.93381	10.3412	12.1995	4.94773	12.0934	0	9.73049	3.36856	12.5592	6.41141	
12.4228	14.765	16.9348	8.69317	16.0195	17.4089	25.3803	13.7011	31.378	17.5024	9.46346	22.196	6.84574	14.1338	13.4552	9.73049	0	10.6788	9.53884	6.55574	
7.12059	12.78	14.5022	6.87997	20.9754	16.8	19.0184	13.5256	22.1645	17.0828	9.05014	16.6692	4.41311	8.31629	11.4287	3.36856	10.6788	0	8.40817	4.12311	
10.1521	7.10109	9.74819	7.18507	17.5525	22.5174	13.3046	15.5361	17.153	17.868	9.2121	16.4145	0.937443	8.35225	5.65618	12.5592	9.53884	8.40817	0	1.22744	
5.86707	6.45365	9.90509	2.9	10.2263	12.8725	17.5897	14.8886	21.438	25.7686	4.92704	12.4563	0.29	7.80493	9.94125	6.41141	6.55574	4.12311	1.22744	0	

0	21.2978	9.06432	3.46133	15.2316	15.78	12.6795	10.1579	15.5953	12.456	7.17072	2.77982	10.75	1.23693	4.74693	4.20557	7.74393	5.58	12.9575	4.71133	
21.2978	0	10.3593	7.66249	15.6528	12.4665	16.3733	8.85402	19.0065	15.8281	8.29814	31.4815	7.02249	18.1867	25.7296	27.0081	24.9665	13.4319	13.8371	6.41249	
9.06432	10.3593	0	9.06348	17.0537	25.8622	17.7742	19.2133	22.4667	19.3274	9.69913	13.3097	8.42348	7.82739	11.3374	21.0213	21.6064	16.8843	8.68198	7.81348	
3.46133	7.66249	9.06348	0	10.4903	9.31995	11.2108	14.04	12.134	8.99468	3.13566	6.24115	1.86	4.59987	8.10987	7.6669	8.80598	9.04133	8.67462	1.25	
15.2316	15.6528	17.0537	10.4903	0	19.8516	15.0631	14.2295	11.7637	24.5416	11.1046	14.2666	7.42762	19.3416	16.0097	21.8966	25.435	9.65157	13.0523	8.03762	
15.78	12.4665	25.8622	9.31995	19.8516	0	17.28	3.61248	13.7649	0.325269	23.287	29.0673	18.232	12.6773	23.407	32.7974	23.3568	8.19038	17.8702	19.2708	
12.6795	16.3733	17.7742	11.2108	15.0631	17.28	0	13.631	3.47851	17.6053	11.3124	16.9249	7.63546	11.4426	14.9526	17.5598	14.0214	19.0316	13.2601	8.24546	
10.1579	8.85402	19.2133	14.04	14.2295	3.61248	13.631	0	10.1525	3.93775	17.9432	24.5678	18.164	14.2679	19.7945	25.7447	26.1402	4.5779	21.4826	13.6487	
15.5953	19.0065	22.4667	12.134	11.7637	13.7649	3.47851	10.1525	0	15.9522	16.0372	14.4154	11.114	14.9211	20.774	23.8387	17.5	14.7304	14.2941	13.384	
12.456	15.8281	19.3274	8.99468	24.5416	0.325269	17.6053	3.93775	15.9522	0	12.8979	17.8344	16.2834	12.3521	15.8621	20.6994	23.0315	10.5253	18.1954	10.2447	
7.17072	8.29814	9.69913	3.13566	11.1046	23.287	11.3124	17.9432	16.0372	12.8979	0	4.3909	2.49566	8.5031	12.259	8.44112	4.90275	10.9565	5.41687	1.88566	
2.77982	31.4815	13.3097	6.24115	14.2666	29.0673	16.9249	24.5678	14.4154	17.8344	4.3909	0	8.06785	4.01675	8.07982	6.98539	9.29365	8.35982	9.80777	6.27656	
10.75	7.02249	8.42348	1.86	7.42762	18.232	7.63546	18.164	11.114	16.2834	2.49566	8.06785	0	11.8886	8.58209	18.9934	8.57971	9.68083	5.62466	0.61	
1.23693	18.1867	7.82739	4.59987	19.3416	12.6773	11.4426	14.2679	14.9211	12.3521	8.5031	4.01675	11.8886	0	3.51	5.4425	13.6737	6.81693	13.5369	5.84987	
4.74693	25.7296	11.3374	8.10987	16.0097	23.407	14.9526	19.7945	20.774	15.8621	12.259	8.07982	8.58209	3.51	0	9.50557	16.5186	10.88	10.0269	9.19209	
4.20557	27.0081	21.0213	7.6669	21.8966	32.7974	17.5598	25.7447	23.8387	20.6994	8.44112	6.98539	18.9934	5.4425	9.50557	0	3.53836	9.78557	16.4628	12.9547	
7.74393	24.9665	21.6064	8.80598	25.435	23.3568	14.0214	26.1402	17.5	23.0315	4.90275	9.29365	8.57971	13.6737	16.5186	3.53836	0	22.0349	10.3196	6.78841	
5.58	13.4319	16.8843	9.04133	9.65157	8.19038	19.0316	4.5779	14.7304	10.5253	10.9565	8.35982	9.68083	6.81693	10.88	9.78557	22.0349	0	16.4955	9.07083	
12.9575	13.8371	8.68198	8.67462	13.0523	17.8702	13.2601	21.4826	14.2941	18.1954	5.41687	9.80777	5.62466	13.5369	10.0269	16.4628	10.3196	16.4955	0	6.23466	
4.71133	6.41249	7.81348	1.25	8.03762	19.2708	8.24546	13.6487	13.384	10.2447	1.88566	6.27656	0.61	5.84987	9.19209	12.9547	6.78841	9.07083	6.23466	0	

-111