10
5
2
2
40

6	25
1	50
11	25
47	42
3	33

40	12
50	19
49	12
45	9
11	8
25	5
17	28
33	35
2	41
7	15

150

1.79769e+308
1.79769e+308
1.79769e+308
1.79769e+308
1.79769e+308

13
15
11
18
13
13
19
18
19
14

0
0
0
0
0

0

0	2.42886	3.20896	12.8292	1.2773	11.5494	14.1999	16.0173	6.18301	4.3483	8.46329	6.72298	14.6041	4.99557	7.13175	
2.42886	0	6.43633	9.60186	1.15155	5.72503	4.35397	13.0114	2.95564	4.22255	7.07266	6.00818	12.3648	4.86982	4.12586	
3.20896	6.43633	0	10.4243	4.48626	6.12685	6.03473	12.567	4.6364	9.62012	5.25434	3.51402	10.2817	5.24522	5.89651	
12.8292	9.60186	10.4243	0	10.7534	6.04243	9.60637	3.60566	11.7895	10.2019	5.16992	15.8711	10.1972	15.8894	8.11672	
1.2773	1.15155	4.48626	10.7534	0	17.2611	13.7462	17.2581	4.10719	3.071	8.10294	8.38827	13.3268	3.71827	5.27741	
11.5494	5.72503	6.12685	6.04243	17.2611	0	2.06922	3.0688	2.76939	5.90445	0.87251	5.82194	5.89982	11.5919	3.81931	
14.1999	4.35397	6.03473	9.60637	13.7462	2.06922	0	5.13802	1.39834	10.1786	2.94173	4.45088	10.1739	10.0279	8.09343	
16.0173	13.0114	12.567	3.60566	17.2581	3.0688	5.13802	0	5.83819	12.3446	3.94131	18.1057	12.34	16.0287	8.88557	
6.18301	2.95564	4.6364	11.7895	4.10719	2.76939	1.39834	5.83819	0	9.99314	3.6419	3.05254	9.40917	7.72255	6.95856	
4.3483	4.22255	9.62012	10.2019	3.071	5.90445	10.1786	12.3446	9.99314	0	5.03194	8.15416	10.0593	6.78927	3.72361	
8.46329	7.07266	5.25434	5.16992	8.10294	0.87251	2.94173	3.94131	3.6419	5.03194	0	8.76836	5.02731	10.4996	2.9468	
6.72298	6.00818	3.51402	15.8711	8.38827	5.82194	4.45088	18.1057	3.05254	8.15416	8.76836	0	12.4617	4.67001	9.41053	
14.6041	12.3648	10.2817	10.1972	13.3268	5.89982	10.1739	12.34	9.40917	10.0593	5.02731	12.4617	0	14.0097	7.97411	
4.99557	4.86982	5.24522	15.8894	3.71827	11.5919	10.0279	16.0287	7.72255	6.78927	10.4996	4.67001	14.0097	0	11.1417	
7.13175	4.12586	5.89651	8.11672	5.27741	3.81931	8.09343	8.88557	6.95856	3.72361	2.9468	9.41053	7.97411	11.1417	0	

0	4.68275	3.29754	10.4161	0.649239	9.37236	10.7708	19.0194	9.50992	4.25918	7.41823	5.12865	15.4481	4.95131	3.24738	
4.68275	0	8.83303	8.41575	4.03351	23.5586	27.7786	26.3653	5.34613	11.165	9.62649	8.51292	5.56946	2.61713	6.63165	
3.29754	8.83303	0	8.95907	3.94677	6.07482	7.71673	15.377	6.21239	5.82104	10.7158	2.831	13.4242	6.2159	9.5537	
10.4161	8.41575	8.95907	0	5.0142	2.88425	9.76275	8.6315	9.54379	13.6427	6.75191	13.1276	2.84629	10.0546	2.41606	
0.649239	4.03351	3.94677	5.0142	0	14.7227	9.36514	32.9048	7.03107	4.90842	6.93399	4.47941	9.60297	4.30207	2.59814	
9.37236	23.5586	6.07482	2.88425	14.7227	0	7.48769	8.61894	8.51498	11.8959	18.6517	8.90582	5.73054	11.244	5.30031	
10.7708	27.7786	7.71673	9.76275	9.36514	7.48769	0	1.13125	10.6341	16.735	12.7325	4.88573	21.9271	14.4676	18.8663	
19.0194	26.3653	15.377	8.6315	32.9048	8.61894	1.13125	0	9.50288	17.8662	11.6012	6.01698	11.4778	12.2319	11.0476	
9.50992	5.34613	6.21239	9.54379	7.03107	8.51498	10.6341	9.50288	0	12.0334	9.73835	9.04338	9.9373	2.729	7.12773	
4.25918	11.165	5.82104	13.6427	4.90842	11.8959	16.735	17.8662	12.0334	0	11.6774	8.65204	12.5196	11.4336	9.72963	
7.41823	9.62649	10.7158	6.75191	6.93399	18.6517	12.7325	11.6012	9.73835	11.6774	0	13.3033	12.8718	7.00935	4.33585	
5.12865	8.51292	2.831	13.1276	4.47941	8.90582	4.88573	6.01698	9.04338	8.65204	13.3033	0	19.1299	8.78148	7.07755	
15.4481	5.56946	13.4242	2.84629	9.60297	5.73054	21.9271	11.4778	9.9373	12.5196	12.8718	19.1299	0	7.20831	5.26235	
4.95131	2.61713	6.2159	10.0546	4.30207	11.244	14.4676	12.2319	2.729	11.4336	7.00935	8.78148	7.20831	0	6.90021	
3.24738	6.63165	9.5537	2.41606	2.59814	5.30031	18.8663	11.0476	7.12773	9.72963	4.33585	7.07755	5.26235	6.90021	0	

0	4.3237	3.74859	14.1511	6.71516	14.9627	7.65015	8.63237	10.729	6.4246	9.44209	5.74091	11.0099	3.08094	3.89624	
4.3237	0	10.4818	12.513	4.87698	17.2419	6.58022	10.9668	12.1167	9.786	10.9973	10.6945	12.017	1.24276	5.72346	
3.74859	10.4818	0	4.27657	5.1469	11.5164	3.90156	8.28816	11.3305	2.67602	13.1907	1.99232	9.33832	6.82953	6.73856	
14.1511	12.513	4.27657	0	5.43883	3.83906	5.93282	3.79898	1.55123	6.52996	6.27451	2.28425	5.9539	12.4252	7.25531	
6.71516	4.87698	5.1469	5.43883	0	9.73909	11.1286	19.5313	12.0269	7.00016	13.3887	3.15458	17.5998	3.63422	8.12564	
14.9627	17.2419	11.5164	3.83906	9.73909	0	9.71678	4.53558	2.28783	13.7698	5.56552	9.52412	7.54467	13.1618	9.12058	
7.65015	6.58022	3.90156	5.93282	11.1286	9.71678	0	4.3866	6.63434	6.57758	7.41591	5.89388	5.43676	7.82298	12.3037	
8.63237	10.9668	8.28816	3.79898	19.5313	4.53558	4.3866	0	2.24775	16.5783	6.6529	15.6578	4.67374	11.7133	9.0805	
10.729	12.1167	11.3305	1.55123	12.0269	2.28783	6.63434	2.24775	0	10.8953	4.72327	3.83548	6.70243	10.8739	6.83275	
6.4246	9.786	2.67602	6.52996	7.00016	13.7698	6.57758	16.5783	10.8953	0	11.2541	4.2457	13.2332	10.6344	4.06254	
9.44209	10.9973	13.1907	6.27451	13.3887	5.56552	7.41591	6.6529	4.72327	11.2541	0	15.0896	1.97915	9.75451	11.556	
5.74091	10.6945	1.99232	2.28425	3.15458	9.52412	5.89388	15.6578	3.83548	4.2457	15.0896	0	8.23815	6.78881	4.97106	
11.0099	12.017	9.33832	5.9539	17.5998	7.54467	5.43676	4.67374	6.70243	13.2332	1.97915	8.23815	0	11.7337	10.3385	
3.08094	1.24276	6.82953	12.4252	3.63422	13.1618	7.82298	11.7133	10.8739	10.6344	9.75451	6.78881	11.7337	0	6.96622	
3.89624	5.72346	6.73856	7.25531	8.12564	9.12058	12.3037	9.0805	6.83275	4.06254	11.556	4.97106	10.3385	6.96622	0	

0	1.28032	7.29068	8.28853	2.1687	5.86393	16.8708	12.5919	9.8815	2.48698	7.36536	4.06724	22.2398	1.74918	1.37532	
1.28032	0	8.91107	7.00821	1.3542	7.48432	15.5905	11.7774	9.96048	5.54756	10.4259	5.34756	20.3847	0.934682	2.65564	
7.29068	8.91107	0	18.2411	2.13001	5.02013	15.6186	10.3533	8.89122	5.66817	5.59893	2.6867	13.2091	2.54953	6.77983	
8.28853	7.00821	18.2411	0	12.2347	6.18845	19.532	22.0315	5.47348	12.1161	15.297	11.2877	17.2972	7.94289	11.4441	
2.1687	1.3542	2.13001	12.2347	0	2.35339	14.8058	11.2145	3.84566	7.79817	6.84109	0.556699	6.99095	0.419522	6.44786	
5.86393	7.48432	5.02013	6.18845	2.35339	0	8.65455	12.4545	0.714973	7.35762	9.97177	1.79669	3.86027	3.5502	7.68785	
16.8708	15.5905	15.6186	19.532	14.8058	8.65455	0	12.4889	12.3901	12.516	10.0196	13.4718	4.79428	16.5251	16.0097	
12.5919	11.7774	10.3533	22.0315	11.2145	12.4545	12.4889	0	16.4721	7.25075	4.75441	10.6578	12.3646	10.8427	10.7444	
9.8815	9.96048	8.89122	5.47348	3.84566	0.714973	12.3901	16.4721	0	6.64264	9.13898	2.51166	4.57525	7.18073	7.7543	
2.48698	5.54756	5.66817	12.1161	7.79817	7.35762	12.516	7.25075	6.64264	0	2.49634	7.00283	10.1065	8.79656	1.11166	
7.36536	10.4259	5.59893	15.297	6.84109	9.97177	10.0196	4.75441	9.13898	2.49634	0	7.39779	7.6102	7.26061	3.608	
4.06724	5.34756	2.6867	11.2877	0.556699	1.79669	13.4718	10.6578	2.51166	7.00283	7.39779	0	5.65696	0.976222	5.44255	
22.2398	20.3847	13.2091	17.2972	6.99095	3.86027	4.79428	12.3646	4.57525	10.1065	7.6102	5.65696	0	11.3775	13.6002	
1.74918	0.934682	2.54953	7.94289	0.419522	3.5502	16.5251	10.8427	7.18073	8.79656	7.26061	0.976222	11.3775	0	3.1245	
1.37532	2.65564	6.77983	11.4441	6.44786	7.68785	16.0097	10.7444	7.7543	1.11166	3.608	5.44255	13.6002	3.1245	0	

0	10.0391	5.37945	8.75584	5.21693	8.74029	6.41434	8.36425	7.93607	6.46823	4.74955	4.49846	2.99017	6.9966	3.56625	
10.0391	0	13.9069	20.9308	9.55155	11.6469	14.738	15.4922	23.5855	12.642	11.0688	11.9881	13.5614	7.77189	6.47283	
5.37945	13.9069	0	5.71596	3.00215	6.72582	6.97708	5.20233	13.3155	1.08878	8.0285	1.98855	3.49684	4.78181	7.25796	
8.75584	20.9308	5.71596	0	9.7357	14.9882	15.4624	9.91148	10.3397	4.62718	13.5054	8.65235	10.1606	17.3356	10.7964	
5.21693	9.55155	3.00215	9.7357	0	3.72367	3.97494	4.29713	5.70085	4.09092	5.02635	1.08335	2.59164	1.77967	6.33285	
8.74029	11.6469	6.72582	14.9882	3.72367	0	7.6986	6.41677	6.84495	11.3432	8.75002	4.80702	6.38025	5.50334	5.17405	
6.41434	14.738	6.97708	15.4624	3.97494	7.6986	0	2.1541	1.72592	14.4343	5.54598	4.93245	3.42417	5.7546	8.26512	
8.36425	15.4922	5.20233	9.91148	4.29713	6.41677	2.1541	0	0.428177	14.5387	9.70939	3.21378	4.72207	11.897	11.5908	
7.93607	23.5855	13.3155	10.3397	5.70085	6.84495	1.72592	0.428177	0	17.0446	7.2719	3.64196	5.15008	28.2173	9.99103	
6.46823	12.642	1.08878	4.62718	4.09092	11.3432	14.4343	14.5387	17.0446	0	10.7652	3.07732	8.98633	10.7224	6.16918	
4.74955	11.0688	8.0285	13.5054	5.02635	8.75002	5.54598	9.70939	7.2719	10.7652	0	6.10971	7.68294	6.80602	4.59598	
4.49846	11.9881	1.98855	8.65235	1.08335	4.80702	4.93245	3.21378	3.64196	3.07732	6.10971	0	1.50829	2.86302	10.5353	
2.99017	13.5614	3.49684	10.1606	2.59164	6.38025	3.42417	4.72207	5.15008	8.98633	7.68294	1.50829	0	4.43625	6.55642	
6.9966	7.77189	4.78181	17.3356	1.77967	5.50334	5.7546	11.897	28.2173	10.7224	6.80602	2.86302	4.43625	0	4.55318	
3.56625	6.47283	7.25796	10.7964	6.33285	5.17405	8.26512	11.5908	9.99103	6.16918	4.59598	10.5353	6.55642	4.55318	0	

0	12.9094	0.58755	5.84772	7.13641	6.79473	14.5276	9.80177	12.4095	4.14827	10.7194	2.32764	4.31688	9.55842	1.49929	
12.9094	0	13.497	19.2467	1.56026	14.7417	9.3517	10.1363	18.9385	4.54839	8.26175	17.9287	17.2263	8.77269	22.2622	
0.58755	13.497	0	11.4102	7.42005	9.19711	11.2483	6.52255	4.8127	4.43192	7.44021	1.74009	4.90443	6.47149	0.911741	
5.84772	19.2467	11.4102	0	21.6558	4.00868	6.29324	5.50865	6.61367	11.7657	13.5493	9.67015	1.53083	14.4016	13.8813	
7.13641	1.56026	7.42005	21.6558	0	9.95966	10.912	18.5952	9.08368	2.98814	6.70149	11.9438	13.223	7.21243	7.43487	
6.79473	14.7417	9.19711	4.00868	9.95966	0	5.38996	4.68068	3.57566	11.9438	3.25817	8.95829	2.47784	12.4039	7.47662	
14.5276	9.3517	11.2483	6.29324	10.912	5.38996	0	0.784588	1.88961	18.0457	8.64813	5.56704	7.86781	7.01399	13.6753	
9.80177	10.1363	6.52255	5.50865	18.5952	4.68068	0.784588	0	1.10502	9.47316	3.48721	4.78245	7.03949	7.79857	5.00598	
12.4095	18.9385	4.8127	6.61367	9.08368	3.57566	1.88961	1.10502	0	8.34769	2.38219	5.88747	6.0535	12.1216	3.90096	
4.14827	4.54839	4.43192	11.7657	2.98814	11.9438	18.0457	9.47316	8.34769	0	9.68963	6.17201	8.46516	10.2006	4.44673	
10.7194	8.26175	7.44021	13.5493	6.70149	3.25817	8.64813	3.48721	2.38219	9.68963	0	5.70012	5.73601	10.4315	6.28315	
2.32764	17.9287	1.74009	9.67015	11.9438	8.95829	5.56704	4.78245	5.88747	6.17201	5.70012	0	9.3362	4.7314	2.65183	
4.31688	17.2263	4.90443	1.53083	13.223	2.47784	7.86781	7.03949	6.0535	8.46516	5.73601	9.3362	0	13.8753	10.7632	
9.55842	8.77269	6.47149	14.4016	7.21243	12.4039	7.01399	7.79857	12.1216	10.2006	10.4315	4.7314	13.8753	0	12.877	
1.49929	22.2622	0.911741	13.8813	7.43487	7.47662	13.6753	5.00598	3.90096	4.44673	6.28315	2.65183	10.7632	12.877	0	

0	8.65205	2.1723	4.5627	4.9085	11.097	7.46754	5.37235	8.51492	3.06812	1.43856	10.4749	10.1912	3.43207	9.48807	
8.65205	0	15.0247	8.34823	14.1217	12.9285	13.2425	11.7547	15.0697	7.67498	7.21349	8.17973	21.5489	7.21759	1.25503	
2.1723	15.0247	0	9.27046	2.7362	7.54419	9.16931	10.7998	6.34263	5.24041	3.61086	11.5484	11.4569	5.60436	16.2797	
4.5627	8.34823	9.27046	0	9.30327	2.14507	7.33283	5.66773	3.34663	12.7218	17.1379	17.4488	5.5894	1.13064	8.71726	
4.9085	14.1217	2.7362	9.30327	0	12.7162	14.3748	11.2167	9.07883	13.521	20.6093	11.5729	14.6505	8.17263	15.3767	
11.097	12.9285	7.54419	2.14507	12.7162	0	4.02825	5.6587	1.20157	7.73111	12.5356	8.09154	3.44433	3.2757	16.9967	
7.46754	13.2425	9.16931	7.33283	14.3748	4.02825	0	7.28382	2.82669	9.35623	6.02898	9.71666	7.94093	6.20219	13.7888	
5.37235	11.7547	10.7998	5.66773	11.2167	5.6587	7.28382	0	4.45714	2.30424	5.89885	9.96559	9.57138	4.53709	8.72418	
8.51492	15.0697	6.34263	3.34663	9.07883	1.20157	2.82669	4.45714	0	6.52954	8.85567	6.88998	4.6459	8.99423	12.9495	
3.06812	7.67498	5.24041	12.7218	13.521	7.73111	9.35623	2.30424	6.52954	0	3.59462	7.66136	11.6438	6.50019	6.41995	
1.43856	7.21349	3.61086	17.1379	20.6093	12.5356	6.02898	5.89885	8.85567	3.59462	0	9.03639	11.6297	4.87063	8.46852	
10.4749	8.17973	11.5484	17.4488	11.5729	8.09154	9.71666	9.96559	6.88998	7.66136	9.03639	0	12.0042	15.3973	9.43476	
10.1912	21.5489	11.4569	5.5894	14.6505	3.44433	7.94093	9.57138	4.6459	11.6438	11.6297	12.0042	0	13.2178	26.4465	
3.43207	7.21759	5.60436	1.13064	8.17263	3.2757	6.20219	4.53709	8.99423	6.50019	4.87063	15.3973	13.2178	0	7.58662	
9.48807	1.25503	16.2797	8.71726	15.3767	16.9967	13.7888	8.72418	12.9495	6.41995	8.46852	9.43476	26.4465	7.58662	0	

0	7.89859	2.05416	9.61853	4.83663	6.57934	6.70123	10.0072	5.82735	10.2966	6.3582	1.53671	3.7351	5.96155	5.02352	
7.89859	0	5.11815	15.3897	2.33567	5.78244	12.4615	9.62821	6.53443	7.51233	14.8728	8.43844	9.50626	3.02752	5.53853	
2.05416	5.11815	0	14.155	2.78247	10.6852	8.3894	9.35763	7.88151	8.3922	4.30404	3.59087	5.78926	3.90739	5.98533	
9.61853	15.3897	14.155	0	17.965	20.0171	15.0163	23.4449	18.8745	20.8025	28.163	8.3076	5.88343	16.3177	7.857	
4.83663	2.33567	2.78247	17.965	0	7.90272	8.54576	11.7485	8.65471	6.13207	7.08652	7.05818	5.17642	1.64726	3.20285	
6.57934	5.78244	10.6852	20.0171	7.90272	0	5.38887	3.84577	0.751986	13.1659	9.90848	11.8436	13.7431	8.80996	11.1056	
6.70123	12.4615	8.3894	15.0163	8.54576	5.38887	0	1.5431	5.72293	10.8632	4.08536	5.16452	7.31647	10.5754	5.3429	
10.0072	9.62821	9.35763	23.4449	11.7485	3.84577	1.5431	0	4.17983	9.32013	5.62845	6.70762	10.6759	13.265	6.886	
5.82735	6.53443	7.88151	18.8745	8.65471	0.751986	5.72293	4.17983	0	13.5	10.0888	7.36406	9.56245	12.2911	10.8509	
10.2966	7.51233	8.3922	20.8025	6.13207	13.1659	10.8632	9.32013	13.5	0	15.3828	8.75988	10.3769	4.48481	8.40335	
6.3582	14.8728	4.30404	28.163	7.08652	9.90848	4.08536	5.62845	10.0888	15.3828	0	9.24988	12.5756	8.21143	9.42826	
1.53671	8.43844	3.59087	8.3076	7.05818	11.8436	5.16452	6.70762	7.36406	8.75988	9.24988	0	2.42417	5.41092	4.39773	
3.7351	9.50626	5.78926	5.88343	5.17642	13.7431	7.31647	10.6759	9.56245	10.3769	12.5756	2.42417	0	7.83509	1.97357	
5.96155	3.02752	3.90739	16.3177	1.64726	8.80996	10.5754	13.265	12.2911	4.48481	8.21143	5.41092	7.83509	0	4.85011	
5.02352	5.53853	5.98533	7.857	3.20285	11.1056	5.3429	6.886	10.8509	8.40335	9.42826	4.39773	1.97357	4.85011	0	

0	10.3377	5.11273	8.60965	7.78704	2.83309	8.03427	6.31785	3.87331	7.64244	14.5487	7.60397	5.35671	12.7316	8.54176	
10.3377	0	5.22499	13.6303	9.30479	7.85377	13.055	11.3385	8.89399	7.75469	14.661	7.71623	17.7188	15.0354	8.65402	
5.11273	5.22499	0	9.96262	4.0798	7.19843	12.3996	4.641	8.23865	2.5297	6.96599	2.49124	5.24882	4.82727	3.42903	
8.60965	13.6303	9.96262	0	10.7305	5.77656	10.9778	9.26133	6.81679	12.4923	19.3986	12.4539	15.6416	19.773	13.3917	
7.78704	9.30479	4.0798	10.7305	0	4.95396	8.49396	8.43873	5.99418	6.6095	11.8741	6.57104	9.39852	4.8992	7.50883	
2.83309	7.85377	7.19843	5.77656	4.95396	0	3.50627	3.48477	1.04022	8.2079	11.7708	5.63452	4.41083	9.85315	6.7192	
8.03427	13.055	12.3996	10.9778	8.49396	3.50627	0	3.59852	2.46605	9.63373	11.8845	5.74827	5.83665	16.7454	8.14503	
6.31785	11.3385	4.641	9.26133	8.43873	3.48477	3.59852	0	4.52499	8.12211	8.28603	2.14976	4.77538	4.48578	11.823	
3.87331	8.89399	8.23865	6.81679	5.99418	1.04022	2.46605	4.52499	0	7.16768	9.21593	6.12819	3.37061	10.9271	5.67898	
7.64244	7.75469	2.5297	12.4923	6.6095	8.2079	9.63373	8.12211	7.16768	0	8.92849	5.02094	8.72993	8.30837	5.39153	
14.5487	14.661	6.96599	19.3986	11.8741	11.7708	11.8845	8.28603	9.21593	8.92849	0	9.31097	13.0614	6.97495	3.53696	
7.60397	7.71623	2.49124	12.4539	6.57104	5.63452	5.74827	2.14976	6.12819	5.02094	9.31097	0	2.75758	2.33602	5.92027	
5.35671	17.7188	5.24882	15.6416	9.39852	4.41083	5.83665	4.77538	3.37061	8.72993	13.0614	2.75758	0	5.09361	9.04958	
12.7316	15.0354	4.82727	19.773	4.8992	9.85315	16.7454	4.48578	10.9271	8.30837	6.97495	2.33602	5.09361	0	10.5119	
8.54176	8.65402	3.42903	13.3917	7.50883	6.7192	8.14503	11.823	5.67898	5.39153	3.53696	5.92027	9.04958	10.5119	0	

0	17.4282	0.581653	8.65163	2.89035	4.66831	4.56292	4.97611	8.10248	16.5315	20.1254	4.6123	11.7075	8.61345	5.9637	
17.4282	0	9.07472	16.6973	11.879	8.40008	19.4003	20.3728	21.0655	5.48869	22.4934	18.5889	22.1947	1.04292	11.2031	
0.581653	9.07472	0	7.68379	2.3087	4.08666	3.98127	5.55776	7.18553	11.3738	6.1851	4.03065	14.6609	8.0318	8.43732	
8.65163	16.6973	7.68379	0	10.7375	7.34829	3.70252	3.67552	6.80189	15.4699	9.44673	6.5522	7.28225	14.7055	4.66311	
2.89035	11.879	2.3087	10.7375	0	6.39536	6.28997	9.58656	11.5133	10.7746	14.2783	6.33935	16.5792	10.3405	10.746	
4.66831	8.40008	4.08666	7.34829	6.39536	0	4.90263	4.95493	3.09887	8.75516	2.09844	4.33066	8.55512	7.35716	5.94251	
4.56292	19.4003	3.98127	3.70252	6.28997	4.90263	0	3.07329	3.21329	8.86958	7.00107	5.94997	8.66955	12.0131	4.06088	
4.97611	20.3728	5.55776	3.67552	9.58656	4.95493	3.07329	0	3.12637	3.92403	7.05337	2.87668	6.73144	11.1478	0.987587	
8.10248	21.0655	7.18553	6.80189	11.5133	3.09887	3.21329	3.12637	0	5.65629	5.19731	6.00305	5.45625	10.1021	4.11395	
16.5315	5.48869	11.3738	15.4699	10.7746	8.75516	8.86958	3.92403	5.65629	0	14.3386	10.4107	8.18761	4.44577	2.93645	
20.1254	22.4934	6.1851	9.44673	14.2783	2.09844	7.00107	7.05337	5.19731	14.3386	0	6.4291	12.2091	9.4556	16.0673	
4.6123	18.5889	4.03065	6.5522	6.33935	4.33066	5.94997	2.87668	6.00305	10.4107	6.4291	0	9.60812	11.6878	3.86427	
11.7075	22.1947	14.6609	7.28225	16.5792	8.55512	8.66955	6.73144	5.45625	8.18761	12.2091	9.60812	0	12.6334	7.71902	
8.61345	1.04292	8.0318	14.7055	10.3405	7.35716	12.0131	11.1478	10.1021	4.44577	9.4556	11.6878	12.6334	0	7.38222	
5.9637	11.2031	8.43732	4.66311	10.746	5.94251	4.06088	0.987587	4.11395	2.93645	16.0673	3.86427	7.71902	7.38222	0	

0	19.436	9.09235	6.47965	1.90236	17.6912	14.7936	7.0201	8.68361	7.03827	3.61946	8.01471	4.14879	11.4628	10.6715	
19.436	0	15.5216	17.525	16.7417	8.45675	4.42454	10.2346	10.5346	11.6058	19.6708	17.9375	19.1517	10.5725	21.4373	
9.09235	15.5216	0	17.2026	10.9947	15.1293	11.0971	16.9072	17.2071	18.2652	12.7118	12.9508	13.2411	16.7446	9.45103	
6.47965	17.525	17.2026	0	16.513	10.9322	19.3341	16.5531	24.3095	12.1053	19.503	8.221	2.33086	6.95251	15.2826	
1.90236	16.7417	10.9947	16.513	0	8.16378	10.9278	5.11773	10.586	5.13591	5.52182	6.11235	6.05116	9.56046	8.76917	
17.6912	8.45675	15.1293	10.9322	8.16378	0	4.0322	3.04605	9.00758	9.29825	21.6884	19.4678	15.6865	3.97971	23.4806	
14.7936	4.42454	11.0971	19.3341	10.9278	4.0322	0	5.81006	6.11004	16.0304	17.6562	16.5703	19.7187	8.01192	20.5481	
7.0201	10.2346	16.9072	16.5531	5.11773	3.04605	5.81006	0	6.25975	10.2536	19.6486	11.2301	14.2223	7.02576	13.8869	
8.68361	10.5346	17.2071	24.3095	10.586	9.00758	6.11004	6.25975	0	17.8564	12.3031	10.4602	12.8324	12.9873	13.96	
7.03827	11.6058	18.2652	12.1053	5.13591	9.29825	16.0304	10.2536	17.8564	0	8.06502	11.2483	9.77446	5.31854	13.9051	
3.61946	19.6708	12.7118	19.503	5.52182	21.6884	17.6562	19.6486	12.3031	8.06502	0	17.9249	7.76826	13.3836	14.4252	
8.01471	17.9375	12.9508	8.221	6.11235	19.4678	16.5703	11.2301	10.4602	11.2483	17.9249	0	5.89015	15.6728	3.49979	
4.14879	19.1517	13.2411	2.33086	6.05116	15.6865	19.7187	14.2223	12.8324	9.77446	7.76826	5.89015	0	9.28336	9.38994	
11.4628	10.5725	16.7446	6.95251	9.56046	3.97971	8.01192	7.02576	12.9873	5.31854	13.3836	15.6728	9.28336	0	18.3296	
10.6715	21.4373	9.45103	15.2826	8.76917	23.4806	20.5481	13.8869	13.96	13.9051	14.4252	3.49979	9.38994	18.3296	0	

0	11.3155	3.03162	7.02438	3.15605	10.8889	8.33811	12.5357	8.15138	3.34092	4.40197	5.56568	7.76952	3.48561	0.996159	
11.3155	0	5.60539	6.0418	7.15925	22.7903	27.5544	20.5734	10.4952	8.11379	20.6559	3.07133	15.6552	6.82969	11.1115	
3.03162	5.60539	0	5.50454	6.18767	12.8567	12.5425	14.6371	14.9667	5.44236	4.66244	2.53406	9.87096	7.51746	3.0976	
7.02438	6.0418	5.50454	0	7.24038	18.9047	2.05831	5.61388	7.52782	8.01294	9.43403	2.97048	9.72421	11.0488	6.02822	
3.15605	7.15925	6.18767	7.24038	0	11.7806	5.18206	8.73763	3.9951	5.13785	9.6463	9.89452	8.582	0.32956	4.15221	
10.8889	22.7903	12.8567	18.9047	11.7806	0	14.2165	13.8353	8.74698	6.6428	11.1513	11.6853	11.9534	12.4125	8.98756	
8.33811	27.5544	12.5425	2.05831	5.18206	14.2165	0	3.55557	5.4695	10.3199	14.7402	5.02879	11.7825	5.51162	8.08654	
12.5357	20.5734	14.6371	5.61388	8.73763	13.8353	3.55557	0	6.62219	13.8843	14.9453	19.5797	9.41205	10.2877	11.5395	
8.15138	10.4952	14.9667	7.52782	3.9951	8.74698	5.4695	6.62219	0	9.03306	10.3043	14.0755	11.3565	3.66554	8.68607	
3.34092	8.11379	5.44236	8.01294	5.13785	6.6428	10.3199	13.8843	9.03306	0	4.50846	5.04247	8.75475	5.46741	2.34476	
4.40197	20.6559	4.66244	9.43403	9.6463	11.1513	14.7402	14.9453	10.3043	4.50846	0	7.1965	10.1792	8.42634	3.40581	
5.56568	3.07133	2.53406	2.97048	9.89452	11.6853	5.02879	19.5797	14.0755	5.04247	7.1965	0	12.5839	9.90102	5.63166	
7.76952	15.6552	9.87096	9.72421	8.582	11.9534	11.7825	9.41205	11.3565	8.75475	10.1792	12.5839	0	8.91156	6.77336	
3.48561	6.82969	7.51746	11.0488	0.32956	12.4125	5.51162	10.2877	3.66554	5.46741	8.42634	9.90102	8.91156	0	5.02053	
0.996159	11.1115	3.0976	6.02822	4.15221	8.98756	8.08654	11.5395	8.68607	2.34476	3.40581	5.63166	6.77336	5.02053	0	

0	4.93462	1.15458	23.9343	3.01896	9.9138	7.44846	9.34753	10.9795	6.52118	7.24827	3.92714	10.0254	2.04126	6.83984	
4.93462	0	2.74255	30.9873	6.04606	15.5481	12.4061	8.41841	15.9372	9.14664	10.3454	6.55259	17.2538	1.85588	13.4668	
1.15458	2.74255	0	25.0889	3.05039	12.6498	7.02498	7.44921	18.7525	5.3666	8.40286	2.77255	8.59863	0.886673	7.99442	
23.9343	30.9873	25.0889	0	26.9533	20.8828	18.6925	16.7934	19.4421	32.9774	31.1826	19.5596	13.7335	23.3559	21.4918	
3.01896	6.04606	3.05039	26.9533	0	9.59941	10.4674	10.7527	13.0016	8.41699	10.2672	5.82294	13.9472	3.93706	9.8588	
9.9138	15.5481	12.6498	20.8828	9.59941	0	6.93328	6.45526	3.40223	13.5682	6.19536	9.78622	7.14929	13.0178	3.07397	
7.44846	12.4061	7.02498	18.6925	10.4674	6.93328	0	1.89907	3.53104	9.94846	11.3759	4.25243	9.2397	8.4616	8.74185	
9.34753	8.41841	7.44921	16.7934	10.7527	6.45526	1.89907	0	5.43011	18.4378	13.275	6.1515	13.6046	6.56254	9.52923	
10.9795	15.9372	18.7525	19.4421	13.0016	3.40223	3.53104	5.43011	0	13.3859	8.3322	7.78347	5.70866	16.5226	5.21081	
6.52118	9.14664	5.3666	32.9774	8.41699	13.5682	9.94846	18.4378	13.3859	0	13.6157	5.69603	11.5221	6.25327	10.4943	
7.24827	10.3454	8.40286	31.1826	10.2672	6.19536	11.3759	13.275	8.3322	13.6157	0	9.83365	10.8797	12.2013	3.1214	
3.92714	6.55259	2.77255	19.5596	5.82294	9.78622	4.25243	6.1515	7.78347	5.69603	9.83365	0	5.82608	3.65922	6.71225	
10.0254	17.2538	8.59863	13.7335	13.9472	7.14929	9.2397	13.6046	5.70866	11.5221	10.8797	5.82608	0	16.0926	7.7583	
2.04126	1.85588	0.886673	23.3559	3.93706	13.0178	8.4616	6.56254	16.5226	6.25327	12.2013	3.65922	16.0926	0	16.7662	
6.83984	13.4668	7.99442	21.4918	9.8588	3.07397	8.74185	9.52923	5.21081	10.4943	3.1214	6.71225	7.7583	16.7662	0	

0	10.3141	2.28337	12.4725	4.83659	5.98672	18.324	8.0545	8.45867	6.44378	4.13043	1.53222	6.34051	3.18593	2.7232	
10.3141	0	10.0813	8.59593	15.1507	6.378	8.89012	13.6739	12.753	14.3375	16.3039	11.8463	13.7014	13.5001	13.0373	
2.28337	10.0813	0	10.1502	4.25249	3.70335	6.21547	5.77113	7.14134	4.16041	5.12731	3.81559	8.96304	5.4693	5.00657	
12.4725	8.59593	10.1502	0	9.6086	12.714	8.49685	14.8372	12.123	5.98981	13.9118	9.9138	5.1055	12.8422	13.279	
4.83659	15.1507	4.25249	9.6086	0	7.95584	13.4874	10.0236	10.5108	8.4129	6.18261	3.5844	8.39269	3.23359	5.18017	
5.98672	6.378	3.70335	12.714	7.95584	0	2.51212	7.29588	4.43324	7.86376	8.83065	7.85809	5.90347	11.9008	10.0665	
18.324	8.89012	6.21547	8.49685	13.4874	2.51212	0	3.29133	1.92112	8.89062	11.3189	8.19964	3.39135	16.721	14.6647	
8.0545	13.6739	5.77113	14.8372	10.0236	7.29588	3.29133	0	1.37021	8.8474	6.74136	8.29666	10.0388	16.4189	11.6435	
8.45867	12.753	7.14134	12.123	10.5108	4.43324	1.92112	1.37021	0	10.2176	8.11157	6.92645	5.31246	10.1755	13.0137	
6.44378	14.3375	4.16041	5.98981	8.4129	7.86376	8.89062	8.8474	10.2176	0	9.28772	8.31515	11.0953	15.4101	7.28921	
4.13043	16.3039	5.12731	13.9118	6.18261	8.83065	11.3189	6.74136	8.11157	9.28772	0	2.59822	7.40652	5.84723	11.4905	
1.53222	11.8463	3.81559	9.9138	3.5844	7.85809	8.19964	8.29666	6.92645	8.31515	2.59822	0	4.8083	3.24902	4.25542	
6.34051	13.7014	8.96304	5.1055	8.39269	5.90347	3.39135	10.0388	5.31246	11.0953	7.40652	4.8083	0	8.05731	11.4143	
3.18593	13.5001	5.4693	12.8422	3.23359	11.9008	16.721	16.4189	10.1755	15.4101	5.84723	3.24902	8.05731	0	5.90914	
2.7232	13.0373	5.00657	13.279	5.18017	10.0665	14.6647	11.6435	13.0137	7.28921	11.4905	4.25542	11.4143	5.90914	0	

0	4.61222	6.74686	13.1598	3.72591	5.25255	15.9558	7.57451	10.0798	6.13127	6.56764	6.77555	12.1358	9.11854	1.93343	
4.61222	0	5.38915	17.772	7.26817	6.99976	18.954	7.22457	15.6864	10.0992	8.31485	2.86044	6.84088	9.25149	6.54565	
6.74686	5.38915	0	14.1167	10.4728	7.50588	6.77636	6.89284	3.33298	9.10511	5.72715	2.52871	6.50915	8.91977	7.37083	
13.1598	17.772	14.1167	0	16.8857	9.43074	8.28053	7.10878	11.7239	14.5506	13.4461	9.6649	5.68445	13.6372	15.0932	
3.72591	7.26817	10.4728	16.8857	0	8.97847	11.8616	14.7503	8.41821	2.831	10.8124	10.1286	11.6972	18.1226	5.65934	
5.25255	6.99976	7.50588	9.43074	8.97847	0	4.76148	2.32196	3.70926	11.8197	1.31509	6.68609	6.88329	4.06031	7.18598	
15.9558	18.954	6.77636	8.28053	11.8616	4.76148	0	2.43952	3.44338	9.21551	5.83754	6.80365	13.965	21.1366	27.9562	
7.57451	7.22457	6.89284	7.10878	14.7503	2.32196	2.43952	0	5.8829	14.1416	3.63705	4.36413	8.34457	10.7552	9.20625	
10.0798	15.6864	3.33298	11.7239	8.41821	3.70926	3.44338	5.8829	0	5.77213	2.39417	5.86169	11.7652	5.13939	9.96997	
6.13127	10.0992	9.10511	14.5506	2.831	11.8197	9.21551	14.1416	5.77213	0	8.1663	9.03996	8.86619	11.383	4.19784	
6.56764	8.31485	5.72715	13.4461	10.8124	1.31509	5.83754	3.63705	2.39417	8.1663	0	9.13627	8.19838	2.74522	9.93033	
6.77555	2.86044	2.52871	9.6649	10.1286	6.68609	6.80365	4.36413	5.86169	9.03996	9.13627	0	3.98044	6.39106	4.84212	
12.1358	6.84088	6.50915	5.68445	11.6972	6.88329	13.965	8.34457	11.7652	8.86619	8.19838	3.98044	0	7.9527	8.82256	
9.11854	9.25149	8.91977	13.6372	18.1226	4.06031	21.1366	10.7552	5.13939	11.383	2.74522	6.39106	7.9527	0	7.18511	
1.93343	6.54565	7.37083	15.0932	5.65934	7.18598	27.9562	9.20625	9.96997	4.19784	9.93033	4.84212	8.82256	7.18511	0	

0	5.38672	1.00121	11.3146	3.28557	3.19435	5.44622	6.88978	4.47839	6.64839	3.12102	5.74022	10.3159	3.31638	12.9122	
5.38672	0	5.4807	14.5964	4.7001	8.00537	10.4248	7.90258	6.72133	14.8168	13.8989	5.78736	9.08091	2.08136	18.2989	
1.00121	5.4807	0	10.7323	2.28436	4.19556	11.7428	10.0389	9.29736	4.20185	2.11981	5.15793	9.90586	3.39934	3.04446	
11.3146	14.5964	10.7323	0	11.0608	13.9341	15.5173	10.2387	11.4199	16.219	18.1578	5.57437	9.42513	9.28037	24.1029	
3.28557	4.7001	2.28436	11.0608	0	8.48049	10.9622	7.86317	9.04442	7.93154	4.40416	6.32473	9.61829	2.61874	10.6307	
3.19435	8.00537	4.19556	13.9341	8.48049	0	2.25187	2.46529	1.28404	9.37953	8.4616	8.93457	11.7079	6.51073	9.81009	
5.44622	10.4248	11.7428	15.5173	10.9622	2.25187	0	5.2786	3.53592	14.4048	8.48287	11.3313	9.45603	8.34347	7.55821	
6.88978	7.90258	10.0389	10.2387	7.86317	2.46529	5.2786	0	1.18125	9.27674	7.91911	11.1621	13.9803	10.4819	8.84376	
4.47839	6.72133	9.29736	11.4199	9.04442	1.28404	3.53592	1.18125	0	8.09549	7.17755	10.3635	12.799	8.80269	8.1022	
6.64839	14.8168	4.20185	16.219	7.93154	9.37953	14.4048	9.27674	8.09549	0	2.08204	10.6446	13.5995	9.04652	3.00669	
3.12102	13.8989	2.11981	18.1578	4.40416	8.4616	8.48287	7.91911	7.17755	2.08204	0	7.27773	12.0257	5.51914	0.924653	
5.74022	5.78736	5.15793	5.57437	6.32473	8.93457	11.3313	11.1621	10.3635	10.6446	7.27773	0	10.7055	3.70599	17.4912	
10.3159	9.08091	9.90586	9.42513	9.61829	11.7079	9.45603	13.9803	12.799	13.5995	12.0257	10.7055	0	6.99955	14.6123	
3.31638	2.08136	3.39934	9.28037	2.61874	6.51073	8.34347	10.4819	8.80269	9.04652	5.51914	3.70599	6.99955	0	15.6608	
12.9122	18.2989	3.04446	24.1029	10.6307	9.81009	7.55821	8.84376	8.1022	3.00669	0.924653	17.4912	14.6123	15.6608	0	

0	6.58139	0.284367	7.65828	2.87567	6.42734	8.99187	9.69751	8.40915	2.52445	2.9133	4.12007	2.26286	1.29886	0.580549	
6.58139	0	8.44347	18.5426	6.02399	16.3943	18.4712	20.5818	19.2935	13.4088	13.7976	4.60777	6.24654	5.28253	10.3196	
0.284367	8.44347	0	13.5909	3.72929	7.58841	9.27623	18.1754	16.8235	6.6647	4.30884	3.8357	5.01381	1.58322	0.864916	
7.65828	18.5426	13.5909	0	6.57403	3.59162	14.4818	6.00563	4.65375	8.90938	9.41048	10.4011	21.519	10.5617	7.07773	
2.87567	6.02399	3.72929	6.57403	0	2.98241	12.4368	5.39642	4.04455	8.30017	7.46941	1.41621	2.54082	1.57682	4.02548	
6.42734	16.3943	7.58841	3.59162	2.98241	0	7.85172	2.41401	1.06213	5.31776	6.34267	4.39863	12.0758	4.55923	7.26166	
8.99187	18.4712	9.27623	14.4818	12.4368	7.85172	0	6.57243	6.78959	12.3798	12.0701	13.8634	11.1864	10.2907	9.57242	
9.69751	20.5818	18.1754	6.00563	5.39642	2.41401	6.57243	0	3.47614	7.73177	11.1439	14.8288	17.7588	13.5258	9.11696	
8.40915	19.2935	16.8235	4.65375	4.04455	1.06213	6.78959	3.47614	0	6.37989	5.28054	13.5405	17.976	12.1739	7.61329	
2.52445	13.4088	6.6647	8.90938	8.30017	5.31776	12.3798	7.73177	6.37989	0	4.27665	7.65575	11.6785	11.8416	1.9439	
2.9133	13.7976	4.30884	9.41048	7.46941	6.34267	12.0701	11.1439	5.28054	4.27665	0	8.0446	17.1204	5.32333	2.33275	
4.12007	4.60777	3.8357	10.4011	1.41621	4.39863	13.8634	14.8288	13.5405	7.65575	8.0446	0	4.10137	2.99303	5.71185	
2.26286	6.24654	5.01381	21.519	2.54082	12.0758	11.1864	17.7588	17.976	11.6785	17.1204	4.10137	0	0.964005	9.81322	
1.29886	5.28253	1.58322	10.5617	1.57682	4.55923	10.2907	13.5258	12.1739	11.8416	5.32333	2.99303	0.964005	0	1.8794	
0.580549	10.3196	0.864916	7.07773	4.02548	7.26166	9.57242	9.11696	7.61329	1.9439	2.33275	5.71185	9.81322	1.8794	0	

0	13.7584	0.216407	5.82336	3.2122	10.3984	7.48327	5.68228	5.07023	5.55602	2.16674	3.13759	2.75581	6.9444	1.35662	
13.7584	0	13.3957	22.849	12.1658	25.3251	22.714	30.1491	20.301	19.4149	19.3286	10.4746	14.6336	8.43361	14.4714	
0.216407	13.3957	0	8.75754	3.42861	12.5664	12.8975	5.89869	5.28663	3.47555	2.38314	2.92118	2.97221	7.178	1.14022	
5.82336	22.849	8.75754	0	10.5999	8.21994	6.48389	4.55896	12.885	7.29426	3.65663	10.8032	6.64417	14.4154	9.54646	
3.2122	12.1658	3.42861	10.5999	0	12.9398	14.5756	8.89448	8.28243	11.6644	5.37894	6.49606	5.96801	3.73219	6.43289	
10.3984	25.3251	12.5664	8.21994	12.9398	0	6.64101	4.71608	16.2593	8.23481	8.87762	15.6339	14.8641	16.672	10.5701	
7.48327	22.714	12.8975	6.48389	14.5756	6.64101	0	1.92493	2.41304	14.0926	14.1286	16.9428	14.6596	17.795	11.7573	
5.68228	30.1491	5.89869	4.55896	8.89448	4.71608	1.92493	0	4.33798	11.8532	7.84902	8.96614	8.43809	14.6235	8.90297	
5.07023	20.301	5.28663	12.885	8.28243	16.2593	2.41304	4.33798	0	15.6175	7.23696	8.35409	7.82603	14.0115	8.29092	
5.55602	19.4149	3.47555	7.29426	11.6644	8.23481	14.0926	11.8532	15.6175	0	7.49979	8.68198	5.23764	8.37312	2.33534	
2.16674	19.3286	2.38314	3.65663	5.37894	8.87762	14.1286	7.84902	7.23696	7.49979	0	5.4506	4.92254	10.6755	5.38743	
3.13759	10.4746	2.92118	10.8032	6.49606	15.6339	16.9428	8.96614	8.35409	8.68198	5.4506	0	4.15902	4.3796	4.0614	
2.75581	14.6336	2.97221	6.64417	5.96801	14.8641	14.6596	8.43809	7.82603	5.23764	4.92254	4.15902	0	8.53862	2.9023	
6.9444	8.43361	7.178	14.4154	3.73219	16.672	17.795	14.6235	14.0115	8.37312	10.6755	4.3796	8.53862	0	6.03778	
1.35662	14.4714	1.14022	9.54646	6.43289	10.5701	11.7573	8.90297	8.29092	2.33534	5.38743	4.0614	2.9023	6.03778	0	

0	6.61076	2.33032	11.6465	5.13987	12.2748	12.3953	22.1823	13.8586	7.18422	5.19464	4.61447	5.42677	8.4547	7.39219	
6.61076	0	7.19556	9.88913	4.29151	18.8956	3.99232	18.9019	7.34856	10.0063	11.8054	11.6417	12.0375	1.84394	2.13369	
2.33032	7.19556	0	11.3824	2.80955	15.0841	6.9205	13.3709	10.8701	4.21238	7.52496	2.28415	5.2291	5.25711	5.06187	
11.6465	9.88913	11.3824	0	8.63932	10.2549	11.4611	13.0071	13.1493	11.0265	11.4455	9.09826	6.21978	11.7331	12.0228	
5.13987	4.29151	2.80955	8.63932	0	26.8286	12.8745	24.0859	7.95218	16.643	22.2155	5.0937	2.41955	2.44756	7.87143	
12.2748	18.8956	15.0841	10.2549	26.8286	0	5.01914	2.75217	6.70735	21.9839	7.08015	15.4205	16.4747	19.6936	6.87777	
12.3953	3.99232	6.9205	11.4611	12.8745	5.01914	0	3.30591	1.68821	9.73121	10.3521	12.3491	13.4873	7.19283	1.85863	
22.1823	18.9019	13.3709	13.0071	24.0859	2.75217	3.30591	0	4.34103	18.8545	9.83232	16.9263	16.1401	9.84564	5.16454	
13.8586	7.34856	10.8701	13.1493	7.95218	6.70735	1.68821	4.34103	0	13.6808	8.66393	17.0042	11.7991	5.50462	3.54684	
7.18422	10.0063	4.21238	11.0265	16.643	21.9839	9.73121	18.8545	13.6808	0	10.2685	1.92823	30.9901	14.1954	7.87258	
5.19464	11.8054	7.52496	11.4455	22.2155	7.08015	10.3521	9.83232	8.66393	10.2685	0	8.34032	10.6214	14.1685	11.6397	
4.61447	11.6417	2.28415	9.09826	5.0937	15.4205	12.3491	16.9263	17.0042	1.92823	8.34032	0	10.6828	11.3969	7.34602	
5.42677	12.0375	5.2291	6.21978	2.41955	16.4747	13.4873	16.1401	11.7991	30.9901	10.6214	10.6828	0	4.86711	13.8856	
8.4547	1.84394	5.25711	11.7331	2.44756	19.6936	7.19283	9.84564	5.50462	14.1954	14.1685	11.3969	4.86711	0	3.97763	
7.39219	2.13369	5.06187	12.0228	7.87143	6.87777	1.85863	5.16454	3.54684	7.87258	11.6397	7.34602	13.8856	3.97763	0	

0	16.0398	4.94885	8.28802	0.835705	15.06	16.6445	14.5533	9.41766	8.48066	9.87458	5.26491	14.404	5.81888	12.3584	
16.0398	0	6.98881	11.307	9.00996	19.5761	9.69222	9.52901	8.98016	12.2284	23.1558	6.67276	10.7556	4.02678	16.1061	
4.94885	6.98881	0	6.79561	5.78456	5.98609	5.18087	5.01765	4.4688	11.5601	4.92572	0.316054	9.45511	7.58808	8.37634	
8.28802	11.307	6.79561	0	9.12372	9.83622	3.03888	2.87566	2.32681	9.41811	10.8966	8.5092	8.62658	15.3554	12.7687	
0.835705	9.00996	5.78456	9.12372	0	14.2243	10.9779	10.8147	10.2659	9.31637	13.6658	10.0626	11.712	4.98317	18.3133	
15.06	19.5761	5.98609	9.83622	14.2243	0	2.78496	4.7209	3.49703	10.9488	1.06037	9.90708	7.65403	10.7346	11.0765	
16.6445	9.69222	5.18087	3.03888	10.9779	2.78496	0	1.26092	0.712068	7.80337	3.84533	6.89446	10.439	7.9496	12.0416	
14.5533	9.52901	5.01765	2.87566	10.8147	4.7209	1.26092	0	0.54885	7.64016	5.78127	5.18618	12.3749	9.27684	8.78993	
9.41766	8.98016	4.4688	2.32681	10.2659	3.49703	0.712068	0.54885	0	7.09131	9.39453	4.78486	10.9534	8.66167	9.33878	
8.48066	12.2284	11.5601	9.41811	9.31637	10.9488	7.80337	7.64016	7.09131	0	12.5601	13.2737	19.1538	16.1135	3.87774	
9.87458	23.1558	4.92572	10.8966	13.6658	1.06037	3.84533	5.78127	9.39453	12.5601	0	5.24178	8.7144	12.5138	12.1369	
5.26491	6.67276	0.316054	8.5092	10.0626	9.90708	6.89446	5.18618	4.78486	13.2737	5.24178	0	9.77116	7.90413	8.6924	
14.404	10.7556	9.45511	8.62658	11.712	7.65403	10.439	12.3749	10.9534	19.1538	8.7144	9.77116	0	6.72883	15.2904	
5.81888	4.02678	7.58808	15.3554	4.98317	10.7346	7.9496	9.27684	8.66167	16.1135	12.5138	7.90413	6.72883	0	13.3301	
12.3584	16.1061	8.37634	12.7687	18.3133	11.0765	12.0416	8.78993	9.33878	3.87774	12.1369	8.6924	15.2904	13.3301	0	

0	6.43592	2.31343	10.7439	2.89653	6.33449	11.3871	16.3669	3.18934	8.04499	8.10253	0.943059	9.86269	1.97312	4.25189	
6.43592	0	6.63691	6.466	9.12568	11.7306	11.8656	12.8291	9.64987	12.0098	12.1401	8.00728	12.456	4.46279	11.3101	
2.31343	6.63691	0	11.1712	2.48878	6.75581	6.6702	10.7968	3.61666	5.37285	9.95481	1.37037	5.81914	9.36054	4.67322	
10.7439	6.466	11.1712	0	14.2181	8.74494	8.87995	9.63456	6.66417	13.5433	12.3244	8.91045	7.25193	10.9288	14.5192	
2.89653	9.12568	2.48878	14.2181	0	10.9862	9.15897	11.9438	12.9997	6.12064	10.9991	3.83959	6.96616	4.86966	7.14842	
6.33449	11.7306	6.75581	8.74494	10.9862	0	4.07248	1.9015	2.08077	8.95986	7.3571	4.32706	4.02004	17.0685	2.08259	
11.3871	11.8656	6.6702	8.87995	9.15897	4.07248	0	5.39496	2.21578	9.09487	3.28462	4.46206	8.09253	19.5622	6.15508	
16.3669	12.8291	10.7968	9.63456	11.9438	1.9015	5.39496	0	3.17918	8.53903	11.2638	5.42546	4.97764	16.288	3.9841	
3.18934	9.64987	3.61666	6.66417	12.9997	2.08077	2.21578	3.17918	0	6.87909	5.50039	2.24628	6.10082	10.2364	4.16337	
8.04499	12.0098	5.37285	13.5433	6.12064	8.95986	9.09487	8.53903	6.87909	0	7.43187	6.74323	10.1102	10.1662	9.00167	
8.10253	12.1401	9.95481	12.3244	10.9991	7.3571	3.28462	11.2638	5.50039	7.43187	0	9.04559	13.5793	10.0757	11.6418	
0.943059	8.00728	1.37037	8.91045	3.83959	4.32706	4.46206	5.42546	2.24628	6.74323	9.04559	0	7.18952	2.91618	4.71837	
9.86269	12.456	5.81914	7.25193	6.96616	4.02004	8.09253	4.97764	6.10082	10.1102	13.5793	7.18952	0	13.0485	6.10264	
1.97312	4.46279	9.36054	10.9288	4.86966	17.0685	19.5622	16.288	10.2364	10.1662	10.0757	2.91618	13.0485	0	6.22502	
4.25189	11.3101	4.67322	14.5192	7.14842	2.08259	6.15508	3.9841	4.16337	9.00167	11.6418	4.71837	6.10264	6.22502	0	

0	4.72181	5.60135	16.4225	7.28659	11.009	11.8217	6.48048	10.3502	4.43262	7.68981	2.1136	8.48892	3.0346	3.84308	
4.72181	0	7.91538	9.77088	2.56478	5.3566	5.19698	4.91159	5.44967	9.06273	4.88602	4.04669	12.6273	3.12569	8.56489	
5.60135	7.91538	0	14.2164	7.41999	14.2057	14.3569	8.49374	12.3635	10.034	10.4869	4.12686	12.5219	4.78969	8.46022	
16.4225	9.77088	14.2164	0	4.20529	9.56314	8.31946	6.17422	3.91389	5.14125	1.88406	8.24409	8.00504	16.2352	12.6509	
7.28659	2.56478	7.41999	4.20529	0	2.79182	4.57849	6.36935	4.35107	5.57843	2.32124	3.55131	7.9572	2.63031	9.9577	
11.009	5.3566	14.2057	9.56314	2.79182	0	1.78666	2.07206	5.7932	9.17572	5.11306	10.9388	5.16538	5.42213	7.16588	
11.8217	5.19698	14.3569	8.31946	4.57849	1.78666	0	0.285395	0.82348	6.66196	6.69563	4.65228	6.95204	8.48657	8.95254	
6.48048	4.91159	8.49374	6.17422	6.36935	2.07206	0.285395	0	0.538085	6.37656	2.56792	4.36688	10.9045	5.28788	12.2939	
10.3502	5.44967	12.3635	3.91389	4.35107	5.7932	0.82348	0.538085	0	5.28703	2.02984	4.90496	10.3664	8.73926	12.9591	
4.43262	9.06273	10.034	5.14125	5.57843	9.17572	6.66196	6.37656	5.28703	0	3.25719	6.54622	10.5631	9.12826	5.91731	
7.68981	4.88602	10.4869	1.88406	2.32124	5.11306	6.69563	2.56792	2.02984	3.25719	0	6.36004	9.88909	4.95154	9.1745	
2.1136	4.04669	4.12686	8.24409	3.55131	10.9388	4.65228	4.36688	4.90496	6.54622	6.36004	0	8.39501	0.921003	5.95668	
8.48892	12.6273	12.5219	8.00504	7.9572	5.16538	6.95204	10.9045	10.3664	10.5631	9.88909	8.39501	0	9.31601	4.64584	
3.0346	3.12569	4.78969	16.2352	2.63031	5.42213	8.48657	5.28788	8.73926	9.12826	4.95154	0.921003	9.31601	0	11.1105	
3.84308	8.56489	8.46022	12.6509	9.9577	7.16588	8.95254	12.2939	12.9591	5.91731	9.1745	5.95668	4.64584	11.1105	0	

0	8.56943	7.30678	12.6698	2.70199	9.81681	8.64447	12.492	10.8041	11.1017	10.1795	9.41612	10.4825	6.00418	9.28123	
8.56943	0	10.559	16.3489	5.86744	15.3598	10.9452	15.0238	8.78556	14.2671	14.5387	12.5816	18.1495	8.49991	13.1217	
7.30678	10.559	0	5.36303	7.94344	7.85386	6.68151	10.7942	8.84116	12.9609	7.62083	3.21545	7.16364	2.05906	6.6808	
12.6698	16.3489	5.36303	0	13.3065	6.918	5.74566	9.58824	7.90531	23.5734	7.27575	8.57848	10.5884	7.42209	4.80412	
2.70199	5.86744	7.94344	13.3065	0	17.345	11.3465	10.9837	14.653	8.39968	8.67122	6.71413	11.9839	7.03042	11.6522	
9.81681	15.3598	7.85386	6.918	17.345	0	1.17234	5.21596	3.33199	18.0167	7.52845	12.617	7.49988	11.4606	22.2959	
8.64447	10.9452	6.68151	5.74566	11.3465	1.17234	0	5.39991	2.15965	18.2007	7.7124	9.89697	6.32754	8.74057	10.5498	
12.492	15.0238	10.7942	9.58824	10.9837	5.21596	5.39991	0	6.23823	12.8008	2.3125	6.71788	5.62517	12.8533	13.7661	
10.8041	8.78556	8.84116	7.90531	14.653	3.33199	2.15965	6.23823	0	16.4192	8.55072	14.8465	8.48719	13.6901	16.5507	
11.1017	14.2671	12.9609	23.5734	8.39968	18.0167	18.2007	12.8008	16.4192	0	14.1509	9.74548	17.2961	14.2036	18.7692	
10.1795	14.5387	7.62083	7.27575	8.67122	7.52845	7.7124	2.3125	8.55072	14.1509	0	4.40538	3.31268	8.86345	11.4536	
9.41612	12.5816	3.21545	8.57848	6.71413	12.617	9.89697	6.71788	14.8465	9.74548	4.40538	0	7.55064	4.45807	9.06138	
10.4825	18.1495	7.16364	10.5884	11.9839	7.49988	6.32754	5.62517	8.48719	17.2961	3.31268	7.55064	0	9.2227	14.7663	
6.00418	8.49991	2.05906	7.42209	7.03042	11.4606	8.74057	12.8533	13.6901	14.2036	8.86345	4.45807	9.2227	0	4.62174	
9.28123	13.1217	6.6808	4.80412	11.6522	22.2959	10.5498	13.7661	16.5507	18.7692	11.4536	9.06138	14.7663	4.62174	0	

0	12.0016	3.8038	14.4196	6.80268	8.26401	5.17415	13.3361	8.67858	3.52616	7.07128	3.79089	8.48859	9.39626	1.96614	
12.0016	0	17.1579	16.8923	5.19892	18.3265	8.49796	25.7547	15.4192	20.3815	7.90186	8.21316	5.18352	4.20369	17.6795	
3.8038	17.1579	0	12.0282	8.1184	11.5081	6.89182	9.53228	15.3475	3.98371	7.52883	1.30317	14.3215	5.31265	2.42369	
14.4196	16.8923	12.0282	0	21.1108	4.47173	9.24547	2.49589	9.67608	18.0761	7.96966	14.8734	11.7088	22.2246	13.7136	
6.80268	5.19892	8.1184	21.1108	0	19.8305	11.9768	26.2698	16.9232	10.6751	9.4058	6.81522	9.40206	5.70763	8.63997	
8.26401	18.3265	11.5081	4.47173	19.8305	0	3.08986	1.97584	6.59429	12.229	4.63422	8.71777	6.4043	8.33239	7.55799	
5.17415	8.49796	6.89182	9.24547	11.9768	3.08986	0	5.06571	3.50443	6.02814	4.92259	5.62791	3.31444	8.62077	4.46812	
13.3361	25.7547	9.53228	2.49589	26.2698	1.97584	5.06571	0	7.18019	15.1055	5.47377	10.8355	14.2046	9.17194	10.5789	
8.67858	15.4192	15.3475	9.67608	16.9232	6.59429	3.50443	7.18019	0	19.404	8.42702	9.13234	6.81887	11.2155	7.97255	
3.52616	20.3815	3.98371	18.0761	10.6751	12.229	6.02814	15.1055	19.404	0	6.66516	3.38477	19.8412	10.8324	1.56002	
7.07128	7.90186	7.52883	7.96966	9.4058	4.63422	4.92259	5.47377	8.42702	6.66516	0	6.92989	8.23703	3.69818	5.10514	
3.79089	8.21316	1.30317	14.8734	6.81522	8.71777	5.62791	10.8355	9.13234	3.38477	6.92989	0	8.94235	4.00947	1.82475	
8.48859	5.18352	14.3215	11.7088	9.40206	6.4043	3.31444	14.2046	6.81887	19.8412	8.23703	8.94235	0	9.38721	7.78256	
9.39626	4.20369	5.31265	22.2246	5.70763	8.33239	8.62077	9.17194	11.2155	10.8324	3.69818	4.00947	9.38721	0	5.83422	
1.96614	17.6795	2.42369	13.7136	8.63997	7.55799	4.46812	10.5789	7.97255	1.56002	5.10514	1.82475	7.78256	5.83422	0	

0	10.755	5.10186	16.7756	6.445	4.63484	5.06721	4.38963	6.38543	4.87485	13.6103	3.00397	11.3593	4.99113	11.8397	
10.755	0	6.33338	24.4734	8.33289	15.3899	13.124	15.1447	24.9209	13.2124	10.1374	8.43127	10.3799	9.31327	6.53468	
5.10186	6.33338	0	8.38235	1.99951	14.1232	6.12157	3.80374	11.531	6.05754	3.80405	2.09789	8.75574	2.97989	12.6009	
16.7756	24.4734	8.38235	0	17.2593	12.1408	16.2835	16.0979	11.6435	14.8877	26.1174	7.38961	8.86822	5.40246	12.7134	
6.445	8.33289	1.99951	17.2593	0	11.0798	9.91364	7.59581	13.5418	8.87857	5.80356	4.0974	10.7552	4.9794	12.801	
4.63484	15.3899	14.1232	12.1408	11.0798	0	10.4418	6.17786	4.18206	7.24418	20.8637	7.63881	6.80598	13.9969	10.6512	
5.06721	13.124	6.12157	16.2835	9.91364	10.4418	0	0.677574	2.67337	7.66686	13.1913	2.38343	10.4345	6.01083	6.58929	
4.38963	15.1447	3.80374	16.0979	7.59581	6.17786	0.677574	0	1.99579	5.6655	12.3122	1.70585	4.77109	3.69301	7.26686	
6.38543	24.9209	11.531	11.6435	13.5418	4.18206	2.67337	1.99579	0	9.25979	20.0245	3.70165	2.7753	9.96616	6.62049	
4.87485	13.2124	6.05754	14.8877	8.87857	7.24418	7.66686	5.6655	9.25979	0	10.6831	3.95965	6.48449	5.94681	6.96481	
13.6103	10.1374	3.80405	26.1174	5.80356	20.8637	13.1913	12.3122	20.0245	10.6831	0	5.90193	12.5598	6.78394	11.5046	
3.00397	8.43127	2.09789	7.38961	4.0974	7.63881	2.38343	1.70585	3.70165	3.95965	5.90193	0	9.17802	1.98715	10.613	
11.3593	10.3799	8.75574	8.86822	10.7552	6.80598	10.4345	4.77109	2.7753	6.48449	12.5598	9.17802	0	7.19087	3.8452	
4.99113	9.31327	2.97989	5.40246	4.9794	13.9969	6.01083	3.69301	9.96616	5.94681	6.78394	1.98715	7.19087	0	11.0361	
11.8397	6.53468	12.6009	12.7134	12.801	10.6512	6.58929	7.26686	6.62049	6.96481	11.5046	10.613	3.8452	11.0361	0	

0	9.48448	0.693908	8.50288	3.71259	13.2637	11.1372	12.8328	10.9751	10.8371	7.92297	6.14673	12.3973	15.6159	4.25534	
9.48448	0	16.9191	24.8034	5.77189	12.413	15.011	12.4248	15.6179	7.86757	9.98227	14.5889	14.4566	9.96146	14.2937	
0.693908	16.9191	0	7.80897	4.4065	13.949	10.4433	12.1389	11.669	13.1488	9.99956	5.45282	10.1098	11.5148	3.56143	
8.50288	24.8034	7.80897	0	11.2356	6.9911	6.61456	8.3647	4.7025	18.5862	10.2782	10.7553	2.55093	11.745	9.09934	
3.71259	5.77189	4.4065	11.2356	0	11.6699	10.7786	13.3648	9.78611	7.12452	4.21038	8.75711	8.68472	7.87207	8.52184	
13.2637	12.413	13.949	6.9911	11.6699	0	3.50565	4.70278	2.28861	4.54538	7.86434	14.0267	12.6141	7.08459	14.1328	
11.1372	15.011	10.4433	6.61456	10.7786	3.50565	0	2.5862	1.91206	8.05103	7.4878	14.6726	9.10848	10.5902	14.0048	
12.8328	12.4248	12.1389	8.3647	13.3648	4.70278	2.5862	0	3.6622	9.24816	9.23794	17.5918	11.6947	11.7874	15.7004	
10.9751	15.6179	11.669	4.7025	9.78611	2.28861	1.91206	3.6622	0	6.83399	5.57574	10.1225	7.25342	9.23743	19.0575	
10.8371	7.86757	13.1488	18.5862	7.12452	4.54538	8.05103	9.24816	6.83399	0	4.46612	9.01286	15.8092	8.12782	9.58738	
7.92297	9.98227	9.99956	10.2782	4.21038	7.86434	7.4878	9.23794	5.57574	4.46612	0	4.54674	12.7511	3.66169	11.6151	
6.14673	14.5889	5.45282	10.7553	8.75711	14.0267	14.6726	17.5918	10.1225	9.01286	4.54674	0	8.20434	8.20843	9.01425	
12.3973	14.4566	10.1098	2.55093	8.68472	12.6141	9.10848	11.6947	7.25342	15.8092	12.7511	8.20434	0	9.19411	6.54841	
15.6159	9.96146	11.5148	11.745	7.87207	7.08459	10.5902	11.7874	9.23743	8.12782	3.66169	8.20843	9.19411	0	7.95336	
4.25534	14.2937	3.56143	9.09934	8.52184	14.1328	14.0048	15.7004	19.0575	9.58738	11.6151	9.01425	6.54841	7.95336	0	

0	9.76648	1.32377	8.96408	0.8469	8.88172	17.1083	4.40438	8.74611	10.2569	3.73884	4.20188	17.4644	4.642	7.74142	
9.76648	0	11.3169	9.50358	13.5758	14.0009	12.9757	12.2831	15.7652	19.6502	16.4678	5.5646	11.6437	13.8257	18.161	
1.32377	11.3169	0	10.0923	2.17067	6.05069	7.94063	3.92034	5.72838	10.793	4.275	5.52565	21.6696	5.77018	9.06519	
8.96408	9.50358	10.0923	0	13.366	5.90216	6.92735	8.03251	16.0748	10.1466	12.344	7.62883	2.14016	4.32208	10.2632	
0.8469	13.5758	2.17067	13.366	0	14.1725	29.3982	8.39618	12.7379	10.1584	4.58574	5.04878	16.6175	5.4889	8.58832	
8.88172	14.0009	6.05069	5.90216	14.1725	0	1.02519	2.13035	3.81466	12.1219	2.79589	8.84888	8.04232	10.2242	4.36106	
17.1083	12.9757	7.94063	6.92735	29.3982	1.02519	0	3.15554	2.78947	9.48398	4.68583	10.7388	17.0188	21.9637	5.38625	
4.40438	12.2831	3.92034	8.03251	8.39618	2.13035	3.15554	0	1.80803	7.18358	0.66554	6.71854	16.0374	9.69053	6.4914	
8.74611	15.7652	5.72838	16.0748	12.7379	3.81466	2.78947	1.80803	0	6.69451	2.47357	8.52657	14.2293	19.1743	14.5337	
10.2569	19.6502	10.793	10.1466	10.1584	12.1219	9.48398	7.18358	6.69451	0	6.51804	17.4491	12.2868	14.4687	11.1028	
3.73884	16.4678	4.275	12.344	4.58574	2.79589	4.68583	0.66554	2.47357	6.51804	0	7.38408	19.2366	8.38085	10.8029	
4.20188	5.5646	5.52565	7.62883	5.04878	8.84888	10.7388	6.71854	8.52657	17.4491	7.38408	0	9.76899	8.84388	11.9433	
17.4644	11.6437	21.6696	2.14016	16.6175	8.04232	17.0188	16.0374	14.2293	12.2868	19.2366	9.76899	0	6.46223	22.4747	
4.642	13.8257	5.77018	4.32208	5.4889	10.2242	21.9637	9.69053	19.1743	14.4687	8.38085	8.84388	6.46223	0	12.3834	
7.74142	18.161	9.06519	10.2632	8.58832	4.36106	5.38625	6.4914	14.5337	11.1028	10.8029	11.9433	22.4747	12.3834	0	

0	6.88006	1.21707	7.30701	5.20634	8.48852	5.48087	9.00466	8.59866	4.98708	8.90929	2.11259	2.97033	5.91379	5.22194	
6.88006	0	8.71194	8.83822	1.67372	10.0216	12.2254	8.70162	13.8421	4.76634	10.242	4.88699	4.50154	6.70759	6.65815	
1.21707	8.71194	0	12.8355	6.4234	10.0182	6.69794	15.5276	9.03184	6.14961	10.1264	3.32965	4.1874	4.69672	5.65512	
7.30701	8.83822	12.8355	0	11.8819	5.91794	4.9129	8.43668	3.63401	8.30888	14.2683	9.00331	4.33668	10.038	7.01073	
5.20634	1.67372	6.4234	11.8819	0	9.58919	10.6872	9.75997	8.36114	3.09262	9.96779	3.21326	6.17526	5.03387	3.5871	
8.48852	10.0216	10.0182	5.91794	9.58919	0	4.84374	1.31995	2.28393	7.98731	3.85718	6.37593	10.3839	16.1259	5.66065	
5.48087	12.2254	6.69794	4.9129	10.6872	4.84374	0	3.52378	3.91424	10.1911	9.35538	7.59346	8.4512	12.6697	7.29096	
9.00466	8.70162	15.5276	8.43668	9.75997	1.31995	3.52378	0	3.60388	6.66736	5.17713	7.69588	9.06397	11.8498	7.16185	
8.59866	13.8421	9.03184	3.63401	8.36114	2.28393	3.91424	3.60388	0	3.8712	6.14111	8.65986	7.97069	13.8983	3.37672	
4.98708	4.76634	6.14961	8.30888	3.09262	7.98731	10.1911	6.66736	3.8712	0	6.87518	6.30588	3.9722	5.18246	0.494488	
8.90929	10.242	10.1264	14.2683	9.96779	3.85718	9.35538	5.17713	6.14111	6.87518	0	10.2331	10.8474	12.0576	7.36966	
2.11259	4.88699	3.32965	9.00331	3.21326	6.37593	7.59346	7.69588	8.65986	6.30588	10.2331	0	4.66663	8.24713	7.33452	
2.97033	4.50154	4.1874	4.33668	6.17526	10.3839	8.4512	9.06397	7.97069	3.9722	10.8474	4.66663	0	5.70133	4.46669	
5.91379	6.70759	4.69672	10.038	5.03387	16.1259	12.6697	11.8498	13.8983	5.18246	12.0576	8.24713	5.70133	0	5.67695	
5.22194	6.65815	5.65512	7.01073	3.5871	5.66065	7.29096	7.16185	3.37672	0.494488	7.36966	7.33452	4.46669	5.67695	0	

0	5.43736	2.20574	3.90846	4.5287	3.40442	5.01977	8.10902	10.9277	4.59524	6.15762	1.17169	7.60881	8.77524	3.11957	
5.43736	0	7.13833	17.9917	17.1152	22.1306	11.3939	23.7611	20.1859	15.2296	13.2032	4.26567	19.3042	29.9623	10.7407	
2.20574	7.13833	0	6.1142	2.32296	5.61016	9.45117	11.5364	9.96628	2.3895	4.41593	2.87266	9.77173	5.38522	2.3655	
3.90846	17.9917	6.1142	0	18.2586	6.17392	7.78926	18.1419	13.7791	18.3251	10.0661	5.08015	10.3783	11.5447	7.02802	
4.5287	17.1152	2.32296	18.2586	0	8.43308	16.5844	18.537	12.2892	4.71245	7.97906	5.19561	12.0947	3.06227	4.68845	
3.40442	22.1306	5.61016	6.17392	8.43308	0	1.61535	2.47894	7.60522	10.9539	8.92746	4.57611	4.20439	5.37082	6.52399	
5.01977	11.3939	9.45117	7.78926	16.5844	1.61535	0	0.863594	2.43371	18.2137	10.5428	7.12826	5.81974	6.98617	10.365	
8.10902	23.7611	11.5364	18.1419	18.537	2.47894	0.863594	0	1.57012	12.5844	8.55282	7.99185	10.9564	14.3857	9.37826	
10.9277	20.1859	9.96628	13.7791	12.2892	7.60522	2.43371	1.57012	0	9.00914	6.9827	12.8389	10.2667	12.976	7.80814	
4.59524	15.2296	2.3895	18.3251	4.71245	10.9539	18.2137	12.5844	9.00914	0	2.02644	5.26216	12.1612	15.7874	3.72769	
6.15762	13.2032	4.41593	10.0661	7.97906	8.92746	10.5428	8.55282	6.9827	2.02644	0	7.32931	13.1319	11.0413	5.75412	
1.17169	4.26567	2.87266	5.08015	5.19561	4.57611	7.12826	7.99185	12.8389	5.26216	7.32931	0	12.6444	15.2699	4.29126	
7.60881	19.3042	9.77173	10.3783	12.0947	4.20439	5.81974	10.9564	10.2667	12.1612	13.1319	12.6444	0	9.57521	12.1372	
8.77524	29.9623	5.38522	11.5447	3.06227	5.37082	6.98617	14.3857	12.976	15.7874	11.0413	15.2699	9.57521	0	17.2177	
3.11957	10.7407	2.3655	7.02802	4.68845	6.52399	10.365	9.37826	7.80814	3.72769	5.75412	4.29126	12.1372	17.2177	0	

0	5.2277	4.49901	15.5256	4.30513	12.1513	9.43427	18.091	20.8301	8.95878	14.3285	8.36492	13.0845	3.07548	1.29848	
5.2277	0	10.2124	5.32548	1.49872	13.6135	8.51101	12.9473	15.5946	11.5389	10.8102	11.9877	14.3463	2.15222	4.50537	
4.49901	10.2124	0	16.2051	8.71364	7.65225	9.71227	14.0303	8.47056	17.2384	18.0251	8.6272	10.916	7.57449	5.79749	
15.5256	5.32548	16.2051	0	6.82421	10.1549	8.09493	9.3363	15.2291	17.5316	6.22157	12.3898	9.02081	7.4777	10.4981	
4.30513	1.49872	8.71364	6.82421	0	11.4639	11.8538	13.2483	12.9331	10.0402	9.31145	10.0731	14.2436	3.65095	3.00665	
12.1513	13.6135	7.65225	10.1549	11.4639	0	2.06002	3.30139	0.818306	4.18873	7.14315	0.974949	4.72963	8.4188	8.04139	
9.43427	8.51101	9.71227	8.09493	11.8538	2.06002	0	1.24137	2.87832	4.44949	7.57847	3.03497	13.9454	6.35879	16.13	
18.091	12.9473	14.0303	9.3363	13.2483	3.30139	1.24137	0	8.37553	3.20812	6.3371	3.96012	7.7148	7.60016	10.8684	
20.8301	15.5946	8.47056	15.2291	12.9331	0.818306	2.87832	8.37553	0	12.3488	15.4778	1.79326	12.7037	13.4929	14.8883	
8.95878	11.5389	17.2384	17.5316	10.0402	4.18873	4.44949	3.20812	12.3488	0	9.38197	3.21378	6.96846	12.356	7.6603	
14.3285	10.8102	18.0251	6.22157	9.31145	7.14315	7.57847	6.3371	15.4778	9.38197	0	6.1682	9.92288	14.8065	12.3181	
8.36492	11.9877	8.6272	12.3898	10.0731	0.974949	3.03497	3.96012	1.79326	3.21378	6.1682	0	3.75468	15.5698	7.06644	
13.0845	14.3463	10.916	9.02081	14.2436	4.72963	13.9454	7.7148	12.7037	6.96846	9.92288	3.75468	0	14.9917	10.8211	
3.07548	2.15222	7.57449	7.4777	3.65095	8.4188	6.35879	7.60016	13.4929	12.356	14.8065	15.5698	14.9917	0	4.37396	
1.29848	4.50537	5.79749	10.4981	3.00665	8.04139	16.13	10.8684	14.8883	7.6603	12.3181	7.06644	10.8211	4.37396	0	

0	5.11992	1.50554	9.35447	2.06047	5.88063	9.41372	5.61512	3.42678	7.53501	9.66843	2.60474	4.31126	7.1253	5.89573	
5.11992	0	6.42112	10.7766	7.18039	11.0006	17.8212	18.2003	8.5467	11.7038	7.2746	7.72466	9.43118	4.47598	8.39265	
1.50554	6.42112	0	10.9245	3.56601	7.38617	13.8187	8.46436	4.93232	7.7013	8.41838	4.11028	5.81679	5.61976	4.3902	
9.35447	10.7766	10.9245	0	8.60106	9.14696	12.6801	7.62628	14.3071	18.1228	12.9348	22.238	5.04321	15.2526	16.679	
2.06047	7.18039	3.56601	8.60106	0	7.9411	12.4377	15.1409	5.48725	11.3891	22.1042	4.66521	6.37172	9.52478	8.07796	
5.88063	11.0006	7.38617	9.14696	7.9411	0	3.53309	7.34844	5.1601	8.97584	3.7878	8.48537	10.1919	6.58642	12.1222	
9.41372	17.8212	13.8187	12.6801	12.4377	3.53309	0	4.91539	7.10373	9.13991	7.32089	18.891	7.49846	13.2782	9.4285	
5.61512	18.2003	8.46436	7.62628	15.1409	7.34844	4.91539	0	2.18834	4.22451	11.9444	9.15479	2.58307	17.448	7.53561	
3.42678	8.5467	4.93232	14.3071	5.48725	5.1601	7.10373	2.18834	0	6.41285	8.94789	6.03152	4.77141	10.8911	14.7113	
7.53501	11.7038	7.7013	18.1228	11.3891	8.97584	9.13991	4.22451	6.41285	0	12.7636	4.93028	6.80758	10.6242	3.3111	
9.66843	7.2746	8.41838	12.9348	22.1042	3.7878	7.32089	11.9444	8.94789	12.7636	0	8.41139	16.821	2.79862	15.91	
2.60474	7.72466	4.11028	22.238	4.66521	8.48537	18.891	9.15479	6.03152	4.93028	8.41139	0	6.91599	5.69389	8.24138	
4.31126	9.43118	5.81679	5.04321	6.37172	10.1919	7.49846	2.58307	4.77141	6.80758	16.821	6.91599	0	11.5011	10.2715	
7.1253	4.47598	5.61976	15.2526	9.52478	6.58642	13.2782	17.448	10.8911	10.6242	2.79862	5.69389	11.5011	0	10.01	
5.89573	8.39265	4.3902	16.679	8.07796	12.1222	9.4285	7.53561	14.7113	3.3111	15.91	8.24138	10.2715	10.01	0	

0	10.635	4.77805	3.82337	8.48739	7.80791	8.25672	8.43708	12.2394	7.48735	11.9974	4.01372	5.79628	5.48578	10.18	
10.635	0	5.85699	16.0005	8.5592	13.2173	12.0269	9.51602	13.3183	10.0029	11.7694	11.5487	19.6278	9.25592	14.8367	
4.77805	5.85699	0	8.60142	10.3404	9.07827	9.76004	3.65903	4.29047	4.14594	6.13947	6.10814	8.4668	6.9891	9.97118	
3.82337	16.0005	8.60142	0	12.3108	12.4673	9.51549	14.9199	14.2885	6.29377	13.2562	7.83709	1.97291	6.74456	14.0034	
8.48739	8.5592	10.3404	12.3108	0	11.1268	11.1206	13.0206	12.3892	6.19448	8.18801	9.66811	10.5153	8.34967	18.6674	
7.80791	13.2173	9.07827	12.4673	11.1268	0	17.842	15.6553	15.8693	4.93233	6.92586	3.79419	9.25319	14.7085	11.2642	
8.25672	12.0269	9.76004	9.51549	11.1206	17.842	0	3.53036	2.89892	20.1265	9.28256	16.0885	15.9445	2.77094	15.7063	
8.43708	9.51602	3.65903	14.9199	13.0206	15.6553	3.53036	0	0.631435	7.80497	9.3794	9.76717	15.0532	10.6481	6.31215	
12.2394	13.3183	4.29047	14.2885	12.3892	15.8693	2.89892	0.631435	0	10.9504	8.95683	12.4926	16.2614	5.66986	6.94358	
7.48735	10.0029	4.14594	6.29377	6.19448	4.93233	20.1265	7.80497	10.9504	0	1.99353	3.47363	4.32086	8.50516	5.06078	
11.9974	11.7694	6.13947	13.2562	8.18801	6.92586	9.28256	9.3794	8.95683	1.99353	0	5.46716	6.31439	6.51163	3.06725	
4.01372	11.5487	6.10814	7.83709	9.66811	3.79419	16.0885	9.76717	12.4926	3.47363	5.46716	0	7.79449	9.49951	9.10508	
5.79628	19.6278	8.4668	1.97291	10.5153	9.25319	15.9445	15.0532	16.2614	4.32086	6.31439	7.79449	0	8.71747	15.5647	
5.48578	9.25592	6.9891	6.74456	8.34967	14.7085	2.77094	10.6481	5.66986	8.50516	6.51163	9.49951	8.71747	0	9.57888	
10.18	14.8367	9.97118	14.0034	18.6674	11.2642	15.7063	6.31215	6.94358	5.06078	3.06725	9.10508	15.5647	9.57888	0	

0	13.0107	1.12408	5.34345	12.0081	7.52757	7.85787	9.59895	6.72864	4.16445	5.82236	3.20176	8.21764	8.40284	5.0072	
13.0107	0	15.7073	9.67551	17.5587	9.61348	20.4354	40.7653	21.7841	33.8521	34.9266	13.0206	12.5497	4.60783	11.6333	
1.12408	15.7073	0	6.03179	10.884	9.56471	13.4926	14.2077	7.85272	5.28853	4.69829	2.07768	8.07136	9.52692	3.88312	
5.34345	9.67551	6.03179	0	13.6615	15.5965	5.60942	21.9408	11.8891	9.5079	10.7301	8.10947	2.87419	12.1333	9.91491	
12.0081	17.5587	10.884	13.6615	0	12.9534	13.2837	15.0247	12.1544	16.6324	14.2038	12.9617	16.5357	12.9509	14.7671	
7.52757	9.61348	9.56471	15.5965	12.9534	0	1.92816	3.66924	0.798932	5.34793	12.9625	8.92485	14.2647	5.00564	12.0311	
7.85787	20.4354	13.4926	5.60942	13.2837	1.92816	0	3.99954	1.12923	5.67823	12.8601	8.72891	2.73523	11.9943	9.89731	
9.59895	40.7653	14.2077	21.9408	15.0247	3.66924	3.99954	0	2.87031	7.41931	15.0339	10.9962	13.9161	9.64867	13.5639	
6.72864	21.7841	7.85272	11.8891	12.1544	0.798932	1.12923	2.87031	0	4.549	12.1636	8.12592	3.86446	5.80458	12.6145	
4.16445	33.8521	5.28853	9.5079	16.6324	5.34793	5.67823	7.41931	4.549	0	9.27841	8.9688	15.2276	12.5673	8.06553	
5.82236	34.9266	4.69829	10.7301	14.2038	12.9625	12.8601	15.0339	12.1636	9.27841	0	6.77597	15.4557	26.7082	8.5814	
3.20176	13.0206	2.07768	8.10947	12.9617	8.92485	8.72891	10.9962	8.12592	8.9688	6.77597	0	5.99368	8.41279	5.9608	
8.21764	12.5497	8.07136	2.87419	16.5357	14.2647	2.73523	13.9161	3.86446	15.2276	15.4557	5.99368	0	9.25911	7.16208	
8.40284	4.60783	9.52692	12.1333	12.9509	5.00564	11.9943	9.64867	5.80458	12.5673	26.7082	8.41279	9.25911	0	7.02544	
5.0072	11.6333	3.88312	9.91491	14.7671	12.0311	9.89731	13.5639	12.6145	8.06553	8.5814	5.9608	7.16208	7.02544	0	

0	3.75733	5.7365	18.6771	7.56107	9.78641	22.5271	20.5736	7.20711	2.31982	10.7929	8.05038	6.78691	2.87418	11.2176	
3.75733	0	7.02747	21.0511	4.5611	8.8839	32.1924	11.9546	20.7945	7.45042	15.4816	6.05935	4.79589	0.883152	6.66288	
5.7365	7.02747	0	9.16395	8.37271	4.0499	15.7037	8.82149	6.09403	8.05632	10.9431	7.92396	6.90455	6.14432	16.9541	
18.6771	21.0511	9.16395	0	9.43685	5.11404	14.8932	9.54966	7.15817	13.3048	4.83173	6.05292	8.23869	11.2291	9.04448	
7.56107	4.5611	8.37271	9.43685	0	4.3228	12.7371	7.39354	6.36693	5.24125	6.31454	12.818	10.0859	5.44425	2.10178	
9.78641	8.8839	4.0499	5.11404	4.3228	0	10.1151	4.77158	2.04412	6.93141	6.89317	9.58255	5.76309	9.67582	6.42459	
22.5271	32.1924	15.7037	14.8932	12.7371	10.1151	0	5.34351	9.91254	14.7998	25.9373	28.6267	8.79914	12.7119	27.1045	
20.5736	11.9546	8.82149	9.54966	7.39354	4.77158	5.34351	0	6.81571	12.6348	11.6648	14.3541	10.5347	15.0353	9.49532	
7.20711	20.7945	6.09403	7.15817	6.36693	2.04412	9.91254	6.81571	0	4.88729	8.93729	11.6267	7.80721	18.5381	14.3996	
2.31982	7.45042	8.05632	13.3048	5.24125	6.93141	14.7998	12.6348	4.88729	0	8.47306	14.944	13.9888	5.194	7.34303	
10.7929	15.4816	10.9431	4.83173	6.31454	6.89317	25.9373	11.6648	8.93729	8.47306	0	9.43271	12.6563	14.6089	4.21275	
8.05038	6.05935	7.92396	6.05292	12.818	9.58255	28.6267	14.3541	11.6267	14.944	9.43271	0	9.08893	5.1762	13.6455	
6.78691	4.79589	6.90455	8.23869	10.0859	5.76309	8.79914	10.5347	7.80721	13.9888	12.6563	9.08893	0	3.91273	22.425	
2.87418	0.883152	6.14432	11.2291	5.44425	9.67582	12.7119	15.0353	18.5381	5.194	14.6089	5.1762	3.91273	0	9.74358	
11.2176	6.66288	16.9541	9.04448	2.10178	6.42459	27.1045	9.49532	14.3996	7.34303	4.21275	13.6455	22.425	9.74358	0	

0	11.7093	4.41313	16.5569	7.33806	5.66098	11.1602	8.41354	6.768	8.24162	2.94078	10.5478	8.60393	6.18126	3.79935	
11.7093	0	4.5771	25.1118	12.189	16.8693	19.7151	16.9684	15.3229	19.5556	20.7193	13.1447	14.9613	2.80897	6.02297	
4.41313	4.5771	0	24.3883	7.43918	25.338	20.5635	13.6131	11.1811	11.9199	7.35391	6.74083	13.0171	1.76813	4.98214	
16.5569	25.1118	24.3883	0	20.8587	11.3354	14.1811	11.4344	9.78889	28.2871	24.4536	23.4857	17.806	17.3994	14.1854	
7.33806	12.189	7.43918	20.8587	0	13.1595	16.0053	10.0819	11.613	15.3141	10.2788	3.20969	10.2031	9.20732	11.1374	
5.66098	16.8693	25.338	11.3354	13.1595	0	3.18689	2.72445	1.54647	16.9658	2.7202	9.59668	8.27153	22.583	16.8377	
11.1602	19.7151	20.5635	14.1811	16.0053	3.18689	0	0.462442	2.10798	17.1489	17.1907	7.33467	23.9909	18.6387	15.4247	
8.41354	16.9684	13.6131	11.4344	10.0819	2.72445	0.462442	0	1.64554	17.6113	5.44465	6.87223	10.996	17.208	15.8872	
6.768	15.3229	11.1811	9.78889	11.613	1.54647	2.10798	1.64554	0	15.0096	4.26667	8.51777	9.81799	15.6683	10.5673	
8.24162	19.5556	11.9199	28.2871	15.3141	16.9658	17.1489	17.6113	15.0096	0	11.1824	18.5238	10.4811	13.688	12.041	
2.94078	20.7193	7.35391	24.4536	10.2788	2.7202	17.1907	5.44465	4.26667	11.1824	0	18.3678	10.9917	11.8411	6.74013	
10.5478	13.1447	6.74083	23.4857	3.20969	9.59668	7.33467	6.87223	8.51777	18.5238	18.3678	0	9.43976	8.50896	9.58495	
8.60393	14.9613	13.0171	17.806	10.2031	8.27153	23.9909	10.996	9.81799	10.4811	10.9917	9.43976	0	11.7802	8.56619	
6.18126	2.80897	1.76813	17.3994	9.20732	22.583	18.6387	17.208	15.6683	13.688	11.8411	8.50896	11.7802	0	3.214	
3.79935	6.02297	4.98214	14.1854	11.1374	16.8377	15.4247	15.8872	10.5673	12.041	6.74013	9.58495	8.56619	3.214	0	

0	6.6461	7.67914	4.89333	7.55492	10.952	16.1936	10.2974	11.974	13.4665	5.82626	4.408	2.4567	5.23246	11.3162	
6.6461	0	8.14378	8.93902	8.01956	11.2229	12.8556	13.6265	15.3577	7.50529	13.3806	7.32365	6.50239	5.6971	9.65556	
7.67914	8.14378	0	8.64699	4.76914	9.44823	8.1658	8.89149	12.3691	6.27799	7.15398	4.07323	8.00581	2.44668	4.12772	
4.89333	8.93902	8.64699	0	7.19345	3.53564	4.81806	3.77309	3.25773	7.25322	6.51353	5.22766	2.43663	6.20031	17.5263	
7.55492	8.01956	4.76914	7.19345	0	11.9403	10.9574	4.45108	3.93572	8.22269	7.19152	3.94901	10.4949	2.32246	10.373	
10.952	11.2229	9.44823	3.53564	11.9403	0	1.28242	2.0081	2.56868	3.71758	5.89043	8.06276	5.97227	9.73595	5.86785	
16.1936	12.8556	8.1658	4.81806	10.9574	1.28242	0	0.725681	1.24104	5	4.56279	13.3341	8.56637	10.6125	11.2015	
10.2974	13.6265	8.89149	3.77309	4.45108	2.0081	0.725681	0	0.515362	5.7709	3.77116	5.25537	7.84068	10.4378	10.4758	
11.974	15.3577	12.3691	3.25773	3.93572	2.56868	1.24104	0.515362	0	9.61756	3.2558	4.67405	5.69436	6.25818	10.9912	
13.4665	7.50529	6.27799	7.25322	8.22269	3.71758	5	5.7709	9.61756	0	6.36177	7.78002	12.2128	10.5451	2.15027	
5.82626	13.3806	7.15398	6.51353	7.19152	5.89043	4.56279	3.77116	3.2558	6.36177	0	1.41825	4.20928	3.04481	8.51204	
4.408	7.32365	4.07323	5.22766	3.94901	8.06276	13.3341	5.25537	4.67405	7.78002	1.41825	0	2.79102	1.62655	9.86344	
2.4567	6.50239	8.00581	2.43663	10.4949	5.97227	8.56637	7.84068	5.69436	12.2128	4.20928	2.79102	0	4.41757	12.1335	
5.23246	5.6971	2.44668	6.20031	2.32246	9.73595	10.6125	10.4378	6.25818	10.5451	3.04481	1.62655	4.41757	0	6.5744	
11.3162	9.65556	4.12772	17.5263	10.373	5.86785	11.2015	10.4758	10.9912	2.15027	8.51204	9.86344	12.1335	6.5744	0	

0	8.98166	2.29927	12.4656	10.1965	8.25835	4.32382	11.1934	8.62865	5.96891	3.04657	0.786879	3.74325	4.0286	0.282818	
8.98166	0	1.84306	8.14268	6.37145	20.677	12.0604	12.4559	14.1368	4.33815	15.4652	15.7791	10.1639	1.04554	4.79132	
2.29927	1.84306	0	11.0818	3.55279	13.7751	6.05745	9.69662	12.9291	4.09013	11.812	7.92097	5.47688	0.797526	2.01645	
12.4656	8.14268	11.0818	0	15.6102	10.3646	19.6901	4.31326	4.9711	8.93674	15.5697	11.6787	13.4145	9.18822	14.0301	
10.1965	6.37145	3.55279	15.6102	0	17.3278	16.1233	14.0853	14.7431	8.32697	13.2431	10.9834	18.1017	4.35031	5.56924	
8.25835	20.677	13.7751	10.3646	17.3278	0	4.67548	2.63147	1.97362	10.9738	5.21178	9.10281	21.5504	14.5726	12.8863	
4.32382	12.0604	6.05745	19.6901	16.1233	4.67548	0	3.3597	2.70186	10.7534	8.97337	6.71368	7.50143	7.78678	4.041	
11.1934	12.4559	9.69662	4.31326	14.0853	2.63147	3.3597	0	0.657843	4.92244	11.2631	10.1045	17.7278	8.21504	11.4762	
8.62865	14.1368	12.9291	4.9711	14.7431	1.97362	2.70186	0.657843	0	5.58028	7.18541	16.9892	14.3731	13.0913	6.74286	
5.96891	4.33815	4.09013	8.93674	8.32697	10.9738	10.7534	4.92244	5.58028	0	9.07306	5.18203	13.1674	3.29261	6.79064	
3.04657	15.4652	11.812	15.5697	13.2431	5.21178	8.97337	11.2631	7.18541	9.07306	0	3.83345	11.8764	10.9827	3.32938	
0.786879	15.7791	7.92097	11.6787	10.9834	9.10281	6.71368	10.1045	16.9892	5.18203	3.83345	0	7.98534	8.47464	1.0697	
3.74325	10.1639	5.47688	13.4145	18.1017	21.5504	7.50143	17.7278	14.3731	13.1674	11.8764	7.98534	0	7.20621	3.46043	
4.0286	1.04554	0.797526	9.18822	4.35031	14.5726	7.78678	8.21504	13.0913	3.29261	10.9827	8.47464	7.20621	0	2.81398	
0.282818	4.79132	2.01645	14.0301	5.56924	12.8863	4.041	11.4762	6.74286	6.79064	3.32938	1.0697	3.46043	2.81398	0	

0	8.8099	5.46257	9.15649	6.34764	8.96928	8.21487	11.0176	7.87619	4.51636	5.87858	5.97892	9.21306	5.93296	3.94856	
8.8099	0	7.39358	11.0475	3.29163	4.59883	11.7893	13.0822	11.2863	8.64221	19.2614	7.90993	12.3859	2.87694	16.2952	
5.46257	7.39358	0	15.7436	4.20527	8.16661	5.35457	7.03413	3.89271	7.07992	6.97289	0.516349	5.5185	4.61996	9.41112	
9.15649	11.0475	15.7436	0	12.6183	6.44867	3.87358	8.12803	5.33543	4.23059	7.90739	10.7942	12.0833	13.4837	4.7984	
6.34764	3.29163	4.20527	12.6183	0	12.4311	11.6767	22.648	8.09798	8.38774	12.0645	4.72162	2.82021	0.414686	8.95554	
8.96928	4.59883	8.16661	6.44867	12.4311	0	7.33234	16.7283	9.19054	4.04338	7.72018	7.65026	11.8961	7.47578	4.61119	
8.21487	11.7893	5.35457	3.87358	11.6767	7.33234	0	4.25446	1.46186	3.28896	4.54204	9.85254	11.1417	12.5421	3.85677	
11.0176	13.0822	7.03413	8.12803	22.648	16.7283	4.25446	0	3.14142	7.54342	6.2216	23.1129	24.47	15.9592	9.95116	
7.87619	11.2863	3.89271	5.33543	8.09798	9.19054	1.46186	3.14142	0	4.75082	3.08018	4.40906	9.41121	13.8091	5.71497	
4.51636	8.64221	7.07992	4.23059	8.38774	4.04338	3.28896	7.54342	4.75082	0	3.6768	6.56357	7.85272	8.80242	0.567808	
5.87858	19.2614	6.97289	7.90739	12.0645	7.72018	4.54204	6.2216	3.08018	3.6768	0	10.2404	10.1673	11.8115	4.24461	
5.97892	7.90993	0.516349	10.7942	4.72162	7.65026	9.85254	23.1129	4.40906	6.56357	10.2404	0	6.03485	9.49956	7.13138	
9.21306	12.3859	5.5185	12.0833	2.82021	11.8961	11.1417	24.47	9.41121	7.85272	10.1673	6.03485	0	3.2349	8.42053	
5.93296	2.87694	4.61996	13.4837	0.414686	7.47578	12.5421	15.9592	13.8091	8.80242	11.8115	9.49956	3.2349	0	9.82091	
3.94856	16.2952	9.41112	4.7984	8.95554	4.61119	3.85677	9.95116	5.71497	0.567808	4.24461	7.13138	8.42053	9.82091	0	

0	7.37564	1.09704	7.19262	9.94918	4.35323	17.0424	8.21327	6.86979	2.48085	8.66535	1.83365	8.20457	7.20999	1.89292	
7.37564	0	6.2786	9.01204	4.30711	19.6347	17.4209	5.23838	6.98926	14.0136	18.1724	7.01522	16.9668	1.62053	11.2307	
1.09704	6.2786	0	6.15644	6.95308	5.45027	15.6175	11.6625	14.621	3.57788	12.972	0.736619	9.30161	7.89913	2.98996	
7.19262	9.01204	6.15644	0	10.1307	16.3919	14.9964	11.0094	10.9362	4.71177	11.1807	5.41982	7.70467	7.39151	7.75207	
9.94918	4.30711	6.95308	10.1307	0	17.7636	18.5396	6.35705	8.10793	14.5048	15.8461	6.21647	18.0855	2.7392	9.07369	
4.35323	19.6347	5.45027	16.3919	17.7636	0	8.56582	4.61082	2.51656	6.83408	6.58669	15.1052	8.68728	7.88529	6.24615	
17.0424	17.4209	15.6175	14.9964	18.5396	8.56582	0	3.955	13.9068	14.5615	20.862	20.4162	22.5516	7.57285	10.2753	
8.21327	5.23838	11.6625	11.0094	6.35705	4.61082	3.955	0	7.12739	11.7515	11.1975	11.3386	13.2981	3.61786	6.32034	
6.86979	6.98926	14.621	10.9362	8.10793	2.51656	13.9068	7.12739	0	6.22447	9.10326	15.7187	11.2038	5.36873	10.7005	
2.48085	14.0136	3.57788	4.71177	14.5048	6.83408	14.5615	11.7515	6.22447	0	6.46894	10.1316	9.77474	9.69083	4.37377	
8.66535	18.1724	12.972	11.1807	15.8461	6.58669	20.862	11.1975	9.10326	6.46894	0	11.7907	9.42503	15.9402	6.77243	
1.83365	7.01522	0.736619	5.41982	6.21647	15.1052	20.4162	11.3386	15.7187	10.1316	11.7907	0	13.1245	8.95566	5.01825	
8.20457	16.9668	9.30161	7.70467	18.0855	8.68728	22.5516	13.2981	11.2038	9.77474	9.42503	13.1245	0	15.0962	10.0975	
7.20999	1.62053	7.89913	7.39151	2.7392	7.88529	7.57285	3.61786	5.36873	9.69083	15.9402	8.95566	15.0962	0	9.10291	
1.89292	11.2307	2.98996	7.75207	9.07369	6.24615	10.2753	6.32034	10.7005	4.37377	6.77243	5.01825	10.0975	9.10291	0	

0	17.042	0.664737	10.2619	8.16146	4.30645	11.403	5.35898	2.76492	9.89179	9.4538	2.82349	11.1755	2.54245	5.51285	
17.042	0	14.4536	26.7523	24.6495	9.77622	20.8617	21.7022	18.8857	13.5213	3.60663	14.67	16.3758	10.518	15.3573	
0.664737	14.4536	0	14.3024	8.70041	7.59171	12.1132	11.1505	3.42965	6.68409	10.8469	2.15876	3.86448	3.20719	4.84811	
10.2619	26.7523	14.3024	0	7.74671	14.1937	16.58	15.2462	12.6522	11.2902	14.6308	9.12073	7.41501	7.71948	9.45425	
8.16146	24.6495	8.70041	7.74671	0	12.9786	14.4796	16.5374	12.8836	9.56602	12.5304	2.76246	1.05674	5.61902	7.73004	
4.30645	9.77622	7.59171	14.1937	12.9786	0	4.52154	3.55879	1.54153	11.3633	6.16959	5.75716	10.1631	11.2133	12.4398	
11.403	20.8617	12.1132	16.58	14.4796	4.52154	0	5.12262	6.06308	18.8157	10.6911	11.6165	17.32	8.86056	16.9797	
5.35898	21.7022	11.1505	15.2462	16.5374	3.55879	5.12262	0	2.59406	12.4158	9.72839	6.80969	17.6261	13.9832	19.6533	
2.76492	18.8857	3.42965	12.6522	12.8836	1.54153	6.06308	2.59406	0	9.52227	7.71113	4.21563	5.92135	5.30736	11.6577	
9.89179	13.5213	6.68409	11.2902	9.56602	11.3633	18.8157	12.4158	9.52227	0	17.128	5.30665	7.01237	8.06255	1.83598	
9.4538	3.60663	10.8469	14.6308	12.5304	6.16959	10.6911	9.72839	7.71113	17.128	0	9.66726	16.1195	6.91136	15.695	
2.82349	14.67	2.15876	9.12073	2.76246	5.75716	11.6165	6.80969	4.21563	5.30665	9.66726	0	1.70572	2.7559	7.00687	
11.1755	16.3758	3.86448	7.41501	1.05674	10.1631	17.32	17.6261	5.92135	7.01237	16.1195	1.70572	0	4.46163	8.78678	
2.54245	10.518	3.20719	7.71948	5.61902	11.2133	8.86056	13.9832	5.30736	8.06255	6.91136	2.7559	4.46163	0	13.2871	
5.51285	15.3573	4.84811	9.45425	7.73004	12.4398	16.9797	19.6533	11.6577	1.83598	15.695	7.00687	8.78678	13.2871	0	

-111