10
10
3
3
20

6	21
10	1
47	15
18	25
31	42
9	22
22	5
8	17
2	22
20	29

29	47
34	25
27	39
46	33
33	29
28	46
44	28
33	32
35	23
40	39

70

1.79769e+308
1.79769e+308
1.79769e+308
1.79769e+308
1.79769e+308
1.79769e+308
1.79769e+308
1.79769e+308
1.79769e+308
1.79769e+308

12
15
15
20
13
14
17
19
14
16

0
0
0
0
0
0
0
0
0
0

0

0	12.1011	13.9408	12.8705	13.4252	4.23745	14.1197	6.61876	5.19511	12.7384	17.9708	25.082	19.4044	8.35225	14.3369	16.8348	10.0755	9.95745	12.9607	10.3039	
12.1011	0	23.736	16.3676	13.0399	10.0205	14.0405	5.48234	7.04439	15.8344	16.3526	19.8715	11.2399	25.5517	19.5671	15.6984	23.433	19.6863	20.1414	23.5952	
13.9408	23.736	0	23.4315	10.3411	18.3268	17.2325	24.8509	23.4273	8.84377	17.6386	8.92426	16.8647	5.5886	4.55377	11.9962	7.2045	5.63377	10.1971	7.54022	
12.8705	16.3676	23.4315	0	16.9296	8.63302	14.3323	10.8853	11.223	5.90322	11.1356	14.24	14.6919	14.3211	10.1932	13.9389	16.227	14.353	16.6102	22.2265	
13.4252	13.0399	10.3411	16.9296	0	11.0009	22.1558	14.9661	13.5909	9.86364	4.63124	10.1578	1.8	5.07293	5.7873	4.75	6.79618	6.11882	9.68141	6.92539	
4.23745	10.0205	18.3268	8.63302	11.0009	0	11.5146	4.15205	2.59	13.4296	15.6321	11.2168	12.8009	12.5897	6.8	14.7542	14.4614	5.72	8.84654	14.6898	
14.1197	14.0405	17.2325	14.3323	22.1558	11.5146	0	10.4866	8.9246	8.42912	13.6615	5.83095	17.2178	14.4543	10.2014	23.8109	12.7311	12.407	8.20118	20.3966	
6.61876	5.48234	24.8509	10.8853	14.9661	4.15205	10.4866	0	1.56205	10.352	11.8566	17.0293	15.7713	14.971	14.642	10.2161	26.446	10.2581	13.3847	15.2174	
5.19511	7.04439	23.4273	11.223	13.5909	2.59	8.9246	1.56205	0	11.9141	19.3219	14.7555	14.2092	13.5474	18.9951	11.7781	21.2255	8.31	11.4365	18.4999	
12.7384	15.8344	8.84377	5.90322	9.86364	13.4296	8.42912	10.352	11.9141	0	5.2324	8.66049	8.78872	8.41789	4.29	6.87289	8.15588	5.37	11.7935	8.31816	
17.9708	16.3526	17.6386	11.1356	4.63124	15.6321	13.6615	11.8566	19.3219	5.2324	0	14.2134	5.11265	9.70417	9.08291	1.64049	19.5391	10.7501	16.5837	6.64177	
25.082	19.8715	8.92426	14.24	10.1578	11.2168	5.83095	17.0293	14.7555	8.66049	14.2134	0	19.3261	6.97871	4.37049	11.8129	8.23637	5.45049	2.37023	8.39866	
19.4044	11.2399	16.8647	14.6919	1.8	12.8009	17.2178	15.7713	14.2092	8.78872	5.11265	19.3261	0	6.87293	7.5873	6.55	19.0264	7.91882	18.304	8.72539	
8.35225	25.5517	5.5886	14.3211	5.07293	12.5897	14.4543	14.971	13.5474	8.41789	9.70417	6.97871	6.87293	0	5.58913	6.95289	1.72325	7.06465	4.60848	1.95161	
14.3369	19.5671	4.55377	10.1932	5.7873	6.8	10.2014	14.642	18.9951	4.29	9.08291	4.37049	7.5873	5.58913	0	7.44242	3.86588	1.08	6.74072	4.02816	
16.8348	15.6984	11.9962	13.9389	4.75	14.7542	23.8109	10.2161	11.7781	6.87289	1.64049	11.8129	6.55	6.95289	7.44242	0	11.3083	8.52242	15.7908	5.00128	
10.0755	23.433	7.2045	16.227	6.79618	14.4614	12.7311	26.446	21.2255	8.15588	19.5391	8.23637	19.0264	1.72325	3.86588	11.3083	0	4.94588	6.33173	3.67487	
9.95745	19.6863	5.63377	14.353	6.11882	5.72	12.407	10.2581	8.31	5.37	10.7501	5.45049	7.91882	7.06465	1.08	8.52242	4.94588	0	6.82246	5.10816	
12.9607	20.1414	10.1971	16.6102	9.68141	8.84654	8.20118	13.3847	11.4365	11.7935	16.5837	2.37023	18.304	4.60848	6.74072	15.7908	6.33173	6.82246	0	6.5601	
10.3039	23.5952	7.54022	22.2265	6.92539	14.6898	20.3966	15.2174	18.4999	8.31816	6.64177	8.39866	8.72539	1.95161	4.02816	5.00128	3.67487	5.10816	6.5601	0	

0	12.152	17.8165	13.3448	17.2459	2.52982	5.43058	2.63856	6.01973	6.20238	26.1443	12.6016	15.7403	24.1614	12.2948	26.1133	16.9429	16.6296	9.03463	26.8512	
12.152	0	28.0708	21.2505	17.0899	18.6407	15.6849	9.51346	18.2609	13.0773	16.0227	15.4777	11.2399	15.4241	15.9436	21.4223	17.3537	19.9936	14.9857	18.1299	
17.8165	28.0708	0	19.8984	14.7645	22.3727	12.3859	19.5076	18.4231	14.5714	11.2551	12.3009	16.5316	11.827	13.8593	11.224	5.20325	10.5874	7.57124	10.25	
13.3448	21.2505	19.8984	0	21.1034	10.815	9.3822	11.5242	15.4194	7.9604	12.9038	10.0776	15.9776	12.5984	9.34694	14.6534	10.6811	5.29694	9.58566	9.64842	
17.2459	17.0899	14.7645	21.1034	0	14.2148	16.1597	14.6073	21.489	13.9063	3.01569	4.14304	5.85	5.24786	11.3115	3.34096	9.06755	9.09279	4.63498	12.74	
2.52982	18.6407	22.3727	10.815	14.2148	0	7.9604	5.16838	4.69	10.2206	17.0657	6.99674	15.3505	18.695	8.65515	25.4684	8.8728	15.0215	6.50481	14.2158	
5.43058	15.6849	12.3859	9.3822	16.1597	7.9604	0	8.06914	6.03723	6.0208	15.0925	14.2858	10.3097	14.4939	6.8642	20.492	15.3889	10.557	9.01455	17.1997	
2.63856	9.51346	19.5076	11.5242	14.6073	5.16838	8.06914	0	8.65829	3.56382	17.623	14.1455	11.6201	19.8552	13.0335	20.3252	12.9319	8.09998	7.27958	27.0649	
6.01973	18.2609	18.4231	15.4194	21.489	4.69	6.03723	8.65829	0	12.058	24.5047	14.7617	16.3469	18.1417	11.441	25.4398	22.3221	15.491	11.1948	24.0656	
6.20238	13.0773	14.5714	7.9604	13.9063	10.2206	6.0208	3.56382	12.058	0	12.143	4.2077	8.05633	11.8377	5.86611	15.3889	6.08376	4.53617	3.71576	11.4268	
26.1443	16.0227	11.2551	12.9038	3.01569	17.0657	15.0925	17.623	24.5047	12.143	0	6.99392	4.7828	8.26355	11.6568	0.325269	6.05186	7.60685	7.48585	9.63321	
12.6016	15.4777	12.3009	10.0776	4.14304	6.99674	14.2858	14.1455	14.7617	4.2077	6.99392	0	8.13929	9.3909	2.64228	7.31919	2.85993	4.94975	0.491935	8.20294	
15.7403	11.2399	16.5316	15.9776	5.85	15.3505	10.3097	11.6201	16.3469	8.05633	4.7828	8.13929	0	4.18422	14.1109	5.10807	10.808	11.4857	8.63122	6.89	
24.1614	15.4241	11.827	12.5984	5.24786	18.695	14.4939	19.8552	18.1417	11.8377	8.26355	9.3909	4.18422	0	11.3515	11.6979	6.62375	7.30151	8.99175	8.14587	
12.2948	15.9436	13.8593	9.34694	11.3115	8.65515	6.8642	13.0335	11.441	5.86611	11.6568	2.64228	14.1109	11.3515	0	13.9988	4.51834	4.05	2.15035	9.86135	
26.1133	21.4223	11.224	14.6534	3.34096	25.4684	20.492	20.3252	25.4398	15.3889	0.325269	7.31919	5.10807	11.6979	13.9988	0	6.0208	7.93211	8.38879	9.30794	
16.9429	17.3537	5.20325	10.6811	9.06755	8.8728	15.3889	12.9319	22.3221	6.08376	6.05186	2.85993	10.808	6.62375	4.51834	6.0208	0	5.38416	2.36799	10.079	
16.6296	19.9936	10.5874	5.29694	9.09279	15.0215	10.557	8.09998	15.491	4.53617	7.60685	4.94975	11.4857	7.30151	4.05	7.93211	5.38416	0	5.44168	7.12764	
9.03463	14.9857	7.57124	9.58566	4.63498	6.50481	9.01455	7.27958	11.1948	3.71576	7.48585	0.491935	8.63122	8.99175	2.15035	8.38879	2.36799	5.44168	0	7.71101	
26.8512	18.1299	10.25	9.64842	12.74	14.2158	17.1997	27.0649	24.0656	11.4268	9.63321	8.20294	6.89	8.14587	9.86135	9.30794	10.079	7.12764	7.71101	0	

0	19.2352	15.135	4.04772	20.3627	3.25715	12.8876	2.63856	4.65911	7.04405	28.4092	14.944	17.0544	15.6959	19.322	32.4242	12.8022	14.8836	7.81351	20.1842	
19.2352	0	16.6152	9.5374	23.5705	15.9781	19.1002	15.3658	23.7298	6.54107	13.1822	18.0436	25.9495	19.694	20.269	24.0142	15.63	16.8142	19.1424	21.1312	
15.135	16.6152	0	12.7076	13.9029	19.737	17.8232	12.4964	19.8368	18.39	11.7488	9.94205	17.9335	13.7327	10.5094	12.7954	5.87033	11.2545	8.94177	11.3715	
4.04772	9.5374	12.7076	0	10.9499	7.30486	12.6472	6.68628	8.70682	2.99633	9.63745	5.57701	16.6455	11.6482	6.99132	20.4694	11.7964	13.2694	3.76579	17.8424	
20.3627	23.5705	13.9029	10.9499	0	25.3976	16.0655	15.4064	18.0791	8.79519	2.15407	5.70698	6.25	11.2223	7.12139	3.20058	8.54555	3.16139	7.1841	5.02802	
3.25715	15.9781	19.737	7.30486	25.3976	0	9.63042	5.89571	7.91626	10.3003	16.9415	19.4549	21.5653	20.7555	21.439	27.7735	17.4042	19.4856	12.8732	27.0706	
12.8876	19.1002	17.8232	12.6472	16.0655	9.63042	0	16.871	18.8004	19.9308	27.8343	10.6927	21.7612	25.0493	12.107	32.1609	16.912	19.5761	8.88144	22.6881	
2.63856	15.3658	12.4964	6.68628	15.4064	5.89571	16.871	0	7.29767	8.82469	15.4658	14.2353	26.1413	18.026	14.8027	26.2978	10.1636	12.245	18.1942	15.6648	
4.65911	23.7298	19.8368	8.70682	18.0791	7.91626	18.8004	7.29767	0	17.1888	18.58	10.2849	12.3953	24.0949	14.1205	14.658	14.3566	12.8305	10.895	17.9006	
7.04405	6.54107	18.39	2.99633	8.79519	10.3003	19.9308	8.82469	17.1888	0	6.64112	11.5026	12.8258	13.1529	14.2331	7.68764	13.6919	10.2731	6.76212	14.5299	
28.4092	13.1822	11.7488	9.63745	2.15407	16.9415	27.8343	15.4658	18.58	6.64112	0	10.8293	3.30926	18.5716	12.3655	1.04652	14.901	5.31546	9.33817	7.18209	
14.944	18.0436	9.94205	5.57701	5.70698	19.4549	10.6927	14.2353	10.2849	11.5026	10.8293	0	10.5925	11.9341	4.41172	11.8758	4.07172	2.54558	1.81122	6.80237	
17.0544	25.9495	17.9335	16.6455	6.25	21.5653	21.7612	26.1413	12.3953	12.8258	3.30926	10.5925	0	15.7406	6.18081	2.26274	10.8199	9.41139	9.40633	11.278	
15.6959	19.694	13.7327	11.6482	11.2223	20.7555	25.0493	18.026	24.0949	13.1529	18.5716	11.9341	15.7406	0	12.4196	18.0034	7.86234	10.451	15.414	6.19426	
19.322	20.269	10.5094	6.99132	7.12139	21.439	12.107	14.8027	14.1205	14.2331	12.3655	4.41172	6.18081	12.4196	0	8.44355	4.63905	3.96	3.22552	6.22534	
32.4242	24.0142	12.7954	20.4694	3.20058	27.7735	32.1609	26.2978	14.658	7.68764	1.04652	11.8758	2.26274	18.0034	8.44355	0	21.4775	9.91139	13.9341	11.778	
12.8022	15.63	5.87033	11.7964	8.54555	17.4042	16.912	10.1636	14.3566	13.6919	14.901	4.07172	10.8199	7.86234	4.63905	21.4775	0	5.38416	5.88293	5.50121	
14.8836	16.8142	11.2545	13.2694	3.16139	19.4856	19.5761	12.245	12.8305	10.2731	5.31546	2.54558	9.41139	10.451	3.96	9.91139	5.38416	0	4.3568	4.25678	
7.81351	19.1424	8.94177	3.76579	7.1841	12.8732	8.88144	18.1942	10.895	6.76212	9.33817	1.81122	9.40633	15.414	3.22552	13.9341	5.88293	4.3568	0	9.45087	
20.1842	21.1312	11.3715	17.8424	5.02802	27.0706	22.6881	15.6648	17.9006	14.5299	7.18209	6.80237	11.278	6.19426	6.22534	11.778	5.50121	4.25678	9.45087	0	

0	7.54655	20.3195	12.1431	18.3591	1.67601	8.14587	4.53146	6.18466	8.58636	17.0094	15.2076	14.6591	18.6248	16.0513	14.1839	17.2155	16.2814	17.2783	17.6966	
7.54655	0	18.4696	15.4319	29.4885	9.22256	15.6924	14.4336	13.7312	17.2213	24.556	21.7508	19.5088	11.0783	14.4941	23.1075	12.8015	19.5641	20.5025	17.5271	
20.3195	18.4696	0	8.76301	9.62181	17.5552	26.3602	30.161	26.0942	10.6448	17.4376	6.06845	13.3833	7.39138	9.69477	9.82789	8.25323	4.62477	8.036	13.8402	
12.1431	15.4319	8.76301	0	7.86083	12.8583	20.289	16.137	18.3278	5.94794	8.28393	6.56	4.16083	8.8146	5.27822	7.6756	7.76669	4.13824	5.13517	13.3491	
18.3591	29.4885	9.62181	7.86083	0	20.8157	18.3454	22.7603	14.7957	10.0092	6.13909	7.47191	3.7	9.36524	8.71462	5.5	7.64199	4.99704	8.40827	10.6253	
1.67601	9.22256	17.5552	12.8583	20.8157	0	9.82188	2.85545	6.02	6.91035	18.6854	12.4432	16.3351	16.1174	14.2251	11.4195	14.8372	17.4198	18.4167	19.3726	
8.14587	15.6924	26.3602	20.289	18.3454	9.82188	0	13.2761	10.237	17.3546	14.2454	20.2917	19.4517	25.2794	24.1972	12.8454	21.2679	18.0485	24.0707	25.8424	
4.53146	14.4336	30.161	16.137	22.7603	2.85545	13.2761	0	8.87545	9.76581	23.8965	18.6263	16.3843	14.906	11.3696	24.0253	17.776	16.4396	17.378	24.5836	
6.18466	13.7312	26.0942	18.3278	14.7957	6.02	10.237	8.87545	0	12.9304	20.9348	23.6636	18.4957	12.7541	17.4372	20.2957	11.0309	14.6593	15.2521	23.8812	
8.58636	17.2213	10.6448	5.94794	10.0092	6.91035	17.3546	9.76581	12.9304	0	5.90926	5.53288	10.1088	9.20706	11.2262	4.50919	7.92687	8.00776	9.31184	12.522	
17.0094	24.556	17.4376	8.28393	6.13909	18.6854	14.2454	23.8965	20.9348	5.90926	0	16.019	4.12311	13.8341	9.13772	1.40007	11.7558	6.6032	17.789	16.7643	
15.2076	21.7508	6.06845	6.56	7.47191	12.4432	20.2917	18.6263	23.6636	5.53288	16.019	0	10.7208	10.793	7.25667	7.678	6.10333	2.47487	3.77895	11.9929	
14.6591	19.5088	13.3833	4.16083	3.7	16.3351	19.4517	16.3843	18.4957	10.1088	4.12311	10.7208	0	8.551	5.01462	5.52318	11.342	8.29907	9.296	12.74	
18.6248	11.0783	7.39138	8.8146	9.36524	16.1174	25.2794	14.906	12.7541	9.20706	13.8341	10.793	8.551	0	3.53638	12.079	1.72325	5.35171	5.94446	6.44881	
16.0513	14.4941	9.69477	5.27822	8.71462	14.2251	24.1972	11.3696	17.4372	11.2262	9.13772	7.25667	5.01462	3.53638	0	10.2731	5.25964	5.07	6.00833	9.9852	
14.1839	23.1075	9.82789	7.6756	5.5	11.4195	12.8454	24.0253	20.2957	4.50919	1.40007	7.678	5.52318	12.079	10.2731	0	8.83158	5.20312	8.61436	16.1253	
17.2155	12.8015	8.25323	7.76669	7.64199	14.8372	21.2679	17.776	11.0309	7.92687	11.7558	6.10333	11.342	1.72325	5.25964	8.83158	0	3.62846	4.22121	8.17207	
16.2814	19.5641	4.62477	4.13824	4.99704	17.4198	18.0485	16.4396	14.6593	8.00776	6.6032	2.47487	8.29907	5.35171	5.07	5.20312	3.62846	0	3.41123	11.6251	
17.2783	20.5025	8.036	5.13517	8.40827	18.4167	24.0707	17.378	15.2521	9.31184	17.789	3.77895	9.296	5.94446	6.00833	8.61436	4.22121	3.41123	0	8.2139	
17.6966	17.5271	13.8402	13.3491	10.6253	19.3726	25.8424	24.5836	23.8812	12.522	16.7643	11.9929	12.74	6.44881	9.9852	16.1253	8.17207	11.6251	8.2139	0	

0	13.2575	19.2419	8.03219	10.3583	5.47074	12.1447	3.30938	2.43263	13.1322	7.98402	11.5138	5.80831	23.613	11.0562	7.22253	16.108	9.86491	9.92268	14.2342	
13.2575	0	26.99	13.4439	18.6752	15.1099	17.8352	14.6733	15.6901	6.24375	21.2415	12.8671	13.5677	22.5094	10.1459	17.6496	20.84	13.7459	15.838	12.2811	
19.2419	26.99	0	13.3372	16.0062	18.5128	9.15478	17.1583	18.8668	20.7576	12.4831	7.47395	7.71992	7.93998	9.29765	12.8508	6.27058	13.5627	3.60555	21.0185	
8.03219	13.4439	13.3372	0	7.91835	2.56144	16.258	5.72284	8.30144	7.20014	10.8855	8.60449	8.65452	8.73598	13.9024	10.0687	7.06658	8.28144	12.7689	13.2375	
10.3583	18.6752	16.0062	7.91835	0	10.4798	22.7638	17.3487	15.1151	11.8739	4.8677	8.40466	4.55	10.3363	9.79786	4.5	13.1699	6.42476	8.66437	14.7403	
5.47074	15.1099	18.5128	2.56144	10.4798	0	13.6966	3.16139	5.03585	8.86612	8.32406	6.04305	9.7766	9.21593	8.7643	8.69176	9.62802	5.72	9.91144	14.0356	
12.1447	17.8352	9.15478	16.258	22.7638	13.6966	0	10.6947	9.71206	22.5627	20.4381	17.4929	18.2138	20.6657	20.2141	19.628	15.4254	19.4166	12.7603	29.0688	
3.30938	14.6733	17.1583	5.72284	17.3487	3.16139	10.6947	0	1.87446	12.0275	11.2934	9.20444	9.11769	14.468	18.1614	12.4895	12.7986	8.88139	13.5527	17.5436	
2.43263	15.6901	18.8668	8.30144	15.1151	5.03585	9.71206	1.87446	0	14.6061	10.4166	11.783	8.24095	20.5237	16.7362	10.6151	14.6731	11.46	15.4272	16.6668	
13.1322	6.24375	20.7576	7.20014	11.8739	8.86612	22.5627	12.0275	14.6061	0	17.1902	14.6545	7.32393	16.5861	12.5718	8.73815	14.2667	11.3805	11.4383	6.03738	
7.98402	21.2415	12.4831	10.8855	4.8677	8.32406	20.4381	11.2934	10.4166	17.1902	0	9.75904	1.78191	18.349	18.0375	0.367696	9.03764	13.4793	16.0887	18.9836	
11.5138	12.8671	7.47395	8.60449	8.40466	6.04305	17.4929	9.20444	11.783	14.6545	9.75904	0	6.0365	3.17289	2.72125	9.39134	4.84229	1.9799	3.8684	10.2955	
5.80831	13.5677	7.71992	8.65452	4.55	9.7766	18.2138	9.11769	8.24095	7.32393	1.78191	6.0365	0	7.96812	5.24786	1.41421	10.0842	4.0566	4.11437	12.3722	
23.613	22.5094	7.93998	8.73598	10.3363	9.21593	20.6657	14.468	20.5237	16.5861	18.349	3.17289	7.96812	0	5.89413	10.3393	1.6694	3.91152	7.04128	12.2271	
11.0562	10.1459	9.29765	13.9024	9.79786	8.7643	20.2141	18.1614	16.7362	12.5718	18.0375	2.72125	5.24786	5.89413	0	6.66207	12.4956	3.6	5.6921	11.9156	
7.22253	17.6496	12.8508	10.0687	4.5	8.69176	19.628	12.4895	10.6151	8.73815	0.367696	9.39134	1.41421	10.3393	6.66207	0	8.66995	5.47081	5.52858	18.6159	
16.108	20.84	6.27058	7.06658	13.1699	9.62802	15.4254	12.7986	14.6731	14.2667	9.03764	4.84229	10.0842	1.6694	12.4956	8.66995	0	5.58092	9.87613	14.3973	
9.86491	13.7459	13.5627	8.28144	6.42476	5.72	19.4166	8.88139	11.46	11.3805	13.4793	1.9799	4.0566	3.91152	3.6	5.47081	5.58092	0	5.8483	8.31558	
9.92268	15.838	3.60555	12.7689	8.66437	9.91144	12.7603	13.5527	15.4272	11.4383	16.0887	3.8684	4.11437	7.04128	5.6921	5.52858	9.87613	5.8483	0	15.4444	
14.2342	12.2811	21.0185	13.2375	14.7403	14.0356	29.0688	17.5436	16.6668	6.03738	18.9836	10.2955	12.3722	12.2271	11.9156	18.6159	14.3973	8.31558	15.4444	0	

0	15.2971	18.3829	5.31263	16.2271	2.40333	14.3074	6.93181	5.11265	8.00985	17.9915	10.1823	10.4721	20.4553	11.7079	13.2509	13.1056	11.2717	12.0304	18.6668	
15.2971	0	13.8131	15.4672	20.6727	13.3369	19.2903	19.7933	17.5283	7.73036	25.3824	25.4794	15.9087	17.2005	11.8904	25.6666	12.5345	23.8738	15.485	29.7819	
18.3829	13.8131	0	13.8196	16.2092	11.6893	17.6427	15.0013	21.9196	6.08276	21.6508	8.20061	11.5592	7.03082	9.72616	16.9367	8.8055	14.9754	10.1907	16.6292	
5.31263	15.4672	13.8196	0	9.80943	7.71596	11.6017	4.22606	6.49103	7.7368	12.6345	10.775	5.15943	12.1599	7.93906	14.4225	7.85175	5.95906	9.24331	8.92891	
16.2271	20.6727	16.2092	9.80943	0	18.5488	22.5175	13.08	15.5882	12.8284	8.87836	11.6533	4.65	9.44614	9.62853	7.45	13.7543	7.64853	14.049	7.20999	
2.40333	13.3369	11.6893	7.71596	18.5488	0	14.1246	7.18962	7.51598	5.60651	13.9786	11.6172	13.7849	15.0766	9.76651	12.5503	10.4107	19.0215	9.62711	16.2635	
14.3074	19.2903	17.6427	11.6017	22.5175	14.1246	0	7.37564	9.64061	11.5599	21.5443	14.1764	15.8056	18.6306	15.7199	26.6749	14.3224	14.8689	19.3146	17.8388	
6.93181	19.7933	15.0013	4.22606	13.08	7.18962	7.37564	0	2.26497	11.9629	15.1438	6.80074	8.42998	14.8432	8.32628	10.4032	9.72402	10.1851	8.79084	13.5	
5.11265	17.5283	21.9196	6.49103	15.5882	7.51598	9.64061	2.26497	0	14.8465	9.56659	9.06571	10.6949	17.1082	15.8067	8.13823	13.5579	16.0724	11.8855	16.256	
8.00985	7.73036	6.08276	7.7368	12.8284	5.60651	11.5599	11.9629	14.8465	0	8.95416	5.68555	8.17839	9.1123	4.16	17.4415	4.80416	6.14	7.75464	13.2484	
17.9915	25.3824	21.6508	12.6345	8.87836	13.9786	21.5443	15.1438	9.56659	8.95416	0	6.31971	10.6915	17.758	4.79416	1.42836	10.2064	6.6754	8.71539	9.249	
10.1823	25.4794	8.20061	10.775	11.6533	11.6172	14.1764	6.80074	9.06571	5.68555	6.31971	0	11.3215	7.23142	1.52555	8.73613	2.92329	3.50555	1.9901	14.2128	
10.4721	15.9087	11.5592	5.15943	4.65	13.7849	15.8056	8.42998	10.6949	8.17839	10.6915	11.3215	0	14.0961	6.86636	9.2631	12.9826	4.88636	13.7172	5.07	
20.4553	17.2005	7.03082	12.1599	9.44614	15.0766	18.6306	14.8432	17.1082	9.1123	17.758	7.23142	14.0961	0	9.72036	16.8961	4.30813	11.0826	10.4062	14.0525	
11.7079	11.8904	9.72616	7.93906	9.62853	9.76651	15.7199	8.32628	15.8067	4.16	4.79416	1.52555	6.86636	9.72036	0	6.22252	4.44883	1.98	3.51565	4.94985	
13.2509	25.6666	16.9367	14.4225	7.45	12.5503	26.6749	10.4032	8.13823	17.4415	1.42836	8.73613	9.2631	16.8961	6.22252	0	11.6594	8.10375	10.7262	10.6774	
13.1056	12.5345	8.8055	7.85175	13.7543	10.4107	14.3224	9.72402	13.5579	4.80416	10.2064	2.92329	12.9826	4.30813	4.44883	11.6594	0	7.39223	4.91339	15.4502	
11.2717	23.8738	14.9754	5.95906	7.64853	19.0215	14.8689	10.1851	16.0724	6.14	6.6754	3.50555	4.88636	11.0826	1.98	8.10375	7.39223	0	5.90122	2.96985	
12.0304	15.485	10.1907	9.24331	14.049	9.62711	19.3146	8.79084	11.8855	7.75464	8.71539	1.9901	13.7172	10.4062	3.51565	10.7262	4.91339	5.90122	0	15.5084	
18.6668	29.7819	16.6292	8.92891	7.20999	16.2635	17.8388	13.5	16.256	13.2484	9.249	14.2128	5.07	14.0525	4.94985	10.6774	15.4502	2.96985	15.5084	0	

0	9.22253	10.8338	9.55008	15.4928	2.71956	10.6379	2.77272	6.80312	14.063	10.0832	12.1928	10.7869	16.1719	13.8257	16.1365	13.9102	10.4957	8.30445	8.07886	
9.22253	0	40.7011	21.5332	28.9294	13.9964	11.1312	6.44981	15.5878	28.3418	21.8986	21.1394	22.7284	21.0883	21.6915	23.4683	25.1354	19.2779	11.9815	28.1552	
10.8338	40.7011	0	9.50947	14.4482	8.11427	13.7186	10.1468	13.742	6.3869	9.2993	6.73937	6.2482	15.594	11.7169	16.1477	11.6161	9.87025	4.61511	20.4886	
9.55008	21.5332	9.50947	0	9.63186	6.83052	10.402	11.3516	4.23249	5.45601	13.0363	6.33188	9.39757	8.01972	7.4516	14.6061	5.75795	4.63482	5.81986	14.1853	
15.4928	28.9294	14.4482	9.63186	0	14.4182	24.9546	17.8251	17.2616	18.7323	3.36978	6.6941	8.2	11.6793	8.32704	1.8	14.5198	4.99704	10.2522	9.85762	
2.71956	13.9964	8.11427	6.83052	14.4182	0	7.91835	5.49228	8.47	11.3434	7.36359	17.7102	10.4147	11.9884	14.2821	8.93337	12.5885	11.4653	12.6504	10.7984	
10.6379	11.1312	13.7186	10.402	24.9546	7.91835	0	14.6352	14.6345	15.858	14.5819	10.4957	12.6812	9.95711	10.5603	23.8183	12.2189	12.1928	9.10348	20.2927	
2.77272	6.44981	10.1468	11.3516	17.8251	5.49228	14.6352	0	9.13799	18.89	14.9101	7.65599	9.10944	19.4489	12.9315	24.3072	12.5328	10.7869	5.53173	10.8516	
6.80312	15.5878	13.742	4.23249	17.2616	8.47	14.6345	9.13799	0	9.6885	15.8336	21.7938	17.59	14.7159	11.6841	19.0616	9.99044	8.86732	10.0524	14.882	
14.063	28.3418	6.3869	5.45601	18.7323	11.3434	15.858	18.89	9.6885	0	13.8318	9.24695	12.6351	9.20706	5.33	20.5323	8.97497	8.66	11.002	19.0066	
10.0832	21.8986	9.2993	13.0363	3.36978	7.36359	14.5819	14.9101	15.8336	13.8318	0	9.3841	3.0511	4.62477	12.6445	1.56978	6.88654	8.21404	6.62881	6.25668	
12.1928	21.1394	6.73937	6.33188	6.6941	17.7102	10.4957	7.65599	21.7938	9.24695	9.3841	0	5.70197	4.75933	3.91695	11.9479	7.0211	1.69706	2.12426	12.1852	
10.7869	22.7284	6.2482	9.39757	8.2	10.4147	12.6812	9.10944	17.59	12.6351	3.0511	5.70197	0	7.67587	8.49294	4.62088	10.5787	5.16294	3.57771	9.30777	
16.1719	21.0883	15.594	8.01972	11.6793	11.9884	9.95711	19.4489	14.7159	9.20706	4.62477	4.75933	7.67587	0	5.90674	6.19455	2.26177	6.45638	6.88359	10.6892	
13.8257	21.6915	11.7169	7.4516	8.32704	14.2821	10.5603	12.9315	11.6841	5.33	12.6445	3.91695	8.49294	5.90674	0	17.2396	3.64497	3.33	6.04121	12.0724	
16.1365	23.4683	16.1477	14.6061	1.8	8.93337	23.8183	24.3072	19.0616	20.5323	1.56978	11.9479	4.62088	6.19455	17.2396	0	13.1893	6.79704	13.4772	7.82645	
13.9102	25.1354	11.6161	5.75795	14.5198	12.5885	12.2189	12.5328	9.99044	8.97497	6.88654	7.0211	10.5787	2.26177	3.64497	13.1893	0	6.97497	7.00103	8.42738	
10.4957	19.2779	9.87025	4.63482	4.99704	11.4653	12.1928	10.7869	8.86732	8.66	8.21404	1.69706	5.16294	6.45638	3.33	6.79704	6.97497	0	3.82132	12.2754	
8.30445	11.9815	4.61511	5.81986	10.2522	12.6504	9.10348	5.53173	10.0524	11.002	6.62881	2.12426	3.57771	6.88359	6.04121	13.4772	7.00103	3.82132	0	14.3095	
8.07886	28.1552	20.4886	14.1853	9.85762	10.7984	20.2927	10.8516	14.882	19.0066	6.25668	12.1852	9.30777	10.6892	12.0724	7.82645	8.42738	12.2754	14.3095	0	

0	15.501	17.8189	7.27322	16.7779	2.9093	11.0874	3.17522	1.11324	13.5435	16.9962	9.50329	13.8293	18.3749	11.9839	20.6179	20.3869	14.6353	9.01135	9.4391	
15.501	0	29.3734	17.6391	13.3589	18.4103	22.6419	18.6762	16.6143	22.3845	21.7059	21.805	19.4589	26.6535	24.2856	21.5589	34.347	20.1916	21.1255	24.6482	
17.8189	29.3734	0	9.52024	16.3025	13.1002	6.73146	28.1208	17.7434	12.5114	12.8851	3.28024	21.7502	15.5391	4.92949	16.2619	9.33562	6.3208	3.77218	14.7039	
7.27322	17.6391	9.52024	0	4.28019	6.92539	6.67439	4.098	11.0491	0.894427	12.6272	6.24	6.9977	14.8709	7.88924	12.4802	12.2954	7.29843	6.73193	15.5695	
16.7779	13.3589	16.3025	4.28019	0	11.2056	12.0307	8.37819	19.6152	5.17461	8.34701	8.25853	6.1	13.2946	9.56269	8.2	13.3873	6.83269	7.7666	11.2893	
2.9093	18.4103	13.1002	6.92539	11.2056	0	10.9145	3.16139	4.02253	7.81982	14.0869	9.81995	12.627	20.9549	11.4692	16.1092	15.8753	12.8605	10.3119	13.3659	
11.0874	22.6419	6.73146	6.67439	12.0307	10.9145	0	11.8485	12.2007	5.77997	11.5528	4.898	11.8832	11.801	6.54724	9.53044	10.9534	7.93856	5.38993	13.8495	
3.17522	18.6762	28.1208	4.098	8.37819	3.16139	11.8485	0	4.28846	4.99243	17.2483	10.338	15.7884	21.5502	15.4114	30.9198	16.9225	22.5862	12.1866	15.277	
1.11324	16.6143	17.7434	11.0491	19.6152	4.02253	12.2007	4.28846	0	16.8477	15.3986	14.4631	14.1759	17.1506	16.1124	24.7189	16.4021	15.635	10.1246	8.32586	
13.5435	22.3845	12.5114	0.894427	5.17461	7.81982	5.77997	4.99243	16.8477	0	9.81932	7.13443	6.10328	17.581	9.134	15.3104	12.9586	6.404	12.0279	11.9533	
16.9962	21.7059	12.8851	12.6272	8.34701	14.0869	11.5528	17.2483	15.3986	9.81932	0	6.45588	11.639	15.8975	6.14532	2.02233	9.96995	3.41532	8.65852	7.07276	
9.50329	21.805	3.28024	6.24	8.25853	9.81995	4.898	10.338	14.4631	7.13443	6.45588	0	10.7455	8.10174	1.64924	12.4585	6.05538	3.04056	0.491935	10.9602	
13.8293	19.4589	21.7502	6.9977	6.1	12.627	11.8832	15.7884	14.1759	6.10328	11.639	10.7455	0	14.6747	9.09628	9.61665	13.9262	11.8263	12.0688	5.85	
18.3749	26.6535	15.5391	14.8709	13.2946	20.9549	11.801	21.5502	17.1506	17.581	15.8975	8.10174	14.6747	0	8.70494	19.5142	2.04636	8.60099	11.6775	8.82469	
11.9839	24.2856	4.92949	7.88924	9.56269	11.4692	6.54724	15.4114	16.1124	9.134	6.14532	1.64924	9.09628	8.70494	0	10.8092	7.70462	2.73	2.14118	10.6496	
20.6179	21.5589	16.2619	12.4802	8.2	16.1092	9.53044	30.9198	24.7189	15.3104	2.02233	12.4585	9.61665	19.5142	10.8092	0	19.0421	5.43764	10.6808	9.09509	
20.3869	34.347	9.33562	12.2954	13.3873	15.8753	10.9534	16.9225	16.4021	12.9586	9.96995	6.05538	13.9262	2.04636	7.70462	19.0421	0	6.55463	6.54731	8.07624	
14.6353	20.1916	6.3208	7.29843	6.83269	12.8605	7.93856	22.5862	15.635	6.404	3.41532	3.04056	11.8263	8.60099	2.73	5.43764	6.55463	0	3.53249	7.9196	
9.01135	21.1255	3.77218	6.73193	7.7666	10.3119	5.38993	12.1866	10.1246	12.0279	8.65852	0.491935	12.0688	11.6775	2.14118	10.6808	6.54731	3.53249	0	11.9156	
9.4391	24.6482	14.7039	15.5695	11.2893	13.3659	13.8495	15.277	8.32586	11.9533	7.07276	10.9602	5.85	8.82469	10.6496	9.09509	8.07624	7.9196	11.9156	0	

0	4.07922	16.8253	13.0602	15.3152	4.25855	13.3131	3.08577	3.25725	7.55641	11.3525	14.2653	22.8526	8.35225	19.0974	11.0416	13.9528	14.7411	11.7714	14.7357	
4.07922	0	34.5441	24.0648	20.4529	8.5064	9.23385	7.16499	7.33647	14.773	31.4664	26.9599	23.3238	12.4315	28.467	31.1555	31.2565	31.0033	18.7338	19.8734	
16.8253	34.5441	0	12.1204	13.7942	15.0693	18.0088	16.2421	25.7793	12.4697	23.1357	4.92037	13.2602	8.47305	6.32222	9.28843	8.05246	7.2675	7.98378	9.74237	
13.0602	24.0648	12.1204	0	11.3425	8.63302	12.2473	9.80579	11.3952	6.7082	12.4195	7.2	11.8168	13.1131	8.60186	11.5681	10.3321	12.5033	10.2634	14.4732	
15.3152	20.4529	13.7942	11.3425	0	10.9627	13.3727	12.2294	9.17232	7.83352	1.07703	9.81883	7.6	7.87179	10.1267	1.41644	6.68674	5.60553	11.291	3.13065	
4.25855	8.5064	15.0693	8.63302	10.9627	0	8.66835	1.17277	3.51585	3.12922	13.7953	11.3307	16.3927	12.7794	7.80922	9.32935	10.6532	10.4	11.6831	12.8227	
13.3131	9.23385	18.0088	12.2473	13.3727	8.66835	0	17.4574	24.9364	5.53913	16.2052	17.0417	14.0899	23.6392	10.2191	11.7393	20.8582	14.2112	20.7895	21.1099	
3.08577	7.16499	16.2421	9.80579	12.2294	1.17277	17.4574	0	2.34307	4.30199	10.4384	12.5035	18.6699	11.438	14.4315	10.1275	11.8259	11.5728	10.5103	11.6499	
3.25725	7.33647	25.7793	11.3952	9.17232	3.51585	24.9364	2.34307	0	13.8392	8.09528	12.1525	17.6609	11.6095	22.5866	7.78439	21.3632	21.11	12.8534	10.8407	
7.55641	14.773	12.4697	6.7082	7.83352	3.12922	5.53913	4.30199	13.8392	0	6.53955	6.08186	7.94533	15.0609	4.68	6.20014	12.0664	8.28	8.60122	9.25647	
11.3525	31.4664	23.1357	12.4195	1.07703	13.7953	16.2052	10.4384	8.09528	6.53955	0	4.70748	8.67703	8.94882	12.1255	0.339411	7.76377	7.60378	19.1344	3.39575	
14.2653	26.9599	4.92037	7.2	9.81883	11.3307	17.0417	12.5035	12.1525	6.08186	4.70748	0	4.66719	5.9131	1.40186	4.36807	3.13209	5.00186	3.06341	7.4244	
22.8526	23.3238	13.2602	11.8168	7.6	16.3927	14.0899	18.6699	17.6609	7.94533	8.67703	4.66719	0	12.3815	3.26533	9.90502	9.38707	5.9927	7.18656	7.02	
8.35225	12.4315	8.47305	13.1131	7.87179	12.7794	23.6392	11.438	11.6095	15.0609	8.94882	5.9131	12.3815	0	7.31496	10.2812	5.60057	6.38882	3.4192	8.86369	
19.0974	28.467	6.32222	8.60186	10.1267	7.80922	10.2191	14.4315	22.5866	4.68	12.1255	1.40186	3.26533	7.31496	0	5.76992	4.53395	3.6	3.92122	6.07487	
11.0416	31.1555	9.28843	11.5681	1.41644	9.32935	11.7393	10.1275	7.78439	6.20014	0.339411	4.36807	9.90502	10.2812	5.76992	0	7.50016	5.53121	7.43148	3.05634	
13.9528	31.2565	8.05246	10.3321	6.68674	10.6532	20.8582	11.8259	21.3632	12.0664	7.76377	3.13209	9.38707	5.60057	4.53395	7.50016	0	3.39436	6.19551	5.86924	
14.7411	31.0033	7.2675	12.5033	5.60553	10.4	14.2112	11.5728	21.11	8.28	7.60378	5.00186	5.9927	6.38882	3.6	5.53121	3.39436	0	6.82246	2.47487	
11.7714	18.7338	7.98378	10.2634	11.291	11.6831	20.7895	10.5103	12.8534	8.60122	19.1344	3.06341	7.18656	3.4192	3.92122	7.43148	6.19551	6.82246	0	9.29734	
14.7357	19.8734	9.74237	14.4732	3.13065	12.8227	21.1099	11.6499	10.8407	9.25647	3.39575	7.4244	7.02	8.86369	6.07487	3.05634	5.86924	2.47487	9.29734	0	

0	11.1034	23.5865	15.2243	13.3635	1.01193	12.9768	5.2324	5.4425	5.18422	14.7535	13.7672	11.0635	17.1221	18.2619	13.6871	21.2687	13.26	20.3482	24.1935	
11.1034	0	13.846	24.5114	16.356	10.0914	18.7207	15.1395	19.4014	14.2637	17.4193	12.5582	30.7782	24.0832	19.4438	18.7204	27.9055	14.821	15.9794	22.846	
23.5865	13.846	0	11.6885	15.451	23.4021	26.0985	18.3541	25.8761	19.9913	22.6522	10.4881	18.6253	10.3374	10.7351	13.0288	14.6027	17.3928	7.06688	9	
15.2243	24.5114	11.6885	0	6.46083	11.7302	22.8436	18.0385	13.611	7.55791	15.25	8.04284	4.16083	7.89219	8.2899	11.0198	12.6522	5.79353	4.62166	16.881	
13.3635	16.356	15.451	6.46083	0	15.0711	25.2557	11.6547	19.3966	7.30469	4.50108	3.79779	2.3	10.3208	9.33859	3.2	14.4674	6.06053	7.21897	6.45105	
1.01193	10.0914	23.4021	11.7302	15.0711	0	11.9845	5.04803	6.45443	4.17229	14.5691	8.10355	9.17698	18.134	17.25	13.5027	16.1827	12.711	17.0967	22.8037	
12.9768	18.7207	26.0985	22.8436	25.2557	11.9845	0	7.74442	16.0233	16.1568	17.2655	21.4579	23.7896	24.6492	20.5926	16.1991	30.7953	19.9894	24.2608	21.1589	
5.2324	15.1395	18.3541	18.0385	11.6547	5.04803	7.74442	0	8.27886	9.22032	9.52111	14.5077	15.3136	16.9047	14.8339	8.45468	20.3212	12.245	20.1753	12.4835	
5.4425	19.4014	25.8761	13.611	19.3966	6.45443	16.0233	8.27886	0	8.49781	17.8	10.0803	13.5025	19.6825	11.8975	16.7335	15.8938	7.81752	18.1434	18.905	
5.18422	14.2637	19.9913	7.55791	7.30469	4.17229	16.1568	9.22032	8.49781	0	15.53	3.93126	5.00469	13.1739	10.8168	11.8636	12.0104	6.194	7.35244	17.3499	
14.7535	17.4193	22.6522	15.25	4.50108	14.5691	17.2655	9.52111	17.8	15.53	0	8.42903	6.93124	14.952	7.68029	1.30108	21.427	13.3508	14.922	5.32989	
13.7672	12.5582	10.4881	8.04284	3.79779	8.10355	21.4579	14.5077	10.0803	3.93126	8.42903	0	6.09779	6.69172	6.34274	6.99779	10.339	2.26274	3.42118	10.2488	
11.0635	30.7782	18.6253	4.16083	2.3	9.17698	23.7896	15.3136	13.5025	5.00469	6.93124	6.09779	0	8.16919	11.4287	5.5	12.3158	9.95436	8.78248	8.75105	
17.1221	24.0832	10.3374	7.89219	10.3208	18.134	24.6492	16.9047	19.6825	13.1739	14.952	6.69172	8.16919	0	6.93878	13.5208	4.14658	11.8649	3.27054	12.0491	
18.2619	19.4438	10.7351	8.2899	9.33859	17.25	20.5926	14.8339	11.8975	10.8168	7.68029	6.34274	11.4287	6.93878	0	6.37922	11.6988	4.08	3.66824	10.408	
13.6871	18.7204	13.0288	11.0198	3.2	13.5027	16.1991	8.45468	16.7335	11.8636	1.30108	6.99779	5.5	13.5208	6.37922	0	20.2983	10.4592	10.0475	4.02881	
21.2687	27.9055	14.6027	12.6522	14.4674	16.1827	30.7953	20.3212	15.8938	12.0104	21.427	10.339	12.3158	4.14658	11.6988	20.2983	0	8.07624	7.41711	16.1957	
13.26	14.821	17.3928	5.79353	6.06053	12.711	19.9894	12.245	7.81752	6.194	13.3508	2.26274	9.95436	11.8649	4.08	10.4592	8.07624	0	5.68393	11.0874	
20.3482	15.9794	7.06688	4.62166	7.21897	17.0967	24.2608	20.1753	18.1434	7.35244	14.922	3.42118	8.78248	3.27054	3.66824	10.0475	7.41711	5.68393	0	12.9076	
24.1935	22.846	9	16.881	6.45105	22.8037	21.1589	12.4835	18.905	17.3499	5.32989	10.2488	8.75105	12.0491	10.408	4.02881	16.1957	11.0874	12.9076	0	

0	8.77031	22.513	11.0047	10.6444	2.9093	16.9922	2.728	4.7828	9.95003	13.614	9.45593	7.74442	12.5284	13.8203	18.3013	15.8421	12.6003	21.9598	14.6189	
8.77031	0	23.0271	19.775	16.2214	11.6796	8.22192	11.4983	13.5531	23.6495	14.4331	16.4824	13.3214	12.1429	10.9221	15.4797	15.2808	8.49211	14.3004	13.1449	
22.513	23.0271	0	14.1279	7.25035	19.1756	20.1944	22.6497	22.3525	7.53487	14.1751	4.80521	22.0687	10.979	5.70271	11.8279	6.67083	8.9812	3.17289	13	
11.0047	19.775	14.1279	0	6.07198	9.36625	11.8297	9.9226	7.81383	2.32551	12.2984	11.2	6.49089	14.0623	10.8669	13.3449	7.8503	13.2969	6.68749	9.70454	
10.6444	16.2214	7.25035	6.07198	0	10.7872	17.331	18.0171	10.6622	3.74647	1.83096	5.70979	2.9	6.47236	6.60728	2.87747	6.11359	9.88578	4.07746	11.1255	
2.9093	11.6796	19.1756	9.36625	10.7872	0	16.1094	5.6373	5.32	7.04074	14.1512	6.54663	10.6537	15.0542	9.26788	20.8271	12.5655	13.1375	8.17896	14.4198	
16.9922	8.22192	20.1944	11.8297	17.331	16.1094	0	17.0706	14.9618	14.1552	18.8643	9.56276	18.3206	14.3825	12.284	17.8178	18.6906	16.714	11.1951	26.4316	
2.728	11.4983	22.6497	9.9226	18.0171	5.6373	17.0706	0	2.10877	13.9244	10.94	13.4303	10.4724	11.5447	11.0923	16.5571	14.2955	9.92629	13.6222	17.3469	
4.7828	13.5531	22.3525	7.81383	10.6622	5.32	14.9618	2.10877	0	10.1393	8.83122	11.8666	12.5272	11.4683	10.2475	9.87774	14.6062	7.81752	13.6258	12.4703	
9.95003	23.6495	7.53487	2.32551	3.74647	7.04074	14.1552	13.9244	10.1393	0	5.57742	5.99431	6.64647	9.83292	6.89181	8.19647	5.52479	10.1703	4.36198	7.37902	
13.614	14.4331	14.1751	12.2984	1.83096	14.1512	18.8643	10.94	8.83122	5.57742	0	9.59916	4.73096	6.81945	10.7075	1.04652	7.50431	12.2641	5.90842	10.8812	
9.45593	16.4824	4.80521	11.2	5.70979	6.54663	9.56276	13.4303	11.8666	5.99431	9.59916	0	10.5347	11.6411	2.72125	10.2873	5.9244	5.15125	1.63233	12.6431	
7.74442	13.3214	22.0687	6.49089	2.9	10.6537	18.3206	10.4724	12.5272	6.64647	4.73096	10.5347	0	7.57145	7.81348	7.35	9.01359	10.2435	6.97746	17.42	
12.5284	12.1429	10.979	14.0623	6.47236	15.0542	14.3825	11.5447	11.4683	9.83292	6.81945	11.6411	7.57145	0	6.08075	5.77294	4.30813	3.65075	9.45907	8.30352	
13.8203	10.9221	5.70271	10.8669	6.60728	9.26788	12.284	11.0923	10.2475	6.89181	10.7075	2.72125	7.81348	6.08075	0	11.1848	3.20315	2.43	2.52982	7.08276	
18.3013	15.4797	11.8279	13.3449	2.87747	20.8271	17.8178	16.5571	9.87774	8.19647	1.04652	10.2873	7.35	5.77294	11.1848	0	8.55082	9.42369	8.52746	11.9277	
15.8421	15.2808	6.67083	7.8503	6.11359	12.5655	18.6906	14.2955	14.6062	5.52479	7.50431	5.9244	9.01359	4.30813	3.20315	8.55082	0	5.63315	5.73298	11.0024	
12.6003	8.49211	8.9812	13.2969	9.88578	13.1375	16.714	9.92629	7.81752	10.1703	12.2641	5.15125	10.2435	3.65075	2.43	9.42369	5.63315	0	4.95982	4.65276	
21.9598	14.3004	3.17289	6.68749	4.07746	8.17896	11.1951	13.6222	13.6258	4.36198	5.90842	1.63233	6.97746	9.45907	2.52982	8.52746	5.73298	4.95982	0	10.4611	
14.6189	13.1449	13	9.70454	11.1255	14.4198	26.4316	17.3469	12.4703	7.37902	10.8812	12.6431	17.42	8.30352	7.08276	11.9277	11.0024	4.65276	10.4611	0	

0	14.0733	11.4795	7.84245	15.7608	4.17421	10.6623	2.54912	1.93786	9.51995	20.4134	9.97294	24.348	14.5401	7.32167	25.829	17.3729	12.6017	12.3181	18.466	
14.0733	0	13.6276	7.33648	15.2548	10.5119	11.1312	13.5203	16.0112	9.93032	16.0919	8.98345	17.0213	14.0342	11.9897	18.0143	18.4934	12.7095	6.99335	10.6513	
11.4795	13.6276	0	16.7061	8.78772	18.2384	17.9581	15.23	24.1795	15.5978	10.6474	8.62431	13.8634	12.2589	4.15779	11.2877	14.2091	9.43779	6.63421	11.6631	
7.84245	7.33648	16.7061	0	7.91835	6.07157	12.8495	9.07999	9.78031	2.59384	16.75	15.1156	14.5683	6.6977	14.0338	10.4183	11.4366	9.93177	14.3298	11.0252	
15.7608	15.2548	8.78772	7.91835	0	13.9899	9.90051	18.0137	16.1485	10.5122	4.32434	8.11346	6.65	10.197	7.52357	2.5	7.51068	2.24357	7.95969	9.863	
4.17421	10.5119	18.2384	6.07157	13.9899	0	10.4865	3.00842	6.11207	5.34575	27.2248	15.1751	24.0218	12.7693	11.4959	14.1762	24.8112	16.0033	17.5052	21.1632	
10.6623	11.1312	17.9581	12.8495	9.90051	10.4865	0	8.1132	17.6265	15.4434	18.1404	13.3139	16.5505	17.4076	15.1926	12.4005	15.1797	9.91262	11.3238	13.0801	
2.54912	13.5203	15.23	9.07999	18.0137	3.00842	8.1132	0	4.48698	8.35417	25.8774	20.141	24.1272	23.0807	9.87078	22.8823	25.5973	18.0258	19.361	21.0151	
1.93786	16.0112	24.1795	9.78031	16.1485	6.11207	17.6265	4.48698	0	12.4857	27.0996	8.03508	21.4962	27.2123	9.25953	27.1595	11.376	20.6216	10.0252	11.386	
9.51995	9.93032	15.5978	2.59384	10.5122	5.34575	15.4434	8.35417	12.4857	0	10.6548	12.5218	17.3158	9.29154	11.44	8.8305	15.8627	12.5256	14.5119	15.8727	
20.4134	16.0919	10.6474	16.75	4.32434	27.2248	18.1404	25.8774	27.0996	10.6548	0	8.79153	3.21602	9.76808	13.0918	1.82434	13.2827	8.22781	10.4695	5.44059	
9.97294	8.98345	8.62431	15.1156	8.11346	15.1751	13.3139	20.141	8.03508	12.5218	8.79153	0	9.72094	7.67843	6.9865	10.6135	3.3409	7.70622	1.9901	3.35094	
24.348	17.0213	13.8634	14.5683	6.65	24.0218	16.5505	24.1272	21.4962	17.3158	3.21602	9.72094	0	10.6975	16.3078	5.04036	14.2121	8.89357	11.3989	6.37	
14.5401	14.0342	12.2589	6.6977	10.197	12.7693	17.4076	23.0807	27.2123	9.29154	9.76808	7.67843	10.6975	0	13.2334	11.6905	4.73895	7.95343	9.35641	4.32749	
7.32167	11.9897	4.15779	14.0338	7.52357	11.4959	15.1926	9.87078	9.25953	11.44	13.0918	6.9865	16.3078	13.2334	0	14.7322	10.0513	5.28	4.9964	10.0253	
25.829	18.0143	11.2877	10.4183	2.5	14.1762	12.4005	22.8823	27.1595	8.8305	1.82434	10.6135	5.04036	11.6905	14.7322	0	15.2051	4.74357	12.3919	7.26492	
17.3729	18.4934	14.2091	11.4366	7.51068	24.8112	15.1797	25.5973	11.376	15.8627	13.2827	3.3409	14.2121	4.73895	10.0513	15.2051	0	5.26711	5.331	6.69184	
12.6017	12.7095	9.43779	9.93177	2.24357	16.0033	9.91262	18.0258	20.6216	12.5256	8.22781	7.70622	8.89357	7.95343	5.28	4.74357	5.26711	0	5.71612	7.8206	
12.3181	6.99335	6.63421	14.3298	7.95969	17.5052	11.3238	19.361	10.0252	14.5119	10.4695	1.9901	11.3989	9.35641	4.9964	12.3919	5.331	5.71612	0	5.02892	
18.466	10.6513	11.6631	11.0252	9.863	21.1632	13.0801	21.0151	11.386	15.8727	5.44059	3.35094	6.37	4.32749	10.0253	7.26492	6.69184	7.8206	5.02892	0	

0	17.6124	23.842	7.65271	15.6718	0.822192	11.4962	5.41128	7.05051	4.35362	14.5795	11.3959	17.0484	13.8237	19.0428	12.0568	19.7061	20.7639	17.5811	9.30747	
17.6124	0	24.1075	15.2166	19.3504	22.6019	15.9379	17.4145	10.5619	23.6567	27.3018	16.0768	23.7003	25.6261	8.69648	27.0125	19.9716	13.5865	19.7012	12.1143	
23.842	24.1075	0	16.7604	18.7453	22.0423	10.5014	10.905	15.2053	20.2299	18.9739	4.92037	12.7466	9.79034	12.3007	16.7253	4.13592	16.729	5.85951	6.5939	
7.65271	15.2166	16.7604	0	8.49159	6.83052	8.77421	2.68931	14.639	5.94794	10.2796	7.78605	5.99159	14.8547	6.52015	9.30376	13.8714	11.4102	6.8469	9.93799	
15.6718	19.3504	18.7453	8.49159	0	16.494	27.0257	17.6158	22.7223	15.1948	6.78803	6.56993	2.5	10.3195	10.6539	7.94472	16.3382	6.01684	5.63078	11.86	
0.822192	22.6019	22.0423	6.83052	16.494	0	12.7646	6.23348	7.8727	5.17581	14.4699	12.6644	12.8221	12.134	11.9031	16.1343	10.9433	16.0089	13.6774	8.48528	
11.4962	15.9379	10.5014	8.77421	27.0257	12.7646	0	6.0849	18.0346	15.1262	15.9722	10.8549	15.1698	12.02	15.6984	18.482	6.36553	20.6037	16.0251	8.82352	
5.41128	17.4145	10.905	2.68931	17.6158	6.23348	6.0849	0	11.9497	8.63725	9.88731	5.98465	8.68091	20.7921	9.20947	11.9931	10.474	17.7933	6.9238	15.165	
7.05051	10.5619	15.2053	14.639	22.7223	7.8727	18.0346	11.9497	0	11.4041	21.63	10.2849	18.1111	31.124	12.7122	27.3645	14.7742	17.6022	11.2241	16.13	
4.35362	23.6567	20.2299	5.94794	15.1948	5.17581	15.1262	8.63725	11.4041	0	9.9518	16.1253	11.9395	9.47012	12.4681	7.7032	15.1245	13.7728	12.7948	13.1188	
14.5795	27.3018	18.9739	10.2796	6.78803	14.4699	15.9722	9.88731	21.63	9.9518	0	12.1143	4.28803	7.7995	9.40248	2.2486	8.44263	9.81976	15.2164	5.98465	
11.3959	16.0768	4.92037	7.78605	6.56993	12.6644	10.8549	5.98465	10.2849	16.1253	12.1143	0	7.82624	9.56147	7.38036	13.271	4.48933	8.77576	0.939149	6.94732	
17.0484	23.7003	12.7466	5.99159	2.5	12.8221	15.1698	8.68091	18.1111	11.9395	4.28803	7.82624	0	9.8344	10.4217	5.44472	11.818	5.53173	8.13078	9.36	
13.8237	25.6261	9.79034	14.8547	10.3195	12.134	12.02	20.7921	31.124	9.47012	7.7995	9.56147	9.8344	0	7.06651	5.5509	5.65442	4.30267	8.62232	3.64867	
19.0428	8.69648	12.3007	6.52015	10.6539	11.9031	15.6984	9.20947	12.7122	12.4681	9.40248	7.38036	10.4217	7.06651	0	13.0036	5.87582	4.89	8.31951	3.41784	
12.0568	27.0125	16.7253	9.30376	7.94472	16.1343	18.482	11.9931	27.3645	7.7032	2.2486	13.271	5.44472	5.5509	13.0036	0	11.2053	9.85357	14.1308	8.23325	
19.7061	19.9716	4.13592	13.8714	16.3382	10.9433	6.36553	10.474	14.7742	15.1245	8.44263	4.48933	11.818	5.65442	5.87582	11.2053	0	9.9571	5.42848	2.45799	
20.7639	13.5865	16.729	11.4102	6.01684	16.0089	20.6037	17.7933	17.6022	13.7728	9.81976	8.77576	5.53173	4.30267	4.89	9.85357	9.9571	0	7.83661	7.52362	
17.5811	19.7012	5.85951	6.8469	5.63078	13.6774	16.0251	6.9238	11.2241	12.7948	15.2164	0.939149	8.13078	8.62232	8.31951	14.1308	5.42848	7.83661	0	12.271	
9.30747	12.1143	6.5939	9.93799	11.86	8.48528	8.82352	15.165	16.13	13.1188	5.98465	6.94732	9.36	3.64867	3.41784	8.23325	2.45799	7.52362	12.271	0	

0	6.11882	15.9545	9.10736	13.2344	1.1068	8.59712	2.19135	3.6968	6.93354	15.7406	17.9074	10.5955	17.2611	17.514	22.1521	24.5438	14.138	13.6541	22.6262	
6.11882	0	26.4228	15.2262	24.2732	7.22562	15.3054	8.31017	12.5096	13.0524	15.9262	26.8304	25.3629	19.1013	18.9582	16.8313	25.2171	14.6682	25.8857	16.8461	
15.9545	26.4228	0	17.2179	13.8092	12.1536	14.2707	20.4199	9.56365	15.2211	17.5291	11.8521	11.5592	5.88488	5.54372	14.3876	4.26933	9.83372	7.50433	8.01484	
9.10736	15.2262	17.2179	0	7.90873	10.2142	19.4707	11.2987	13.5114	5.63489	13.2189	8.8	5.65873	8.15372	9.66337	8.48715	9.76927	12.5868	7.70276	14.1087	
13.2344	24.2732	13.8092	7.90873	0	24.7805	20.9434	21.8963	18.4174	5.91197	5.2551	12.7372	2.25	9.56417	5.59981	4.35	5.92748	4.35986	11.8253	2.18197	
1.1068	7.22562	12.1536	10.2142	24.7805	0	7.49033	3.29814	2.59	8.04034	21.7077	24.3666	22.1658	22.0923	13.7132	25.359	23.437	23.2644	9.85333	18.8254	
8.59712	15.3054	14.2707	19.4707	20.9434	7.49033	0	14.1839	10.0803	18.9261	21.9107	13.758	23.1934	28.3323	13.7285	25.2934	18.54	20.9225	11.7679	20.0503	
2.19135	8.31017	20.4199	11.2987	21.8963	3.29814	14.1839	0	8.58216	9.12489	13.5493	24.6797	21.5385	18.6145	20.0336	14.4544	29.3616	15.7436	18.1196	17.9215	
3.6968	12.5096	9.56365	13.5114	18.4174	2.59	10.0803	8.58216	0	13.3244	17.4062	9.25343	19.1701	19.5023	9.22394	30.6836	13.833	15.4132	7.26333	14.541	
6.93354	13.0524	15.2211	5.63489	5.91197	8.04034	18.9261	9.12489	13.3244	0	14.6479	14.1491	3.66197	11.6376	11.4945	6.49039	14.1912	7.2045	13.3377	8.48284	
15.7406	15.9262	17.5291	13.2189	5.2551	21.7077	21.9107	13.5493	17.4062	14.6479	0	12.1329	3.73352	5.06522	11.9854	0.905097	6.68077	7.89215	10.1428	10.529	
17.9074	26.8304	11.8521	8.8	12.7372	24.3666	13.758	24.6797	9.25343	14.1491	12.1329	0	10.4872	15.2875	3.95071	13.3156	10.2847	10.5984	1.9901	9.72619	
10.5955	25.3629	11.5592	5.65873	2.25	22.1658	23.1934	21.5385	19.1701	3.66197	3.73352	10.4872	0	12.1447	11.8678	2.82843	10.5292	9.81548	12.4773	4.43197	
17.2611	19.1013	5.88488	8.15372	9.56417	22.0923	28.3323	18.6145	19.5023	11.6376	5.06522	15.2875	12.1447	0	5.59188	5.97032	1.61555	4.43306	14.0659	5.36105	
17.514	18.9582	5.54372	9.66337	5.59981	13.7132	13.7285	20.0336	9.22394	11.4945	11.9854	3.95071	11.8678	5.59188	0	11.2771	3.97633	4.29	1.96061	3.41784	
22.1521	16.8313	14.3876	8.48715	4.35	25.359	25.2934	14.4544	30.6836	6.49039	0.905097	13.3156	2.82843	5.97032	11.2771	0	13.3576	6.98705	11.0479	6.53197	
24.5438	25.2171	4.26933	9.76927	5.92748	23.437	18.54	29.3616	13.833	14.1912	6.68077	10.2847	10.5292	1.61555	3.97633	13.3576	0	5.92339	5.93694	3.7455	
14.138	14.6682	9.83372	12.5868	4.35986	23.2644	20.9225	15.7436	15.4132	7.2045	7.89215	10.5984	9.81548	4.43306	4.29	6.98705	5.92339	0	6.25061	2.17789	
13.6541	25.8857	7.50433	7.70276	11.8253	9.85333	11.7679	18.1196	7.26333	13.3377	10.1428	1.9901	12.4773	14.0659	1.96061	11.0479	5.93694	6.25061	0	5.37845	
22.6262	16.8461	8.01484	14.1087	2.18197	18.8254	20.0503	17.9215	14.541	8.48284	10.529	9.72619	4.43197	5.36105	3.41784	6.53197	3.7455	2.17789	5.37845	0	

0	6.11882	14.2292	7.33648	8.54424	3.63662	6.78823	5.05351	0.824621	10.8235	18.0436	9.05097	16.8478	16.1148	5.91365	19.2037	9.33772	8.70365	11.3988	10.308	
6.11882	0	21.4958	20.4123	20.2687	9.75544	12.907	11.1723	6.94344	19.6634	22.0817	15.1698	22.2187	18.8342	12.0325	21.4687	12.1566	19.7647	24.3102	27.1387	
14.2292	21.4958	0	10.7365	10.9462	14.4364	14.2498	11.7154	20.6191	12.1229	14.0969	9.27053	15.5092	16.0168	8.31558	18.2194	9.33916	9.22754	6.92266	12.7099	
7.33648	20.4123	10.7365	0	8.77376	3.69986	8.19406	7.15635	12.588	1.38636	9.7924	11.9335	6.82376	14.0132	12.4499	8.37939	13.348	7.25669	9.58566	9.88342	
8.54424	20.2687	10.9462	8.77376	0	11.3806	15.2879	21.6073	17.9732	8.05328	3.26475	7.99063	1.95	12.8317	2.63059	1.2	6.05465	4.28318	6.58806	7.02495	
3.63662	9.75544	14.4364	3.69986	11.3806	0	4.4942	7.34259	4.46124	5.08623	14.407	12.6876	10.5236	18.9511	8.75	16.4718	12.1741	11.54	11.8214	13.1444	
6.78823	12.907	14.2498	8.19406	15.2879	4.4942	0	11.8368	7.61285	14.0319	11.4964	9.67506	14.4651	18.6254	12.7019	13.5612	21.4215	9.63208	7.32719	35.299	
5.05351	11.1723	11.7154	7.15635	21.6073	7.34259	11.8368	0	5.87813	5.76999	21.7496	14.1045	11.8733	18.3968	10.9672	17.6066	14.6808	11.6403	18.638	14.267	
0.824621	6.94344	20.6191	12.588	17.9732	4.46124	7.61285	5.87813	0	11.2017	18.9918	9.87559	16.0232	16.781	6.73827	17.5788	23.4586	14.8189	24.6097	19.0721	
10.8235	19.6634	12.1229	1.38636	8.05328	5.08623	14.0319	5.76999	11.2017	0	9.07191	14.2849	6.10328	10.7881	8.66033	7.65891	13.4784	5.87033	8.17522	8.49706	
18.0436	22.0817	14.0969	9.7924	3.26475	14.407	11.4964	21.7496	18.9918	9.07191	0	9.52208	2.96864	10.1304	10.6545	2.06475	9.92505	9.47909	7.1742	11.2338	
9.05097	15.1698	9.27053	11.9335	7.99063	12.6876	9.67506	14.1045	9.87559	14.2849	9.52208	0	10.9344	11.682	5.36004	13.7965	8.7841	4.65276	2.34787	9.7544	
16.8478	22.2187	15.5092	6.82376	1.95	10.5236	14.4651	11.8733	16.0232	6.10328	2.96864	10.9344	0	10.871	4.58059	1.55563	12.8937	6.23318	8.5865	8.58	
16.1148	18.8342	16.0168	14.0132	12.8317	18.9511	18.6254	18.3968	16.781	10.7881	10.1304	11.682	10.871	0	6.68539	11.46	6.6776	12.9911	11.2982	2.29103	
5.91365	12.0325	8.31558	12.4499	2.63059	8.75	12.7019	10.9672	6.73827	8.66033	10.6545	5.36004	4.58059	6.68539	0	3.83059	3.42406	2.79	5.09489	4.39436	
19.2037	21.4687	18.2194	8.37939	1.2	16.4718	13.5612	17.6066	17.5788	7.65891	2.06475	13.7965	1.55563	11.46	3.83059	0	11.9898	5.48318	9.16076	9.16901	
9.33772	12.1566	9.33916	13.348	6.05465	12.1741	21.4215	14.6808	23.4586	13.4784	9.92505	8.7841	12.8937	6.6776	3.42406	11.9898	0	6.21406	9.91294	7.81842	
8.70365	19.7647	9.22754	7.25669	4.28318	11.54	9.63208	11.6403	14.8189	5.87033	9.47909	4.65276	6.23318	12.9911	2.79	5.48318	6.21406	0	2.30489	7.18436	
11.3988	24.3102	6.92266	9.58566	6.58806	11.8214	7.32719	18.638	24.6097	8.17522	7.1742	2.34787	8.5865	11.2982	5.09489	9.16076	9.91294	2.30489	0	11.1616	
10.308	27.1387	12.7099	9.88342	7.02495	13.1444	35.299	14.267	19.0721	8.49706	11.2338	9.7544	8.58	2.29103	4.39436	9.16901	7.81842	7.18436	11.1616	0	

0	6.93467	23.4153	14.6671	15.0046	2.81443	7.9196	5.5679	4.28803	5.55249	21.4261	17.9488	9.25172	20.162	23.262	18.2788	20.5697	15.8576	17.8295	18.1062	
6.93467	0	33.1981	22.7684	16.3008	9.74909	14.8543	12.6143	11.2227	14.3012	18.7339	17.2544	12.1222	20.2164	13.3441	15.0619	22.0222	9.26412	12.03	13.5209	
23.4153	33.1981	0	10.4297	11.9194	17.9965	17.2458	30.6766	19.1273	14.4547	22.7385	7.02763	11.5592	14.3886	4.55377	15.7794	4.803	8.63377	9.229	16.5162	
14.6671	22.7684	10.4297	0	12.3497	6.76299	10.8099	14.9915	18.748	4.02492	7.31542	12.2828	11.9592	16.2294	12.2641	5.34966	15.2327	10.5623	10.2703	15.8022	
15.0046	16.3008	11.9194	12.3497	0	12.1902	17.3592	14.9436	13.0343	10.3879	5.92368	9.83951	7.6	11.7202	7.36565	7	11.8942	7.03665	9.80251	6.83052	
2.81443	9.74909	17.9965	6.76299	12.1902	0	10.734	2.75347	6.51	2.73807	18.1139	15.8288	6.4373	14.8057	16.6998	11.7564	17.7553	9.27548	10.6543	15.18	
7.9196	14.8543	17.2458	10.8099	17.3592	10.734	0	13.5992	12.2076	14.2946	12.3249	10.0292	17.9938	19.5479	12.5031	10.3592	21.096	16.1569	12.0417	21.5202	
5.5679	12.6143	30.6766	14.9915	14.9436	2.75347	13.5992	0	9.26347	5.49154	15.7465	24.2106	9.19077	25.5787	24.389	17.7122	20.5088	16.6833	17.9584	12.4266	
4.28803	11.2227	19.1273	18.748	13.0343	6.51	12.2076	9.26347	0	9.24807	18.958	17.9986	12.9473	15.874	20.3999	20.0343	19.5161	16.765	18.7368	19.8648	
5.55249	14.3012	14.4547	4.02492	10.3879	2.73807	14.2946	5.49154	9.24807	0	10.9841	9.92865	7.93426	16.3027	10.6174	9.01838	19.2955	6.53742	7.91619	10.7942	
21.4261	18.7339	22.7385	7.31542	5.92368	18.1139	12.3249	15.7465	18.958	10.9841	0	17.4601	12.0067	12.8455	13.2893	1.96576	18.3419	7.76352	10.0203	4.48849	
17.9488	17.2544	7.02763	12.2828	9.83951	15.8288	10.0292	24.2106	17.9986	9.92865	17.4601	0	6.84237	9.51866	2.47386	13.312	7.00246	4.77832	2.01246	7.54427	
9.25172	12.1222	11.5592	11.9592	7.6	6.4373	17.9938	9.19077	12.9473	7.93426	12.0067	6.84237	0	8.36844	6.93806	8.65583	14.7911	2.85806	4.82991	7.11484	
20.162	20.2164	14.3886	16.2294	11.7202	14.8057	19.5479	25.5787	15.874	16.3027	12.8455	9.51866	8.36844	0	11.9925	10.8798	9.58559	10.9523	10.1089	13.1522	
23.262	13.3441	4.55377	12.2641	7.36565	16.6998	12.5031	24.389	20.3999	10.6174	13.2893	2.47386	6.93806	11.9925	0	9.87777	4.5286	4.08	4.48632	8.33678	
18.2788	15.0619	15.7794	5.34966	7	11.7564	10.3592	17.7122	20.0343	9.01838	1.96576	13.312	8.65583	10.8798	9.87777	0	18.5559	5.79777	8.56363	6.45424	
20.5697	22.0222	4.803	15.2327	11.8942	17.7553	21.096	20.5088	19.5161	19.2955	18.3419	7.00246	14.7911	9.58559	4.5286	18.5559	0	8.6086	13.0792	16.491	
15.8576	9.26412	8.63377	10.5623	7.03665	9.27548	16.1569	16.6833	16.765	6.53742	7.76352	4.77832	2.85806	10.9523	4.08	5.79777	8.6086	0	2.76586	4.25678	
17.8295	12.03	9.229	10.2703	9.80251	10.6543	12.0417	17.9584	18.7368	7.91619	10.0203	2.01246	4.82991	10.1089	4.48632	8.56363	13.0792	2.76586	0	5.53181	
18.1062	13.5209	16.5162	15.8022	6.83052	15.18	21.5202	12.4266	19.8648	10.7942	4.48849	7.54427	7.11484	13.1522	8.33678	6.45424	16.491	4.25678	5.53181	0	

0	12.2201	15.0006	7.58947	14.3658	4.36394	11.6687	6.6585	6.95394	4.19237	12.688	8.76812	9.80739	9.51441	12.5124	16.4122	8.11427	13.4826	10.2663	20.6279	
12.2201	0	20.1483	11.6948	19.0794	17.2395	17.9617	16.6827	19.8295	8.02768	18.9124	13.9159	13.6427	9.63328	16.3477	19.9023	11.0334	16.5982	15.414	24.6522	
15.0006	20.1483	0	11.3525	19.8764	16.556	16.5024	18.1001	16.5174	17.8235	12.3486	6.23246	19.37	19.0682	9.50352	11.2234	9.36456	14.6635	7.73063	6.5	
7.58947	11.6948	11.3525	0	10.7005	4.17421	4.07922	5.1225	6.76421	3.66715	12.4983	5.12	6.82376	17.9558	9.73788	12.7641	8.25209	13.8306	6.61817	13.0384	
14.3658	19.0794	19.8764	10.7005	0	11.0166	14.7797	15.823	15.5714	12.865	2.69258	14.8441	7.25	9.44614	10.6214	3.68253	10.8463	9.21274	14.5843	8.54121	
4.36394	17.2395	16.556	4.17421	11.0166	0	8.25342	2.29456	2.59	7.84136	8.32406	9.29421	10.998	17.1377	10.8911	9.31401	12.4782	9.1046	9.8873	14.1727	
11.6687	17.9617	16.5024	4.07922	14.7797	8.25342	0	6.0849	6.29971	7.74637	13.1996	9.19922	10.903	20.9281	8.97626	12.431	23.5525	12.8143	13.8462	10.0024	
6.6585	16.6827	18.1001	5.1225	15.823	2.29456	6.0849	0	4.88456	8.65499	10.6186	10.2425	11.9463	14.8432	8.59656	18.5159	14.9119	12.8409	12.1819	16.0873	
6.95394	19.8295	16.5174	6.76421	15.5714	2.59	6.29971	4.88456	0	11.1604	10.9141	10.2849	13.5215	18.7707	11.6746	13.8688	13.417	6.5146	11.7831	16.3021	
4.19237	8.02768	17.8235	3.66715	12.865	7.84136	7.74637	8.65499	11.1604	0	14.5209	8.78715	5.61502	17.661	8.32	15.7974	12.3066	12.5412	10.3395	16.7056	
12.688	18.9124	12.3486	12.4983	2.69258	8.32406	13.1996	10.6186	10.9141	14.5209	0	8.63406	8.90591	12.1387	7.92881	0.989949	10.8933	6.52015	12.7987	5.71338	
8.76812	13.9159	6.23246	5.12	14.8441	9.29421	9.19922	10.2425	10.2849	8.78715	8.63406	0	8.83247	4.53223	4.61788	7.64412	3.13209	9.05819	1.49817	12.3675	
9.80739	13.6427	19.37	6.82376	7.25	10.998	10.903	11.9463	13.5215	5.61502	8.90591	8.83247	0	9.90449	12.1669	9.89586	8.50435	7.00685	7.3343	12.87	
9.51441	9.63328	19.0682	17.9558	9.44614	17.1377	20.9281	14.8432	18.7707	17.661	12.1387	4.53223	9.90449	0	16.6427	16.6461	1.40014	12.2561	14.3339	15.0189	
12.5124	16.3477	9.50352	9.73788	10.6214	10.8911	8.97626	8.59656	11.6746	8.32	7.92881	4.61788	12.1669	16.6427	0	8.91876	7.74997	5.16	4.86991	13.5493	
16.4122	19.9023	11.2234	12.7641	3.68253	9.31401	12.431	18.5159	13.8688	15.7974	0.989949	7.64412	9.89586	16.6461	8.91876	0	10.7762	7.5101	9.14228	4.72343	
8.11427	11.0334	9.36456	8.25209	10.8463	12.4782	23.5525	14.9119	13.417	12.3066	10.8933	3.13209	8.50435	1.40014	7.74997	10.7762	0	13.6562	4.63026	15.9184	
13.4826	16.5982	14.6635	13.8306	9.21274	9.1046	12.8143	12.8409	6.5146	12.5412	6.52015	9.05819	7.00685	12.2561	5.16	7.5101	13.6562	0	7.56003	12.3688	
10.2663	15.414	7.73063	6.61817	14.5843	9.8873	13.8462	12.1819	11.7831	10.3395	12.7987	1.49817	7.3343	14.3339	4.86991	9.14228	4.63026	7.56003	0	18.4192	
20.6279	24.6522	6.5	13.0384	8.54121	14.1727	10.0024	16.0873	16.3021	16.7056	5.71338	12.3675	12.87	15.0189	13.5493	4.72343	15.9184	12.3688	18.4192	0	

0	13.9098	11.6634	9.9928	18.1156	1.73925	10.5136	1.8783	3.90896	12.3247	23.3468	7.07107	14.9357	20.9096	7.97815	19.5201	9.99435	16.9706	9.50838	23.5157	
13.9098	0	26.0579	19.4796	17.5048	19.813	21.124	11.6937	9.66305	21.179	16.0956	23.4796	22.4798	37.8537	27.6528	14.5399	39.0836	22.2703	23.6758	19.6867	
11.6634	26.0579	0	8.59234	14.8391	24.7358	30.2416	18.4255	16.3948	7.85798	8.5708	4.59234	10.3095	8.29277	5.49942	12.3087	7.51563	4.845	3.17289	18.8895	
9.9928	19.4796	8.59234	0	7.49033	8.25354	17.0279	12.5036	14.8721	1.69941	11.6908	4	4.62899	23.6822	4.90708	15.9403	6.92329	13.8995	6.38451	9.6723	
18.1156	17.5048	14.8391	7.49033	0	15.7439	27.2821	27.5961	27.1678	9.18974	4.20043	11.4903	7.35	15.8433	14.3741	5.75606	21.7251	7.92623	13.5915	2.18197	
1.73925	19.813	24.7358	8.25354	15.7439	0	8.77438	3.61755	5.98605	9.95296	23.0116	8.81032	14.4034	20.0723	16.6642	30.6128	23.0668	21.88	16.1589	32.1009	
10.5136	21.124	30.2416	17.0279	27.2821	8.77438	0	17.0348	18.9244	20.2482	28.3432	27.2515	19.9321	23.602	26.2744	30.6801	28.6641	33.7344	31.5291	28.5121	
1.8783	11.6937	18.4255	12.5036	27.5961	3.61755	17.0348	0	2.03066	19.2928	29.6488	8.94936	16.814	28.3327	16.8032	29.3745	29.4307	26.7861	21.2971	28.6734	
3.90896	9.66305	16.3948	14.8721	27.1678	5.98605	18.9244	2.03066	0	21.6238	28.4813	11.3179	19.1825	24.6876	19.1717	24.203	28.6029	21.2398	19.5677	26.6428	
12.3247	21.179	7.85798	1.69941	9.18974	9.95296	20.2482	19.2928	21.6238	0	11.3407	5.69941	2.92957	15.5373	7.02518	13.6776	12.8186	15.472	4.68509	11.5096	
23.3468	16.0956	8.5708	11.6908	4.20043	23.0116	28.3432	29.6488	28.4813	11.3407	0	13.6253	8.41114	21.3276	8.1058	1.55563	15.7816	3.7258	10.6915	6.3824	
7.07107	23.4796	4.59234	4	11.4903	8.81032	27.2515	8.94936	11.3179	5.69941	13.6253	0	11.636	6.89173	0.907083	11.5731	2.92329	5.28708	2.43731	17.1418	
14.9357	22.4798	10.3095	4.62899	7.35	14.4034	19.9321	16.814	19.1825	2.92957	8.41114	11.636	0	16.7136	10.729	9.96677	16.6037	12.1369	7.61467	8.58	
20.9096	37.8537	8.29277	23.6822	15.8433	20.0723	23.602	28.3327	24.6876	15.5373	21.3276	6.89173	16.7136	0	5.98465	19.0975	5.06205	10.3646	8.32473	13.6613	
7.97815	27.6528	5.49942	4.90708	14.3741	16.6642	26.2744	16.8032	19.1717	7.02518	8.1058	0.907083	10.729	5.98465	0	11.4759	3.83037	4.38	2.34009	16.2347	
19.5201	14.5399	12.3087	15.9403	5.75606	30.6128	30.6801	29.3745	24.203	13.6776	1.55563	11.5731	9.96677	19.0975	11.4759	0	15.3723	5.28144	9.13582	10.632	
9.99435	39.0836	7.51563	6.92329	21.7251	23.0668	28.6641	29.4307	28.6029	12.8186	15.7816	2.92329	16.6037	5.06205	3.83037	15.3723	0	12.0558	5.3606	18.7234	
16.9706	22.2703	4.845	13.8995	7.92623	21.88	33.7344	26.7861	21.2398	15.472	3.7258	5.28708	12.1369	10.3646	4.38	5.28144	12.0558	0	6.72009	12.176	
9.50838	23.6758	3.17289	6.38451	13.5915	16.1589	31.5291	21.2971	19.5677	4.68509	10.6915	2.43731	7.61467	8.32473	2.34009	9.13582	5.3606	6.72009	0	15.7735	
23.5157	19.6867	18.8895	9.6723	2.18197	32.1009	28.5121	28.6734	26.6428	11.5096	6.3824	17.1418	8.58	13.6613	16.2347	10.632	18.7234	12.176	15.7735	0	

0	14.562	27.7952	5.02293	15.7386	1.1068	7.9551	1.56525	3.67401	8.52318	12.6391	16.6441	12.2483	17.6554	17.5579	11.9886	8.50066	13.8848	14.1164	12.7741	
14.562	0	10.2856	8.6014	16.291	13.4552	19.2873	12.0591	13.1595	10.7033	19.6108	19.1614	9.99104	15.4132	14.4941	12.7488	23.5513	15.4532	18.7006	19.0321	
27.7952	10.2856	0	18.887	24.0807	23.7409	28.5414	23.5131	21.4044	23.0704	31.0665	21.8857	20.2767	15.6841	23.165	26.8133	20.9464	22.6834	22.4986	24.75	
5.02293	8.6014	18.887	0	8.77438	7.84284	8.60436	3.45769	4.55807	2.1019	9.95912	10.56	8.65452	14.5602	8.8619	11.4122	17.8209	4.77024	10.0992	10.4307	
15.7386	16.291	24.0807	8.77438	0	17.4415	19.2745	12.2321	11.1199	7.46141	1.18474	9.86529	6.3	8.39657	9.14308	1.83527	10.1772	4.79308	7.57243	7.91773	
1.1068	13.4552	23.7409	7.84284	17.4415	0	6.8483	2.67204	6.49392	11.3431	19.3851	15.5364	11.1415	20.1453	17.1446	13.0954	9.60746	17.5321	13.0096	11.6673	
7.9551	19.2873	28.5414	8.60436	19.2745	6.8483	0	11.2335	16.2983	6.50246	21.9984	15.4914	13.9485	17.7771	10.2963	18.2703	19.3535	9.17079	16.8106	18.0813	
1.56525	12.0591	23.5131	3.45769	12.2321	2.67204	11.2335	0	2.10877	5.55959	12.0439	14.0177	12.1122	18.0179	13.7179	13.5538	10.0659	9.62626	13.5569	13.8884	
3.67401	13.1595	21.4044	4.55807	11.1199	6.49392	16.2983	2.10877	0	6.65997	9.93512	15.1181	13.2126	19.1183	14.3012	10.5857	14.8915	18.3182	14.6572	14.9888	
8.52318	10.7033	23.0704	2.1019	7.46141	11.3431	6.50246	5.55959	6.65997	0	11.0514	11.9551	7.446	14.2408	6.76	10.2037	8.05249	2.66833	12.2011	12.5326	
12.6391	19.6108	31.0665	9.95912	1.18474	19.3851	21.9984	12.0439	9.93512	11.0514	0	6.76583	3.40825	9.58131	8.62456	0.650538	13.7672	5.97781	8.75717	4.81827	
16.6441	19.1614	21.8857	10.56	9.86529	15.5364	15.4914	14.0177	15.1181	11.9551	6.76583	0	8.87301	6.20155	5.19511	6.11529	8.14344	9.54511	2.52676	10.283	
12.2483	9.99104	20.2767	8.65452	6.3	11.1415	13.9485	12.1122	13.2126	7.446	3.40825	8.87301	0	14.6966	10.7317	2.75772	17.3815	10.1143	9.65981	6.92545	
17.6554	15.4132	15.6841	14.5602	8.39657	20.1453	17.7771	18.0179	19.1183	14.2408	9.58131	6.20155	14.6966	0	7.48081	12.1466	9.15478	11.8308	7.13571	9.58837	
17.5579	14.4941	23.165	8.8619	9.14308	17.1446	10.2963	13.7179	14.3012	6.76	8.62456	5.19511	10.7317	7.48081	0	7.97402	9.0572	4.35	6.51429	12.1418	
11.9886	12.7488	26.8133	11.4122	1.83527	13.0954	18.2703	13.5538	10.5857	10.2037	0.650538	6.11529	2.75772	12.1466	7.97402	0	14.2587	8.54308	8.64205	4.16773	
8.50066	23.5513	20.9464	17.8209	10.1772	9.60746	19.3535	10.0659	14.8915	8.05249	13.7672	8.14344	17.3815	9.15478	9.0572	14.2587	0	5.38416	7.72172	17.6595	
13.8848	15.4532	22.6834	4.77024	4.79308	17.5321	9.17079	9.62626	18.3182	2.66833	5.97781	9.54511	10.1143	11.8308	4.35	8.54308	5.38416	0	10.8643	12.2754	
14.1164	18.7006	22.4986	10.0992	7.57243	13.0096	16.8106	13.5569	14.6572	12.2011	8.75717	2.52676	9.65981	7.13571	6.51429	8.64205	7.72172	10.8643	0	16.7241	
12.7741	19.0321	24.75	10.4307	7.91773	11.6673	18.0813	13.8884	14.9888	12.5326	4.81827	10.283	6.92545	9.58837	12.1418	4.16773	17.6595	12.2754	16.7241	0	

0	7.11056	15.4544	2.52982	13.0065	5.1914	8.42863	6.0821	2.3914	10.2219	11.7455	6.68982	13.8255	21.5363	14.7939	10.6565	26.7138	22.7717	12.629	24.9443	
7.11056	0	11.868	11.1312	12.4376	7.51916	7.58947	6.12732	4.71916	17.2227	16.5842	12.656	15.7376	19.1424	14.5802	14.7876	30.1871	11.5802	21.2304	17.4656	
15.4544	11.868	0	18.9452	9.10157	12.4827	19.4575	9.3723	16.5872	11.2531	13.2481	15.901	12.4016	17.6672	14.8492	11.4516	20.9464	11.957	18.391	14.1296	
2.52982	11.1312	18.9452	0	18.4127	7.93732	17.3253	8.61193	4.92122	7.69207	14.2661	4.16	11.3601	9.92888	9.68496	13.1864	7.29209	9.03904	7.78243	15.2957	
13.0065	12.4376	9.10157	18.4127	0	11.718	20.0271	18.4739	16.6575	12.4614	3.43894	7.73449	3.3	10.1192	5.85545	2.35	17.1863	2.85545	9.90241	5.02802	
5.1914	7.51916	12.4827	7.93732	11.718	0	8.83723	3.1104	2.8	18.7917	12.6236	9.63911	8.418	18.5797	15.83	16.064	21.3063	14.6873	15.0911	12.838	
8.42863	7.58947	19.4575	17.3253	20.0271	8.83723	0	13.7168	6.03723	9.63328	18.5481	20.9412	22.4502	28.4136	16.5233	19.8896	22.5976	19.1696	17.3188	22.5154	
6.0821	6.12732	9.3723	8.61193	18.4739	3.1104	13.7168	0	5.9104	17.1403	24.9292	6.52871	11.5284	12.2976	12.0537	16.7386	9.6608	11.4077	10.1511	26.3297	
2.3914	4.71916	16.5872	4.92122	16.6575	2.8	6.03723	5.9104	0	15.6705	12.5109	18.555	11.218	21.4629	13.03	13.0479	24.1063	16.03	16.5718	16.9361	
10.2219	17.2227	11.2531	7.69207	12.4614	18.7917	9.63328	17.1403	15.6705	0	12.4773	11.8521	12.8169	15.3229	6.89	13.5662	21.5803	9.606	10.4318	10.7961	
11.7455	16.5842	13.2481	14.2661	3.43894	12.6236	18.5481	24.9292	12.5109	12.4773	0	11.4057	4.20557	11.9687	7.00685	1.08894	18.7845	7.00203	10.5486	8.62557	
6.68982	12.656	15.901	4.16	7.73449	9.63911	20.9412	6.52871	18.555	11.8521	11.4057	0	7.20014	5.76888	5.52496	10.7018	3.13209	4.87904	3.62243	8.81898	
13.8255	15.7376	12.4016	11.3601	3.3	8.418	22.4502	11.5284	11.218	12.8169	4.20557	7.20014	0	9.51117	8.3261	5.29451	10.3322	6.15545	9.61655	4.42	
21.5363	19.1424	17.6672	9.92888	10.1192	18.5797	28.4136	12.2976	21.4629	15.3229	11.9687	5.76888	9.51117	0	8.43291	10.8798	5.81598	7.56227	9.39131	5.09117	
14.7939	14.5802	14.8492	9.68496	5.85545	15.83	16.5233	12.0537	13.03	6.89	7.00685	5.52496	8.3261	8.43291	0	8.0958	8.65705	3	3.54175	3.9061	
10.6565	14.7876	11.4516	13.1864	2.35	16.064	19.8896	16.7386	13.0479	13.5662	1.08894	10.7018	5.29451	10.8798	8.0958	0	13.8339	5.20545	12.2524	7.37802	
26.7138	30.1871	20.9464	7.29209	17.1863	21.3063	22.5976	9.6608	24.1063	21.5803	18.7845	3.13209	10.3322	5.81598	8.65705	13.8339	0	8.01113	6.75452	10.9071	
22.7717	11.5802	11.957	9.03904	2.85545	14.6873	19.1696	11.4077	16.03	9.606	7.00203	4.87904	6.15545	7.56227	3	5.20545	8.01113	0	6.54175	6.9061	
12.629	21.2304	18.391	7.78243	9.90241	15.0911	17.3188	10.1511	16.5718	10.4318	10.5486	3.62243	9.61655	9.39131	3.54175	12.2524	6.75452	6.54175	0	5.19655	
24.9443	17.4656	14.1296	15.2957	5.02802	12.838	22.5154	26.3297	16.9361	10.7961	8.62557	8.81898	4.42	5.09117	3.9061	7.37802	10.9071	6.9061	5.19655	0	

-111