10
10
2
2
20

6	11
10	43
1	33
14	23
27	48
42	35
42	47
41	23
36	45
43	34

12	21
1	2
11	28
2	10
14	5
10	12
23	24
24	11
8	30
11	27

150

1.79769e+308
1.79769e+308
1.79769e+308
1.79769e+308
1.79769e+308
1.79769e+308
1.79769e+308
1.79769e+308
1.79769e+308
1.79769e+308

11
15
11
14
17
13
14
15
13
17

0
0
0
0
0
0
0
0
0
0

0

0	17.999	7.96136	8.29474	14.0156	16.3907	27.6769	14.2808	21.8067	15.6205	6.88052	10.1768	11.2646	0.824621	6.54462	4.74157	8.90106	18.6983	7.29761	5.24876	
17.999	0	8.07217	10.2981	13.2795	19.7002	17.5357	12.5432	15.3853	19.3632	8.44305	27.7043	4.05899	15.2089	15.1724	18.125	17.8465	17.8135	10.3687	5.84899	
7.96136	8.07217	0	18.45	14.408	21.2802	24.7688	19.592	18.5822	20.6343	16.8074	16.489	12.1312	7.13674	7.10026	10.0528	12.8357	11.2985	9.59587	11.5609	
8.29474	10.2981	18.45	0	15.4596	20.357	17.5475	20.3971	20.4484	10.1542	1.41421	15.2455	5.79828	10.3741	12.9727	11.362	5.61434	14.5354	12.1018	5.95	
14.0156	13.2795	14.408	15.4596	0	7.34429	6.32456	8.68641	4.17421	8.80093	13.6046	22.5432	9.2205	13.191	18.911	23.1519	21.2675	13.9443	15.5302	11.0105	
16.3907	19.7002	21.2802	20.357	7.34429	0	6.02008	8.27665	4.3149	1.45664	10.1967	21.9392	16.197	15.5661	10.7983	19.819	16.4383	6.6	11.6843	14.407	
27.6769	17.5357	24.7688	17.5475	6.32456	6.02008	0	6.66255	2.15035	4.56344	13.3035	15.2192	16.3596	19.766	18.0975	34.4579	11.9331	13.32	18.4043	21.127	
14.2808	12.5432	19.592	20.3971	8.68641	8.27665	6.66255	0	4.51221	6.82001	15.56	28.7779	16.6022	19.847	12.9253	9.53919	14.7828	17.317	17.8792	14.9512	
21.8067	15.3853	18.5822	20.4484	4.17421	4.3149	2.15035	4.51221	0	5.77154	18.5933	17.3696	13.3947	17.3652	23.94	14.0514	14.0835	10.9149	15.9992	15.9992	
15.6205	19.3632	20.6343	10.1542	8.80093	1.45664	4.56344	6.82001	5.77154	0	8.74002	19.7827	13.1241	15.2025	13.534	16.3592	14.9817	8.05664	13.141	15.8637	
6.88052	8.44305	16.8074	1.41421	13.6046	10.1967	13.3035	15.56	18.5933	8.74002	0	13.8313	4.38406	7.70514	13.7058	10.6947	7.02855	13.1212	10.6938	6.17406	
10.1768	27.7043	16.489	15.2455	22.5432	21.9392	15.2192	28.7779	17.3696	19.7827	13.8313	0	18.2154	9.35222	14.1422	17.1993	17.4287	18.3404	15.8252	13.7764	
11.2646	4.05899	12.1312	5.79828	9.2205	16.197	16.3596	16.6022	13.3947	13.1241	4.38406	18.2154	0	6.21414	9.11719	7.20199	11.8535	17.5053	6.30971	1.79	
0.824621	15.2089	7.13674	10.3741	13.191	15.5661	19.766	19.847	17.3652	15.2025	7.70514	9.35222	6.21414	0	5.72	5.56619	8.07643	9.91829	6.47299	4.42414	
6.54462	15.1724	7.10026	12.9727	18.911	10.7983	18.0975	12.9253	23.94	13.534	13.7058	14.1422	9.11719	5.72	0	3.38615	7.35833	4.19829	12.193	7.32719	
4.74157	18.125	10.0528	11.362	23.1519	19.819	34.4579	9.53919	14.0514	16.3592	10.6947	17.1993	7.20199	5.56619	3.38615	0	10.7445	7.58443	11.5638	5.41199	
8.90106	17.8465	12.8357	5.61434	21.2675	16.4383	11.9331	14.7828	14.0835	14.9817	7.02855	17.4287	11.8535	8.07643	7.35833	10.7445	0	11.5566	14.5494	11.5643	
18.6983	17.8135	11.2985	14.5354	13.9443	6.6	13.32	17.317	10.9149	8.05664	13.1212	18.3404	17.5053	9.91829	4.19829	7.58443	11.5566	0	18.2843	11.5255	
7.29761	10.3687	9.59587	12.1018	15.5302	11.6843	18.4043	17.8792	15.9992	13.141	10.6938	15.8252	6.30971	6.47299	12.193	11.5638	14.5494	18.2843	0	6.15183	
5.24876	5.84899	11.5609	5.95	11.0105	14.407	21.127	14.9512	15.9992	15.8637	6.17406	13.7764	1.79	4.42414	7.32719	5.41199	11.5643	11.5255	6.15183	0	

0	23.8314	20.3987	14.5482	18.3874	28.4652	12.2188	17.979	13.6735	15.4784	9.2947	7.41285	8.96774	4.74157	9.9	7.1742	11.1285	15.48	13.7624	17.0983	
23.8314	0	11.5145	8.58311	14.7076	14.5102	14.9668	21.7661	20.4946	14.0212	8.16021	12.2684	4.05899	8.28516	14.6602	16.74	9.63459	21.5763	5.91883	4.58899	
20.3987	11.5145	0	6.63138	22.5059	21.7667	19.9292	16.1207	21.3839	17.9909	5.20922	12.0151	5.31138	21.4439	19.2376	7.32972	8.05966	12.8633	6.733	4.78138	
14.5482	8.58311	6.63138	0	19.4463	13.7544	16.5055	13.8232	18.4186	13.2653	2.1496	8.9555	2.38	9.82388	12.42	4.2701	5.00004	4.99856	3.80161	1.85	
18.3874	14.7076	22.5059	19.4463	0	13.6004	7.24162	12.3208	5.78697	14.6687	17.2967	12.6815	17.872	13.6459	22.2213	19.4172	19.1714	24.5358	19.031	21.4407	
28.4652	14.5102	21.7667	13.7544	13.6004	0	4.51825	3.60652	7.81348	1.25865	18.9327	14.941	14.0719	23.9301	17.3328	23.0843	9.97932	11.4018	8.59142	10.543	
12.2188	14.9668	19.9292	16.5055	7.24162	4.51825	0	5.60747	1.45465	3.2596	15.009	19.6317	10.9078	15.134	13.1242	19.393	11.9803	13.4028	11.362	11.4378	
17.979	21.7661	16.1207	13.8232	12.3208	3.60652	5.60747	0	14.0824	2.34787	9.70099	23.4923	22.7884	25.9667	15.2515	11.2735	6.85055	12.491	10.4503	20.8279	
13.6735	20.4946	21.3839	18.4186	5.78697	7.81348	1.45465	14.0824	0	4.71425	23.0836	18.4684	12.3624	19.4328	14.5789	22.8035	17.5644	18.7489	16.4049	26.1721	
15.4784	14.0212	17.9909	13.2653	14.6687	1.25865	3.2596	2.34787	4.71425	0	11.5711	14.452	13.5828	22.4759	16.3838	13.1436	8.72067	10.1432	8.1024	10.054	
9.2947	8.16021	5.20922	2.1496	17.2967	18.9327	15.009	9.70099	23.0836	11.5711	0	6.80589	4.10122	8.32739	8.48968	2.1205	2.85044	7.14816	6.5662	3.9996	
7.41285	12.2684	12.0151	8.9555	12.6815	14.941	19.6317	23.4923	18.4684	14.452	6.80589	0	10.9071	12.1544	15.091	8.92639	9.65633	14.4599	6.34958	8.3012	
8.96774	4.05899	5.31138	2.38	17.872	14.0719	10.9078	22.7884	12.3624	13.5828	4.10122	10.9071	0	4.22617	14.2218	6.22171	6.95166	10.5963	2.48161	0.53	
4.74157	8.28516	21.4439	9.82388	13.6459	23.9301	15.134	25.9667	19.4328	22.4759	8.32739	12.1544	4.22617	0	14.6416	11.9158	15.8701	12.3327	9.70661	4.75617	
9.9	14.6602	19.2376	12.42	22.2213	17.3328	13.1242	15.2515	14.5789	16.3838	8.48968	15.091	14.2218	14.6416	0	6.36918	10.7921	15.7436	8.74137	10.693	
7.1742	16.74	7.32972	4.2701	19.4172	23.0843	19.393	11.2735	22.8035	13.1436	2.1205	8.92639	6.22171	11.9158	6.36918	0	4.42295	9.77454	8.13872	8.5074	
11.1285	9.63459	8.05966	5.00004	19.1714	9.97932	11.9803	6.85055	17.5644	8.72067	2.85044	9.65633	6.95166	15.8701	10.7921	4.42295	0	5.99767	3.71576	5.66738	
15.48	21.5763	12.8633	4.99856	24.5358	11.4018	13.4028	12.491	18.7489	10.1432	7.14816	14.4599	10.5963	12.3327	15.7436	9.77454	5.99767	0	9.71343	6.84856	
13.7624	5.91883	6.733	3.80161	19.031	8.59142	11.362	10.4503	16.4049	8.1024	6.5662	6.34958	2.48161	9.70661	8.74137	8.13872	3.71576	9.71343	0	1.95161	
17.0983	4.58899	4.78138	1.85	21.4407	10.543	11.4378	20.8279	26.1721	10.054	3.9996	8.3012	0.53	4.75617	10.693	8.5074	5.66738	6.84856	1.95161	0	

0	16.4202	18.3872	4.61511	22.1276	27.0132	24.2421	12.9998	27.3169	20.8779	9.31029	9.57494	9.58294	3.46341	7.1	4.45295	8.13236	10.62	6.64341	11.5651	
16.4202	0	5.65052	16.365	20.2009	8.64239	18.999	13.1553	19.1293	7.52516	10.8597	20.4218	16.9327	21.3922	17.1178	26.2623	8.28782	14.2855	10.3723	13.2308	
18.3872	5.65052	0	6.75008	14.4056	28.7778	19.927	13.1939	15.2042	13.1757	5.20922	15.7474	7.31778	18.1427	17.8338	12.0317	10.4587	16.4449	4.72178	7.58024	
4.61511	16.365	6.75008	0	11.7121	21.898	17.2336	15.1001	12.5107	15.7883	4.69519	14.19	4.6243	7.07672	11.7151	9.06806	10.2326	15.2351	2.0283	6.86491	
22.1276	20.2009	14.4056	11.7121	0	22.3775	23.1479	20.2473	14.7995	21.2603	12.3548	20.399	12.2798	25.2882	22.7959	19.1772	17.5053	11.5076	9.68383	13.9924	
27.0132	8.64239	28.7778	21.898	22.3775	0	5.4	6.93101	12.7214	1.11723	12.2103	31.0148	26.652	24.8712	27.7109	36.2867	13.8628	24.0885	20.6053	24.6944	
24.2421	18.999	19.927	17.2336	23.1479	5.4	0	17.2876	8.34841	6.51723	22.5669	26.0904	17.8013	35.2277	24.9397	36.7626	16.1097	22.1074	15.2053	20.0419	
12.9998	13.1553	13.1939	15.1001	20.2473	6.93101	17.2876	0	17.418	5.81378	16.9069	17.0014	19.667	25.2934	13.6975	24.8807	4.86749	8.73963	17.4688	10.6811	
27.3169	19.1293	15.2042	12.5107	14.7995	12.7214	8.34841	17.418	0	11.6042	17.6986	17.742	12.3953	26.288	23.5944	17.5253	19.0601	22.1112	10.4824	13.2465	
20.8779	7.52516	13.1757	15.7883	21.2603	1.11723	6.51723	5.81378	11.6042	0	11.0931	21.6313	16.3964	23.7539	21.5756	17.9156	10.6813	14.5534	21.8619	16.6284	
9.31029	10.8597	5.20922	4.69519	12.3548	12.2103	22.5669	16.9069	17.6986	11.0931	0	10.5382	5.3033	11.7719	16.8592	6.82246	11.3489	12.184	6.72349	5.53531	
9.57494	20.4218	15.7474	14.19	20.399	31.0148	26.0904	17.0014	17.742	21.6313	10.5382	0	15.8415	8.54599	14.2756	14.0279	12.134	8.89134	21.4704	16.0735	
9.58294	16.9327	7.31778	4.6243	12.2798	26.652	17.8013	19.667	12.3953	16.3964	5.3033	15.8415	0	12.634	12.2933	5.12999	6.80358	9.85468	2.596	0.99	
3.46341	21.3922	18.1427	7.07672	25.2882	24.8712	35.2277	25.2934	26.288	23.7539	11.7719	8.54599	12.634	0	10.5634	7.50405	11.5958	14.0834	9.10502	14.0267	
7.1	17.1178	17.8338	11.7151	22.7959	27.7109	24.9397	13.6975	23.5944	21.5756	16.8592	14.2756	12.2933	10.5634	0	11.553	8.82999	14.8277	13.1121	11.3238	
4.45295	26.2623	12.0317	9.06806	19.1772	36.2867	36.7626	24.8807	17.5253	17.9156	6.82246	14.0279	5.12999	7.50405	11.553	0	12.5853	15.073	7.72599	6.11999	
8.13236	8.28782	10.4587	10.2326	17.5053	13.8628	16.1097	4.86749	19.0601	10.6813	11.3489	12.134	6.80358	11.5958	8.82999	12.5853	0	5.99767	10.6502	5.81358	
10.62	14.2855	16.4449	15.2351	11.5076	24.0885	22.1074	8.73963	22.1112	14.5534	12.184	8.89134	9.85468	14.0834	14.8277	15.073	5.99767	0	13.7013	8.86468	
6.64341	10.3723	4.72178	2.0283	9.68383	20.6053	15.2053	17.4688	10.4824	21.8619	6.72349	21.4704	2.596	9.10502	13.1121	7.72599	10.6502	13.7013	0	3.586	
11.5651	13.2308	7.58024	6.86491	13.9924	24.6944	20.0419	10.6811	13.2465	16.6284	5.53531	16.0735	0.99	14.0267	11.3238	6.11999	5.81358	8.86468	3.586	0	

0	11.9321	15.97	7.32654	26.4251	22.9313	18.3282	19.0045	20.7948	14.219	5.71433	17.2967	8.69101	7.25667	5.7	4.70034	12.3078	9.61282	9.7899	7.71101	
11.9321	0	7.53403	12.4416	18.34	26.4035	28.8715	28.5885	23.2993	22.2382	14.0538	19.004	11.7209	7.80985	11.1898	12.4277	15.8863	14.2178	12.8198	10.7409	
15.97	7.53403	0	10.5889	10.806	15.4537	22.3816	27.5616	14.7905	14.7042	10.2557	11.47	10.8926	9.43891	12.8189	11.5963	10.7257	6.68381	10.4336	9.91262	
7.32654	12.4416	10.5889	0	18.4694	29.8819	15.9038	19.4245	17.6502	13.3812	1.6122	10.1263	1.45774	8.48043	6.12	3.86255	7.94703	3.90512	2.76586	2.43774	
26.4251	18.34	10.806	18.4694	0	14.0137	6.45105	19.1976	3.98447	17.1114	19.3099	22.276	18.9532	17.8089	21.9262	17.3399	9.73242	13.7743	15.7035	17.7824	
22.9313	26.4035	15.4537	29.8819	14.0137	0	7.8	6.74329	10.0292	0.749533	21.255	20.8141	25.3119	17.3773	20.0478	10.2682	8.12856	28.2	26.4108	19.0933	
18.3282	28.8715	22.3816	15.9038	6.45105	7.8	0	14.5433	2.46658	8.54953	14.2916	31.5384	17.8271	19.3192	21.2318	14.7013	8.8881	19.6138	25.6178	24.389	
19.0045	28.5885	27.5616	19.4245	19.1976	6.74329	14.5433	0	16.1565	7.49283	19.3125	32.922	23.2695	16.6845	13.3045	17.3425	9.73499	13.7769	16.3587	27.5468	
20.7948	23.2993	14.7905	17.6502	3.98447	10.0292	2.46658	16.1565	0	10.7788	15.999	37.0145	19.9561	14.498	18.6153	14.029	6.42153	10.4634	13.0453	23.0497	
14.219	22.2382	14.7042	13.3812	17.1114	0.749533	8.54953	7.49283	10.7788	0	16.9565	20.0646	19.3237	14.1365	16.0491	9.51866	7.37902	11.4209	14.0028	18.3437	
5.71433	14.0538	10.2557	1.6122	19.3099	21.255	14.2916	19.3125	15.999	16.9565	0	11.7385	3.06994	11.7442	7.7322	5.47475	9.57747	5.51733	4.37807	4.51553	
17.2967	19.004	11.47	10.1263	22.276	20.8141	31.5384	32.922	37.0145	20.0646	11.7385	0	11.584	11.2872	14.6672	13.5568	12.6863	8.64436	12.8921	15.6763	
8.69101	11.7209	10.8926	1.45774	18.9532	25.3119	17.8271	23.2695	19.9561	19.3237	3.06994	11.584	0	13.3538	7.57774	5.32029	12.3205	5.36286	3.05889	0.98	
7.25667	7.80985	9.43891	8.48043	17.8089	17.3773	19.3192	16.6845	14.498	14.1365	11.7442	11.2872	13.3538	0	3.38	4.61788	8.07643	9.53036	14.7002	14.6189	
5.7	11.1898	12.8189	6.12	21.9262	20.0478	21.2318	13.3045	18.6153	16.0491	7.7322	14.6672	7.57774	3.38	0	6.53043	11.4564	10.0251	8.88586	10.9538	
4.70034	12.4277	11.5963	3.86255	17.3399	10.2682	14.7013	17.3425	14.029	9.51866	5.47475	13.5568	5.32029	4.61788	6.53043	0	7.60748	4.91248	6.62841	9.41255	
12.3078	15.8863	10.7257	7.94703	9.73242	8.12856	8.8881	9.73499	6.42153	7.37902	9.57747	12.6863	12.3205	8.07643	11.4564	7.60748	0	4.04191	6.62375	8.70265	
9.61282	14.2178	6.68381	3.90512	13.7743	28.2	19.6138	13.7769	10.4634	11.4209	5.51733	8.64436	5.36286	9.53036	10.0251	4.91248	4.04191	0	6.67099	9.45512	
9.7899	12.8198	10.4336	2.76586	15.7035	26.4108	25.6178	16.3587	13.0453	14.0028	4.37807	12.8921	3.05889	14.7002	8.88586	6.62841	6.62375	6.67099	0	2.07889	
7.71101	10.7409	9.91262	2.43774	17.7824	19.0933	24.389	27.5468	23.0497	18.3437	4.51553	15.6763	0.98	14.6189	10.9538	9.41255	8.70265	9.45512	2.07889	0	

0	9.5842	8.21704	6.7533	18.294	11.2898	21.7377	16.0539	15.2095	15.0466	2.68224	8.12328	3.72121	6.34958	9.9	5.07932	13.1309	12.9564	4.55049	5.22121	
9.5842	0	10.6705	8.89508	15.062	8.14477	25.1334	17.1799	17.3513	7.18311	12.5917	19.5043	5.86299	18.8745	10.6988	9.06923	11.0504	15.2794	6.69226	7.36299	
8.21704	10.6705	0	7.83964	15.3085	14.1423	14.7303	17.3012	16.2959	21.789	5.5348	20.6515	2.73322	18.8778	15.2452	7.93188	10.9736	14.224	1.90394	6.30755	
6.7533	8.89508	7.83964	0	10.4259	8.22503	15.905	8.57439	14.5204	9.1867	5.06288	18.7773	3.03209	10.269	13.4698	6.23834	2.44495	12.3541	3.86137	4.53209	
18.294	15.062	15.3085	10.4259	0	16.4817	11.4474	14.522	9.10736	15.52	15.4887	30.302	13.458	24.6435	25.7608	21.7109	12.8708	23.3865	17.2124	17.8759	
11.2898	8.14477	14.1423	8.22503	16.4817	0	7.68	7.46579	9.56276	0.961665	8.60753	12.6314	11.2571	13.2068	20.5943	11.0046	10.67	6.6	15.1305	9.80597	
21.7377	25.1334	14.7303	15.905	11.4474	7.68	0	7.75473	2.34009	8.64167	16.2875	20.3114	13.8284	29.8499	29.7081	14.9437	15.4301	14.28	16.6342	20.7704	
16.0539	17.1799	17.3012	8.57439	14.522	7.46579	7.75473	0	5.41465	8.42745	13.3717	20.0972	16.903	13.9535	30.0966	12.4985	6.12944	14.0658	16.5298	21.7148	
15.2095	17.3513	16.2959	14.5204	9.10736	9.56276	2.34009	5.41465	0	10.5244	14.5947	18.3886	11.4883	20.2725	21.926	12.6036	11.5441	16.1628	12.3176	12.9883	
15.0466	7.18311	21.789	9.1867	15.52	0.961665	8.64167	8.42745	10.5244	0	9.5692	13.5931	10.3443	22.8057	17.8819	21.3507	14.9817	7.56167	15.5052	8.8443	
2.68224	12.5917	5.5348	5.06288	15.4887	8.60753	16.2875	13.3717	14.5947	9.5692	0	8.18214	5.60333	9.03182	11.9105	2.39708	7.50784	14.5271	7.43874	8.88457	
8.12328	19.5043	20.6515	18.7773	30.302	12.6314	20.3114	20.0972	18.3886	13.5931	8.18214	0	8.9913	1.7737	8.8055	5.78506	9.59774	6.91549	20.9839	20.1014	
3.72121	5.86299	2.73322	3.03209	13.458	11.2571	13.8284	16.903	11.4883	10.3443	5.60333	8.9913	0	10.0708	10.4377	3.20624	5.47705	9.41641	0.829277	1.5	
6.34958	18.8745	18.8778	10.269	24.6435	13.2068	29.8499	13.9535	20.2725	22.8057	9.03182	1.7737	10.0708	0	10.5792	7.55876	7.82405	6.60681	18.9414	12.5519	
9.9	10.6988	15.2452	13.4698	25.7608	20.5943	29.7081	30.0966	21.926	17.8819	11.9105	8.8055	10.4377	10.5792	0	9.51346	15.8825	13.9943	11.2669	11.9377	
5.07932	9.06923	7.93188	6.23834	21.7109	11.0046	14.9437	12.4985	12.6036	21.3507	2.39708	5.78506	3.20624	7.55876	9.51346	0	6.36905	12.6227	4.03552	4.70624	
13.1309	11.0504	10.9736	2.44495	12.8708	10.67	15.4301	6.12944	11.5441	14.9817	7.50784	9.59774	5.47705	7.82405	15.8825	6.36905	0	9.90919	13.0757	9.89495	
12.9564	15.2794	14.224	12.3541	23.3865	6.6	14.28	14.0658	16.1628	7.56167	14.5271	6.91549	9.41641	6.60681	13.9943	12.6227	9.90919	0	10.2457	10.9164	
4.55049	6.69226	1.90394	3.86137	17.2124	15.1305	16.6342	16.5298	12.3176	15.5052	7.43874	20.9839	0.829277	18.9414	11.2669	4.03552	13.0757	10.2457	0	2.32928	
5.22121	7.36299	6.30755	4.53209	17.8759	9.80597	20.7704	21.7148	12.9883	8.8443	8.88457	20.1014	1.5	12.5519	11.9377	4.70624	9.89495	10.9164	2.32928	0	

0	24.1868	14.5859	6.05733	20.4281	22.4657	30.3315	14.9673	15.9711	20.3239	10.5262	3.70643	7.86492	5.60742	7.2	6.30835	8.77394	10.26	11.0359	12.2073	
24.1868	0	17.2957	15.7352	8.68282	9.50148	15.1518	26.8826	19.5849	8.89337	11.2663	24.2914	20.6708	25.9962	15.4586	18.91	13.3655	17.9831	15.5205	15.4025	
14.5859	17.2957	0	5.94432	24.5602	9.01049	14.6608	12.9567	15.3227	8.40238	13.5412	15.5	4.13673	8.97847	18.8433	20.8814	12.8745	15.4792	8.52967	4.52673	
6.05733	15.7352	5.94432	0	14.3708	17.6939	16.1414	8.12494	12.9936	7.18875	4.46891	9.76375	1.8076	9.19974	8.66129	12.3657	2.71662	5.62338	4.97855	2.1976	
20.4281	8.68282	24.5602	14.3708	0	16.7659	17.2028	17.7372	11.1945	16.1578	18.8397	32.6248	16.1784	23.5705	29.2817	20.8572	17.0874	19.9942	19.3493	20.0646	
22.4657	9.50148	9.01049	17.6939	16.7659	0	6.86655	16.9786	11.2996	0.608112	18.8635	21.5388	15.1172	17.711	13.732	16.1573	5.08025	20.9118	12.7153	14.7272	
30.3315	15.1518	14.6608	16.1414	17.2028	6.86655	0	9.60833	6.00833	6.25843	17.8877	20.9027	17.1943	23.3613	19.3823	15.6711	10.7306	20.5271	17.4436	22.6472	
14.9673	26.8826	12.9567	8.12494	17.7372	16.9786	9.60833	0	6.5427	9.88046	13.3789	11.2944	8.82001	14.7995	15.71	15.6696	5.40833	14.5334	13.8886	9.21001	
15.9711	19.5849	15.3227	12.9936	11.1945	11.2996	6.00833	6.5427	0	10.6915	11.8794	15.0442	11.186	21.3422	16.0718	9.66274	11.951	18.5962	11.4353	11.576	
20.3239	8.89337	8.40238	7.18875	16.1578	0.608112	6.25843	9.88046	10.6915	0	17.3163	13.1837	12.5391	17.1028	13.1239	14.7334	4.47214	20.8208	13.3234	15.3353	
10.5262	11.2663	13.5412	4.46891	18.8397	18.8635	17.8877	13.3789	11.8794	17.3163	0	9.12879	4.52628	13.6687	4.19237	9.31174	7.18553	6.71681	9.44747	4.13628	
3.70643	24.2914	15.5	9.76375	32.6248	21.5388	20.9027	11.2944	15.0442	13.1837	9.12879	0	16.8193	8.06226	4.93642	5.38145	8.71156	12.6333	20.8766	20.3826	
7.86492	20.6708	4.13673	1.8076	16.1784	15.1172	17.1943	8.82001	11.186	12.5391	4.52628	16.8193	0	11.0073	13.5969	18.7163	4.52421	6.57466	6.30971	0.39	
5.60742	25.9962	8.97847	9.19974	23.5705	17.711	23.3613	14.7995	21.3422	17.1028	13.6687	8.06226	11.0073	0	12.8074	11.9158	11.9164	14.8231	14.1783	15.3497	
7.2	15.4586	18.8433	8.66129	29.2817	13.732	19.3823	15.71	16.0718	13.1239	4.19237	4.93642	13.5969	12.8074	0	6.61105	10.3017	7.69686	15.9402	8.32865	
6.30835	18.91	20.8814	12.3657	20.8572	16.1573	15.6711	15.6696	9.66274	14.7334	9.31174	5.38145	18.7163	11.9158	6.61105	0	10.2612	14.3079	19.9218	13.448	
8.77394	13.3655	12.8745	2.71662	17.0874	5.08025	10.7306	5.40833	11.951	4.47214	7.18553	8.71156	4.52421	11.9164	10.3017	10.2612	0	8.34	7.69517	8.86662	
10.26	17.9831	15.4792	5.62338	19.9942	20.9118	20.5271	14.5334	18.5962	20.8208	6.71681	12.6333	6.57466	14.8231	7.69686	14.3079	8.34	0	10.6019	6.18466	
11.0359	15.5205	8.52967	4.97855	19.3493	12.7153	17.4436	13.8886	11.4353	13.3234	9.44747	20.8766	6.30971	14.1783	15.9402	19.9218	7.69517	10.6019	0	6.69971	
12.2073	15.4025	4.52673	2.1976	20.0646	14.7272	22.6472	9.21001	11.576	15.3353	4.13628	20.3826	0.39	15.3497	8.32865	13.448	8.86662	6.18466	6.69971	0	

0	21.3149	9.14689	9.02024	20.6819	14.7257	20.8308	15.6358	29.7226	23.7607	6.31831	5.45668	5.02024	7.13297	12.4	6.34958	7.70434	6.48	7.63193	3.52024	
21.3149	0	17.6945	11.219	18.2516	17.3343	28.3791	14.7567	22.9002	29.1793	9.71992	19.819	12.3362	12.8418	27.4866	19.9536	15.1928	19.0922	15.2574	12.518	
9.14689	17.6945	0	5.08438	20.5585	8.62024	13.0602	9.1839	13.1737	8.8225	4.85236	19.4019	2.23607	11.4534	13.7244	11.1952	7.07656	9.45812	2.43705	3.73607	
9.02024	11.219	5.08438	0	12.7378	9.11342	15.1186	9.8815	8.0893	13.9069	1.49907	9.0296	3.85576	4.62094	8.64	9.59785	1.99218	4.37374	3.13465	4.29714	
20.6819	18.2516	20.5585	12.7378	0	18.7595	15.7165	27.3453	4.64855	19.3819	20.6601	22.5391	24.1174	25.5301	24.7327	14.3323	18.4916	18.1895	22.2957	23.0517	
14.7257	17.3343	8.62024	9.11342	18.7595	0	4.44	15.653	14.1109	1.23037	7.61435	17.7134	10.2306	10.7362	16.3783	17.848	9.44043	16.9867	11.0573	10.4124	
20.8308	28.3791	13.0602	15.1186	15.7165	4.44	0	22.2616	11.068	5.67037	12.0544	17.3724	16.3065	14.7119	20.0643	27.1637	13.1265	23.1816	15.5854	15.6455	
15.6358	14.7567	9.1839	9.8815	27.3453	15.653	22.2616	0	26.3964	14.4226	15.4138	15.0834	7.46796	27.0564	22.1005	22.6967	17.7326	9.15581	6.74685	10.9471	
29.7226	22.9002	13.1737	8.0893	4.64855	14.1109	11.068	26.3964	0	14.7334	9.58837	35.7513	13.0456	14.4584	16.7293	17.6872	10.0815	12.463	11.2239	13.5893	
23.7607	29.1793	8.8225	13.9069	19.3819	1.23037	5.67037	14.4226	14.7334	0	8.84472	19.2883	11.0586	16.6278	16.815	20.0177	10.6708	23.5784	11.2595	12.4358	
6.31831	9.71992	4.85236	1.49907	20.6601	7.61435	12.0544	15.4138	9.58837	8.84472	0	5.78242	2.6163	3.12187	10.1391	10.2337	3.49125	5.87281	3.33741	2.79807	
5.45668	19.819	19.4019	9.0296	22.5391	17.7134	17.3724	15.0834	35.7513	19.2883	5.78242	0	12.3675	2.66055	12.1505	8.20671	13.161	5.92756	18.4481	8.97693	
5.02024	12.3362	2.23607	3.85576	24.1174	10.2306	16.3065	7.46796	13.0456	11.0586	2.6163	12.3675	0	5.73817	13.5963	10.2193	6.94849	9.33005	0.72111	1.5	
7.13297	12.8418	11.4534	4.62094	25.5301	10.7362	14.7119	27.0564	14.4584	16.6278	3.12187	2.66055	5.73817	0	9.49	10.8673	8.36123	8.58811	9.5037	5.91995	
12.4	27.4866	13.7244	8.64	24.7327	16.3783	20.0643	22.1005	16.7293	16.815	10.1391	12.1505	13.5963	9.49	0	10.4003	6.93785	12.9447	11.7746	14.14	
6.34958	19.9536	11.1952	9.59785	14.3323	17.848	27.1637	22.6967	17.6872	20.0177	10.2337	8.20671	10.2193	10.8673	10.4003	0	11.59	12.8296	12.7325	8.71931	
7.70434	15.1928	7.07656	1.99218	18.4916	9.44043	13.1265	17.7326	10.0815	10.6708	3.49125	13.161	6.94849	8.36123	6.93785	11.59	0	6.36592	5.12683	7.49218	
6.48	19.0922	9.45812	4.37374	18.1895	16.9867	23.1816	9.15581	12.463	23.5784	5.87281	5.92756	9.33005	8.58811	12.9447	12.8296	6.36592	0	7.50838	9.87374	
7.63193	15.2574	2.43705	3.13465	22.2957	11.0573	15.5854	6.74685	11.2239	11.2595	3.33741	18.4481	0.72111	9.5037	11.7746	12.7325	5.12683	7.50838	0	2.22111	
3.52024	12.518	3.73607	4.29714	23.0517	10.4124	15.6455	10.9471	13.5893	12.4358	2.79807	8.97693	1.5	5.91995	14.14	8.71931	7.49218	9.87374	2.22111	0	

0	14.3404	18.6409	12.8642	16.3915	20.6392	16.185	23.0622	11.5253	20.6254	8.52721	8.66709	5.81418	1.81417	7.6	5.27758	11.4049	17.0675	5.92254	5.36418	
14.3404	0	16.817	10.7744	5.13881	18.8349	20.9622	27.7748	19.8434	16.4068	11.865	14.7675	8.56898	26.3234	20.5015	29.7868	18.6883	23.57	8.41789	9.01898	
18.6409	16.817	0	15.1853	21.9558	16.9511	10.8311	31.9975	15.195	13.9603	11.3952	6.2	14.8699	13.0529	11.5367	21.7385	20.9874	13.6859	12.5496	14.5582	
12.8642	10.7744	15.1853	0	5.6356	8.08413	9.33244	8.64	13.6612	6.20322	3.79009	9.63229	7.05545	12.2073	14.969	16.974	4.43714	7.2266	7.23719	6.95313	
16.3915	5.13881	21.9558	5.6356	0	13.1489	14.3972	14.2756	14.7046	11.268	9.42569	15.2679	12.6911	17.8429	22.5527	25.5336	10.0727	24.8714	10.469	13.1356	
20.6392	18.8349	16.9511	8.08413	13.1489	0	5.01012	7.46579	8.39657	1.8809	14.5666	18.9042	16.2081	23.5563	20.1079	17.0274	22.7894	16.2007	18.0137	14.5577	
16.185	20.9622	10.8311	9.33244	14.3972	5.01012	0	13.5858	4.36394	3.12922	15.9914	12.7842	13.731	17.4363	15.8254	10.9074	18.4508	17.449	12.5443	10.5251	
23.0622	27.7748	31.9975	8.64	14.2756	7.46579	13.5858	0	15.8624	9.34669	12.4301	18.2723	15.6955	20.8473	27.5737	28.538	13.0771	18.3116	18.1361	16.14	
11.5253	19.8434	15.195	13.6612	14.7046	8.39657	4.36394	15.8624	0	7.49316	9.32421	17.1481	6.61117	14.0568	19.8426	15.2714	14.696	17.3066	10.319	6.16117	
20.6254	16.4068	13.9603	6.20322	11.268	1.8809	3.12922	9.34669	7.49316	0	9.99332	15.8355	13.2587	18.4106	21.9888	14.0367	10.6404	14.3198	15.6736	13.7032	
8.52721	11.865	11.3952	3.79009	9.42569	14.5666	15.9914	12.4301	9.32421	9.99332	0	9.79668	3.61304	15.9974	14.0488	13.1839	8.22723	3.43651	3.4471	3.16304	
8.66709	14.7675	6.2	9.63229	15.2679	18.9042	12.7842	18.2723	17.1481	15.8355	9.79668	0	9.4143	6.85292	5.33667	10.2546	14.0694	10.6202	6.34958	10.5074	
5.81418	8.56898	14.8699	7.05545	12.6911	16.2081	13.731	15.6955	6.61117	13.2587	3.61304	9.4143	0	10.6742	15.1484	14.1376	8.98483	13.9724	3.06472	0.45	
1.81417	26.3234	13.0529	12.2073	17.8429	23.5563	17.4363	20.8473	14.0568	18.4106	15.9974	6.85292	10.6742	0	8.32	7.09174	9.59077	16.8923	7.73671	7.17834	
7.6	20.5015	11.5367	14.969	22.5527	20.1079	15.8254	27.5737	19.8426	21.9888	14.0488	5.33667	15.1484	8.32	0	4.91798	17.9108	10.6123	11.6862	12.9642	
5.27758	29.7868	21.7385	16.974	25.5336	17.0274	10.9074	28.538	15.2714	14.0367	13.1839	10.2546	14.1376	7.09174	4.91798	0	19.0915	11.79	11.2001	10.6418	
11.4049	18.6883	20.9874	4.43714	10.0727	22.7894	18.4508	13.0771	14.696	10.6404	8.22723	14.0694	8.98483	9.59077	17.9108	19.0915	0	7.30151	12.6926	8.53483	
17.0675	23.57	13.6859	7.2266	24.8714	16.2007	17.449	18.3116	17.3066	14.3198	3.43651	10.6202	13.9724	16.8923	10.6123	11.79	7.30151	0	6.88361	6.59955	
5.92254	8.41789	12.5496	7.23719	10.469	18.0137	12.5443	18.1361	10.319	15.6736	3.4471	6.34958	3.06472	7.73671	11.6862	11.2001	12.6926	6.88361	0	3.51472	
5.36418	9.01898	14.5582	6.95313	13.1356	14.5577	10.5251	16.14	6.16117	13.7032	3.16304	10.5074	0.45	7.17834	12.9642	10.6418	8.53483	6.59955	3.51472	0	

0	6.44981	11.6448	17.2296	18.145	28.2996	29.9916	23.4959	13.242	17.0876	6.2121	4.13015	14.7764	0.824621	11.0946	3.99941	17.2683	11.6158	5.62716	7.30674	
6.44981	0	20.007	17.5196	11.6952	21.5844	23.5418	18.8148	18.9052	21.475	16.3471	19.2164	13.3796	7.27443	19.8742	10.4492	20.2111	24.8723	14.5998	13.9196	
11.6448	20.007	0	11.5843	23.4329	16.009	20.2237	18.2262	24.7226	16.3484	17.2555	9.3	8.14742	10.2097	13.8362	11.9907	14.2843	10.5031	5.4072	9.48013	
17.2296	17.5196	11.5843	0	9.99575	20.3713	19.0473	16.5796	11.2854	21.6346	3.81838	11.1142	4.13998	10.9796	10.6345	6.03107	14.3031	12.6539	6.17709	4.67998	
18.145	11.6952	23.4329	9.99575	0	10.1191	12.7786	10.3151	7.20999	9.77973	6.17738	17.8497	9.25225	20.4688	23.0223	8.39007	8.51587	12.297	12.7852	8.71225	
28.2996	21.5844	16.009	20.3713	10.1191	0	3.33824	2.76957	9.53788	0.339411	16.5529	15.9202	23.451	22.7911	15.1038	13.4276	6.58635	10.3675	15.5886	11.8492	
29.9916	23.5418	20.2237	19.0473	12.7786	3.33824	0	12.7766	6.00833	2.99883	13.4754	33.7968	14.9073	41.4718	17.7632	15.2509	24.463	22.3902	17.6475	15.4473	
23.4959	18.8148	18.2262	16.5796	10.3151	2.76957	12.7766	0	6.76831	3.10898	13.4592	24.4274	9.61965	17.6216	23.6885	12.387	9.35592	14.2335	12.819	9.07965	
13.242	18.9052	24.7226	11.2854	7.20999	9.53788	6.00833	6.76831	0	9.00716	7.46705	11.9333	15.6695	14.3553	23.4322	9.24262	15.7259	26.5065	19.5873	11.8466	
17.0876	21.475	16.3484	21.6346	9.77973	0.339411	2.99883	3.10898	9.00716	0	15.3008	15.7789	17.9062	18.2008	14.7644	13.0882	6.92576	12.3394	22.6321	16.3955	
6.2121	16.3471	17.2555	3.81838	6.17738	16.5529	13.4754	13.4592	7.46705	15.3008	0	4.90342	4.91959	7.32534	14.697	2.21269	11.1827	9.53347	8.45252	4.37959	
4.13015	19.2164	9.3	11.1142	17.8497	15.9202	33.7968	24.4274	11.9333	15.7789	4.90342	0	11.0307	3.30553	4.53617	2.69072	9.33381	13.1149	8.10807	5.99805	
14.7764	13.3796	8.14742	4.13998	9.25225	23.451	14.9073	9.61965	15.6695	17.9062	4.91959	11.0307	0	7.54276	6.49455	3.84733	7.34312	5.69388	2.74022	0.54	
0.824621	7.27443	10.2097	10.9796	20.4688	22.7911	41.4718	17.6216	14.3553	18.2008	7.32534	3.30553	7.54276	0	7.84169	4.82403	12.6393	10.7911	4.80254	8.41998	
11.0946	19.8742	13.8362	10.6345	23.0223	15.1038	17.7632	23.6885	23.4322	14.7644	14.697	4.53617	6.49455	7.84169	0	7.22689	13.87	13.9943	9.23477	7.03455	
3.99941	10.4492	11.9907	6.03107	8.39007	13.4276	15.2509	12.387	9.24262	13.0882	2.21269	2.69072	3.84733	4.82403	7.22689	0	10.1104	8.46121	7.38026	3.30733	
17.2683	20.2111	14.2843	14.3031	8.51587	6.58635	24.463	9.35592	15.7259	6.92576	11.1827	9.33381	7.34312	12.6393	13.87	10.1104	0	3.78114	10.8761	6.80312	
11.6158	24.8723	10.5031	12.6539	12.297	10.3675	22.3902	14.2335	26.5065	12.3394	9.53347	13.1149	5.69388	10.7911	13.9943	8.46121	3.78114	0	9.22682	5.15388	
5.62716	14.5998	5.4072	6.17709	12.7852	15.5886	17.6475	12.819	19.5873	22.6321	8.45252	8.10807	2.74022	4.80254	9.23477	7.38026	10.8761	9.22682	0	3.28022	
7.30674	13.9196	9.48013	4.67998	8.71225	11.8492	15.4473	9.07965	11.8466	16.3955	4.37959	5.99805	0.54	8.41998	7.03455	3.30733	6.80312	5.15388	3.28022	0	

0	18.6684	15.0431	8.54576	18.8698	13.8453	20.5653	12.1413	25.2133	14.2979	12.7288	9.83335	7.08802	1.69047	7.14921	4.2468	21.1244	16.56	6.28421	8.09802	
18.6684	0	4.70877	9.48538	26.4029	15.8327	22.5527	15.2897	31.3431	16.2853	7.73175	15.5312	11.1097	16.9779	28.8549	14.4593	19.5896	21.1654	8.4405	8.90705	
15.0431	4.70877	0	6.22101	17.6032	20.5415	24.4887	19.3786	28.2268	31.0136	9.93651	20.24	5.20829	8.32546	18.6435	8.55794	16.333	13.9958	3.73173	4.19829	
8.54576	9.48538	6.22101	0	13.2395	25.5672	29.1905	9.31153	14.1205	14.8064	1.75362	13.3706	1.45774	7.08301	14.4	10.2356	11.8626	5.46717	2.48928	2.46774	
18.8698	26.4029	17.6032	13.2395	0	10.9172	11.1246	21.2134	9.96117	11.3697	20.0762	11.6247	11.7817	18.4652	28.3821	22.3122	24.7869	18.6145	13.8714	12.7917	
13.8453	15.8327	20.5415	25.5672	10.9172	0	6.72	11.9212	6.18945	0.452548	19.4791	14.709	13.8012	15.5358	28.3152	18.0921	11.6329	19.5456	24.7886	25.9324	
20.5653	22.5527	24.4887	29.1905	11.1246	6.72	0	10.0887	4.23745	7.17255	17.6467	22.7493	21.3005	26.9437	35.0352	17.9833	21.3503	12.8908	23.5573	20.2905	
12.1413	15.2897	19.3786	9.31153	21.2134	11.9212	10.0887	0	14.3262	12.3737	7.55791	16.6431	19.013	16.8549	10.7969	7.8945	12.98	8.73963	13.7627	12.2542	
25.2133	31.3431	28.2268	14.1205	9.96117	6.18945	4.23745	14.3262	0	5.7369	22.087	16.5567	19.0855	28.694	24.5135	28.1629	16.9172	8.65332	23.8326	24.0286	
14.2979	16.2853	31.0136	14.8064	11.3697	0.452548	7.17255	12.3737	5.7369	0	23.0382	14.2564	13.3486	21.5997	28.7678	25.4476	11.1803	14.3902	19.0815	14.3586	
12.7288	7.73175	9.93651	1.75362	20.0762	19.4791	17.6467	7.55791	22.087	23.0382	0	19.783	3.21136	10.7985	11.3844	8.48198	11.8578	7.2208	4.2429	7.29932	
9.83335	15.5312	20.24	13.3706	11.6247	14.709	22.7493	16.6431	16.5567	14.2564	19.783	0	16.394	8.14288	14.2035	11.301	16.8999	7.90342	12.7366	15.6607	
7.08802	11.1097	5.20829	1.45774	11.7817	13.8012	21.3005	19.013	19.0855	13.3486	3.21136	16.394	0	8.25109	15.8577	5.36966	13.3203	6.92491	3.94701	1.01	
1.69047	16.9779	8.32546	7.08301	18.4652	15.5358	26.9437	16.8549	28.694	21.5997	10.7985	8.14288	8.25109	0	14.04	5.93727	17.195	16.0463	4.59373	7.86057	
7.14921	28.8549	18.6435	14.4	28.3821	28.3152	35.0352	10.7969	24.5135	28.7678	11.3844	14.2035	15.8577	14.04	0	2.90241	24.8567	15.8602	14.9118	7.26207	
4.2468	14.4593	8.55794	10.2356	22.3122	18.0921	17.9833	7.8945	28.1629	25.4476	8.48198	11.301	5.36966	5.93727	2.90241	0	20.3398	16.6341	7.62649	4.35966	
21.1244	19.5896	16.333	11.8626	24.7869	11.6329	21.3503	12.98	16.9172	11.1803	11.8578	16.8999	13.3203	17.195	24.8567	20.3398	0	8.9965	12.6013	15.8681	
16.56	21.1654	13.9958	5.46717	18.6145	19.5456	12.8908	8.73963	8.65332	14.3902	7.2208	7.90342	6.92491	16.0463	15.8602	16.6341	8.9965	0	7.95645	14.3672	
6.28421	8.4405	3.73173	2.48928	13.8714	24.7886	23.5573	13.7627	23.8326	19.0815	4.2429	12.7366	3.94701	4.59373	14.9118	7.62649	12.6013	7.95645	0	3.26683	
8.09802	8.90705	4.19829	2.46774	12.7917	25.9324	20.2905	12.2542	24.0286	14.3586	7.29932	15.6607	1.01	7.86057	7.26207	4.35966	15.8681	14.3672	3.26683	0	

0	9.77227	12.4342	7.23568	16.5603	19.6332	22.4875	12.7476	18.525	13.9173	10.2859	8.9572	4.96161	1.23693	9.34886	3.38095	8.77438	7.40329	9.50951	6.30161	
9.77227	0	9.14846	7.08473	13.9988	26.058	20.9619	23.0557	14.5522	18.6761	6.40631	22.1872	4.81065	11.545	17.1304	13.2288	9.94085	7.68427	9.75026	6.15065	
12.4342	9.14846	0	7.57598	7.1717	25.5507	30.1103	23.914	14.6574	11.187	6.51153	22.7445	6.61508	15.3955	11.9594	8.19535	10.0461	15.7535	1.67547	4.81502	
7.23568	7.08473	7.57598	0	11.3967	16.8921	18.5391	21.0256	9.56008	15.412	1.41421	17.2887	2.27407	9.92142	12.6	8.23668	4.94876	13.7544	5.90051	3.61407	
16.5603	13.9988	7.1717	11.3967	0	5.44094	16.0856	21.4601	14.8472	4.67726	10.5015	23.7777	10.4358	16.8299	13.8828	12.0161	7.78594	15.3482	5.49623	8.63578	
19.6332	26.058	25.5507	16.8921	5.44094	0	12.468	14.9545	8.86305	0.763675	17.0089	13.684	22.1502	18.3963	22.4895	20.5403	5.90663	17.5164	10.2752	11.5734	
22.4875	20.9619	30.1103	18.5391	16.0856	12.468	0	9.69647	3.605	13.775	11.7509	24.9595	23.6634	21.2505	26.2776	20.3922	22.6226	12.2583	21.5819	28.0893	
12.7476	23.0557	23.914	21.0256	21.4601	14.9545	9.69647	0	6.09148	16.2614	14.2373	21.7855	19.158	11.5107	12.98	13.6547	19.0769	14.7448	21.2988	18.1593	
18.525	14.5522	14.6574	9.56008	14.8472	8.86305	3.605	6.09148	0	9.62672	8.14587	22.5471	15.6412	14.8197	18.0995	14.9683	11.6804	8.65332	18.3887	13.0121	
13.9173	18.6761	11.187	15.412	4.67726	0.763675	13.775	16.2614	9.62672	0	8.6775	14.4477	12.1497	19.1599	11.2399	16.0314	5.14296	12.7052	9.51151	10.8097	
10.2859	6.40631	6.51153	1.41421	10.5015	17.0089	11.7509	14.2373	8.14587	8.6775	0	18.7029	3.68828	8.96648	9.63144	6.82246	3.53454	11.0968	7.31472	4.86621	
8.9572	22.1872	22.7445	17.2887	23.7777	13.684	24.9595	21.7855	22.5471	14.4477	18.7029	0	13.9188	10.1941	8.8055	12.4206	14.9024	16.8085	19.0895	15.3272	
4.96161	4.81065	6.61508	2.27407	10.4358	22.1502	23.6634	19.158	15.6412	12.1497	3.68828	13.9188	0	6.19854	14.8741	8.42502	11.0299	11.0293	4.47955	1.34	
1.23693	11.545	15.3955	9.92142	16.8299	18.3963	21.2505	11.5107	14.8197	19.1599	8.96648	10.1941	6.19854	0	8.02946	2.14401	10.0113	6.16636	8.66389	7.60689	
9.34886	17.1304	11.9594	12.6	13.8828	22.4895	26.2776	12.98	18.0995	11.2399	9.63144	8.8055	14.8741	8.02946	0	5.88545	6.0969	9.44614	10.284	13.4235	
3.38095	13.2288	8.19535	8.23668	12.0161	20.5403	20.3922	13.6547	14.9683	16.0314	6.82246	12.4206	8.42502	2.14401	5.88545	0	10.357	8.31038	6.51988	9.65943	
8.77438	9.94085	10.0461	4.94876	7.78594	5.90663	22.6226	19.0769	11.6804	5.14296	3.53454	14.9024	11.0299	10.0113	6.0969	10.357	0	7.56227	13.2822	8.40075	
7.40329	7.68427	15.7535	13.7544	15.3482	17.5164	12.2583	14.7448	8.65332	12.7052	11.0968	16.8085	11.0293	6.16636	9.44614	8.31038	7.56227	0	12.8289	9.6893	
9.50951	9.75026	1.67547	5.90051	5.49623	10.2752	21.5819	21.2988	18.3887	9.51151	7.31472	19.0895	4.47955	8.66389	10.284	6.51988	13.2822	12.8289	0	3.13955	
6.30161	6.15065	4.81502	3.61407	8.63578	11.5734	28.0893	18.1593	13.0121	10.8097	4.86621	15.3272	1.34	7.60689	13.4235	9.65943	8.40075	9.6893	3.13955	0	

0	11.5731	9.08285	8.94177	19.3676	28.1945	20.5895	21.09	21.3113	22.8463	10.4794	13.9699	8.53627	6.30835	2.6	4.20557	16.3337	18.3141	9.31906	8.04627	
11.5731	0	6.26537	5.91486	16.3407	16.4924	16.0701	22.8968	28.3876	17.0723	5.95997	9.45055	4.01687	9.98398	18.5911	11.4945	11.8143	15.2872	2.76212	3.52687	
9.08285	6.26537	0	7.15331	8.40467	21.7038	12.3133	16.0801	15.0454	23.4995	4.72086	14.7867	6.89247	15.6548	6.48285	13.2514	14.1843	12.9997	3.50326	4.77605	
8.94177	5.91486	7.15331	0	10.4259	18.5692	14.3345	25.6699	17.0666	17.9894	2.43245	12.2237	5.19016	4.06912	11.5418	13.1473	11.8959	9.3723	7.57279	4.86555	
19.3676	16.3407	8.40467	10.4259	0	9.78866	3.90866	14.4778	6.64078	13.8789	12.8583	20.5017	17.4607	14.495	14.8875	19.906	14.034	8.16671	11.9079	16.4518	
28.1945	16.4924	21.7038	18.5692	9.78866	0	5.88	7.10454	11.5721	0.579828	21.9288	25.7561	27.6597	23.5655	36.6706	19.2205	19.3634	19.5647	19.2545	18.4232	
20.5895	16.0701	12.3133	14.3345	3.90866	5.88	0	10.5692	5.6921	6.45983	14.9763	18.4669	13.0332	22.3532	34.2097	20.5108	19.552	12.0754	13.816	12.5432	
21.09	22.8968	16.0801	25.6699	14.4778	7.10454	10.5692	0	16.2613	7.68437	20.801	22.2149	19.8599	27.3984	22.563	25.2956	12.2589	18.1262	19.5834	19.3699	
21.3113	28.3876	15.0454	17.0666	6.64078	11.5721	5.6921	16.2613	0	12.475	26.0112	13.8609	23.8836	25.6318	23.9113	25.5168	16.5478	14.8075	25.0788	18.2353	
22.8463	17.0723	23.4995	17.9894	13.8789	0.579828	6.45983	7.68437	12.475	0	20.4218	31.9843	26.1527	22.0585	33.0721	18.6407	25.1689	23.2615	29.4263	22.5828	
10.4794	5.95997	4.72086	2.43245	12.8583	21.9288	14.9763	20.801	26.0112	20.4218	0	8.35679	2.75772	6.50156	11.2037	10.4008	9.46346	8.27886	3.7059	2.43311	
13.9699	9.45055	14.7867	12.2237	20.5017	25.7561	18.4669	22.2149	13.8609	31.9843	8.35679	0	6.41368	11.7709	19.4848	13.8913	9.95606	15.8233	7.19647	5.92368	
8.53627	4.01687	6.89247	5.19016	17.4607	27.6597	13.0332	19.8599	23.8836	26.1527	2.75772	6.41368	0	10.3	14.2061	8.45765	8.77744	11.0366	1.76279	0.49	
6.30835	9.98398	15.6548	4.06912	14.495	23.5655	22.3532	27.3984	25.6318	22.0585	6.50156	11.7709	10.3	0	8.90835	10.3902	18.0975	13.4339	11.0828	9.81005	
2.6	18.5911	6.48285	11.5418	14.8875	36.6706	34.2097	22.563	23.9113	33.0721	11.2037	19.4848	14.2061	8.90835	0	6.80557	19.1317	19.7273	9.9861	10.6463	
4.20557	11.4945	13.2514	13.1473	19.906	19.2205	20.5108	25.2956	25.5168	18.6407	10.4008	13.8913	8.45765	10.3902	6.80557	0	15.5688	20.1721	9.24044	7.96765	
16.3337	11.8143	14.1843	11.8959	14.034	19.3634	19.552	12.2589	16.5478	25.1689	9.46346	9.95606	8.77744	18.0975	19.1317	15.5688	0	5.86728	9.56023	8.28744	
18.3141	15.2872	12.9997	9.3723	8.16671	19.5647	12.0754	18.1262	14.8075	23.2615	8.27886	15.8233	11.0366	13.4339	19.7273	20.1721	5.86728	0	15.4005	10.712	
9.31906	2.76212	3.50326	7.57279	11.9079	19.2545	13.816	19.5834	25.0788	29.4263	3.7059	7.19647	1.76279	11.0828	9.9861	9.24044	9.56023	15.4005	0	1.27279	
8.04627	3.52687	4.77605	4.86555	16.4518	18.4232	12.5432	19.3699	18.2353	22.5828	2.43311	5.92368	0.49	9.81005	10.6463	7.96765	8.28744	10.712	1.27279	0	

0	21.5045	13.0249	7.19697	20.4212	11.2493	16.8811	12.7466	30.8603	11.7628	4.898	13.6816	8.57495	4.57665	11.6254	2.51509	10.9145	14.6891	13.9589	7.57442	
21.5045	0	17.9586	14.2773	9.21442	23.7045	16.5566	19.9473	12.2561	25.5717	17.0774	23.9685	16.3764	19.3548	9.17039	18.2807	10.59	26.6223	14.7313	13.1876	
13.0249	17.9586	0	7.91292	18.4806	15.6138	13.3352	19.239	27.042	22.3503	9.49073	9.3	5.81378	12.5713	14.1471	10.5098	7.36862	18.6543	10.8906	6.53378	
7.19697	14.2773	7.91292	0	11.2778	12.3337	10.7659	5.67	24.7735	15.5087	2.80014	15.609	2.09914	6.74343	7.56	4.68188	4.79935	14.9397	3.68782	2.81914	
20.4212	9.21442	18.4806	11.2778	0	14.4901	22.7701	22.4331	15.9379	15.6215	16.4832	19.712	12.8062	19.7008	18.3848	20.992	19.8044	21.9016	7.59003	13.1055	
11.2493	23.7045	15.6138	12.3337	14.4901	0	8.28	10.9701	18.3993	1.13137	10.3602	25.1484	8.40375	15.955	13.9008	13.7644	10.2813	23.3516	13.1992	7.68375	
16.8811	16.5566	13.3352	10.7659	22.7701	8.28	0	7.92687	10.1193	9.41137	15.2196	17.8659	13.2632	20.8144	18.7602	21.2771	5.96657	26.3065	18.0586	8.56413	
12.7466	19.9473	19.239	5.67	22.4331	10.9701	7.92687	0	18.0462	9.8387	7.8486	9.93903	7.76914	23.8867	13.23	10.3519	10.4694	21.0167	9.35782	10.32	
30.8603	12.2561	27.042	24.7735	15.9379	18.3993	10.1193	18.0462	0	20.6804	23.0083	17.742	21.0519	28.6031	18.2603	27.3707	16.0859	35.5149	23.5279	20.3319	
11.7628	25.5717	22.3503	15.5087	15.6215	1.13137	9.41137	9.8387	20.6804	0	16.6608	19.7777	25.6539	17.1028	24.3628	14.2779	14.9817	24.3703	24.6818	8.81512	
4.898	17.0774	9.49073	2.80014	16.4832	10.3602	15.2196	7.8486	23.0083	16.6608	0	17.6053	3.39642	10.9476	8.89342	7.41309	5.27397	16.5175	6.48796	2.67642	
13.6816	23.9685	9.3	15.609	19.712	25.1484	17.8659	9.93903	17.742	19.7777	17.6053	0	13.9284	13.2281	20.2769	11.1665	13.3785	21.2152	12.1219	14.6484	
8.57495	16.3764	5.81378	2.09914	12.8062	8.40375	13.2632	7.76914	21.0519	25.6539	3.39642	13.9284	0	8.99122	6.93701	6.78102	3.31756	12.8406	5.78696	0.72	
4.57665	19.3548	12.5713	6.74343	19.7008	15.955	20.8144	23.8867	28.6031	17.1028	10.9476	13.2281	8.99122	0	11.1719	2.06155	10.8688	7.2675	12.1108	8.27122	
11.6254	9.17039	14.1471	7.56	18.3848	13.9008	18.7602	13.23	18.2603	24.3628	8.89342	20.2769	6.93701	11.1719	0	9.11035	8.81457	19.0089	11.2478	6.21701	
2.51509	18.2807	10.5098	4.68188	20.992	13.7644	21.2771	10.3519	27.3707	14.2779	7.41309	11.1665	6.78102	2.06155	9.11035	0	9.48123	9.32905	8.3697	9.33188	
10.9145	10.59	7.36862	4.79935	19.8044	10.2813	5.96657	10.4694	16.0859	14.9817	5.27397	13.3785	3.31756	10.8688	8.81457	9.48123	0	18.2654	8.11299	2.59756	
14.6891	26.6223	18.6543	14.9397	21.9016	23.3516	26.3065	21.0167	35.5149	24.3703	16.5175	21.2152	12.8406	7.2675	19.0089	9.32905	18.2654	0	18.7176	13.5606	
13.9589	14.7313	10.8906	3.68782	7.59003	13.1992	18.0586	9.35782	23.5279	24.6818	6.48796	12.1219	5.78696	12.1108	11.2478	8.3697	8.11299	18.7176	0	5.51543	
7.57442	13.1876	6.53378	2.81914	13.1055	7.68375	8.56413	10.32	20.3319	8.81512	2.67642	14.6484	0.72	8.27122	6.21701	9.33188	2.59756	13.5606	5.51543	0	

0	9.67471	11.0549	10.384	24.5115	15.1433	19.3433	18.13	18.8249	17.4768	9.67938	15.5965	12.3665	7.05051	10	7.21543	14.6222	13.68	12.9914	16.217	
9.67471	0	17.4941	9.81261	22.424	24.818	31.8531	17.8245	18.6944	28.4081	7.06903	25.1844	17.0018	10.4882	17.55	12.9695	15.885	13.2728	11.1071	16.3518	
11.0549	17.4941	0	6.11925	15.6623	12.0849	18.2055	21.668	7.77	13.904	9.82602	22.8008	4.13673	14.8144	8.6438	10.5492	7.60631	15.4976	5.78799	4.78673	
10.384	9.81261	6.11925	0	12.9222	22.5493	24.2958	13.4991	11.137	11.7498	2.74357	13.4997	1.98252	4.95371	12.1189	8.39501	8.05929	11.3854	4.1488	2.63252	
24.5115	22.424	15.6623	12.9222	0	10.1998	8.26831	26.0903	8.91762	7.86631	16.5345	30.1897	6.72217	22.807	12.2892	17.9381	10.0304	10.6076	11.8846	6.07217	
15.1433	24.818	12.0849	22.5493	10.1998	0	4.2	19.2666	4.3149	2.33345	24.1815	33.6754	12.1007	22.0616	20.2927	22.3588	14.49	18.4432	11.3032	16.3292	
19.3433	31.8531	18.2055	24.2958	8.26831	4.2	0	23.4666	8.5149	6.53345	24.185	45.5153	19.7939	31.4176	26.4133	34.1986	18.69	33.3204	17.4238	14.3405	
18.13	17.8245	21.668	13.4991	26.0903	19.2666	23.4666	0	23.5815	18.224	10.7555	36.6621	20.6392	14.1747	21.2364	16.656	14.0616	11.2367	14.7935	15.7721	
18.8249	18.6944	7.77	11.137	8.91762	4.3149	8.5149	23.5815	0	6.64836	11.0263	29.5281	11.9067	20.9821	14.9583	25.134	15.3129	16.5497	6.98825	12.0143	
17.4768	28.4081	13.904	11.7498	7.86631	2.33345	6.53345	18.224	6.64836	0	22.1417	28.4313	9.76729	23.5975	28.7334	16.1798	16.3448	16.1097	15.8246	10.4173	
9.67938	7.06903	9.82602	2.74357	16.5345	24.1815	24.185	10.7555	11.0263	22.1417	0	11.9652	4.7261	3.4192	10.4809	5.90051	9.69149	10.3095	4.03803	9.59357	
15.5965	25.1844	22.8008	13.4997	30.1897	33.6754	45.5153	36.6621	29.5281	28.4313	11.9652	0	15.5665	8.54599	20.116	18.7005	16.1177	16.0337	17.7328	19.314	
12.3665	17.0018	4.13673	1.98252	6.72217	12.1007	19.7939	20.6392	11.9067	9.76729	4.7261	15.5665	0	6.93623	6.86701	6.41249	4.60818	5.18542	6.05733	0.65	
7.05051	10.4882	14.8144	4.95371	22.807	22.0616	31.4176	14.1747	20.9821	23.5975	3.4192	8.54599	6.93623	0	11.57	9.3197	7.57166	7.48772	7.45723	11.5298	
10	17.55	8.6438	12.1189	12.2892	20.2927	26.4133	21.2364	14.9583	28.7334	10.4809	20.116	6.86701	11.57	0	10.1584	7.56857	10.7524	7.97008	6.21701	
7.21543	12.9695	10.5492	8.39501	17.9381	22.3588	34.1986	16.656	25.134	16.1798	5.90051	18.7005	6.41249	9.3197	10.1584	0	12.99	6.59676	9.93854	7.06249	
14.6222	15.885	7.60631	8.05929	10.0304	14.49	18.69	14.0616	15.3129	16.3448	9.69149	16.1177	4.60818	7.57166	7.56857	12.99	0	8.4936	9.7706	3.95818	
13.68	13.2728	15.4976	11.3854	10.6076	18.4432	33.3204	11.2367	16.5497	16.1097	10.3095	16.0337	5.18542	7.48772	10.7524	6.59676	8.4936	0	10.3478	4.53542	
12.9914	11.1071	5.78799	4.1488	11.8846	11.3032	17.4238	14.7935	6.98825	15.8246	4.03803	17.7328	6.05733	7.45723	7.97008	9.93854	9.7706	10.3478	0	5.81242	
16.217	16.3518	4.78673	2.63252	6.07217	16.3292	14.3405	15.7721	12.0143	10.4173	9.59357	19.314	0.65	11.5298	6.21701	7.06249	3.95818	4.53542	5.81242	0	

0	9.67471	13.4601	8.53189	11.0844	16.4628	15.2735	19.6574	9.06863	16.6309	6.29743	3.2946	8.84301	2.68002	2.1	5.73112	8.61738	8.64	9.1536	7.87357	
9.67471	0	13.2572	11.0643	7.79682	27.8155	22.146	13.4769	18.7433	25.1485	11.1208	12.9693	8.86964	12.3547	11.7747	12.3965	6.44608	14.921	9.60165	9.52964	
13.4601	13.2572	0	5.74043	14.3863	17.621	16.1999	12.3693	27.0917	15.3554	6.51174	18.579	5.38624	13.5901	12.9657	12.178	10.3587	9.86544	3.65557	8.39657	
8.53189	11.0643	5.74043	0	12.3796	11.708	12.9532	11.6491	17.1773	9.615	2.23446	13.6508	2.39069	9.07285	11.1356	5.91756	4.61825	11.3728	4.12135	3.05069	
11.0844	7.79682	14.3863	12.3796	0	18.0043	15.4843	23.5734	14.8943	19.7721	12.5345	26.3286	9.98887	18.7344	8.98443	9.55489	14.2429	15.591	10.7307	10.6489	
16.4628	27.8155	17.621	11.708	18.0043	0	2.52	5.89435	9.65531	2.09304	13.2387	26.314	14.2713	21.736	14.3628	18.3182	16.4989	15.2195	15.0643	14.5406	
15.2735	22.146	16.1999	12.9532	15.4843	2.52	0	19.8599	8.98087	4.61304	10.7187	18.5681	13.2643	17.5571	16.8828	21.0046	15.3934	18.7542	12.5443	19.6296	
19.6574	13.4769	12.3693	11.6491	23.5734	5.89435	19.8599	0	11.3636	3.80132	11.7055	31.7646	17.4031	26.6051	13.5482	28.7878	7.03082	15.5058	16.0249	16.2489	
9.06863	18.7433	27.0917	17.1773	14.8943	9.65531	8.98087	11.3636	0	7.56227	15.3661	12.3632	16.0232	11.7486	11.1686	14.7997	21.6952	17.7086	17.7539	16.6832	
16.6309	25.1485	15.3554	9.615	19.7721	2.09304	4.61304	3.80132	7.56227	0	11.8495	29.3342	12.0057	17.6411	16.4558	16.0526	10.8321	13.1265	14.7779	12.4475	
6.29743	11.1208	6.51174	2.23446	12.5345	13.2387	10.7187	11.7055	15.3661	11.8495	0	9.59203	2.54558	6.83839	8.39743	6.07245	4.67472	9.06604	2.85617	3.20558	
3.2946	12.9693	18.579	13.6508	26.3286	26.314	18.5681	31.7646	12.3632	29.3342	9.59203	0	13.9619	5.97462	5.3946	9.02572	15.9212	11.9346	14.2725	11.724	
8.84301	8.86964	5.38624	2.39069	9.98887	14.2713	13.2643	17.4031	16.0232	12.0057	2.54558	13.9619	0	5.85355	8.6533	3.52687	7.00894	7.94054	1.73066	0.66	
2.68002	12.3547	13.5901	9.07285	18.7344	21.736	17.5571	26.6051	11.7486	17.6411	6.83839	5.97462	5.85355	0	4.78002	8.41114	11.5131	11.32	9.69456	5.19355	
2.1	11.7747	12.9657	11.1356	8.98443	14.3628	16.8828	13.5482	11.1686	16.4558	8.39743	5.3946	8.6533	4.78002	0	6.04669	6.51738	10.74	15.0785	7.9933	
5.73112	12.3965	12.178	5.91756	9.55489	18.3182	21.0046	28.7878	14.7997	16.0526	6.07245	9.02572	3.52687	8.41114	6.04669	0	11.0558	14.3711	5.25753	4.18687	
8.61738	6.44608	10.3587	4.61825	14.2429	16.4989	15.3934	7.03082	21.6952	10.8321	4.67472	15.9212	7.00894	11.5131	6.51738	11.0558	0	8.47496	7.53089	11.0323	
8.64	14.921	9.86544	11.3728	15.591	15.2195	18.7542	15.5058	17.7086	13.1265	9.06604	11.9346	7.94054	11.32	10.74	14.3711	8.47496	0	6.20987	13.2951	
9.1536	9.60165	3.65557	4.12135	10.7307	15.0643	12.5443	16.0249	17.7539	14.7779	2.85617	14.2725	1.73066	9.69456	15.0785	5.25753	7.53089	6.20987	0	2.39066	
7.87357	9.52964	8.39657	3.05069	10.6489	14.5406	19.6296	16.2489	16.6832	12.4475	3.20558	11.724	0.66	5.19355	7.9933	4.18687	11.0323	13.2951	2.39066	0	

0	10.9647	12.4651	8.50566	22.9738	16.5914	17.6695	25.2746	19.5523	24.8509	17.597	7.79495	8.32842	2.47386	9.9	5.81358	16.0507	11.2875	9.30192	9.47842	
10.9647	0	14.9607	14.6073	15.2392	18.1417	24.6217	22.8306	18.7494	18.4386	15.1529	27.538	10.049	13.4385	20.8647	13.8568	22.5947	8.38284	9.07553	10.4756	
12.4651	14.9607	0	5.57641	19.0501	12.3997	20.4099	18.1981	15.54	24.3669	7.83916	13.64	4.13673	12.5891	7.10026	8.2685	8.5571	10.771	5.11022	5.28673	
8.50566	14.6073	5.57641	0	21.4153	17.2426	14.548	13.585	21.1164	21.7294	2.26274	17.5284	5.05	6.73272	12.528	2.69208	13.1303	8.16599	5.30007	3.9	
22.9738	15.2392	19.0501	21.4153	0	8.13827	8.38004	14.6407	3.51013	8.43525	21.0159	33.1614	16.4012	20.5886	24.4349	24.1074	14.8713	23.6221	20.4086	19.0085	
16.5914	18.1417	12.3997	17.2426	8.13827	0	6.48	6.50246	10.8456	0.296985	19.0021	24.977	8.26293	16.7153	19.597	18.3359	10.9772	14.8972	9.23643	9.41293	
17.6695	24.6217	20.4099	14.548	8.38004	6.48	0	12.9825	4.86991	6.77698	15.8795	26.1771	14.7429	15.8965	21.6919	11.8559	16.2311	17.3298	20.368	17.8869	
25.2746	22.8306	18.1981	13.585	14.6407	6.50246	12.9825	0	17.348	6.79945	11.6923	32.8412	10.835	35.2447	29.7122	25.3148	17.4797	18.5496	11.085	9.68496	
19.5523	18.7494	15.54	21.1164	3.51013	10.8456	4.86991	17.348	0	11.1426	20.7495	22.3995	13.9069	17.0784	19.9809	16.7258	11.3612	20.5412	14.8804	15.0569	
24.8509	18.4386	24.3669	21.7294	8.43525	0.296985	6.77698	6.79945	11.1426	0	22.7855	37.8765	8.55991	23.078	28.8733	19.0373	11.2742	14.6181	17.2616	18.6617	
17.597	15.1529	7.83916	2.26274	21.0159	19.0021	15.8795	11.6923	20.7495	22.7855	0	25.1635	3.15731	14.4701	16.4827	4.95482	15.3931	9.5285	3.40738	2.00731	
7.79495	27.538	13.64	17.5284	33.1614	24.977	26.1771	32.8412	22.3995	37.8765	25.1635	0	13.7734	5.32109	8.005	9.36173	16.6248	23.3484	17.6876	17.8641	
8.32842	10.049	4.13673	5.05	16.4012	8.26293	14.7429	10.835	13.9069	8.55991	3.15731	13.7734	0	8.45234	11.237	9.48556	12.6938	6.63429	0.973499	1.15	
2.47386	13.4385	12.5891	6.73272	20.5886	16.7153	15.8965	35.2447	17.0784	23.078	14.4701	5.32109	8.45234	0	12.3739	4.04064	18.5246	9.51455	9.42584	9.60234	
9.9	20.8647	7.10026	12.528	24.4349	19.597	21.6919	29.7122	19.9809	28.8733	16.4827	8.005	11.237	12.3739	0	9.83595	8.61976	15.3099	17.2292	15.6135	
5.81358	13.8568	8.2685	2.69208	24.1074	18.3359	11.8559	25.3148	16.7258	19.0373	4.95482	9.36173	9.48556	4.04064	9.83595	0	15.8224	5.47391	8.22381	6.59208	
16.0507	22.5947	8.5571	13.1303	14.8713	10.9772	16.2311	17.4797	11.3612	11.2742	15.3931	16.6248	12.6938	18.5246	8.61976	15.8224	0	14.2119	18.662	17.0303	
11.2875	8.38284	10.771	8.16599	23.6221	14.8972	17.3298	18.5496	20.5412	14.6181	9.5285	23.3484	6.63429	9.51455	15.3099	5.47391	14.2119	0	7.45185	7.78429	
9.30192	9.07553	5.11022	5.30007	20.4086	9.23643	20.368	11.085	14.8804	17.2616	3.40738	17.6876	0.973499	9.42584	17.2292	8.22381	18.662	7.45185	0	1.40007	
9.47842	10.4756	5.28673	3.9	19.0085	9.41293	17.8869	9.68496	15.0569	18.6617	2.00731	17.8641	1.15	9.60234	15.6135	6.59208	17.0303	7.78429	1.40007	0	

0	11.0792	14.9716	8.65332	18.7194	13.5333	16.029	17.0291	20.9336	11.3272	9.17493	3.19165	9.80682	4.28803	9.5	2.72125	4.4942	20.2658	14.2772	7.83257	
11.0792	0	15.6968	10.9118	23.8379	11.4416	20.4484	14.9374	18.8838	9.23542	8.39447	13.9666	11.5756	6.79117	15.328	14.8482	13.3533	14.9551	13.0539	11.0101	
14.9716	15.6968	0	5.53209	33.3501	19.3601	12.6239	24.8774	19.9753	22.4673	5.64768	11.78	4.02209	18.9554	14.8179	8.14342	12.8035	23.7555	8.9691	3.03209	
8.65332	10.9118	5.53209	0	14.089	11.1248	7.37564	10.8	8.89353	15.6099	2.5173	7.90342	2.39069	12.9414	9.45084	7.61132	7.64809	9.07791	3.86897	2.5	
18.7194	23.8379	33.3501	14.089	0	17.666	11.8763	19.8032	13.3942	19.8722	15.4434	21.911	16.4797	23.0074	22.377	21.4407	20.5742	22.0041	19.7129	16.589	
13.5333	11.4416	19.3601	11.1248	17.666	0	5.8328	5.41872	4.3149	2.20617	8.60753	21.3072	14.5372	20.2182	15.4782	15.0612	13.7383	11.526	13.059	11.2231	
16.029	20.4484	12.6239	7.37564	11.8763	5.8328	0	7.92687	1.51789	11.1663	9.89294	15.2791	9.76633	21.3522	17.1624	14.2271	17.4374	8.729	12.9996	9.59185	
17.0291	14.9374	24.8774	10.8	19.8032	5.41872	7.92687	0	9.44477	5.70197	13.3173	18.7034	13.1907	14.7995	10.0595	22.154	21.3616	21.8491	16.4239	13.3	
20.9336	18.8838	19.9753	8.89353	13.3942	4.3149	1.51789	9.44477	0	6.52108	11.8794	17.742	17.9332	24.9174	18.6803	15.745	17.0102	7.2111	17.3739	11.1097	
11.3272	9.23542	22.4673	15.6099	19.8722	2.20617	11.1663	5.70197	6.52108	0	10.8137	14.5188	14.9765	15.6152	15.7615	14.0484	15.8214	16.8595	15.2651	15.9665	
9.17493	8.39447	5.64768	2.5173	15.4434	8.60753	9.89294	13.3173	11.8794	10.8137	0	10.4207	3.60559	11.6929	6.93354	6.45368	5.13079	6.56061	6.40176	2.61559	
3.19165	13.9666	11.78	7.90342	21.911	21.3072	15.2791	18.7034	17.742	14.5188	10.4207	0	10.2941	7.17541	12.6916	4.70877	7.68584	22.2534	13.5273	9.82009	
9.80682	11.5756	4.02209	2.39069	16.4797	14.5372	9.76633	13.1907	17.9332	14.9765	3.60559	10.2941	0	11.8747	14.5703	6.10132	5.31263	14.1974	1.47828	0.99	
4.28803	6.79117	18.9554	12.9414	23.0074	20.2182	21.3522	14.7995	24.9174	15.6152	11.6929	7.17541	11.8747	0	13.788	7.00928	6.5621	20.7014	19.6004	16.4765	
9.5	15.328	14.8179	9.45084	22.377	15.4782	17.1624	10.0595	18.6803	15.7615	6.93354	12.6916	14.5703	13.788	0	12.174	12.0643	13.4942	13.3353	9.54913	
2.72125	14.8482	8.14342	7.61132	21.4407	15.0612	14.2271	22.154	15.745	14.0484	6.45368	4.70877	6.10132	7.00928	12.174	0	7.21545	13.0143	11.348	5.11132	
4.4942	13.3533	12.8035	7.64809	20.5742	13.7383	17.4374	21.3616	17.0102	15.8214	5.13079	7.68584	5.31263	6.5621	12.0643	7.21545	0	11.6914	6.7909	6.30263	
20.2658	14.9551	23.7555	9.07791	22.0041	11.526	8.729	21.8491	7.2111	16.8595	6.56061	22.2534	14.1974	20.7014	13.4942	13.0143	11.6914	0	12.9624	9.1762	
14.2772	13.0539	8.9691	3.86897	19.7129	13.059	12.9996	16.4239	17.3739	15.2651	6.40176	13.5273	1.47828	19.6004	13.3353	11.348	6.7909	12.9624	0	2.46828	
7.83257	11.0101	3.03209	2.5	16.589	11.2231	9.59185	13.3	11.1097	15.9665	2.61559	9.82009	0.99	16.4765	9.54913	5.11132	6.30263	9.1762	2.46828	0	

0	14.3302	11.2539	8.74845	21.977	23.7966	28.7166	15.54	21.4059	17.3827	9.32952	2.57391	9.56882	5.15388	5.3	5.03019	11.2855	12.3287	11.9123	10.2288	
14.3302	0	11.8075	15.705	6.73362	28.1228	19.6879	17.0789	11.213	15.9318	15.3305	16.9686	8.11798	17.9585	15.2661	9.3	18.4903	16.5985	11.1466	8.77798	
11.2539	11.8075	0	11.2638	15.8682	30.2298	21.7949	19.1859	13.32	11.5033	8.47118	8.68	3.68951	10.59	11.1881	8.55756	14.0618	7.00209	1.67547	4.34951	
8.74845	15.705	11.2638	0	9.8623	13.0306	24.7453	27.6547	23.6182	11.7861	1.69706	6.17454	8.16	17.1578	9.10971	11.8386	13.9453	5.44598	8.49277	6.68492	
21.977	6.73362	15.8682	9.8623	0	19.803	14.883	19.6218	13.7559	21.6484	11.06	16.0368	6.73217	33.5636	27.8334	16.0336	23.8076	27.8407	12.4361	6.07217	
23.7966	28.1228	30.2298	13.0306	19.803	0	4.92	19.5074	13.3949	1.24451	28.1999	26.2752	9.05834	24.5284	28.7256	28.8268	17.5636	28.8	11.4606	30.8515	
28.7166	19.6879	21.7949	24.7453	14.883	4.92	0	14.3408	8.4749	6.16451	28.3009	40.9311	21.0884	29.4484	33.6456	43.5312	22.4836	33.72	24.1171	20.9551	
15.54	17.0789	19.1859	27.6547	19.6218	19.5074	14.3408	0	5.86587	19.2302	24.8695	18.1139	24.3311	20.6939	20.84	20.5702	23.0755	25.3866	25.56	24.9911	
21.4059	11.213	13.32	23.6182	13.7559	13.3949	8.4749	5.86587	0	18.1543	24.7036	22	17.0095	23.91	29.2068	20.513	28.9414	20.3221	14.9955	19.7157	
17.3827	15.9318	11.5033	11.7861	21.6484	1.24451	6.16451	19.2302	18.1543	0	13.4832	17.9607	7.81383	25.4589	19.7287	17.0982	18.1861	30.0445	10.2161	8.47383	
9.32952	15.3305	8.47118	1.69706	11.06	28.1999	28.3009	24.8695	24.7036	13.4832	0	7.8716	5.64787	14.4834	14.6295	10.1415	15.6423	3.74892	6.79571	4.98787	
2.57391	16.9686	8.68	6.17454	16.0368	26.2752	40.9311	18.1139	22	17.9607	7.8716	0	12.1427	7.72779	2.93517	7.6041	8.71156	14.9671	10.3555	13.6745	
9.56882	8.11798	3.68951	8.16	6.73217	9.05834	21.0884	24.3311	17.0095	7.81383	5.64787	12.1427	0	14.2795	12.5413	9.91076	10.3723	10.6916	3.02866	0.66	
5.15388	17.9585	10.59	17.1578	33.5636	24.5284	29.4484	20.6939	23.91	25.4589	14.4834	7.72779	14.2795	0	5.72	8.65852	20.5626	15.9571	12.2655	20.386	
5.3	15.2661	11.1881	9.10971	27.8334	28.7256	33.6456	20.84	29.2068	19.7287	14.6295	2.93517	12.5413	5.72	0	5.96607	11.6467	13.2646	9.51267	15.8766	
5.03019	9.3	8.55756	11.8386	16.0336	28.8268	43.5312	20.5702	20.513	17.0982	10.1415	7.6041	9.91076	8.65852	5.96607	0	16.3801	7.29855	6.88209	13.2461	
11.2855	18.4903	14.0618	13.9453	23.8076	17.5636	22.4836	23.0755	28.9414	18.1861	15.6423	8.71156	10.3723	20.5626	11.6467	16.3801	0	13.4296	12.7628	11.0323	
12.3287	16.5985	7.00209	5.44598	27.8407	28.8	33.72	25.3866	20.3221	30.0445	3.74892	14.9671	10.6916	15.9571	13.2646	7.29855	13.4296	0	8.67756	8.73679	
11.9123	11.1466	1.67547	8.49277	12.4361	11.4606	24.1171	25.56	14.9955	10.2161	6.79571	10.3555	3.02866	12.2655	9.51267	6.88209	12.7628	8.67756	0	3.68866	
10.2288	8.77798	4.34951	6.68492	6.07217	30.8515	20.9551	24.9911	19.7157	8.47383	4.98787	13.6745	0.66	20.386	15.8766	13.2461	11.0323	8.73679	3.68866	0	

0	12.1136	17.1145	11.5377	22.2434	15.1433	18.9833	12.95	19.0415	16.7555	5.72531	5.25133	7.73649	3.7108	5.11233	1.48432	4.70821	10.7059	10.4526	5.99431	
12.1136	0	3.49794	6.64009	7.08802	16.3205	18.2286	14.2247	15.6462	14.7083	10.3288	14.3326	3.60799	10.8659	15.284	9.86017	22.691	20.6748	5.55499	5.40799	
17.1145	3.49794	0	10.4326	10.586	22.1104	28.3315	23.4815	17.39	18.2062	16.4111	23.4957	7.10593	14.3638	18.7819	14.861	23.9972	32.7825	10.5559	10.4089	
11.5377	6.64009	10.4326	0	10.1892	12.5652	18.0979	7.29	8.71156	11.8739	3.39411	12.3127	3.03209	8.8459	15.6487	6.50999	15.7564	11.8292	4.97909	2	
22.2434	7.08802	10.586	10.1892	0	15.2653	11.4253	15.1988	9.10736	14.9457	6.79512	16.4551	10.696	17.9539	19.0497	11.0361	20.0212	15.2302	10.2073	12.1479	
15.1433	16.3205	22.1104	12.5652	15.2653	0	3.84	6.19614	14.7815	1.6122	15.918	32.6459	12.3652	18.8541	22.9385	15.0751	19.8515	7.57878	16.2079	10.5652	
18.9833	18.2286	28.3315	18.0979	11.4253	3.84	0	8.10431	10.9415	3.52037	18.2204	36.4968	18.1412	26.8363	19.6863	21.8491	29.2352	9.48694	21.0228	14.4052	
12.95	14.2247	23.4815	7.29	15.1988	6.19614	8.10431	0	6.09148	4.58394	10.6841	23.5908	10.3221	16.1359	23.0395	14.4343	14.2419	10.5505	12.7295	9.29	
19.0415	15.6462	17.39	8.71156	9.10736	14.7815	10.9415	6.09148	0	10.6754	9.1641	18.8241	11.7437	17.5575	20.5429	13.4051	20.3334	17.5992	13.6946	10.7116	
16.7555	14.7083	18.2062	11.8739	14.9457	1.6122	3.52037	4.58394	10.6754	0	14.4016	29.8833	15.9134	23.4235	21.3263	24.9544	11.9642	5.96657	18.795	12.1774	
5.72531	10.3288	16.4111	3.39411	6.79512	15.918	18.2204	10.6841	9.1641	14.4016	0	8.00801	6.42621	11.91	7.86901	4.24099	13.226	8.43507	4.53047	5.35283	
5.25133	14.3326	23.4957	12.3127	16.4551	32.6459	36.4968	23.5908	18.8241	29.8833	8.00801	0	10.0192	3.46677	7.39503	3.76701	22.2108	18.095	13.4895	8.277	
7.73649	3.60799	7.10593	3.03209	10.696	12.3652	18.1412	10.3221	11.7437	15.9134	6.42621	10.0192	0	11.878	9.88019	6.25218	13.2138	16.7781	1.947	1.8	
3.7108	10.8659	14.3638	8.8459	17.9539	18.8541	26.8363	16.1359	17.5575	23.4235	11.91	3.46677	11.878	0	7.15	5.19511	8.419	21.8908	10.0227	10.8459	
5.11233	15.284	18.7819	15.6487	19.0497	22.9385	19.6863	23.0395	20.5429	21.3263	7.86901	7.39503	9.88019	7.15	0	3.62802	17.2395	16.9098	16.7851	8.138	
1.48432	9.86017	14.861	6.50999	11.0361	15.0751	21.8491	14.4343	13.4051	24.9544	4.24099	3.76701	6.25218	5.19511	3.62802	0	6.19252	12.6761	8.19917	4.50999	
4.70821	22.691	23.9972	15.7564	20.0212	19.8515	29.2352	14.2419	20.3334	11.9642	13.226	22.2108	13.2138	8.419	17.2395	6.19252	0	5.99767	12.1166	17.7564	
10.7059	20.6748	32.7825	11.8292	15.2302	7.57878	9.48694	10.5505	17.5992	5.96657	8.43507	18.095	16.7781	21.8908	16.9098	12.6761	5.99767	0	12.9655	13.7879	
10.4526	5.55499	10.5559	4.97909	10.2073	16.2079	21.0228	12.7295	13.6946	18.795	4.53047	13.4895	1.947	10.0227	16.7851	8.19917	12.1166	12.9655	0	3.747	
5.99431	5.40799	10.4089	2	12.1479	10.5652	14.4052	9.29	10.7116	12.1774	5.35283	8.277	1.8	10.8459	8.138	4.50999	17.7564	13.7879	3.747	0	

0	11.8587	16.4975	2.88444	20.0311	28.7026	24.0827	23.918	26.299	31.3365	4.52493	7.22432	9.06525	3.99941	9.6	1.31939	12.0304	16.7726	8.32397	7.73444	
11.8587	0	4.03609	8.97427	4.78441	10.1409	6.93078	13.9315	5.47613	19.5805	10.6148	15.3958	9.17031	19.4339	22.1405	23.4961	17.0361	10.4785	12.2711	9.51031	
16.4975	4.03609	0	13.0104	8.70483	17.2408	20.7598	9.89545	9.51222	15.5444	15.2535	20.0345	13.1928	22.5613	20.7496	26.6019	21.0722	14.5146	13.5561	13.5328	
2.88444	8.97427	13.0104	0	13.7587	16.9862	28.3237	17.2641	13.1805	22.4821	1.64049	6.42153	5.19	6.88385	7.7678	4.20383	9.14594	19.4528	5.43953	4.85	
20.0311	4.78441	8.70483	13.7587	0	10.3569	7.14675	18.6003	5.6921	13.8886	17.2321	25.3039	13.9547	22.7523	21.0976	18.7117	21.8205	10.394	13.348	13.9924	
28.7026	10.1409	17.2408	16.9862	10.3569	0	6.11941	7.34537	4.66476	2.37588	14.4116	18.188	10.8054	21.0689	23.3816	30.2243	13.1727	21.9067	13.9061	11.1454	
24.0827	6.93078	20.7598	28.3237	7.14675	6.11941	0	16.5075	1.45465	5.21536	12.9946	29.3556	23.222	26.804	20.1715	22.7633	21.1813	26.695	29.6503	28.2557	
23.918	13.9315	9.89545	17.2641	18.6003	7.34537	16.5075	0	12.0101	9.72125	27.6154	10.8426	18.1507	14.0675	28.7204	17.4349	19.1094	21.641	23.4515	23.5399	
26.299	5.47613	9.51222	13.1805	5.6921	4.66476	1.45465	12.0101	0	6.67001	11.54	34.5815	14.6464	26.7768	17.6673	18.639	17.8375	15.9547	19.0401	15.6154	
31.3365	19.5805	15.5444	22.4821	13.8886	2.37588	5.21536	9.72125	6.67001	0	20.8416	22.1347	13.1812	29.7965	21.7365	27.9406	15.5486	21.4797	22.308	24.917	
4.52493	10.6148	15.2535	1.64049	17.2321	14.4116	12.9946	27.6154	11.54	20.8416	0	8.06201	3.60624	11.1397	6.12732	7.09905	10.1476	17.7892	5.39067	3.94624	
7.22432	15.3958	20.0345	6.42153	25.3039	18.188	29.3556	10.8426	34.5815	22.1347	8.06201	0	12.6023	3.2249	11.2849	6.59228	9.33381	15.9981	11.8611	11.2715	
9.06525	9.17031	13.1928	5.19	13.9547	10.8054	23.222	18.1507	14.6464	13.1812	3.60624	12.6023	0	10.2636	7.44515	10.7053	9.10736	14.5526	1.65522	0.34	
3.99941	19.4339	22.5613	6.88385	22.7523	21.0689	26.804	14.0675	26.7768	29.7965	11.1397	3.2249	10.2636	0	8.06	4.04064	12.5587	12.7732	12.8564	10.6036	
9.6	22.1405	20.7496	7.7678	21.0976	23.3816	20.1715	28.7204	17.6673	21.7365	6.12732	11.2849	7.44515	8.06	0	10.5616	16.2749	11.6619	8.42037	7.10515	
1.31939	23.4961	26.6019	4.20383	18.7117	30.2243	22.7633	17.4349	18.639	27.9406	7.09905	6.59228	10.7053	4.04064	10.5616	0	15.9261	16.8138	21.9108	11.1745	
12.0304	17.0361	21.0722	9.14594	21.8205	13.1727	21.1813	19.1094	17.8375	15.5486	10.1476	9.33381	9.10736	12.5587	16.2749	15.9261	0	21.6438	12.2081	9.44736	
16.7726	10.4785	14.5146	19.4528	10.394	21.9067	26.695	21.641	15.9547	21.4797	17.7892	15.9981	14.5526	12.7732	11.6619	16.8138	21.6438	0	16.1584	14.8432	
8.32397	12.2711	13.5561	5.43953	13.348	13.9061	29.6503	23.4515	19.0401	22.308	5.39067	11.8611	1.65522	12.8564	8.42037	21.9108	12.2081	16.1584	0	1.31522	
7.73444	9.51031	13.5328	4.85	13.9924	11.1454	28.2557	23.5399	15.6154	24.917	3.94624	11.2715	0.34	10.6036	7.10515	11.1745	9.44736	14.8432	1.31522	0	

-111