10
5
3
3
40

6	7
19	44
37	23
35	6
5	8

26	20
20	33
15	46
20	26
17	19
15	12
5	30
13	40
38	5
9	40

70

1.79769e+308
1.79769e+308
1.79769e+308
1.79769e+308
1.79769e+308

16
18
15
11
18
16
15
15
15
16

0
0
0
0
0

0

0	11.9935	5.47994	6.28786	0.21201	3.62618	6.11529	14.7486	6.55818	3.08547	3.07731	14.0244	5.85192	6.93853	13.9916	
11.9935	0	10.888	19.7968	14.5559	11.6559	7.2747	6.98307	11.8629	11.4046	8.9162	11.3559	6.99415	17.1538	3.31185	
5.47994	10.888	0	6.06174	8.98644	2.93517	7.4489	10.7261	7.31908	2.39447	7.48284	7.55884	2.24986	5.41106	5.93217	
6.28786	19.7968	6.06174	0	6.49987	9.00933	11.8178	20.5981	15.9772	9.37333	8.88824	6.05301	13.0456	0.650679	20.2794	
0.21201	14.5559	8.98644	6.49987	0	11.6624	7.2812	11.7785	13.7043	3.29748	3.28932	11.3624	12.4802	14.4251	14.2036	
3.62618	11.6559	2.93517	9.00933	11.6624	0	4.38121	8.87852	1.37244	0.540704	4.85331	1.8032	3.30715	7.20553	8.60455	
6.11529	7.2747	7.4489	11.8178	7.2812	4.38121	0	4.49731	5.75365	4.92192	3.03798	4.08122	5.19905	9.48355	8.16853	
14.7486	6.98307	10.7261	20.5981	11.7785	8.87852	4.49731	0	10.9204	11.2427	7.53529	8.57852	7.35353	17.797	3.67122	
6.55818	11.8629	7.31908	15.9772	13.7043	1.37244	5.75365	10.9204	0	1.91314	3.48087	3.17564	6.29468	9.73109	13.6449	
3.08547	11.4046	2.39447	9.37333	3.29748	0.540704	4.92192	11.2427	1.91314	0	5.08837	2.3439	2.76644	7.80553	6.44875	
3.07731	8.9162	7.48284	8.88824	3.28932	4.85331	3.03798	7.53529	3.48087	5.08837	0	7.1192	7.85481	8.23756	12.228	
14.0244	11.3559	7.55884	6.05301	11.3624	1.8032	4.08122	8.57852	3.17564	2.3439	7.1192	0	5.30899	5.40233	8.9913	
5.85192	6.99415	2.24986	13.0456	12.4802	3.30715	5.19905	7.35353	6.29468	2.76644	7.85481	5.30899	0	7.66091	3.68231	
6.93853	17.1538	5.41106	0.650679	14.4251	7.20553	9.48355	17.797	9.73109	7.80553	8.23756	5.40233	7.66091	0	19.7788	
13.9916	3.31185	5.93217	20.2794	14.2036	8.60455	8.16853	3.67122	13.6449	6.44875	12.228	8.9913	3.68231	19.7788	0	

0	5.08584	13.061	8.71225	1.26086	6.88215	5.60909	7.77671	6.02245	6.42005	3.43265	4.98307	3.66679	5.57717	5.80682	
5.08584	0	10.2748	8.88064	6.3467	8.26277	6.8077	2.69087	0.93661	1.43797	3.74875	7.69726	6.04936	5.89327	3.90934	
13.061	10.2748	0	2.3931	9.84449	3.64408	4.10407	8.58287	9.33814	7.24293	9.16196	4.7301	6.85944	7.01744	7.00243	
8.71225	8.88064	2.3931	0	7.45139	6.03718	6.49717	6.18977	9.08366	8.5823	8.4333	10.471	10.5256	6.28877	21.3934	
1.26086	6.3467	9.84449	7.45139	0	8.75805	8.64864	9.13874	5.66055	5.15919	4.6935	6.24392	4.92765	9.83238	20.8847	
6.88215	8.26277	3.64408	6.03718	8.75805	0	1.43222	6.85153	4.10022	3.59885	5.6984	2.05824	3.21536	7.45222	4.33058	
5.60909	6.8077	4.10407	6.49717	8.64864	1.43222	0	5.63241	7.61556	5.03107	7.13062	0.626028	4.64758	11.1215	2.89836	
7.77671	2.69087	8.58287	6.18977	9.13874	6.85153	5.63241	0	3.62748	6.24638	6.43962	5.00639	4.5943	8.83116	6.60021	
6.02245	0.93661	9.33814	9.08366	5.66055	4.10022	7.61556	3.62748	0	0.501362	4.68536	10.7514	8.20267	6.09611	4.84595	
6.42005	1.43797	7.24293	8.5823	5.15919	3.59885	5.03107	6.24638	0.501362	0	6.23046	7.74023	6.81421	6.59747	10.0126	
3.43265	3.74875	9.16196	8.4333	4.6935	5.6984	7.13062	6.43962	4.68536	6.23046	0	8.41571	6.38139	2.14453	7.65808	
4.98307	7.69726	4.7301	10.471	6.24392	2.05824	0.626028	5.00639	10.7514	7.74023	8.41571	0	8.48725	14.396	3.52439	
3.66679	6.04936	6.85944	10.5256	4.92765	3.21536	4.64758	4.5943	8.20267	6.81421	6.38139	8.48725	0	4.23686	2.14003	
5.57717	5.89327	7.01744	6.28877	9.83238	7.45222	11.1215	8.83116	6.09611	6.59747	2.14453	14.396	4.23686	0	6.37689	
5.80682	3.90934	7.00243	21.3934	20.8847	4.33058	2.89836	6.60021	4.84595	10.0126	7.65808	3.52439	2.14003	6.37689	0	

0	13.2532	4.69921	6.10551	3.24444	2.75661	8.15828	5.39713	6.73798	4.18022	6.03648	8.1904	7.15448	4.41756	4.99333	
13.2532	0	5.18575	5.5807	3.51376	3.40224	2.49479	1.4882	3.91509	1.97863	3.31971	2.49546	4.36552	9.10858	4.45345	
4.69921	5.18575	0	12.894	1.45477	3.15002	7.68054	3.60746	5.26087	2.9899	6.42989	8.69298	5.36481	14.2326	3.20367	
6.10551	5.5807	12.894	0	4.75292	5.02568	8.15695	5.96928	7.24212	3.33461	1.99354	4.11889	4.60722	1.68795	3.00403	
3.24444	3.51376	1.45477	4.75292	0	2.95874	5.2264	2.15269	3.8061	1.53513	2.8762	2.05195	3.35209	7.66199	1.7489	
2.75661	3.40224	3.15002	5.02568	2.95874	0	5.97849	7.17866	5.06367	1.42361	2.76468	1.94043	5.8166	7.17417	4.21341	
8.15828	2.49479	7.68054	8.15695	5.2264	5.97849	0	3.98299	1.4203	4.47343	5.89595	5.07171	3.58751	6.61379	6.17925	
5.39713	1.4882	3.60746	5.96928	2.15269	7.17866	3.98299	0	5.95879	3.46683	6.97613	5.86158	4.56844	14.9306	2.96525	
6.73798	3.91509	5.26087	7.24212	3.8061	5.06367	1.4203	5.95879	0	3.64006	4.98113	4.15688	2.16721	8.03409	3.7704	
4.18022	1.97863	2.9899	3.33461	1.53513	1.42361	4.47343	3.46683	3.64006	0	1.34107	0.516824	5.44517	5.29002	3.28402	
6.03648	3.31971	6.42989	1.99354	2.8762	2.76468	5.89595	6.97613	4.98113	1.34107	0	1.8579	8.53867	3.68149	4.99757	
8.1904	2.49546	8.69298	4.11889	2.05195	1.94043	5.07171	5.86158	4.15688	0.516824	1.8579	0	4.49952	11.4956	2.89632	
7.15448	4.36552	5.36481	4.60722	3.35209	5.8166	3.58751	4.56844	2.16721	5.44517	8.53867	4.49952	0	12.7689	1.60319	
4.41756	9.10858	14.2326	1.68795	7.66199	7.17417	6.61379	14.9306	8.03409	5.29002	3.68149	11.4956	12.7689	0	4.69198	
4.99333	4.45345	3.20367	3.00403	1.7489	4.21341	6.17925	2.96525	3.7704	3.28402	4.99757	2.89632	1.60319	4.69198	0	

0	14.3776	15.1245	7.31163	1.51943	12.6638	13.0124	6.94719	8.83382	2.71575	7.62835	7.75336	13.1912	7.81683	6.81407	
14.3776	0	7.38753	13.456	8.41461	3.86174	2.21098	2.98685	5.59132	9.38725	10.3258	8.56698	3.48288	14.2906	4.50733	
15.1245	7.38753	0	7.81287	15.697	9.00208	7.35132	8.98275	9.33506	14.5276	9.5881	9.74037	8.62322	8.31807	10.6281	
7.31163	13.456	7.81287	0	8.83106	6.65626	4.90253	9.63778	1.52219	4.63226	5.47057	12.1404	8.85263	0.505196	8.06234	
1.51943	8.41461	15.697	8.83106	0	7.3294	7.05918	5.42776	4.30639	1.19632	6.10892	7.86776	7.85688	9.86158	5.29464	
12.6638	3.86174	9.00208	6.65626	7.3294	0	1.65076	3.28218	5.0311	8.82704	11.8689	10.8654	2.92266	6.15106	2.03476	
13.0124	2.21098	7.35132	4.90253	7.05918	1.65076	0	1.63142	3.38034	6.49041	7.32873	7.94329	1.2719	7.80182	3.27675	
6.94719	2.98685	8.98275	9.63778	5.42776	3.28218	1.63142	0	5.01177	6.62408	8.07071	6.31187	2.90332	12.1284	4.90818	
8.83382	5.59132	9.33506	1.52219	4.30639	5.0311	3.38034	5.01177	0	3.11007	3.94838	5.70722	4.65224	2.02739	6.54015	
2.71575	9.38725	14.5276	4.63226	1.19632	8.82704	6.49041	6.62408	3.11007	0	7.05845	10.0663	8.44818	17.0656	6.49096	
7.62835	10.3258	9.5881	5.47057	6.10892	11.8689	7.32873	8.07071	3.94838	7.05845	0	1.75884	11.2788	17.9039	10.4885	
7.75336	8.56698	9.74037	12.1404	7.86776	10.8654	7.94329	6.31187	5.70722	10.0663	1.75884	0	10.4866	12.6456	11.0088	
13.1912	3.48288	8.62322	8.85263	7.85688	2.92266	1.2719	2.90332	4.65224	8.44818	11.2788	10.4866	0	12.5153	2.56224	
7.81683	14.2906	8.31807	0.505196	9.86158	6.15106	7.80182	12.1284	2.02739	17.0656	17.9039	12.6456	12.5153	0	8.18582	
6.81407	4.50733	10.6281	8.06234	5.29464	2.03476	3.27675	4.90818	6.54015	6.49096	10.4885	11.0088	2.56224	8.18582	0	

0	8.99792	6.28752	15.3298	0.222455	8.37663	2.12382	9.6575	10.4801	11.0425	3.05891	8.91906	12.5256	14.8077	5.44089	
8.99792	0	8.56426	11.5949	7.62799	6.17965	6.17213	1.97414	5.93507	4.66708	6.84305	6.2055	3.52764	13.5279	2.40955	
6.28752	8.56426	0	7.47893	6.06506	1.53556	3.44648	5.74107	2.62919	5.00951	5.33392	7.37978	9.38957	12.3627	8.90904	
15.3298	11.5949	7.47893	0	13.544	7.35306	10.9129	11.8837	5.6598	7.52753	10.6688	10.4104	13.7268	8.6135	11.4271	
0.222455	7.62799	6.06506	13.544	0	3.81228	1.90137	6.74386	7.15448	6.12928	2.83646	4.35471	11.2551	10.2433	5.21843	
8.37663	6.17965	1.53556	7.35306	3.81228	0	1.91092	4.20551	1.69327	4.34601	3.79836	4.36426	7.85401	10.2529	5.6735	
2.12382	6.17213	3.44648	10.9129	1.90137	1.91092	0	4.8425	3.60418	6.25693	4.35381	2.45334	9.76493	8.34196	3.76258	
9.6575	1.97414	5.74107	11.8837	6.74386	4.20551	4.8425	0	5.89877	6.19155	8.00387	6.08796	5.50177	13.1845	2.29202	
10.4801	5.93507	2.62919	5.6598	7.15448	1.69327	3.60418	5.89877	0	4.47694	5.00896	4.75059	8.06696	10.3217	8.34462	
11.0425	4.66708	5.00951	7.52753	6.12928	4.34601	6.25693	6.19155	4.47694	0	3.29283	5.19329	8.19471	14.7986	3.89953	
3.05891	6.84305	5.33392	10.6688	2.83646	3.79836	4.35381	8.00387	5.00896	3.29283	0	1.90047	10.3707	15.3306	5.69641	
8.91906	6.2055	7.37978	10.4104	4.35471	4.36426	2.45334	6.08796	4.75059	5.19329	1.90047	0	9.83265	10.7953	3.79595	
12.5256	3.52764	9.38957	13.7268	11.2551	7.85401	9.76493	5.50177	8.06696	8.19471	10.3707	9.83265	0	17.0556	5.93719	
14.8077	13.5279	12.3627	8.6135	10.2433	10.2529	8.34196	13.1845	10.3217	14.7986	15.3306	10.7953	17.0556	0	12.1045	
5.44089	2.40955	8.90904	11.4271	5.21843	5.6735	3.76258	2.29202	8.34462	3.89953	5.69641	3.79595	5.93719	12.1045	0	

0	7.85118	11.5386	11.3303	1.56098	17.3446	12.39	4.28275	3.87449	6.79993	4.21304	4.1661	10.6762	15.0988	9.98772	
7.85118	0	3.68738	3.47915	3.42004	2.0638	4.55692	3.52891	4.52164	6.80253	0.767979	4.74186	2.82498	7.5123	2.13653	
11.5386	3.68738	0	7.16653	19.3457	17.7576	8.2443	13.806	8.20902	22.4948	4.45536	16.2275	6.51236	23.0746	5.82392	
11.3303	3.47915	7.16653	0	13.6069	5.04392	8.03606	10.8442	8.00078	11.4106	4.24713	15.0121	6.30413	5.35032	5.61568	
1.56098	3.42004	19.3457	13.6069	0	3.94789	7.81833	2.72177	2.31352	5.23895	2.65206	2.60512	3.42571	9.39638	5.92977	
17.3446	2.0638	17.7576	5.04392	3.94789	0	10.0655	5.80023	11.059	6.36672	1.29583	7.99334	6.07645	8.04015	7.00634	
12.39	4.55692	8.2443	8.03606	7.81833	10.0655	0	4.96894	5.50481	3.69881	5.32489	6.18189	4.26501	6.06066	6.69345	
4.28275	3.52891	13.806	10.8442	2.72177	5.80023	4.96894	0	5.03529	7.05083	5.37383	2.62081	0.703932	10.7271	3.19728	
3.87449	4.52164	8.20902	8.00078	2.31352	11.059	5.50481	5.03529	0	7.55247	4.96558	4.91864	7.27062	11.5655	6.65817	
6.79993	6.80253	22.4948	11.4106	5.23895	6.36672	3.69881	7.05083	7.55247	0	6.03455	5.75424	7.67112	9.75946	5.22733	
4.21304	0.767979	4.45536	4.24713	2.65206	1.29583	5.32489	5.37383	4.96558	6.03455	0	5.25719	3.59296	6.74432	2.90451	
4.1661	4.74186	16.2275	15.0121	2.60512	7.99334	6.18189	2.62081	4.91864	5.75424	5.25719	0	1.91688	11.9401	4.22373	
10.6762	2.82498	6.51236	6.30413	3.42571	6.07645	4.26501	0.703932	7.27062	7.67112	3.59296	1.91688	0	10.0232	2.49335	
15.0988	7.5123	23.0746	5.35032	9.39638	8.04015	6.06066	10.7271	11.5655	9.75946	6.74432	11.9401	10.0232	0	12.5165	
9.98772	2.13653	5.82392	5.61568	5.92977	7.00634	6.69345	3.19728	6.65817	5.22733	2.90451	4.22373	2.49335	12.5165	0	

0	5.28061	6.06776	4.05795	0.296138	4.16065	4.76101	3.15832	1.43891	2.12234	4.75542	10.0533	5.19343	3.57857	6.07413	
5.28061	0	5.21351	13.2846	6.41326	12.9427	8.22437	2.12229	8.94488	6.8402	10.8725	5.05684	3.04482	12.1701	3.58786	
6.06776	5.21351	0	11.0998	7.16046	2.54765	5.17279	3.09122	4.62885	6.44668	11.1199	9.98623	3.19951	12.5572	3.74255	
4.05795	13.2846	11.0998	0	8.78321	9.19269	9.4535	11.1624	6.47095	5.15408	8.79093	7.59264	12.5938	0.479383	10.972	
0.296138	6.41326	7.16046	8.78321	0	5.25336	4.32269	3.45446	1.73505	1.8262	3.66012	3.60956	5.82723	3.87471	5.84122	
4.16065	12.9427	2.54765	9.19269	5.25336	0	6.04384	5.63887	2.72174	3.89903	5.73296	5.6824	5.74715	8.57374	7.91405	
4.76101	8.22437	5.17279	9.4535	4.32269	6.04384	0	6.10208	3.3221	2.49649	4.33041	4.27985	2.57363	7.17119	2.03059	
3.15832	2.12229	3.09122	11.1624	3.45446	5.63887	6.10208	0	4.59724	7.67194	8.99034	6.89501	2.0351	6.73689	2.57814	
1.43891	8.94488	4.62885	6.47095	1.73505	2.72174	3.3221	4.59724	0	4.35781	6.99089	8.06876	6.97001	5.01748	5.35269	
2.12234	6.8402	6.44668	5.15408	1.8262	3.89903	2.49649	7.67194	4.35781	0	1.83392	1.78336	4.55806	4.6747	4.01502	
4.75542	10.8725	11.1199	8.79093	3.66012	5.73296	4.33041	8.99034	6.99089	1.83392	0	3.61729	7.47076	6.50862	5.84894	
10.0533	5.05684	9.98623	7.59264	3.60956	5.6824	4.27985	6.89501	8.06876	1.78336	3.61729	0	3.01185	6.45807	2.46881	
5.19343	3.04482	3.19951	12.5938	5.82723	5.74715	2.57363	2.0351	6.97001	4.55806	7.47076	3.01185	0	9.10966	0.543038	
3.57857	12.1701	12.5572	0.479383	3.87471	8.57374	7.17119	6.73689	5.01748	4.6747	6.50862	6.45807	9.10966	0	8.68972	
6.07413	3.58786	3.74255	10.972	5.84122	7.91405	2.03059	2.57814	5.35269	4.01502	5.84894	2.46881	0.543038	8.68972	0	

0	5.371	2.45019	10.6552	0.335021	8.12548	3.3926	14.8579	7.47786	3.84515	1.59658	12.5719	3.23313	0.498702	12.8016	
5.371	0	6.82379	13.1284	4.13896	10.5485	2.72241	2.20065	4.90126	6.81973	4.16283	3.96155	1.24086	4.8723	4.31378	
2.45019	6.82379	0	6.88384	4.10638	11.8968	4.84539	13.3602	4.51024	5.29794	5.57488	10.2282	9.70169	1.95149	15.1579	
10.6552	13.1284	6.88384	0	12.6645	5.05889	10.406	8.92581	4.88232	3.78166	8.38012	6.63984	11.3064	7.12811	9.45508	
0.335021	4.13896	4.10638	12.6645	0	8.4605	5.9786	3.8579	8.08955	5.86002	1.26156	5.77766	2.8981	0.833723	5.97103	
8.12548	10.5485	11.8968	5.05889	8.4605	0	7.82613	6.42139	2.37791	1.27724	5.8757	4.13542	8.80201	4.62369	6.95067	
3.3926	2.72241	4.84539	10.406	5.9786	7.82613	0	4.04028	2.17885	3.27952	5.42019	6.68396	3.08049	2.8939	4.27678	
14.8579	2.20065	13.3602	8.92581	3.8579	6.42139	4.04028	0	6.15124	5.14416	3.88177	8.00234	0.959792	8.49061	1.79771	
7.47786	4.90126	4.51024	4.88232	8.08955	2.37791	2.17885	6.15124	0	1.10067	5.69913	3.95885	5.19145	4.44712	6.45563	
3.84515	6.81973	5.29794	3.78166	5.86002	1.27724	3.27952	5.14416	1.10067	0	4.59846	2.85818	6.10395	3.34645	5.67343	
1.59658	4.16283	5.57488	8.38012	1.26156	5.8757	5.42019	3.88177	5.69913	4.59846	0	4.5161	2.92197	3.6234	5.9949	
12.5719	3.96155	10.2282	6.63984	5.77766	4.13542	6.68396	8.00234	3.95885	2.85818	4.5161	0	5.20241	6.20464	8.53161	
3.23313	1.24086	9.70169	11.3064	2.8981	8.80201	3.08049	0.959792	5.19145	6.10395	2.92197	5.20241	0	5.97439	2.75751	
0.498702	4.8723	1.95149	7.12811	0.833723	4.62369	2.8939	8.49061	4.44712	3.34645	3.6234	6.20464	5.97439	0	7.17068	
12.8016	4.31378	15.1579	9.45508	5.97103	6.95067	4.27678	1.79771	6.45563	5.67343	5.9949	8.53161	2.75751	7.17068	0	

0	3.733	7.04099	6.79289	1.1128	2.72009	6.90437	4.915	10.4103	5.28718	4.27888	3.47294	5.69717	4.81537	3.92494	
3.733	0	9.61406	7.5942	4.8458	5.49889	3.90205	1.56992	6.67729	6.23161	8.01187	4.07294	1.96417	9.79912	2.76793	
7.04099	9.61406	0	1.86397	4.67745	5.05513	9.63086	7.88824	5.95504	3.91633	4.37799	6.42617	9.87252	0.974873	6.93308	
6.79289	7.5942	1.86397	0	9.82647	6.36486	8.2814	6.02427	7.81901	3.79776	2.51402	4.84997	7.81094	2.83884	5.30197	
1.1128	4.8458	4.67745	9.82647	0	3.83289	15.8615	3.8022	12.2198	7.06851	5.39168	4.58574	5.63058	3.70257	6.60946	
2.72009	5.49889	5.05513	6.36486	3.83289	0	3.61622	4.68521	7.71844	2.5671	6.99896	2.32996	2.68171	6.03	1.87796	
6.90437	3.90205	9.63086	8.2814	15.8615	3.61622	0	4.54552	8.94828	5.42436	13.4361	2.19027	2.54202	10.6057	1.73827	
4.915	1.56992	7.88824	6.02427	3.8022	4.68521	4.54552	0	8.24722	6.49335	8.53829	3.25926	1.82838	7.50478	2.63213	
10.4103	6.67729	5.95504	7.81901	12.2198	7.71844	8.94828	8.24722	0	5.15134	6.55661	7.66117	8.01377	6.92991	7.21001	
5.28718	6.23161	3.91633	3.79776	7.06851	2.5671	5.42436	6.49335	5.15134	0	6.31178	2.50984	4.48985	4.8912	2.96184	
4.27888	8.01187	4.37799	2.51402	5.39168	6.99896	13.4361	8.53829	6.55661	6.31178	0	7.36398	8.54625	4.71839	9.35	
3.47294	4.07294	6.42617	4.84997	4.58574	2.32996	2.19027	3.25926	7.66117	2.50984	7.36398	0	1.25575	9.53905	0.452001	
5.69717	1.96417	9.87252	7.81094	5.63058	2.68171	2.54202	1.82838	8.01377	4.48985	8.54625	1.25575	0	13.2646	0.803753	
4.81537	9.79912	0.974873	2.83884	3.70257	6.03	10.6057	7.50478	6.92991	4.8912	4.71839	9.53905	13.2646	0	14.1624	
3.92494	2.76793	6.93308	5.30197	6.60946	1.87796	1.73827	2.63213	7.21001	2.96184	9.35	0.452001	0.803753	14.1624	0	

0	6.53386	10.364	5.90681	0.580007	6.36917	3.77168	13.0885	3.27346	3.53065	7.9698	3.17412	13.3983	11.6475	3.43072	
6.53386	0	13.2594	9.87782	5.95385	7.06309	3.8164	5.05818	7.24448	8.90449	10.1769	13.8716	1.24884	11.2296	6.57473	
10.364	13.2594	0	9.76992	6.08501	11.427	2.89333	10.6126	4.71066	9.81544	16.585	16.6942	5.46089	11.6751	12.6056	
5.90681	9.87782	9.76992	0	7.38114	6.1889	4.45068	11.8503	2.63334	5.31221	7.79105	4.89018	12.0032	5.67891	10.2319	
0.580007	5.95385	6.08501	7.38114	0	5.78916	3.19168	6.07546	3.85347	2.95064	4.56701	3.75412	5.75924	8.16745	2.85072	
6.36917	7.06309	11.427	6.1889	5.78916	0	6.10772	8.41672	4.29039	4.91442	3.29805	8.47081	5.81425	2.37829	8.63987	
3.77168	3.8164	2.89333	4.45068	3.19168	6.10772	0	7.7193	1.81734	4.4962	12.7178	11.375	2.56756	8.78173	6.04239	
13.0885	5.05818	10.6126	11.8503	6.07546	8.41672	7.7193	0	9.53663	6.73503	5.11867	10.2914	6.30702	6.17139	3.22474	
3.27346	7.24448	4.71066	2.63334	3.85347	4.29039	1.81734	9.53663	0	2.67886	4.29523	6.44758	4.38489	6.66868	11.5296	
3.53065	8.90449	9.81544	5.31221	2.95064	4.91442	4.4962	6.73503	2.67886	0	1.61636	4.47012	13.6689	11.8536	5.80136	
7.9698	10.1769	16.585	7.79105	4.56701	3.29805	12.7178	5.11867	4.29523	1.61636	0	5.17276	9.1123	5.67635	8.34341	
3.17412	13.8716	16.6942	4.89018	3.75412	8.47081	11.375	10.2914	6.44758	4.47012	5.17276	0	15.1205	10.5691	15.1236	
13.3983	1.24884	5.46089	12.0032	5.75924	5.81425	2.56756	6.30702	4.38489	13.6689	9.1123	15.1205	0	8.19255	7.82357	
11.6475	11.2296	11.6751	5.67891	8.16745	2.37829	8.78173	6.17139	6.66868	11.8536	5.67635	10.5691	8.19255	0	9.39613	
3.43072	6.57473	12.6056	10.2319	2.85072	8.63987	6.04239	3.22474	11.5296	5.80136	8.34341	15.1236	7.82357	9.39613	0	

0	19.3179	6.76675	14.5961	0.422928	13.3062	21.7783	14.131	10.8734	10.0848	2.69866	19.4405	8.05399	4.28562	14.4901	
19.3179	0	8.33365	8.66235	7.40846	11.567	3.46921	6.88918	11.4761	10.4472	4.72997	11.5733	5.01032	11.2988	4.06956	
6.76675	8.33365	0	12.0262	5.47665	6.53945	2.82835	2.46482	4.10669	7.19562	3.20092	3.53274	1.28723	9.34047	6.5094	
14.5961	8.66235	12.0262	0	6.49913	15.3204	12.1316	7.35175	7.87022	12.6617	13.7951	11.8542	8.52933	2.63643	10.1714	
0.422928	7.40846	5.47665	6.49913	0	8.71002	3.5365	13.7081	9.09648	7.59016	2.27573	15.5252	14.8856	3.8627	7.26863	
13.3062	11.567	6.53945	15.3204	8.71002	0	7.69506	5.96613	7.40085	0.656168	5.9706	6.5195	7.82668	12.6346	11.4272	
21.7783	3.46921	2.82835	12.1316	3.5365	7.69506	0	2.71871	5.99034	6.5752	1.26077	3.78663	1.54112	13.2407	3.30681	
14.131	6.88918	2.46482	7.35175	13.7081	5.96613	2.71871	0	5.62681	5.30996	7.81252	3.4231	1.17759	9.98818	2.81962	
10.8734	11.4761	4.10669	7.87022	9.09648	7.40085	5.99034	5.62681	0	8.05702	7.30761	6.69473	4.44922	5.23379	9.67139	
10.0848	10.4472	7.19562	12.6617	7.59016	0.656168	6.5752	5.30996	8.05702	0	5.31443	5.86334	6.48755	13.5246	8.12958	
2.69866	4.72997	3.20092	13.7951	2.27573	5.9706	1.26077	7.81252	7.30761	5.31443	0	10.6862	2.80188	6.13843	4.56757	
19.4405	11.5733	3.53274	11.8542	15.5252	6.5195	3.78663	3.4231	6.69473	5.86334	10.6862	0	2.24551	17.7009	7.32207	
8.05399	5.01032	1.28723	8.52933	14.8856	7.82668	1.54112	1.17759	4.44922	6.48755	2.80188	2.24551	0	9.68301	3.99721	
4.28562	11.2988	9.34047	2.63643	3.8627	12.6346	13.2407	9.98818	5.23379	13.5246	6.13843	17.7009	9.68301	0	20.6776	
14.4901	4.06956	6.5094	10.1714	7.26863	11.4272	3.30681	2.81962	9.67139	8.12958	4.56757	7.32207	3.99721	20.6776	0	

0	10.4781	9.41675	7.78356	0.480036	3.02351	13.4134	5.6583	8.21096	8.74703	7.2894	3.55783	10.311	8.37761	8.92879	
10.4781	0	8.80504	13.0335	6.99828	7.96247	3.10103	1.82001	6.32068	4.64632	3.18869	7.80718	1.86074	11.1042	2.43621	
9.41675	8.80504	0	5.35018	9.89679	6.84003	14.1136	19.0397	12.0275	7.07397	5.61635	12.9746	16.5398	6.48975	10.2875	
7.78356	13.0335	5.35018	0	8.72527	4.76005	9.16113	14.1422	6.71277	9.26779	9.05509	8.01412	11.1896	1.13956	10.3723	
0.480036	6.99828	9.89679	8.72527	0	3.50355	9.94895	5.17826	9.15267	9.43284	7.76943	4.03786	8.13086	8.85765	6.48856	
3.02351	7.96247	6.84003	4.76005	3.50355	0	7.6358	9.14348	5.18745	6.23141	4.77378	6.58134	12.6921	5.89961	9.44491	
13.4134	3.10103	14.1136	9.16113	9.94895	7.6358	0	1.97512	2.44835	9.95492	5.33594	6.03578	7.7233	10.8471	0.664814	
5.6583	1.82001	19.0397	14.1422	5.17826	9.14348	1.97512	0	7.21904	9.99816	5.00871	6.68127	2.9526	15.3095	1.3103	
8.21096	6.32068	12.0275	6.71277	9.15267	5.18745	2.44835	7.21904	0	7.80371	9.00538	16.6212	8.18142	7.85234	3.11317	
8.74703	4.64632	7.07397	9.26779	9.43284	6.23141	9.95492	9.99816	7.80371	0	1.45763	10.6677	7.04556	9.37315	6.12875	
7.2894	3.18869	5.61635	9.05509	7.76943	4.77378	5.33594	5.00871	9.00538	1.45763	0	9.21008	5.04943	7.91552	4.67113	
3.55783	7.80718	12.9746	8.01412	4.03786	6.58134	6.03578	6.68127	16.6212	10.6677	9.21008	0	6.75322	6.87456	5.37096	
10.311	1.86074	16.5398	11.1896	8.13086	12.6921	7.7233	2.9526	8.18142	7.04556	5.04943	6.75322	0	12.3292	4.26291	
8.37761	11.1042	6.48975	1.13956	8.85765	5.89961	10.8471	15.3095	7.85234	9.37315	7.91552	6.87456	12.3292	0	12.2455	
8.92879	2.43621	10.2875	10.3723	6.48856	9.44491	0.664814	1.3103	3.11317	6.12875	4.67113	5.37096	4.26291	12.2455	0	

0	2.86286	10.4993	3.40479	0.157776	4.5577	4.24126	1.93324	9.72375	4.54961	5.02588	1.12344	0.686264	2.76727	3.73125	
2.86286	0	2.83598	8.20608	7.72534	3.77047	0.375288	3.12402	7.89364	11.0909	6.74918	3.49311	2.1766	4.25761	3.72982	
10.4993	2.83598	0	10.0157	10.3416	5.85587	2.46069	2.42334	11.0107	10.1841	10.1758	5.57851	3.67032	8.09233	5.81522	
3.40479	8.20608	10.0157	0	3.56257	1.15291	4.5481	9.47502	6.44417	4.0152	6.34316	4.52823	4.0044	1.9234	9.42661	
0.157776	7.72534	10.3416	3.56257	0	8.94985	12.5832	6.79572	7.58908	4.39184	4.8681	1.28122	0.84404	6.48364	6.26068	
4.5577	3.77047	5.85587	1.15291	8.94985	0	3.39518	10.1772	5.29125	5.12257	7.49607	6.513	5.32731	3.07631	6.74971	
4.24126	0.375288	2.46069	4.5481	12.5832	3.39518	0	3.49931	8.26893	8.51775	7.7151	3.11782	2.55189	6.64149	3.35453	
1.93324	3.12402	2.42334	9.47502	6.79572	10.1772	3.49931	0	10.2845	12.325	5.81956	9.53184	1.24698	3.32799	4.29197	
9.72375	7.89364	11.0107	6.44417	7.58908	5.29125	8.26893	10.2845	0	3.19724	4.31124	11.6679	8.88382	5.28905	11.2241	
4.54961	11.0909	10.1841	4.0152	4.39184	5.12257	8.51775	12.325	3.19724	0	5.35226	13.2606	4.17281	2.0918	8.0269	
5.02588	6.74918	10.1758	6.34316	4.8681	7.49607	7.7151	5.81956	4.31124	5.35226	0	10.8329	4.57258	6.65358	7.61757	
1.12344	3.49311	5.57851	4.52823	1.28122	6.513	3.11782	9.53184	11.6679	13.2606	10.8329	0	1.80971	13.1969	5.23371	
0.686264	2.1766	3.67032	4.0044	0.84404	5.32731	2.55189	1.24698	8.88382	4.17281	4.57258	1.80971	0	2.08101	3.04499	
2.76727	4.25761	8.09233	1.9234	6.48364	3.07631	6.64149	3.32799	5.28905	2.0918	6.65358	13.1969	2.08101	0	5.126	
3.73125	3.72982	5.81522	9.42661	6.26068	6.74971	3.35453	4.29197	11.2241	8.0269	7.61757	5.23371	3.04499	5.126	0	

0	8.76178	11.1659	14.2949	2.61199	11.3906	10.8733	7.57105	11.0967	5.56534	7.80229	10.4806	9.46852	6.88722	6.19581	
8.76178	0	6.772	8.4474	10.0071	5.01033	4.75755	1.19073	8.76747	6.52563	4.33459	13.6277	6.00081	8.96337	2.7281	
11.1659	6.772	0	9.38108	8.55387	4.53172	6.89208	7.7374	3.7548	3.01274	1.62956	16.026	2.54806	12.8291	3.23604	
14.2949	8.4474	9.38108	0	4.7912	9.60108	12.4332	8.86638	7.83468	9.13471	7.75152	23.1716	11.3718	0.515971	8.09913	
2.61199	10.0071	8.55387	4.7912	0	10.5684	7.13827	10.183	4.66709	2.95336	4.33654	7.86864	7.39152	4.27523	8.8078	
11.3906	5.01033	4.53172	9.60108	10.5684	0	7.38641	3.8196	2.57274	4.28647	6.16127	14.1891	6.76547	10.1171	7.45754	
10.8733	4.75755	6.89208	12.4332	7.13827	7.38641	0	3.56682	5.89864	4.18492	5.26252	6.33153	8.03207	12.8289	6.869	
7.57105	1.19073	7.7374	8.86638	10.183	3.8196	3.56682	0	6.39234	7.75173	6.33318	9.89835	5.21999	9.38235	3.91884	
11.0967	8.76747	3.7548	7.83468	4.66709	2.57274	5.89864	6.39234	0	1.71373	3.09691	8.28773	4.19273	8.35065	7.46544	
5.56534	6.52563	3.01274	9.13471	2.95336	4.28647	4.18492	7.75173	1.71373	0	1.38318	6.574	5.90646	7.22859	2.98966	
7.80229	4.33459	1.62956	7.75152	4.33654	6.16127	5.26252	6.33318	3.09691	1.38318	0	7.95718	4.17762	8.2675	1.60648	
10.4806	13.6277	16.026	23.1716	7.86864	14.1891	6.33153	9.89835	8.28773	6.574	7.95718	0	14.3636	12.1439	14.2353	
9.46852	6.00081	2.54806	11.3718	7.39152	6.76547	8.03207	5.21999	4.19273	5.90646	4.17762	14.3636	0	11.6668	3.2727	
6.88722	8.96337	12.8291	0.515971	4.27523	10.1171	12.8289	9.38235	8.35065	7.22859	8.2675	12.1439	11.6668	0	8.6151	
6.19581	2.7281	3.23604	8.09913	8.8078	7.45754	6.869	3.91884	7.46544	2.98966	1.60648	14.2353	3.2727	8.6151	0	

0	3.39341	11.9292	3.36807	0.306637	7.5043	5.73833	5.56766	6.47816	5.67018	3.55092	4.67368	7.46643	2.92243	2.24974	
3.39341	0	9.21868	7.68626	3.08677	5.99705	1.91022	0.744237	2.02345	2.93785	6.33105	5.978	3.83769	8.1319	4.06216	
11.9292	9.21868	0	8.75029	7.449	8.37838	8.1415	11.6092	7.19523	8.10963	4.20473	8.84267	12.788	9.00674	11.4237	
3.36807	7.68626	8.75029	0	10.2661	7.32911	8.27593	7.10994	7.79551	9.33189	11.5028	10.5794	9.24669	0.445639	8.89632	
0.306637	3.08677	7.449	10.2661	0	7.19766	5.80973	3.83101	5.11022	5.27529	3.24428	4.36705	7.16624	3.22906	2.55638	
7.5043	5.99705	8.37838	7.32911	7.19766	0	3.74662	5.01103	2.91718	2.00278	4.17366	2.91103	1.91758	7.77475	5.42322	
5.73833	1.91022	8.1415	8.27593	5.80973	3.74662	0	1.16599	0.946267	1.86067	9.05046	4.90082	1.82904	8.29614	3.4886	
5.56766	0.744237	11.6092	7.10994	3.83101	5.01103	1.16599	0	2.11225	5.32841	10.3603	7.1477	2.99503	7.55558	3.31792	
6.47816	2.02345	7.19523	7.79551	5.11022	2.91718	0.946267	2.11225	0	0.914401	8.1042	1.82265	2.77531	7.34987	4.22842	
5.67018	2.93785	8.10963	9.33189	5.27529	2.00278	1.86067	5.32841	0.914401	0	5.54619	0.90825	3.92036	8.26427	3.42044	
3.55092	6.33105	4.20473	11.5028	3.24428	4.17366	9.05046	10.3603	8.1042	5.54619	0	4.63794	6.09124	13.2115	12.3326	
4.67368	5.978	8.84267	10.5794	4.36705	2.91103	4.90082	7.1477	1.82265	0.90825	4.63794	0	5.32299	11.025	4.32869	
7.46643	3.83769	12.788	9.24669	7.16624	1.91758	1.82904	2.99503	2.77531	3.92036	6.09124	5.32299	0	10.3889	5.31764	
2.92243	8.1319	9.00674	0.445639	3.22906	7.77475	8.29614	7.55558	7.34987	8.26427	13.2115	11.025	10.3889	0	5.17217	
2.24974	4.06216	11.4237	8.89632	2.55638	5.42322	3.4886	3.31792	4.22842	3.42044	12.3326	4.32869	5.31764	5.17217	0	

0	16.1821	10.5332	8.62504	1.50143	8.70915	7.12104	18.1128	13.8735	5.81637	7.54267	11.0316	5.17615	11.8757	13.9141	
16.1821	0	2.89862	5.80036	5.45609	6.1723	7.87924	1.60086	7.26284	7.61546	6.63101	3.14205	1.78137	6.87043	3.15708	
10.5332	2.89862	0	5.36145	10.6621	3.27367	4.98062	4.49948	8.21238	4.71684	4.7013	6.04068	4.67999	10.6726	8.93015	
8.62504	5.80036	5.36145	0	8.75394	2.08778	4.11335	7.40122	3.06787	2.80868	3.51541	8.94241	7.58173	1.07007	12.5156	
1.50143	5.45609	10.6621	8.75394	0	8.83806	7.24994	14.2351	9.15619	5.94527	9.0441	10.5763	3.67472	12.8396	5.05043	
8.70915	6.1723	3.27367	2.08778	8.83806	0	4.19746	10.1479	4.93871	2.89279	1.42763	4.91658	10.3284	3.15785	10.4278	
7.12104	7.87924	4.98062	4.11335	7.24994	4.19746	0	8.71734	10.334	1.30467	8.42651	4.93756	6.65589	17.1917	8.0316	
18.1128	1.60086	4.49948	7.40122	14.2351	10.1479	8.71734	0	13.7139	10.022	10.6001	4.74291	3.38222	18.8078	3.09516	
13.8735	7.26284	8.21238	3.06787	9.15619	4.93871	10.334	13.7139	0	5.87654	6.36633	12.3831	5.48147	4.13793	6.85719	
5.81637	7.61546	4.71684	2.80868	5.94527	2.89279	1.30467	10.022	5.87654	0	4.32041	6.24223	7.96056	3.87874	10.4618	
7.54267	6.63101	4.7013	3.51541	9.0441	1.42763	8.42651	10.6001	6.36633	4.32041	0	3.48896	10.3906	8.8265	9.23955	
11.0316	3.14205	6.04068	8.94241	10.5763	4.91658	4.93756	4.74291	12.3831	6.24223	3.48896	0	4.92342	15.1232	5.7506	
5.17615	1.78137	4.67999	7.58173	3.67472	10.3284	6.65589	3.38222	5.48147	7.96056	10.3906	4.92342	0	15.5249	1.37571	
11.8757	6.87043	10.6726	1.07007	12.8396	3.15785	17.1917	18.8078	4.13793	3.87874	8.8265	15.1232	15.5249	0	17.8267	
13.9141	3.15708	8.93015	12.5156	5.05043	10.4278	8.0316	3.09516	6.85719	10.4618	9.23955	5.7506	1.37571	17.8267	0	

0	9.6794	12.5902	8.65323	0.206122	4.36115	13.0623	12.5729	5.35279	6.42396	4.79267	7.67269	10.7579	7.48885	10.3002	
9.6794	0	8.63349	10.3772	14.0952	5.00828	1.23895	1.74555	3.91704	6.46858	4.88674	1.69675	2.01996	7.74856	1.16943	
12.5902	8.63349	0	8.29161	18.1578	10.2483	17.7935	12.2113	10.8453	7.33043	7.79757	6.93675	10.3962	11.5631	13.1204	
8.65323	10.3772	8.29161	0	11.7886	6.6144	9.9963	5.84206	4.47605	0.961176	2.59247	5.73301	4.02699	3.4867	9.63894	
0.206122	14.0952	18.1578	11.7886	0	4.56727	12.8562	14.6117	8.33759	7.89818	4.99879	15.5992	13.8932	15.0601	13.6695	
4.36115	5.00828	10.2483	6.6144	4.56727	0	9.6373	15.6114	0.991638	4.50652	5.5096	3.31154	7.14288	3.1277	3.73926	
13.0623	1.23895	17.7935	9.9963	12.8562	9.6373	0	2.9845	11.9473	8.86264	6.12569	2.9357	5.79683	6.5096	2.40838	
12.5729	1.74555	12.2113	5.84206	14.6117	15.6114	2.9845	0	8.39576	4.88088	6.51218	3.44229	7.94669	9.11354	2.91497	
5.35279	3.91704	10.8453	4.47605	8.33759	0.991638	11.9473	8.39576	0	3.51488	5.14617	4.30317	3.59815	4.11934	2.74762	
6.42396	6.46858	7.33043	0.961176	7.89818	4.50652	8.86264	4.88088	3.51488	0	1.6313	4.77184	3.06581	4.23266	3.91634	
4.79267	4.88674	7.79757	2.59247	4.99879	5.5096	6.12569	6.51218	5.14617	1.6313	0	6.40313	4.69711	5.86396	5.50748	
7.67269	1.69675	6.93675	5.73301	15.5992	3.31154	2.9357	3.44229	4.30317	4.77184	6.40313	0	7.83765	6.43923	2.86617	
10.7579	2.01996	10.3962	4.02699	13.8932	7.14288	5.79683	7.94669	3.59815	3.06581	4.69711	7.83765	0	7.29847	0.850532	
7.48885	7.74856	11.5631	3.4867	15.0601	3.1277	6.5096	9.11354	4.11934	4.23266	5.86396	6.43923	7.29847	0	8.38646	
10.3002	1.16943	13.1204	9.63894	13.6695	3.73926	2.40838	2.91497	2.74762	3.91634	5.50748	2.86617	0.850532	8.38646	0	

0	14.8387	8.37588	18.1704	1.29762	13.4354	4.72708	10.867	3.61978	8.40863	3.45718	8.4635	5.57233	22.1345	7.95404	
14.8387	0	10.9745	6.75297	9.30891	4.576	6.16842	1.52264	5.01427	2.48686	11.9328	6.08538	7.18547	10.7171	4.43557	
8.37588	10.9745	0	6.30643	6.30995	5.46774	3.6488	7.47942	3.98779	7.33035	11.5765	7.55499	4.94383	5.35273	12.7515	
18.1704	6.75297	6.30643	0	10.3646	6.35525	7.94766	11.739	8.24739	4.26611	8.20508	11.6527	7.08514	0.9537	9.11444	
1.29762	9.30891	6.30995	10.3646	0	3.8021	5.22519	5.81379	2.32216	8.30504	2.15956	9.76112	3.85765	10.4062	6.06611	
13.4354	4.576	5.46774	6.35525	3.8021	0	4.38298	4.97158	1.47995	2.08914	4.33619	16.0746	3.01544	10.3193	6.36722	
4.72708	6.16842	3.6488	7.94766	5.22519	4.38298	0	6.39466	2.83052	3.68155	11.2591	3.90618	1.29502	7.42647	3.08643	
10.867	1.52264	7.47942	11.739	5.81379	4.97158	6.39466	0	3.49163	4.00951	11.8477	4.56274	4.70433	11.7943	2.91292	
3.61978	5.01427	3.98779	8.24739	2.32216	1.47995	2.83052	3.49163	0	3.56909	4.48172	6.80922	1.5355	7.66694	3.3269	
8.40863	2.48686	7.33035	4.26611	8.30504	2.08914	3.68155	4.00951	3.56909	0	6.42533	7.58773	4.97658	5.21981	4.84833	
3.45718	11.9328	11.5765	8.20508	2.15956	4.33619	11.2591	11.8477	4.48172	6.42533	0	16.7044	6.43428	9.15878	10.7034	
8.4635	6.08538	7.55499	11.6527	9.76112	16.0746	3.90618	4.56274	6.80922	7.58773	16.7044	0	5.20121	12.6064	7.47566	
5.57233	7.18547	4.94383	7.08514	3.85765	3.01544	1.29502	4.70433	1.5355	4.97658	6.43428	5.20121	0	6.13144	1.7914	
22.1345	10.7171	5.35273	0.9537	10.4062	10.3193	7.42647	11.7943	7.66694	5.21981	9.15878	12.6064	6.13144	0	7.92284	
7.95404	4.43557	12.7515	9.11444	6.06611	6.36722	3.08643	2.91292	3.3269	4.84833	10.7034	7.47566	1.7914	7.92284	0	

0	8.01804	5.00002	9.85883	0.937701	7.98776	2.53331	8.14563	11.3789	6.7933	5.18638	5.0386	4.68494	17.8378	18.1305	
8.01804	0	4.14069	21.709	8.7601	2.46534	5.20295	6.08648	5.37957	5.51615	6.86501	2.97945	5.01286	17.6138	5.3287	
5.00002	4.14069	0	8.02433	4.06232	1.67535	5.65793	24.6614	12.1935	10.1697	6.07502	4.62451	7.80956	8.95451	21.3909	
9.85883	21.709	8.02433	0	10.0979	9.07212	17.2663	30.4114	10.865	6.27937	4.67245	15.5646	17.5071	0.930186	13.3708	
0.937701	8.7601	4.06232	10.0979	0	5.73767	1.5956	5.21875	2.97942	6.90536	5.42543	3.81911	3.74724	19.9484	4.31043	
7.98776	2.46534	1.67535	9.07212	5.73767	0	5.17267	6.0562	7.84491	5.48587	4.39967	2.94916	7.47821	17.5836	7.79405	
2.53331	5.20295	5.65793	17.2663	1.5956	5.17267	0	5.33054	1.38382	4.76021	6.95569	2.22351	4.50864	15.1555	2.71482	
8.14563	6.08648	24.6614	30.4114	5.21875	6.0562	5.33054	0	17.9564	5.64374	12.5726	3.10704	1.47151	17.7414	3.26532	
11.3789	5.37957	12.1935	10.865	2.97942	7.84491	1.38382	17.9564	0	6.73259	6.19256	3.60732	10.3924	17.2597	4.09864	
6.7933	5.51615	10.1697	6.27937	6.90536	5.48587	4.76021	5.64374	6.73259	0	1.60692	2.5367	10.6526	17.1711	8.06359	
5.18638	6.86501	6.07502	4.67245	5.42543	4.39967	6.95569	12.5726	6.19256	1.60692	0	4.14363	9.17266	5.60264	13.5047	
5.0386	2.97945	4.62451	15.5646	3.81911	2.94916	2.22351	3.10704	3.60732	2.5367	4.14363	0	4.57855	14.6344	4.93833	
4.68494	5.01286	7.80956	17.5071	3.74724	7.47821	4.50864	1.47151	10.3924	10.6526	9.17266	4.57855	0	14.2344	1.79381	
17.8378	17.6138	8.95451	0.930186	19.9484	17.5836	15.1555	17.7414	17.2597	17.1711	5.60264	14.6344	14.2344	0	12.4406	
18.1305	5.3287	21.3909	13.3708	4.31043	7.79405	2.71482	3.26532	4.09864	8.06359	13.5047	4.93833	1.79381	12.4406	0	

0	16.6028	6.20571	11.3101	0.541872	10.6892	13.0868	8.64378	10.9343	4.12586	3.38875	2.2252	5.03692	9.74714	5.61509	
16.6028	0	6.71433	10.3602	6.49894	8.29083	7.72965	1.8985	6.32506	5.25223	5.98935	4.69218	4.25441	3.84197	6.76773	
6.20571	6.71433	0	5.88708	8.4358	3.91675	6.77191	4.81584	5.51129	3.55408	2.81696	7.60951	3.94076	4.32414	5.28651	
11.3101	10.3602	5.88708	0	16.9924	6.28901	5.43979	3.50641	2.75008	7.60623	11.549	9.27648	25.5938	1.56293	12.9552	
0.541872	6.49894	8.4358	16.9924	0	8.71825	10.2422	4.47701	13.5563	4.13923	3.93062	1.68333	4.49504	9.39687	3.63545	
10.6892	8.29083	3.91675	6.28901	8.71825	0	2.85516	6.66955	4.25976	3.03859	3.77571	5.49449	4.99079	4.72607	3.64503	
13.0868	7.72965	6.77191	5.43979	10.2422	2.85516	0	6.41168	1.4046	4.97564	10.1556	7.1211	6.51474	2.59174	5.16898	
8.64378	1.8985	4.81584	3.50641	4.47701	6.66955	6.41168	0	3.13062	5.15531	5.89243	2.79368	2.35591	1.94347	3.70167	
10.9343	6.32506	5.51129	2.75008	13.5563	4.25976	1.4046	3.13062	0	3.57104	4.30816	6.02694	13.4546	1.18714	6.57357	
4.12586	5.25223	3.55408	7.60623	4.13923	3.03859	4.97564	5.15531	3.57104	0	0.737116	2.4559	7.51122	4.75818	4.40802	
3.38875	5.98935	2.81696	11.549	3.93062	3.77571	10.1556	5.89243	4.30816	0.737116	0	3.19301	6.75772	7.14111	8.77715	
2.2252	4.69218	7.60951	9.27648	1.68333	5.49449	7.1211	2.79368	6.02694	2.4559	3.19301	0	3.29788	4.73715	1.95212	
5.03692	4.25441	3.94076	25.5938	4.49504	4.99079	6.51474	2.35591	13.4546	7.51122	6.75772	3.29788	0	4.29938	1.34576	
9.74714	3.84197	4.32414	1.56293	9.39687	4.72607	2.59174	1.94347	1.18714	4.75818	7.14111	4.73715	4.29938	0	8.3711	
5.61509	6.76773	5.28651	12.9552	3.63545	3.64503	5.16898	3.70167	6.57357	4.40802	8.77715	1.95212	1.34576	8.3711	0	

0	9.09843	11.3289	11.8747	0.382049	11.2231	2.89409	7.14881	4.31136	10.7721	3.00048	5.37061	7.65459	12.052	7.40519	
9.09843	0	9.31609	19.9108	11.3085	15.0319	7.74934	1.94962	10.7145	14.1933	10.7941	9.42895	2.45541	16.9753	8.41982	
11.3289	9.31609	0	12.4382	3.03166	6.91138	0.519626	11.8047	5.4949	2.86869	6.63434	3.02859	2.65606	5.65062	1.99024	
11.8747	19.9108	12.4382	0	7.14273	4.87894	10.639	13.3687	5.28347	12.993	4.5243	9.15693	14.055	8.31039	19.4616	
0.382049	11.3085	3.03166	7.14273	0	8.90379	2.51204	7.53086	3.3776	6.55552	2.61843	4.98856	4.64847	6.40452	6.02691	
11.2231	15.0319	6.91138	4.87894	8.90379	0	6.39175	16.9815	5.87764	8.11409	6.63681	7.75041	8.52819	5.37012	8.78876	
2.89409	7.74934	0.519626	10.639	2.51204	6.39175	0	2.64222	6.44134	3.38832	5.13046	5.95248	2.13644	6.17024	2.50987	
7.14881	1.94962	11.8047	13.3687	7.53086	16.9815	2.64222	0	5.60734	13.4995	8.84444	4.32183	0.505786	12.6305	3.31271	
4.31136	10.7145	5.4949	5.28347	3.3776	5.87764	6.44134	5.60734	0	2.62621	0.75917	5.3918	5.10155	4.54526	7.90847	
10.7721	14.1933	2.86869	12.993	6.55552	8.11409	3.38832	13.4995	2.62621	0	3.38538	9.10701	7.72776	8.51931	4.85893	
3.00048	10.7941	6.63434	4.5243	2.61843	6.63681	5.13046	8.84444	0.75917	3.38538	0	4.63263	5.86072	3.78609	5.67098	
5.37061	9.42895	3.02859	9.15693	4.98856	7.75041	5.95248	4.32183	5.3918	9.10701	4.63263	0	3.81605	8.41872	1.03835	
7.65459	2.45541	2.65606	14.055	4.64847	8.52819	2.13644	0.505786	5.10155	7.72776	5.86072	3.81605	0	14.2189	2.80692	
12.052	16.9753	5.65062	8.31039	6.40452	5.37012	6.17024	12.6305	4.54526	8.51931	3.78609	8.41872	14.2189	0	7.64086	
7.40519	8.41982	1.99024	19.4616	6.02691	8.78876	2.50987	3.31271	7.90847	4.85893	5.67098	1.03835	2.80692	7.64086	0	

0	15.0965	12.0405	10.895	0.320171	6.57662	8.9445	10.6697	11.6831	4.78569	5.06662	12.5028	13.884	6.67759	9.89765	
15.0965	0	6.82361	10.0188	15.8338	5.60746	3.23958	0.597236	6.56305	10.8358	4.51221	3.65125	2.28084	6.36093	4.40614	
12.0405	6.82361	0	9.29037	10.0322	6.44685	9.61158	6.22637	15.6316	9.93402	5.28571	15.9321	7.28924	9.41241	8.4286	
10.895	10.0188	9.29037	0	16.9987	8.04909	7.33873	10.2004	8.29865	10.365	8.75558	13.8348	9.05112	4.21738	5.61268	
0.320171	15.8338	10.0322	16.9987	0	5.90759	9.07232	8.66142	12.1173	5.10586	4.74645	12.1826	11.8756	6.99776	7.88935	
6.57662	5.60746	6.44685	8.04909	5.90759	0	2.36788	5.07611	5.10651	2.31591	1.16114	10.1006	8.29034	5.48923	4.30404	
8.9445	3.23958	9.61158	7.33873	9.07232	2.36788	0	3.83682	3.32347	4.68379	3.52902	6.89083	6.51428	3.12135	6.00943	
10.6697	0.597236	6.22637	10.2004	8.66142	5.07611	3.83682	0	7.27367	8.56328	3.91497	4.24849	1.6836	9.11529	4.58771	
11.6831	6.56305	15.6316	8.29865	12.1173	5.10651	3.32347	7.27367	0	7.42242	5.82886	9.11628	6.12439	6.44482	2.68596	
4.78569	10.8358	9.93402	10.365	5.10586	2.31591	4.68379	8.56328	7.42242	0	3.47706	14.9572	11.7775	11.4633	7.79121	
5.06662	4.51221	5.28571	8.75558	4.74645	1.16114	3.52902	3.91497	5.82886	3.47706	0	12.0586	5.59857	6.99618	3.14289	
12.5028	3.65125	15.9321	13.8348	12.1826	10.1006	6.89083	4.24849	9.11628	14.9572	12.0586	0	6.92595	9.61742	8.05739	
13.884	2.28084	7.28924	9.05112	11.8756	8.29034	6.51428	1.6836	6.12439	11.7775	5.59857	6.92595	0	9.75274	3.43843	
6.67759	6.36093	9.41241	4.21738	6.99776	5.48923	3.12135	9.11529	6.44482	11.4633	6.99618	9.61742	9.75274	0	9.83007	
9.89765	4.40614	8.4286	5.61268	7.88935	4.30404	6.00943	4.58771	2.68596	7.79121	3.14289	8.05739	3.43843	9.83007	0	

0	5.34487	9.98654	5.89237	0.327522	8.52139	7.06653	8.6229	5.06929	4.59077	2.94773	9.13324	6.54553	6.61468	8.85413	
5.34487	0	10.4765	2.93691	5.01735	10.5895	5.76989	4.51938	3.41171	6.18812	4.8664	1.64566	3.10516	6.49959	3.96958	
9.98654	10.4765	0	1.0899	9.65902	1.34321	2.85531	17.358	0.615103	4.05564	2.73667	7.58978	7.60759	4.81833	8.88725	
5.89237	2.93691	1.0899	0	6.21989	1.2029	2.715	7.45629	0.474794	3.91533	2.59636	4.58257	6.04207	3.56267	8.74694	
0.327522	5.01735	9.65902	6.21989	0	12.4447	14.6019	9.53672	7.24257	4.9183	3.27525	6.66301	6.87306	6.9422	9.18165	
8.52139	10.5895	1.34321	1.2029	12.4447	0	2.96831	7.61766	0.728106	3.93062	2.84967	7.70279	8.75463	2.19123	5.88473	
7.06653	5.76989	2.85531	2.715	14.6019	2.96831	0	4.74211	2.2402	2.47576	4.36177	4.38073	2.66474	9.09711	5.53463	
8.6229	4.51938	17.358	7.45629	9.53672	7.61766	4.74211	0	10.0051	6.77824	9.38577	4.05685	2.07737	13.2705	1.73294	
5.06929	3.41171	0.615103	0.474794	7.24257	0.728106	2.2402	10.0051	0	3.44053	2.12156	6.62094	4.90494	2.91934	6.61283	
4.59077	6.18812	4.05564	3.91533	4.9183	3.93062	2.47576	6.77824	3.44053	0	5.5621	4.54246	5.14049	6.12185	6.86638	
2.94773	4.8664	2.73667	2.59636	3.27525	2.84967	4.36177	9.38577	2.12156	5.5621	0	6.51206	7.97155	9.56241	10.3937	
9.13324	1.64566	7.58978	4.58257	6.66301	7.70279	4.38073	4.05685	6.62094	4.54246	6.51206	0	4.75082	7.43919	2.32392	
6.54553	3.10516	7.60759	6.04207	6.87306	8.75463	2.66474	2.07737	4.90494	5.14049	7.97155	4.75082	0	11.7618	2.8699	
6.61468	6.49959	4.81833	3.56267	6.9422	2.19123	9.09711	13.2705	2.91934	6.12185	9.56241	7.43919	11.7618	0	8.07596	
8.85413	3.96958	8.88725	8.74694	9.18165	5.88473	5.53463	1.73294	6.61283	6.86638	10.3937	2.32392	2.8699	8.07596	0	

0	6.35684	4.2989	11.9908	2.05215	2.03809	7.78517	7.13442	5.62834	6.84316	7.02843	6.96642	6.53992	7.58894	9.0117	
6.35684	0	12.537	6.32896	4.30469	10.2761	6.56272	2.6557	8.75453	5.04001	7.08607	6.02786	2.98243	5.3303	4.27084	
4.2989	12.537	0	7.69189	6.35105	6.33698	11.001	4.92858	5.69023	2.54427	5.3474	6.7344	10.8388	8.69055	13.9118	
11.9908	6.32896	7.69189	0	13.2091	6.54951	3.30912	7.21614	4.97956	6.73381	9.53695	10.9239	7.59403	0.998658	13.3434	
2.05215	4.30469	6.35105	13.2091	0	4.09024	9.37597	5.46894	9.62128	6.47531	7.62069	4.91426	6.06344	9.63499	7.08409	
2.03809	10.2761	6.33698	6.54951	4.09024	0	5.63026	9.65411	3.59025	6.73621	8.3545	8.9511	8.57801	5.55086	13.4709	
7.78517	6.56272	11.001	3.30912	9.37597	5.63026	0	3.90702	2.04001	5.18597	8.73161	7.27918	4.28491	4.30778	5.52217	
7.13442	2.6557	4.92858	7.21614	5.46894	9.65411	3.90702	0	5.53027	2.38431	5.04119	3.37216	0.594495	7.986	1.61515	
5.62834	8.75453	5.69023	4.97956	9.62128	3.59025	2.04001	5.53027	0	3.14596	5.9491	7.33609	6.32492	3.9809	9.41005	
6.84316	5.04001	2.54427	6.73381	6.47531	6.73621	5.18597	2.38431	3.14596	0	2.80314	4.19013	2.97881	7.12687	3.99946	
7.02843	7.08607	5.3474	9.53695	7.62069	8.3545	8.73161	5.04119	5.9491	2.80314	0	4.00758	4.4467	12.4164	6.13288	
6.96642	6.02786	6.7344	10.9239	4.91426	8.9511	7.27918	3.37216	7.33609	4.19013	4.00758	0	3.96665	12.7295	4.51975	
6.53992	2.98243	10.8388	7.59403	6.06344	8.57801	4.28491	0.594495	6.32492	2.97881	4.4467	3.96665	0	8.31273	2.20964	
7.58894	5.3303	8.69055	0.998658	9.63499	5.55086	4.30778	7.986	3.9809	7.12687	12.4164	12.7295	8.31273	0	17.2493	
9.0117	4.27084	13.9118	13.3434	7.08409	13.4709	5.52217	1.61515	9.41005	3.99946	6.13288	4.51975	2.20964	17.2493	0	

0	8.66587	9.48446	8.30994	1.4178	7.47871	9.71616	3.9602	7.1963	3.57695	6.45928	7.56594	3.68143	8.26419	2.51718	
8.66587	0	6.05427	11.2006	6.84866	16.7401	1.71954	2.99245	11.2851	2.9374	9.13857	14.1122	0.258809	4.83399	1.02364	
9.48446	6.05427	0	3.46439	12.4813	7.66137	4.30069	10.5215	2.4777	6.09705	6.06347	9.21675	9.06617	1.22027	11.3819	
8.30994	11.2006	3.46439	0	14.7717	6.17037	2.80968	14.4271	0.986691	4.60604	2.15782	5.94151	7.41158	5.12592	11.0684	
1.4178	6.84866	12.4813	14.7717	0	6.06092	12.1729	2.14298	9.56303	4.99474	7.87708	8.98374	1.86421	9.68199	1.09938	
7.47871	16.7401	7.66137	6.17037	6.06092	0	7.00667	18.1943	5.18368	7.33801	6.13535	9.91904	10.0166	9.35638	7.16029	
9.71616	1.71954	4.30069	2.80968	12.1729	7.00667	0	4.80577	1.82299	4.13932	5.93391	2.15022	1.46073	11.6742	2.22556	
3.9602	2.99245	10.5215	14.4271	2.14298	18.1943	4.80577	0	12.0495	6.02363	9.95421	9.40654	1.80843	7.82644	1.0436	
7.1963	11.2851	2.4777	0.986691	9.56303	5.18368	1.82299	12.0495	0	3.61935	3.14451	3.97321	3.28372	3.69797	11.0618	
3.57695	2.9374	6.09705	4.60604	4.99474	7.33801	4.13932	6.02363	3.61935	0	6.52108	10.3048	2.67859	11.0996	3.44342	
6.45928	9.13857	6.06347	2.15782	7.87708	6.13535	5.93391	9.95421	3.14451	6.52108	0	3.78369	8.87976	8.52446	8.91061	
7.56594	14.1122	9.21675	5.94151	8.98374	9.91904	2.15022	9.40654	3.97321	10.3048	3.78369	0	3.61095	9.524	8.36293	
3.68143	0.258809	9.06617	7.41158	1.86421	10.0166	1.46073	1.80843	3.28372	2.67859	8.87976	3.61095	0	5.0928	0.764828	
8.26419	4.83399	1.22027	5.12592	9.68199	9.35638	11.6742	7.82644	3.69797	11.0996	8.52446	9.524	5.0928	0	10.5833	
2.51718	1.02364	11.3819	11.0684	1.09938	7.16029	2.22556	1.0436	11.0618	3.44342	8.91061	8.36293	0.764828	10.5833	0	

0	1.99212	14.7886	10.1702	5.13148	5.02071	0.988464	4.40138	2.76936	5.27608	3.05867	6.01319	5.37033	8.78782	3.53792	
1.99212	0	10.3563	11.7305	5.34881	5.40783	1.00366	1.63114	2.78455	5.29127	3.07386	6.02839	2.25144	8.34141	2.4946	
14.7886	10.3563	0	16.4843	12.8768	6.37218	6.43338	20.009	10.458	11.8403	4.36317	18.8249	18.182	20.5463	6.24171	
10.1702	11.7305	16.4843	0	20.6347	4.77678	10.5479	7.49575	8.88239	10.4688	8.51082	5.52318	9.47904	1.00967	6.63229	
5.13148	5.34881	12.8768	20.6347	0	7.92279	4.34515	11.629	6.12604	4.64653	6.41536	9.36988	8.72701	19.7878	8.66941	
5.02071	5.40783	6.37218	4.77678	7.92279	0	4.07922	10.4774	6.18507	3.27625	2.00901	8.22185	8.78604	3.76711	3.88755	
0.988464	1.00366	6.43338	10.5479	4.34515	4.07922	0	2.63479	1.78089	4.28761	2.07021	5.02473	3.2551	8.17129	3.94874	
4.40138	1.63114	20.009	7.49575	11.629	10.4774	2.63479	0	3.93032	5.99634	2.742	5.18677	3.88258	6.71027	0.86346	
2.76936	2.78455	10.458	8.88239	6.12604	6.18507	1.78089	3.93032	0	4.05534	3.8511	3.3592	6.16275	10.1697	4.79378	
5.27608	5.29127	11.8403	10.4688	4.64653	3.27625	4.28761	5.99634	4.05534	0	5.28527	4.94559	8.66947	7.04336	5.13288	
3.05867	3.07386	4.36317	8.51082	6.41536	2.00901	2.07021	2.742	3.8511	5.28527	0	6.20185	6.45207	5.77612	1.87854	
6.01319	6.02839	18.8249	5.52318	9.36988	8.22185	5.02473	5.18677	3.3592	4.94559	6.20185	0	9.40659	6.53286	4.32331	
5.37033	2.25144	18.182	9.47904	8.72701	8.78604	3.2551	3.88258	6.16275	8.66947	6.45207	9.40659	0	10.4887	5.28354	
8.78782	8.34141	20.5463	1.00967	19.7878	3.76711	8.17129	6.71027	10.1697	7.04336	5.77612	6.53286	10.4887	0	7.57373	
3.53792	2.4946	6.24171	6.63229	8.66941	3.88755	3.94874	0.86346	4.79378	5.13288	1.87854	4.32331	5.28354	7.57373	0	

0	8.63917	8.96148	8.33883	0.492555	3.3172	3.30351	8.07741	5.91291	2.1069	3.39053	5.49409	13.6049	5.4755	10.4923	
8.63917	0	9.58914	2.882	5.08476	2.26012	3.83486	8.67888	9.28637	5.086	5.94987	9.81659	7.88593	7.81883	3.89734	
8.96148	9.58914	0	6.92728	9.45403	10.7435	11.3798	11.0487	11.0808	9.80904	12.352	8.67533	6.74468	6.44044	5.6918	
8.33883	2.882	6.92728	0	3.44652	0.621876	6.0494	9.24616	8.33671	3.85543	5.11984	8.99692	6.62164	0.486832	5.67362	
0.492555	5.08476	9.45403	3.44652	0	2.82464	2.81096	7.58486	5.42035	2.59945	3.88309	10.4404	8.82441	9.31634	7.87638	
3.3172	2.26012	10.7435	0.621876	2.82464	0	5.6356	8.62429	7.71484	9.8603	4.49797	7.93042	5.99977	1.10871	5.05174	
3.30351	3.83486	11.3798	6.0494	2.81096	5.6356	0	4.84402	8.23131	1.25114	2.11501	4.63833	8.80055	4.61974	5.68796	
8.07741	8.67888	11.0487	9.24616	7.58486	8.62429	4.84402	0	13.0052	6.09516	6.95902	2.85557	4.30404	11.3657	8.37196	
5.91291	9.28637	11.0808	8.33671	5.42035	7.71484	8.23131	13.0052	0	12.7219	10.013	15.7047	9.45694	9.92812	5.38902	
2.1069	5.086	9.80904	3.85543	2.59945	9.8603	1.25114	6.09516	12.7219	0	3.36614	3.38719	5.31785	3.3686	6.9391	
3.39053	5.94987	12.352	5.11984	3.88309	4.49797	2.11501	6.95902	10.013	3.36614	0	8.22805	10.1587	10.9897	7.80296	
5.49409	9.81659	8.67533	8.99692	10.4404	7.93042	4.63833	2.85557	15.7047	3.38719	8.22805	0	1.93066	6.75579	5.99858	
13.6049	7.88593	6.74468	6.62164	8.82441	5.99977	8.80055	4.30404	9.45694	5.31785	10.1587	1.93066	0	10.4407	4.06792	
5.4755	7.81883	6.44044	0.486832	9.31634	1.10871	4.61974	11.3657	9.92812	3.3686	10.9897	6.75579	10.4407	0	11.5434	
10.4923	3.89734	5.6918	5.67362	7.87638	5.05174	5.68796	8.37196	5.38902	6.9391	7.80296	5.99858	4.06792	11.5434	0	

0	14.0015	18.4786	6.12404	1.63298	8.58812	8.60959	12.4863	7.68046	9.51621	3.20337	7.46297	11.6923	8.88667	10.1642	
14.0015	0	4.04259	17.6792	11.1537	3.75685	1.1841	3.24401	2.11322	7.26332	10.4082	15.377	1.0944	9.2625	7.32447	
18.4786	4.04259	0	8.596	13.0075	8.25503	5.68228	7.21749	6.6114	6.96579	12.262	19.0531	2.94819	5.83337	6.9524	
6.12404	17.6792	8.596	0	7.75702	7.16003	9.73278	8.78111	9.53811	5.71831	5.34198	9.60158	12.53	2.76263	12.3028	
1.63298	11.1537	13.0075	7.75702	0	9.47534	8.02639	10.8533	7.09727	14.0397	4.83635	7.03518	10.0593	16.8718	14.38	
8.58812	3.75685	8.25503	7.16003	9.47534	0	2.57275	9.35496	2.37808	4.41971	6.87021	11.434	6.5788	7.3754	11.1279	
8.60959	1.1841	5.68228	9.73278	8.02639	2.57275	0	4.4281	0.929124	6.99247	5.42126	9.98508	2.2785	11.5157	8.86745	
12.4863	3.24401	7.21749	8.78111	10.8533	9.35496	4.4281	0	6.97689	8.97417	11.4492	16.0328	4.2693	6.01849	4.4883	
7.68046	2.11322	6.6114	9.53811	7.09727	2.37808	0.929124	6.97689	0	6.79779	4.49213	8.75174	6.46633	12.9954	9.79658	
9.51621	7.26332	6.96579	5.71831	14.0397	4.41971	6.99247	8.97417	6.79779	0	6.31284	10.5724	6.16891	2.95568	7.88158	
3.20337	10.4082	12.262	5.34198	4.83635	6.87021	5.42126	11.4492	4.49213	6.31284	0	4.2596	9.31378	8.1046	6.96087	
7.46297	15.377	19.0531	9.60158	7.03518	11.434	9.98508	16.0328	8.75174	10.5724	4.2596	0	13.5734	18.0261	11.2205	
11.6923	1.0944	2.94819	12.53	10.0593	6.5788	2.2785	4.2693	6.46633	6.16891	9.31378	13.5734	0	8.78156	6.23006	
8.88667	9.2625	5.83337	2.76263	16.8718	7.3754	11.5157	6.01849	12.9954	2.95568	8.1046	18.0261	8.78156	0	10.5068	
10.1642	7.32447	6.9524	12.3028	14.38	11.1279	8.86745	4.4883	9.79658	7.88158	6.96087	11.2205	6.23006	10.5068	0	

0	6.35535	9.50778	8.94191	0.610905	8.03342	11.0384	12.9309	3.79742	8.17167	5.17995	5.82705	5.77198	17.2101	4.41245	
6.35535	0	13.4077	14.0755	5.74444	9.00045	3.40953	1.64153	8.93096	7.21865	11.1803	6.25739	1.62926	18.3289	2.9888	
9.50778	13.4077	0	11.1033	8.74615	15.1652	18.993	12.0309	5.55964	6.45374	7.96327	6.50493	6.45488	6.80916	5.09534	
8.94191	14.0755	11.1033	0	8.33101	6.61099	11.7716	14.3929	10.3839	7.12004	13.4294	14.0765	13.9822	4.29414	12.4063	
0.610905	5.74444	8.74615	8.33101	0	7.42252	10.7066	7.38597	3.18651	4.75463	5.79086	4.1318	5.43484	10.3867	4.0753	
8.03342	9.00045	15.1652	6.61099	7.42252	0	5.16061	6.92862	10.2795	8.71141	11.0191	8.10264	7.37119	8.38017	8.73073	
11.0384	3.40953	18.993	11.7716	10.7066	5.16061	0	1.76801	3.88732	7.34513	3.58913	2.94203	9.15068	13.5408	8.72639	
12.9309	1.64153	12.0309	14.3929	7.38597	6.92862	1.76801	0	5.56116	5.57712	5.26296	4.61586	3.27078	8.40302	8.51842	
3.79742	8.93096	5.55964	10.3839	3.18651	10.2795	3.88732	5.56116	0	1.56812	1.59239	0.945292	8.04324	4.39401	7.26182	
8.17167	7.21865	6.45374	7.12004	4.75463	8.71141	7.34513	5.57712	1.56812	0	7.91804	2.51341	9.49345	2.8259	10.786	
5.17995	11.1803	7.96327	13.4294	5.79086	11.0191	3.58913	5.26296	1.59239	7.91804	0	0.647097	4.22747	10.7439	2.86793	
5.82705	6.25739	6.50493	14.0765	4.1318	8.10264	2.94203	4.61586	0.945292	2.51341	0.647097	0	7.09794	11.7228	3.51503	
5.77198	1.62926	6.45488	13.9822	5.43484	7.37119	9.15068	3.27078	8.04324	9.49345	4.22747	7.09794	0	12.3193	1.35954	
17.2101	18.3289	6.80916	4.29414	10.3867	8.38017	13.5408	8.40302	4.39401	2.8259	10.7439	11.7228	12.3193	0	11.9045	
4.41245	2.9888	5.09534	12.4063	4.0753	8.73073	8.72639	8.51842	7.26182	10.786	2.86793	3.51503	1.35954	11.9045	0	

0	4.95004	5.13566	9.46682	0.605906	6.90619	7.26687	4.9323	6.14695	9.45102	4.07503	7.32922	5.98541	8.84083	6.42432	
4.95004	0	6.54425	10.3384	5.55595	8.84002	5.88053	2.44034	5.28363	5.70692	6.74801	5.13207	1.03536	8.25494	1.47428	
5.13566	6.54425	0	3.86742	5.74157	5.76705	2.1312	10.068	8.87933	7.58902	9.21069	5.02476	10.705	3.70517	5.06998	
9.46682	10.3384	3.86742	0	14.8479	6.21619	15.1149	16.8258	12.6735	7.87199	5.39179	3.28512	11.1044	0.162255	8.86415	
0.605906	5.55595	5.74157	14.8479	0	6.30028	12.2346	5.53821	6.75286	8.12224	4.68094	11.1315	8.39352	12.3542	5.98378	
6.90619	8.84002	5.76705	6.21619	6.30028	0	7.72475	8.96576	5.23929	1.82196	7.19795	4.83119	11.661	6.05394	6.05461	
7.26687	5.88053	2.1312	15.1149	12.2346	7.72475	0	8.55655	10.0602	10.2428	6.14775	2.89356	6.91589	5.83637	6.2508	
4.9323	2.44034	10.068	16.8258	5.53821	8.96576	8.55655	0	10.5611	7.1438	7.11762	7.80809	1.40498	14.8535	4.1503	
6.14695	5.28363	8.87933	12.6735	6.75286	5.23929	10.0602	10.5611	0	3.41733	8.79332	7.55494	9.4444	10.6778	3.80936	
9.45102	5.70692	7.58902	7.87199	8.12224	1.82196	10.2428	7.1438	3.41733	0	5.37599	6.65315	8.54878	7.70974	4.23264	
4.07503	6.74801	9.21069	5.39179	4.68094	7.19795	6.14775	7.11762	8.79332	5.37599	0	3.25419	5.71264	5.55404	9.60863	
7.32922	5.13207	5.02476	3.28512	11.1315	4.83119	2.89356	7.80809	7.55494	6.65315	3.25419	0	6.16744	3.12286	6.60635	
5.98541	1.03536	10.705	11.1044	8.39352	11.661	6.91589	1.40498	9.4444	8.54878	5.71264	6.16744	0	9.95267	2.50964	
8.84083	8.25494	3.70517	0.162255	12.3542	6.05394	5.83637	14.8535	10.6778	7.70974	5.55404	3.12286	9.95267	0	8.77514	
6.42432	1.47428	5.06998	8.86415	5.98378	6.05461	6.2508	4.1503	3.80936	4.23264	9.60863	6.60635	2.50964	8.77514	0	

0	9.83009	7.4041	1.7888	2.16291	9.36135	8.73296	6.24609	13.3995	8.83935	3.76582	11.1782	6.67621	4.00975	13.0236	
9.83009	0	4.36704	7.46517	10.0579	3.79211	5.76711	10.0511	2.25836	8.34672	5.48815	4.26698	5.54459	7.76139	2.75995	
7.4041	4.36704	0	10.2751	8.09369	5.3282	1.40007	4.77434	5.43546	3.97968	6.19451	7.65675	8.14396	3.39435	7.12699	
1.7888	7.46517	10.2751	0	3.95171	2.96657	6.77146	4.45728	10.2996	12.3133	1.97701	12.3083	10.7917	5.79856	10.8012	
2.16291	10.0579	8.09369	3.95171	0	7.19844	10.8959	10.7357	8.73219	6.67645	8.188	7.19081	4.51331	4.69935	7.84863	
9.36135	3.79211	5.3282	2.96657	7.19844	0	5.784	12.8258	1.53375	1.34852	0.989556	3.75504	8.86996	11.6778	5.53464	
8.73296	5.76711	1.40007	6.77146	10.8959	5.784	0	3.37427	6.83553	5.37975	4.79444	9.42139	6.74389	4.79442	10.0792	
6.24609	10.0511	4.77434	4.45728	10.7357	12.8258	3.37427	0	16.1133	14.301	6.4343	9.59679	6.91929	9.08538	7.29119	
13.3995	2.25836	5.43546	10.2996	8.73219	1.53375	6.83553	16.1133	0	2.88227	2.52331	2.22129	4.8988	8.82981	5.01831	
8.83935	8.34672	3.97968	12.3133	6.67645	1.34852	5.37975	14.301	2.88227	0	2.33808	11.2252	10.5328	7.37403	6.88316	
3.76582	5.48815	6.19451	1.97701	8.188	0.989556	4.79444	6.4343	2.52331	2.33808	0	9.75513	11.0327	8.85773	6.5242	
11.1782	4.26698	7.65675	12.3083	7.19081	3.75504	9.42139	9.59679	2.22129	11.2252	9.75513	0	2.6775	15.1879	6.01282	
6.67621	5.54459	8.14396	10.7917	4.51331	8.86996	6.74389	6.91929	4.8988	10.5328	11.0327	2.6775	0	9.21265	3.33532	
4.00975	7.76139	3.39435	5.79856	4.69935	11.6778	4.79442	9.08538	8.82981	7.37403	8.85773	15.1879	9.21265	0	9.01389	
13.0236	2.75995	7.12699	10.8012	7.84863	5.53464	10.0792	7.29119	5.01831	6.88316	6.5242	6.01282	3.33532	9.01389	0	

0	9.33448	9.96345	14.3975	2.98312	10.2889	6.34126	17.3391	5.65071	6.9471	4.83317	1.87891	3.68131	13.8064	5.46946	
9.33448	0	8.74224	4.11142	7.77961	0.473875	4.37432	1.79264	3.68377	2.01987	6.05879	2.98448	1.18209	4.74722	1.73408	
9.96345	8.74224	0	4.94189	11.6137	8.26837	11.9566	13.057	10.0896	7.73394	9.29215	11.8424	10.7426	5.29843	12.1777	
14.3975	4.11142	4.94189	0	10.9433	3.63754	17.1782	3.31112	9.70843	2.19707	8.91095	13.4531	6.11179	0.356535	8.84348	
2.98312	7.77961	11.6137	10.9433	0	7.30574	15.995	11.9007	4.22507	3.40826	1.85005	4.86203	9.77999	13.7276	11.8421	
10.2889	0.473875	8.26837	3.63754	7.30574	0	6.36085	2.26651	3.90168	1.54599	3.1042	4.27665	1.65596	3.38653	2.20795	
6.34126	4.37432	11.9566	17.1782	15.995	6.36085	0	4.30631	0.690551	3.04624	3.06557	9.12594	7.06906	7.2609	4.47165	
17.3391	1.79264	13.057	3.31112	11.9007	2.26651	4.30631	0	4.99686	4.79512	12.8363	5.25731	2.97472	2.95459	3.52672	
5.65071	3.68377	10.0896	9.70843	4.22507	3.90168	0.690551	4.99686	0	2.35569	2.37502	7.37165	4.86585	4.19622	3.7811	
6.9471	2.01987	7.73394	2.19707	3.40826	1.54599	3.04624	4.79512	2.35569	0	1.55821	8.03428	4.02024	1.84054	4.44373	
4.83317	6.05879	9.29215	8.91095	1.85005	3.1042	3.06557	12.8363	2.37502	1.55821	0	7.26781	12.2257	3.39875	6.00193	
1.87891	2.98448	11.8424	13.4531	4.86203	4.27665	9.12594	5.25731	7.37165	8.03428	7.26781	0	1.80239	12.0775	3.10572	
3.68131	1.18209	10.7426	6.11179	9.77999	1.65596	7.06906	2.97472	4.86585	4.02024	12.2257	1.80239	0	6.40951	1.30332	
13.8064	4.74722	5.29843	0.356535	13.7276	3.38653	7.2609	2.95459	4.19622	1.84054	3.39875	12.0775	6.40951	0	6.28426	
5.46946	1.73408	12.1777	8.84348	11.8421	2.20795	4.47165	3.52672	3.7811	4.44373	6.00193	3.10572	1.30332	6.28426	0	

0	5.2631	7.5619	8.64296	1.05285	2.82421	3.35778	6.21027	3.2722	7.38439	8.42377	7.88115	7.6081	6.74305	7.5211	
5.2631	0	9.26275	11.6677	4.21025	5.98161	3.7501	0.234174	4.68881	7.2481	8.9913	8.22225	1.63201	12.2586	1.86298	
7.5619	9.26275	0	9.35178	7.81759	7.91682	5.22841	15.0493	4.2897	10.6362	9.5968	8.89865	18.5574	10.2296	9.1215	
8.64296	11.6677	9.35178	0	4.40919	2.63783	5.55662	16.0527	7.83976	9.40474	6.63454	15.4597	15.0769	1.89991	3.84251	
1.05285	4.21025	7.81759	4.40919	0	1.77136	2.30493	4.44442	3.24364	8.43725	13.859	12.4325	5.84226	7.7959	2.97605	
2.82421	5.98161	7.91682	2.63783	1.77136	0	2.9188	9.26409	3.85751	6.76691	7.80629	4.11462	1.43566	4.53774	1.20469	
3.35778	3.7501	5.22841	5.55662	2.30493	2.9188	0	3.98427	0.93871	9.68571	11.9975	5.54766	4.86733	6.87856	4.12348	
6.21027	0.234174	15.0493	16.0527	4.44442	9.26409	3.98427	0	6.55296	7.01393	8.0533	8.45642	1.86618	16.6995	7.85519	
3.2722	4.68881	4.2897	7.83976	3.24364	3.85751	0.93871	6.55296	0	10.6566	10.6745	4.60895	7.95079	5.93985	5.57507	
7.38439	7.2481	10.6362	9.40474	8.43725	6.76691	9.68571	7.01393	10.6566	0	1.03938	7.36894	9.58393	5.77401	7.9716	
8.42377	8.9913	9.5968	6.63454	13.859	7.80629	11.9975	8.0533	10.6745	1.03938	0	6.32957	7.59208	4.73463	7.36111	
7.88115	8.22225	8.89865	15.4597	12.4325	4.11462	5.54766	8.45642	4.60895	7.36894	6.32957	0	3.1409	10.5488	2.90993	
7.6081	1.63201	18.5574	15.0769	5.84226	1.43566	4.86733	1.86618	7.95079	9.58393	7.59208	3.1409	0	13.177	0.23097	
6.74305	12.2586	10.2296	1.89991	7.7959	4.53774	6.87856	16.6995	5.93985	5.77401	4.73463	10.5488	13.177	0	10.0809	
7.5211	1.86298	9.1215	3.84251	2.97605	1.20469	4.12348	7.85519	5.57507	7.9716	7.36111	2.90993	0.23097	10.0809	0	

0	6.0725	13.9441	6.38212	0.187051	7.71838	9.43089	6.34966	5.501	3.29672	5.89139	11.6622	4.3268	4.8414	5.13835	
6.0725	0	6.35061	11.8615	13.4239	7.90753	4.39285	3.76856	12.4059	8.49071	8.60639	10.9775	1.7457	9.50782	2.55725	
13.9441	6.35061	0	6.55428	7.81156	5.74773	6.18032	9.48965	10.6112	9.97939	2.25578	12.7649	8.0963	3.15721	7.88793	
6.38212	11.8615	6.55428	0	6.19507	9.75999	3.78714	14.0134	6.8432	3.97474	8.81006	3.80229	2.89107	4.62026	2.07952	
0.187051	13.4239	7.81156	6.19507	0	7.53133	7.20753	12.0571	5.31395	3.10967	5.70434	11.4752	4.51385	4.65435	8.27459	
7.71838	7.90753	5.74773	9.75999	7.53133	0	3.51469	6.82402	6.33914	7.61255	3.49195	10.0993	8.61877	5.13973	5.2223	
9.43089	4.39285	6.18032	3.78714	7.20753	3.51469	0	3.30934	6.47129	4.09786	7.00664	3.43037	2.51916	8.65441	1.70761	
6.34966	3.76856	9.48965	14.0134	12.0571	6.82402	3.30934	0	6.74314	7.4072	9.8213	9.89394	2.02286	11.8131	2.83441	
5.501	12.4059	10.6112	6.8432	5.31395	6.33914	6.47129	6.74314	0	8.42362	9.83109	6.48643	5.57522	9.9683	4.76367	
3.29672	8.49071	9.97939	3.97474	3.10967	7.61255	4.09786	7.4072	8.42362	0	7.72361	10.6825	9.20195	7.76402	5.80547	
5.89139	8.60639	2.25578	8.81006	5.70434	3.49195	7.00664	9.8213	9.83109	7.72361	0	16.7631	10.767	4.68519	11.5786	
11.6622	10.9775	12.7649	3.80229	11.4752	10.0993	3.43037	9.89394	6.48643	10.6825	16.7631	0	2.53431	13.3156	1.72276	
4.3268	1.7457	8.0963	2.89107	4.51385	8.61877	2.51916	2.02286	5.57522	9.20195	10.767	2.53431	0	9.79024	0.811549	
4.8414	9.50782	3.15721	4.62026	4.65435	5.13973	8.65441	11.8131	9.9683	7.76402	4.68519	13.3156	9.79024	0	6.69979	
5.13835	2.55725	7.88793	2.07952	8.27459	5.2223	1.70761	2.83441	4.76367	5.80547	11.5786	1.72276	0.811549	6.69979	0	

0	6.61242	16.5915	9.30365	0.24824	6.94765	7.61693	4.53966	4.49729	5.42112	3.12269	5.31499	7.6162	7.15061	5.73975	
6.61242	0	13.5579	6.9215	12.0334	4.5655	4.8607	3.58096	2.11513	6.28556	8.89563	4.75997	3.16953	13.1028	3.93592	
16.5915	13.5579	0	16.9006	10.9085	9.24099	7.16053	13.4649	12.0942	5.73567	8.11901	11.2006	10.3883	23.7126	11.5681	
9.30365	6.9215	16.9006	0	7.76479	7.25673	7.92602	10.0901	4.80637	9.87917	2.80503	11.2446	10.1254	0.568252	7.78937	
0.24824	12.0334	10.9085	7.76479	0	5.21547	6.59774	4.7879	4.74552	5.17288	2.87445	5.56323	12.0574	5.11123	12.9013	
6.94765	4.5655	9.24099	7.25673	5.21547	0	4.61392	7.85934	2.45037	3.50532	2.34102	7.81831	7.76939	4.5778	5.43337	
7.61693	4.8607	7.16053	7.92602	6.59774	4.61392	0	3.24542	3.11965	1.42486	3.8082	3.20439	6.32196	6.27171	4.02844	
4.53966	3.58096	13.4649	10.0901	4.7879	7.85934	3.24542	0	4.1831	4.67028	7.28035	2.02414	2.37986	9.52186	1.20009	
4.49729	2.11513	12.0942	4.80637	4.74552	2.45037	3.11965	4.1831	0	4.54451	4.79139	3.80705	4.16277	5.37462	2.983	
5.42112	6.28556	5.73567	9.87917	5.17288	3.50532	1.42486	4.67028	4.54451	0	2.38334	4.62925	6.8845	4.62011	6.28896	
3.12269	8.89563	8.11901	2.80503	2.87445	2.34102	3.8082	7.28035	4.79139	2.38334	0	7.23932	9.26784	2.23678	10.0371	
5.31499	4.75997	11.2006	11.2446	5.56323	7.81831	3.20439	2.02414	3.80705	4.62925	7.23932	0	2.00381	11.4498	0.82405	
7.6162	3.16953	10.3883	10.1254	12.0574	7.76939	6.32196	2.37986	4.16277	6.8845	9.26784	2.00381	0	12.5984	1.17976	
7.15061	13.1028	23.7126	0.568252	5.11123	4.5778	6.27171	9.52186	5.37462	4.62011	2.23678	11.4498	12.5984	0	10.722	
5.73975	3.93592	11.5681	7.78937	12.9013	5.43337	4.02844	1.20009	2.983	6.28896	10.0371	0.82405	1.17976	10.722	0	

0	10.8965	12.1686	4.13462	0.386982	5.56147	13.3726	7.32957	8.21747	3.38486	1.83852	7.77896	14.3044	1.54853	11.0397	
10.8965	0	6.85346	6.85235	13.6008	11.1673	5.07044	3.91584	4.46	12.7921	9.40689	8.38562	2.38756	9.34796	7.05251	
12.1686	6.85346	0	10.3775	12.5556	9.21214	4.30186	2.93762	7.93815	11.9367	8.42866	8.76392	9.23438	13.7172	6.07428	
4.13462	6.85235	10.3775	0	8.91576	1.16535	11.4594	11.9488	12.2257	6.00092	9.89824	11.4518	4.46479	2.58609	11.2778	
0.386982	13.6008	12.5556	8.91576	0	5.94845	12.9857	8.30061	9.18851	2.99788	2.22551	6.17067	15.9883	1.93551	12.0107	
5.56147	11.1673	9.21214	1.16535	5.94845	0	14.1906	12.1498	15.0865	4.83558	6.45485	8.00837	5.63014	3.75143	13.5485	
13.3726	5.07044	4.30186	11.4594	12.9857	14.1906	0	1.36424	1.46702	6.48797	6.85529	3.31518	6.99458	14.4184	4.5009	
7.32957	3.91584	2.93762	11.9488	8.30061	12.1498	1.36424	0	2.83126	7.11032	5.49105	4.67942	6.30341	13.2638	3.13666	
8.21747	4.46	7.93815	12.2257	9.18851	15.0865	1.46702	2.83126	0	7.99822	6.37895	4.7822	6.84756	13.808	10.2458	
3.38486	12.7921	11.9367	6.00092	2.99788	4.83558	6.48797	7.11032	7.99822	0	1.61927	3.17279	12.7438	6.52305	5.84581	
1.83852	9.40689	8.42866	9.89824	2.22551	6.45485	6.85529	5.49105	6.37895	1.61927	0	4.79207	12.9751	3.38705	8.61345	
7.77896	8.38562	8.76392	11.4518	6.17067	8.00837	3.31518	4.67942	4.7822	3.17279	4.79207	0	9.486	10.945	2.67302	
14.3044	2.38756	9.23438	4.46479	15.9883	5.63014	6.99458	6.30341	6.84756	12.7438	12.9751	9.486	0	7.05088	6.81298	
1.54853	9.34796	13.7172	2.58609	1.93551	3.75143	14.4184	13.2638	13.808	6.52305	3.38705	10.945	7.05088	0	15.3872	
11.0397	7.05251	6.07428	11.2778	12.0107	13.5485	4.5009	3.13666	10.2458	5.84581	8.61345	2.67302	6.81298	15.3872	0	

0	5.1827	3.11051	4.27815	0.569686	1.37654	6.83031	6.24418	5.17665	2.37481	3.46576	13.4328	5.16456	4.07727	7.83647	
5.1827	0	9.90316	9.46085	5.75239	6.55924	12.1976	4.64895	11.8844	7.55752	15.6265	11.1823	3.56933	10.1296	6.24124	
3.11051	9.90316	0	6.44795	9.67256	1.73397	7.4928	7.41345	4.95926	9.65563	10.1058	10.8158	6.33383	10.5917	9.00575	
4.27815	9.46085	6.44795	0	4.84784	4.71398	10.7764	8.12006	8.51408	2.33276	12.5082	16.7702	9.19968	0.630295	13.5635	
0.569686	5.75239	9.67256	4.84784	0	1.94622	14.001	22.542	11.7387	2.9445	12.5713	18.3794	5.73425	11.0892	10.2757	
1.37654	6.55924	1.73397	4.71398	1.94622	0	6.06245	10.8595	3.80011	3.75135	8.94669	9.65666	6.5411	5.34427	8.84948	
6.83031	12.1976	7.4928	10.7764	14.001	6.06245	0	4.79704	2.53354	4.4555	5.54644	7.05581	5.87666	6.15796	5.03731	
6.24418	4.64895	7.41345	8.12006	22.542	10.8595	4.79704	0	7.33057	9.25254	10.531	11.8528	1.07962	8.75035	3.75154	
5.17665	11.8844	4.95926	8.51408	11.7387	3.80011	2.53354	7.33057	0	6.23753	5.14658	5.85656	8.31508	12.6579	7.57085	
2.37481	7.55752	9.65563	2.33276	2.9445	3.75135	4.4555	9.25254	6.23753	0	1.09094	11.5113	7.53937	1.70246	7.90572	
3.46576	15.6265	10.1058	12.5082	12.5713	8.94669	5.54644	10.531	5.14658	1.09094	0	11.0031	9.48669	2.7934	6.81477	
13.4328	11.1823	10.8158	16.7702	18.3794	9.65666	7.05581	11.8528	5.85656	11.5113	11.0031	0	10.7755	13.758	8.10363	
5.16456	3.56933	6.33383	9.19968	5.73425	6.5411	5.87666	1.07962	8.31508	7.53937	9.48669	10.7755	0	10.3801	2.67191	
4.07727	10.1296	10.5917	0.630295	11.0892	5.34427	6.15796	8.75035	12.6579	1.70246	2.7934	13.758	10.3801	0	17.7073	
7.83647	6.24124	9.00575	13.5635	10.2757	8.84948	5.03731	3.75154	7.57085	7.90572	6.81477	8.10363	2.67191	17.7073	0	

0	10.9142	3.87742	5.52856	1.47257	5.13199	7.42862	6.51157	10.994	7.7085	8.99173	6.46564	8.32206	9.03798	11.582	
10.9142	0	4.00686	9.31535	8.60834	9.8866	3.48554	1.37271	7.08292	5.03037	16.1243	4.13526	2.27884	9.43511	4.2911	
3.87742	4.00686	0	1.65114	5.34999	1.25457	7.65563	2.63415	4.21216	2.86086	7.10656	9.61297	6.8487	5.26574	7.57969	
5.52856	9.31535	1.65114	0	8.08917	2.90571	7.89029	4.28529	5.06334	1.20972	5.45542	9.59172	3.96126	2.53921	12.0436	
1.47257	8.60834	5.34999	8.08917	0	10.6679	8.90119	7.23563	12.5461	6.87945	7.51916	7.93821	9.63099	8.20893	12.1812	
5.13199	9.8866	1.25457	2.90571	10.6679	0	6.40105	3.88873	2.95758	7.16951	6.67278	7.48596	9.92105	6.52032	10.5544	
7.42862	3.48554	7.65563	7.89029	8.90119	6.40105	0	4.85825	9.35864	9.10001	13.0738	9.04216	5.76438	11.8523	4.15334	
6.51157	1.37271	2.63415	4.28529	7.23563	3.88873	4.85825	0	8.45562	6.96608	14.7548	6.07097	3.65154	7.8999	4.94554	
10.994	7.08292	4.21216	5.06334	12.5461	2.95758	9.35864	8.45562	0	5.55273	9.63036	4.52838	6.3848	4.22324	11.9222	
7.7085	5.03037	2.86086	1.20972	6.87945	7.16951	9.10001	6.96608	5.55273	0	6.66514	4.60796	2.75154	1.32949	4.7638	
8.99173	16.1243	7.10656	5.45542	7.51916	6.67278	13.0738	14.7548	9.63036	6.66514	0	15.5369	10.7702	9.34817	19.1022	
6.46564	4.13526	9.61297	9.59172	7.93821	7.48596	9.04216	6.07097	4.52838	4.60796	15.5369	0	1.85642	8.75162	3.86869	
8.32206	2.27884	6.8487	3.96126	9.63099	9.92105	5.76438	3.65154	6.3848	2.75154	10.7702	1.85642	0	4.08102	2.01226	
9.03798	9.43511	5.26574	2.53921	8.20893	6.52032	11.8523	7.8999	4.22324	1.32949	9.34817	8.75162	4.08102	0	7.69893	
11.582	4.2911	7.57969	12.0436	12.1812	10.5544	4.15334	4.94554	11.9222	4.7638	19.1022	3.86869	2.01226	7.69893	0	

0	2.8299	5.54749	7.59232	1.11426	2.99891	3.52607	4.50263	5.87141	1.82565	4.20964	12.3875	5.58157	14.1072	7.17221	
2.8299	0	6.92357	8.74828	7.58453	2.17751	2.70467	2.04543	5.05001	1.00425	3.38824	3.66514	0.96648	2.90982	4.7718	
5.54749	6.92357	0	3.79289	4.43323	4.69077	6.96883	9.21402	1.71593	5.76169	4.40352	7.71148	8.13507	5.02721	10.985	
7.59232	8.74828	3.79289	0	6.47806	1.91134	10.5023	23.3314	5.50882	7.68874	8.19641	3.91859	5.65271	1.23432	6.04118	
1.11426	7.58453	4.43323	6.47806	0	7.75353	8.28069	5.61689	6.14916	2.93991	8.83675	10.3967	10.8031	7.71238	11.9268	
2.99891	2.17751	4.69077	1.91134	7.75353	0	2.87367	4.47845	5.21902	1.17326	2.4553	5.42617	3.19928	0.677012	6.51982	
3.52607	2.70467	6.96883	10.5023	8.28069	2.87367	0	2.82589	5.74618	1.70042	4.08441	4.44561	1.74694	6.16533	5.81158	
4.50263	2.04543	9.21402	23.3314	5.61689	4.47845	2.82589	0	12.0546	3.24989	14.5003	3.77761	1.07895	5.49733	5.14358	
5.87141	5.05001	1.71593	5.50882	6.14916	5.21902	5.74618	12.0546	0	4.04576	6.11944	11.3916	9.851	8.20251	9.26904	
1.82565	1.00425	5.76169	7.68874	2.93991	1.17326	1.70042	3.24989	4.04576	0	2.38399	6.59943	1.97073	1.85027	5.34656	
4.20964	3.38824	4.40352	8.19641	8.83675	2.4553	4.08441	14.5003	6.11944	2.38399	0	7.88147	6.35098	3.13231	7.73055	
12.3875	3.66514	7.71148	3.91859	10.3967	5.42617	4.44561	3.77761	11.3916	6.59943	7.88147	0	2.69866	5.15292	2.12259	
5.58157	0.96648	8.13507	5.65271	10.8031	3.19928	1.74694	1.07895	9.851	1.97073	6.35098	2.69866	0	4.41838	4.06463	
14.1072	2.90982	5.02721	1.23432	7.71238	0.677012	6.16533	5.49733	8.20251	1.85027	3.13231	5.15292	4.41838	0	8.48302	
7.17221	4.7718	10.985	6.04118	11.9268	6.51982	5.81158	5.14358	9.26904	5.34656	7.73055	2.12259	4.06463	8.48302	0	

0	17.8784	4.61579	5.84755	0.805339	5.75318	26.5419	13.279	5.99935	6.68753	2.8428	6.67405	3.9461	5.93782	20.527	
17.8784	0	14.312	8.75342	10.1331	10.2059	8.65019	4.99871	6.83278	11.0498	10.1122	10.6183	6.99234	10.3339	7.35528	
4.61579	14.312	0	4.07626	5.42113	2.62377	14.1282	11.7834	4.19766	8.00121	9.10455	12.3729	12.9746	3.57788	8.61204	
5.84755	8.75342	4.07626	0	3.39624	1.45248	12.1308	12.3299	3.02637	7.40641	1.35878	3.54406	14.2162	1.58044	7.44075	
0.805339	10.1331	5.42113	3.39624	0	4.94784	11.5064	7.02809	5.19401	6.55319	2.03746	4.22274	3.14076	5.13248	3.5037	
5.75318	10.2059	2.62377	1.45248	4.94784	0	12.2678	3.40797	1.57389	2.93307	2.81127	10.1998	5.72535	3.03292	5.98826	
26.5419	8.65019	14.1282	12.1308	11.5064	12.2678	0	13.6489	12.5171	6.43968	4.25323	2.06795	5.69393	10.5504	8.72853	
13.279	4.99871	11.7834	12.3299	7.02809	3.40797	13.6489	0	1.83408	3.19326	10.9711	9.82784	5.98554	11.0025	6.56479	
5.99935	6.83278	4.19766	3.02637	5.19401	1.57389	12.5171	1.83408	0	1.35918	7.23147	5.73091	4.15146	7.32398	4.5144	
6.68753	11.0498	8.00121	7.40641	6.55319	2.93307	6.43968	3.19326	1.35918	0	6.55701	4.37173	5.51065	10.5276	7.12695	
2.8428	10.1122	9.10455	1.35878	2.03746	2.81127	4.25323	10.9711	7.23147	6.55701	0	2.18528	5.17822	2.93922	11.9126	
6.67405	10.6183	12.3729	3.54406	4.22274	10.1998	2.06795	9.82784	5.73091	4.37173	2.18528	0	3.62598	12.1706	3.98892	
3.9461	6.99234	12.9746	14.2162	3.14076	5.72535	5.69393	5.98554	4.15146	5.51065	5.17822	3.62598	0	8.27325	0.362938	
5.93782	10.3339	3.57788	1.58044	5.13248	3.03292	10.5504	11.0025	7.32398	10.5276	2.93922	12.1706	8.27325	0	11.7384	
20.527	7.35528	8.61204	7.44075	3.5037	5.98826	8.72853	6.56479	4.5144	7.12695	11.9126	3.98892	0.362938	11.7384	0	

-111