20
5
3
5
20

6	7
19	44
37	23
35	6
5	8

20	35
8	31
29	43
18	39
19	47
31	24
38	50
33	21
2	27
1	12
26	20
20	33
15	46
20	26
17	19
15	12
5	30
13	40
38	5
9	40

70

1.79769e+308
1.79769e+308
1.79769e+308
1.79769e+308
1.79769e+308

17
18
13
19
12
18
13
13
17
20
16
18
15
11
18
16
15
15
15
16

0
0
0
0
0

0

0	22.0674	25.6631	10.156	1.85262	13.1423	17.9304	13.1565	20.706	16.9316	16.6704	15.9796	12.9661	10.8099	3.66281	13.9932	10.9023	20.4127	8.73231	14.368	14.1308	15.9011	13.3973	11.7055	12.4713	
22.0674	0	14.8433	22.2007	16.7367	6.51988	3.40588	8.94439	6.11882	2.85039	11.9918	8.65826	12.6335	9.27905	13.0533	7.86555	7.81988	1.65469	10.9299	20.6825	14.5747	6.91601	5.19199	13.6925	6.38577	
25.6631	14.8433	0	15.5767	18.2241	8.32346	14.9412	14.428	9.93343	17.5955	10.1021	15.9409	7.1107	16.1455	17.6922	8.4373	7.29754	13.5192	9.46754	14.9572	21.6307	19.2292	10.388	17.1262	14.7785	
10.156	22.2007	15.5767	0	12.0087	19.0733	13.1148	16.8491	18.4874	12.152	9.03515	14.1127	14.2894	13.2992	18.4949	10.7	21.5364	19.3723	16.9732	21.5375	20.445	9.60469	17.0087	1.54952	12.6204	
1.85262	16.7367	18.2241	12.0087	0	12.6704	14.4275	15.0958	13.0234	21.5471	16.4136	20.5311	11.1135	12.6625	1.81019	17.7467	11.3704	13.2088	10.5849	15.4086	12.2782	11.5829	11.5447	18.7555	14.0408	
13.1423	6.51988	8.32346	19.0733	12.6704	0	4.94733	7.70662	1.60997	6.39141	11.4138	10.443	6.11359	6.15161	16.0182	8.26653	1.3	5.19571	3.47	10.0457	16.7488	12.3196	2.06456	18.8535	4.78456	
17.9304	3.40588	14.9412	13.1148	14.4275	4.94733	0	12.3503	4.36149	6.49588	21.6677	19.1465	18.0038	6.96983	13.2828	9.08474	8.72348	5.06057	7.08944	14.3619	15.2943	3.51013	2.88278	15.8795	3.35049	
13.1565	8.94439	14.428	16.8491	15.0958	7.70662	12.3503	0	9.31659	10.2318	12.3622	2.73642	13.8202	16.2962	18.5846	9.68501	6.59414	9.73999	4.42414	10.0598	16.763	19.0621	9.77118	20.8343	8.16308	
20.706	6.11882	9.93343	18.4874	13.0234	1.60997	4.36149	9.31659	0	9.20882	13.4976	14.38	7.72356	5.56577	19.9277	7.68068	2.90997	6.79134	6.01997	15.7725	23.3557	10.7128	1.47872	23.8246	4.19872	
16.9316	2.85039	17.5955	12.152	21.5471	6.39141	6.49588	10.2318	9.20882	0	11.1552	8.19927	15.3856	16.7318	12.5943	7.40656	10.3693	1.1957	7.03471	13.835	14.1157	6.31146	6.01577	10.6025	3.29577	
16.6704	11.9918	10.1021	9.03515	16.4136	11.4138	21.6677	12.3622	13.4976	11.1552	0	17.3407	5.30016	12.6648	21.7357	1.66481	10.108	7.87567	6.92569	8.18469	14.2	18.6398	7.86678	10.5847	11.677	
15.9796	8.65826	15.9409	14.1127	20.5311	10.443	19.1465	2.73642	14.38	8.19927	17.3407	0	23.0226	18.6476	18.4021	13.2144	9.16077	7.00357	7.16056	32.5757	19.9236	21.0925	12.3162	15.6622	11.9517	
12.9661	12.6335	7.1107	14.2894	11.1135	6.11359	18.0038	13.8202	7.72356	15.3856	5.30016	23.0226	0	22.4551	12.9236	6.96497	7.41359	11.3093	10.5236	17.5757	17.7097	18.5289	8.17815	12.7399	15.4175	
10.8099	9.27905	16.1455	13.2992	12.6625	6.15161	6.96983	16.2962	5.56577	16.7318	12.6648	18.6476	22.4551	0	14.8639	10.289	9.48683	9.39968	11.6568	10.2762	7.1458	5.09117	4.08705	14.8487	6.80705	
3.66281	13.0533	17.6922	18.4949	1.81019	16.0182	13.2828	18.5846	19.9277	12.5943	21.7357	18.4021	12.9236	14.8639	0	17.6094	13.1805	11.3986	14.1605	17.115	14.0884	9.77272	13.3549	16.9454	12.2306	
13.9932	7.86555	8.4373	10.7	17.7467	8.26653	9.08474	9.68501	7.68068	7.40656	1.66481	13.2144	6.96497	10.289	17.6094	0	7.43087	6.21086	5.26087	6.51988	9.65032	16.0912	6.20197	10.3731	8.92197	
10.9023	7.81988	7.29754	21.5364	11.3704	1.3	8.72348	6.59414	2.90997	10.3693	10.108	9.16077	7.41359	9.48683	13.1805	7.43087	0	6.49571	2.17	7.80567	14.5088	11.9317	3.36456	26.6031	5.90894	
20.4127	1.65469	13.5192	19.3723	13.2088	5.19571	5.06057	9.73999	6.79134	1.1957	7.87567	7.00357	11.3093	9.39968	11.3986	6.21086	6.49571	0	9.39498	12.7307	12.92	9.88877	5.31263	11.7982	4.49147	
8.73231	10.9299	9.46754	16.9732	10.5849	3.47	7.08944	4.42414	6.01997	7.03471	6.92569	7.16056	10.5236	11.6568	14.1605	5.26087	2.17	9.39498	0	5.63567	8.76612	6.75464	6.45894	15.6339	3.73894	
14.368	20.6825	14.9572	21.5375	15.4086	10.0457	14.3619	10.0598	15.7725	13.835	8.18469	32.5757	17.5757	10.2762	17.115	6.51988	7.80567	12.7307	5.63567	0	3.13045	14.0271	12.7218	16.8929	9.37462	
14.1308	14.5747	21.6307	20.445	12.2782	16.7488	15.2943	16.763	23.3557	14.1157	14.2	19.9236	17.7097	7.1458	14.0884	9.65032	14.5088	12.92	8.76612	3.13045	0	12.237	11.2328	23.5665	14.1418	
15.9011	6.91601	19.2292	9.60469	11.5829	12.3196	3.51013	19.0621	10.7128	6.31146	18.6398	21.0925	18.5289	5.09117	9.77272	16.0912	11.9317	9.88877	6.75464	14.0271	12.237	0	5.73569	11.1542	3.01569	
13.3973	5.19199	10.388	17.0087	11.5447	2.06456	2.88278	9.77118	1.47872	6.01577	7.86678	12.3162	8.17815	4.08705	13.3549	6.20197	3.36456	5.31263	6.45894	12.7218	11.2328	5.73569	0	16.575	2.72	
11.7055	13.6925	17.1262	1.54952	18.7555	18.8535	15.8795	20.8343	23.8246	10.6025	10.5847	15.6622	12.7399	14.8487	16.9454	10.3731	26.6031	11.7982	15.6339	16.8929	23.5665	11.1542	16.575	0	13.8982	
12.4713	6.38577	14.7785	12.6204	14.0408	4.78456	3.35049	8.16308	4.19872	3.29577	11.677	11.9517	15.4175	6.80705	12.2306	8.92197	5.90894	4.49147	3.73894	9.37462	14.1418	3.01569	2.72	13.8982	0	

0	15.4041	7.32596	8.10326	1.18794	15.2682	14.8361	26.1529	18.0434	15.6238	12.1313	22.5533	12.0217	19.0733	2.68701	10.5185	15.6093	12.4077	15.1045	12.8603	9.78085	16.5163	10.795	15.0779	14.075	
15.4041	0	12.9425	16.0745	24.2342	7.2494	4.42764	4.42195	6.2208	3.15	13.915	12.0611	18.9424	11.3503	16.5767	9.75	6.95858	2.99633	11.3176	11.01	12.7871	6.7361	7.42744	14.5045	7.23897	
7.32596	12.9425	0	8.93291	8.5139	8.03914	15.4276	12.4704	16.0356	20.7095	4.80538	17.562	4.69574	25.1421	10.013	3.19249	17.224	19.7337	12.7742	12.8495	12.1418	24.2447	18.1209	7.75194	11.3341	
8.10326	16.0745	8.93291	0	6.91532	11.1711	18.5596	15.6024	12.2682	25.2915	7.73455	19.2454	4.23717	31.0993	11.5539	6.32446	16.7984	17.6176	12.3156	10.0418	11.6833	30.0668	19.4687	3.98447	22.7173	
1.18794	24.2342	8.5139	6.91532	0	16.5614	16.7877	27.7239	22.506	20.5575	12.5168	21.3654	11.1525	19.9362	3.87495	13.2398	17.7844	13.5957	15.2107	12.6975	10.9688	18.4679	11.9829	10.8998	15.802	
15.2682	7.2494	8.03914	11.1711	16.5614	0	4.35822	14.1246	1.02859	9.35957	4.04465	19.8175	7.54204	4.3335	18.896	4.84665	1.02	6.66426	4.14	6.65321	6.8485	7.26092	4.47321	9.31229	7.75321	
14.8361	4.42764	15.4276	18.5596	16.7877	4.35822	0	5.07922	3.32962	7.57764	15.7652	12.7184	14.9685	5.23588	12.1491	12.2351	11.1721	7.2833	6.89	9.15	14.0455	2.30846	11.737	11.6133	7.04741	
26.1529	4.42195	12.4704	15.6024	27.7239	14.1246	5.07922	0	8.40885	7.57195	14.4004	7.63918	18.4703	12.0019	17.2283	9.27793	11.3805	7.41828	11.9692	14.2292	20.4088	7.38769	11.8494	19.2668	14.3157	
18.0434	6.2208	16.0356	12.2682	22.506	1.02859	3.32962	8.40885	0	8.85169	5.07324	15.9076	18.8639	5.36209	15.4787	5.87524	2.04859	5.63567	5.16859	10.1447	13.6709	5.63809	5.5018	8.28369	9.87831	
15.6238	3.15	20.7095	25.2915	20.5575	9.35957	7.57764	7.57195	8.85169	0	16.185	13.4879	16.8897	19.3492	24.5756	12.9	10.1086	3.21602	10.3732	7.85997	14.0911	14.735	4.88636	13.9173	7.45866	
12.1313	13.915	4.80538	7.73455	12.5168	4.04465	15.7652	14.4004	5.07324	16.185	0	18.5056	3.49738	8.37815	17.1554	5.1225	5.06465	10.7713	8.18465	8.325	10.9435	11.2677	8.51786	12.5573	6.52871	
22.5533	12.0611	17.562	19.2454	21.3654	19.8175	12.7184	7.63918	15.9076	13.4879	18.5056	0	15.0082	30.3246	23.3366	16.9171	18.4897	10.2719	23.0867	22.6656	17.3232	27.3972	20.9604	23.905	14.5145	
12.0217	18.9424	4.69574	4.23717	11.1525	7.54204	14.9685	18.4703	18.8639	16.8897	3.49738	15.0082	0	19.7712	20.327	7.88823	12.5612	20.7789	8.07847	9.02973	7.44611	15.5301	21.0747	8.22164	10.0261	
19.0733	11.3503	25.1421	31.0993	19.9362	4.3335	5.23588	12.0019	5.36209	19.3492	8.37815	30.3246	19.7712	0	16.3863	9.18015	5.3535	8.37679	8.4735	13.4496	13.0385	2.92742	7.41415	15.8788	4.13415	
2.68701	16.5767	10.013	11.5539	3.87495	18.896	12.1491	17.2283	15.4787	24.5756	17.1554	23.3366	20.327	16.3863	0	21.2929	22.423	15.0948	17.7915	15.5473	12.4679	13.8293	13.482	14.686	18.5683	
10.5185	9.75	3.19249	6.32446	13.2398	4.84665	12.2351	9.27793	5.87524	12.9	5.1225	16.9171	7.88823	9.18015	21.2929	0	5.86665	12.7463	8.98665	12.8586	16.6385	14.5436	9.31986	9.98887	11.6512	
15.6093	6.95858	17.224	16.7984	17.7844	1.02	11.1721	11.3805	2.04859	10.1086	5.06465	18.4897	12.5612	5.3535	22.423	5.86665	0	8.21775	5.16	9.16321	5.8285	10.1374	5.49321	12.5653	11.3441	
12.4077	2.99633	19.7337	17.6176	13.5957	6.66426	7.2833	7.41828	5.63567	3.21602	10.7713	10.2719	20.7789	8.37679	15.0948	12.7463	8.21775	0	13.6856	11.076	13.6924	8.98159	7.52264	13.6331	4.24264	
15.1045	11.3176	12.7742	12.3156	15.2107	4.14	6.89	11.9692	5.16859	10.3732	8.18465	23.0867	8.07847	8.4735	17.7915	8.98665	5.16	13.6856	0	2.51321	12.4785	7.4516	8.61321	8.57053	12.1905	
12.8603	11.01	12.8495	10.0418	12.6975	6.65321	9.15	14.2292	10.1447	7.85997	8.325	22.6656	9.02973	13.4496	15.5473	12.8586	9.16321	11.076	2.51321	0	9.97375	9.96481	12.7463	6.05733	14.8537	
9.78085	12.7871	12.1418	11.6833	10.9688	6.8485	14.0455	20.4088	13.6709	14.0911	10.9435	17.3232	7.44611	13.0385	12.4679	16.6385	5.8285	13.6924	12.4785	9.97375	0	11.737	12.7298	16.0311	9.44976	
16.5163	6.7361	24.2447	30.0668	18.4679	7.26092	2.30846	7.38769	5.63809	14.735	11.2677	27.3972	15.5301	2.92742	13.8293	14.5436	10.1374	8.98159	7.4516	9.96481	11.737	0	8.01895	17.4525	4.73895	
10.795	7.42744	18.1209	19.4687	11.9829	4.47321	11.737	11.8494	5.5018	4.88636	8.51786	20.9604	21.0747	7.41415	13.482	9.31986	5.49321	7.52264	8.61321	12.7463	12.7298	8.01895	0	15.4842	3.28	
15.0779	14.5045	7.75194	3.98447	10.8998	9.31229	11.6133	19.2668	8.28369	13.9173	12.5573	23.905	8.22164	15.8788	14.686	9.98887	12.5653	13.6331	8.57053	6.05733	16.0311	17.4525	15.4842	0	17.8757	
14.075	7.23897	11.3341	22.7173	15.802	7.75321	7.04741	14.3157	9.87831	7.45866	6.52871	14.5145	10.0261	4.13415	18.5683	11.6512	11.3441	4.24264	12.1905	14.8537	9.44976	4.73895	3.28	17.8757	0	

0	12.69	17.9704	13.4899	1.25865	10.2158	10.2257	10.68	12.3518	17.0015	17.4453	18.2241	12.4697	11.0212	9.05097	17.1747	17.7594	13.2082	15.1045	7.60739	5.13597	8.51804	17.3858	10.5806	13.5858	
12.69	0	12.4464	9.89545	18.3337	8.22448	9.8242	2.00998	5.22849	4.89	12.3616	15.101	8.34701	7.33235	18.4707	14.7267	8.56876	2.728	6.67027	10.0598	10.8538	8.5607	3.74977	12.8047	5.27359	
17.9704	12.4464	0	10.0406	20.0141	9.76452	14.4827	14.4564	14.4195	13.1585	2.91973	18.1127	5.50073	15.2783	17.7671	2.28035	8.03629	13.5102	6.55982	5.17807	18.8987	12.7751	11.5686	9.9641	16.7408	
13.4899	9.89545	10.0406	0	16.1183	11.3059	9.77557	11.9054	11.198	14.7855	9.51548	19.5048	4.53982	10.5711	17.1046	10.593	15.1549	12.5493	5.75	9.76959	10.6026	8.06794	9.71926	2.9093	13.5193	
1.25865	18.3337	20.0141	16.1183	0	8.9572	10.5593	11.9387	9.94107	14.6167	10.2139	16.084	13.7283	12.6954	8.20244	9.24646	11.0772	14.4669	11.9083	6.34874	3.87732	9.77669	12.5718	11.5706	14.8444	
10.2158	8.22448	9.76452	11.3059	8.9572	0	7.8378	12.4793	0.98387	4.93438	6.84479	18.956	11.8205	21.6526	17.1596	13.44	2.12	9.45281	13.32	10.71	12.8345	17.0455	2.46259	8.39657	9.18311	
10.2257	9.8242	14.4827	9.77557	10.5593	7.8378	0	8.25836	7.04595	11.8441	10.8344	7.45722	16.3329	4.21079	12.702	19.8924	5.7178	11.7821	11.0832	15.4909	6.68199	1.70763	6.07442	14.3753	9.23649	
10.68	2.00998	14.4564	11.9054	11.9387	12.4793	8.25836	0	9.25058	6.89998	11.915	14.1382	10.357	9.05388	14.8638	10.9476	10.3593	4.73798	8.68024	8.04984	8.84382	6.55073	5.75975	14.0584	13.9998	
12.3518	5.22849	14.4195	11.198	9.94107	0.98387	7.04595	9.25058	0	3.95051	6.44472	17.6076	11.9432	13.2102	19.2955	14.8286	1.32816	7.74376	6.48751	16.8633	14.9704	19.1513	1.47872	9.38044	5.27872	
17.0015	4.89	13.1585	14.7855	14.6167	4.93438	11.8441	6.89998	3.95051	0	12.5043	13.6571	11.8028	8.3976	19.6042	10.8781	5.27866	3.79326	11.5603	12.9128	18.526	13.5517	5.42922	14.0561	6.33884	
17.4453	12.3616	2.91973	9.51548	10.2139	6.84479	10.8344	11.915	6.44472	12.5043	0	13.6004	4.97566	13.0452	11.2002	5.20008	5.11656	12.9852	7.15542	3.86518	12.6741	10.9402	10.1149	14.279	13.9149	
18.2241	15.101	18.1127	19.5048	16.084	18.956	7.45722	14.1382	17.6076	13.6571	13.6004	0	20.3825	16.9038	17.0702	12.633	13.175	12.373	15.2948	9.73526	14.1392	9.16485	13.5316	23.5161	14.9186	
12.4697	8.34701	5.50073	4.53982	13.7283	11.8205	16.3329	10.357	11.9432	11.8028	4.97566	20.3825	0	12.6139	20.2773	7.78108	10.0922	8.00952	10.2898	8.84084	25.4422	12.6078	12.0968	7.44912	10.5551	
11.0212	7.33235	15.2783	10.5711	12.6954	21.6526	4.21079	9.05388	13.2102	8.3976	13.0452	16.9038	12.6139	0	10.373	12.0777	15.1643	4.60435	9.91527	9.18	11.5633	2.50316	14.5339	27.7575	7.14993	
9.05097	18.4707	17.7671	17.1046	8.20244	17.1596	12.702	14.8638	19.2955	19.6042	11.2002	17.0702	20.2773	10.373	0	10.2327	24.0504	14.9773	11.8004	7.33498	6.02	12.8761	16.8092	13.7133	18.3565	
17.1747	14.7267	2.28035	10.593	9.24646	13.44	19.8924	10.9476	14.8286	10.8781	5.20008	12.633	7.78108	12.0777	10.2327	0	11.7118	14.6714	8.06102	2.89772	11.7067	15.0555	13.0698	7.68375	27.865	
17.7594	8.56876	8.03629	15.1549	11.0772	2.12	5.7178	10.3593	1.32816	5.27866	5.11656	13.175	10.0922	15.1643	24.0504	11.7118	0	9.93398	11.2455	8.98174	12.3998	7.42543	2.80687	10.5166	10.0367	
13.2082	2.728	13.5102	12.5493	14.4669	9.45281	11.7821	4.73798	7.74376	3.79326	12.9852	12.373	8.00952	4.60435	14.9773	14.6714	9.93398	0	9.39827	13.7843	20.2981	7.1075	6.34558	20.6825	2.54558	
15.1045	6.67027	6.55982	5.75	11.9083	13.32	11.0832	8.68024	6.48751	11.5603	7.15542	15.2948	10.2898	9.91527	11.8004	8.06102	11.2455	9.39827	0	5.55951	12.3388	12.4184	5.00879	8.6593	8.80879	
7.60739	10.0598	5.17807	9.76959	6.34874	10.71	15.4909	8.04984	16.8633	12.9128	3.86518	9.73526	8.84084	9.18	7.33498	2.89772	8.98174	13.7843	5.55951	0	8.80893	11.6832	10.5683	10.5815	23.9784	
5.13597	10.8538	18.8987	10.6026	3.87732	12.8345	6.68199	8.84382	14.9704	18.526	12.6741	14.1392	25.4422	11.5633	6.02	11.7067	12.3998	20.2981	12.3388	8.80893	0	8.38962	12.7564	7.69332	15.9185	
8.51804	8.5607	12.7751	8.06794	9.77669	17.0455	1.70763	6.55073	19.1513	13.5517	10.9402	9.16485	12.6078	2.50316	12.8761	15.0555	7.42543	7.1075	12.4184	11.6832	8.38962	0	7.78205	10.9772	7.86234	
17.3858	3.74977	11.5686	9.71926	12.5718	2.46259	6.07442	5.75975	1.47872	5.42922	10.1149	13.5316	12.0968	14.5339	16.8092	13.0698	2.80687	6.34558	5.00879	10.5683	12.7564	7.78205	0	10.7529	3.8	
10.5806	12.8047	9.9641	2.9093	11.5706	8.39657	14.3753	14.0584	9.38044	14.0561	14.279	23.5161	7.44912	27.7575	13.7133	7.68375	10.5166	20.6825	8.6593	10.5815	7.69332	10.9772	10.7529	0	14.5529	
13.5858	5.27359	16.7408	13.5193	14.8444	9.18311	9.23649	13.9998	5.27872	6.33884	13.9149	14.9186	10.5551	7.14993	18.3565	27.865	10.0367	2.54558	8.80879	23.9784	15.9185	7.86234	3.8	14.5529	0	

0	18.6635	18.8176	14.3397	0.509117	18.4498	9.33261	22.577	25.0175	17.5938	15.5868	34.3449	9.87803	6.08738	7.0145	8.11027	13.3372	17.431	19.6502	6.53228	9.34079	6.6763	20.0924	19.828	17.0349	
18.6635	0	16.68	20.5717	14.9545	6.82938	12.153	9.35238	2.80446	3.18	14.1186	7.77069	12.7648	9.37624	12.9842	12.6635	11.1037	2.90689	7.40799	9.63641	15.2256	13.2795	5.11988	10.6937	7.65865	
18.8176	16.68	0	5.99646	25.7991	17.2712	7.5208	16.7631	12.937	13.5	2.18979	23.8426	3.37963	11.7754	20.6018	6.77656	9.25483	14.5308	10.7194	8.13622	7.78979	10.1771	13.2847	5.04777	20.8322	
14.3397	20.5717	5.99646	0	13.7557	21.73	12.261	12.6641	8.83792	20.2382	11.2478	22.9331	12.4377	10.8583	7.25032	12.6664	21.7652	20.3594	13	9.78228	10.2315	9.60469	20.3372	0.948683	20.834	
0.509117	14.9545	25.7991	13.7557	0	15.1481	9.83281	22.0679	18.6389	12.4796	11.9696	25.0323	16.0202	5.57826	6.50538	8.61938	12.8281	20.5424	16.1521	6.02316	8.83167	7.18542	18.9374	14.7793	24.8318	
18.4498	6.82938	17.2712	21.73	15.1481	0	13.3735	9.27203	4.02492	10.5554	12.8374	12.2365	6.56603	17.9249	21.5329	8.19031	2.32	11.6906	8.62845	16.6407	15.2671	19.1318	5.1614	11.9142	11.0414	
9.33261	12.153	7.5208	12.261	9.83281	13.3735	0	18.2346	9.34856	10.4849	9.7106	21.0536	11.3006	4.25455	7.86254	17.13	12.7738	11.5157	5.59	7.82455	16.0881	2.65631	13.1032	12.5686	13.3114	
22.577	9.35238	16.7631	12.6641	22.0679	9.27203	18.2346	0	10.0454	8.61626	15.475	2.96446	12.5084	20.2301	21.6042	14.7895	11.592	9.64704	11.7457	15.0727	14.3382	24.3899	4.23249	11.7154	5.86489	
25.0175	2.80446	12.937	8.83792	18.6389	4.02492	9.34856	10.0454	0	5.98446	11.3142	10.5752	10.3142	12.1807	19.5184	14.3644	6.34492	5.71135	4.60353	12.6157	15.9186	12.0049	5.81288	7.88923	10.142	
17.5938	3.18	13.5	20.2382	12.4796	10.5554	10.4849	8.61626	5.98446	0	12.4028	10.9507	10.8886	10.0264	12.9879	9.4835	15.3538	1.03078	8.61976	6.45641	12.6445	11.7855	8.29988	14.4197	5.78253	
15.5868	14.1186	2.18979	11.2478	11.9696	12.8374	9.7106	15.475	11.3142	12.4028	0	18.4395	1.18983	9.51643	18.4982	2.9576	5.43587	11.0477	6.90047	5.94643	5.6	20.8525	9.4657	7.23757	17.8092	
34.3449	7.77069	23.8426	22.9331	25.0323	12.2365	21.0536	2.96446	10.5752	10.9507	18.4395	0	18.7769	17.1469	27.1929	20.6016	16.836	10.6776	15.3424	25.4614	20.6068	30.3896	7.19695	14.6798	8.82934	
9.87803	12.7648	3.37963	12.4377	16.0202	6.56603	11.3006	12.5084	10.3142	10.8886	1.18983	18.7769	0	18.0821	19.3545	1.76777	4.24603	9.85787	5.71064	7.13626	6.78983	20.6126	8.27587	10.0566	10.6924	
6.08738	9.37624	11.7754	10.8583	5.57826	17.9249	4.25455	20.2301	12.1807	10.0264	9.51643	17.1469	18.0821	0	3.60799	18.0586	17.0284	12.2831	9.84455	3.57	9.75809	3.90323	14.4961	12.4036	17.566	
7.0145	12.9842	20.6018	7.25032	6.50538	21.5329	7.86254	21.6042	19.5184	12.9879	18.4982	27.1929	19.3545	3.60799	0	16.0299	19.3335	14.0187	16.0471	7.17799	15.3371	7.51122	23.1294	8.19901	24.4264	
8.11027	12.6635	6.77656	12.6664	8.61938	8.19031	17.13	14.7895	14.3644	9.4835	2.9576	20.6016	1.76777	18.0586	16.0299	0	5.87031	10.5143	7.47841	14.4886	16.0371	14.7866	10.0436	11.7177	8.9246	
13.3372	11.1037	9.25483	21.7652	12.8281	2.32	12.7738	11.592	6.34492	15.3538	5.43587	16.836	4.24603	17.0284	19.3335	5.87031	0	14.1039	9.59	16.4638	16.1174	15.4301	7.4814	17.0598	14.7949	
17.431	2.90689	14.5308	20.3594	20.5424	11.6906	11.5157	9.64704	5.71135	1.03078	11.0477	10.6776	9.85787	12.2831	14.0187	10.5143	14.1039	0	9.65053	7.48718	18.6574	10.7547	8.02677	17.4851	4.75176	
19.6502	7.40799	10.7194	13	16.1521	8.62845	5.59	11.7457	4.60353	8.61976	6.90047	15.3424	5.71064	9.84455	16.0471	7.47841	9.59	9.65053	0	10.129	15.9067	8.24631	7.51319	12.4928	7.83398	
6.53228	9.63641	8.13622	9.78228	6.02316	16.6407	7.82455	15.0727	12.6157	6.45641	5.94643	25.4614	7.13626	3.57	7.17799	14.4886	16.4638	7.48718	10.129	0	6.18809	7.47323	16.2938	8.8336	17.963	
9.34079	15.2256	7.78979	10.2315	8.83167	15.2671	16.0881	14.3382	15.9186	12.6445	5.6	20.6068	6.78983	9.75809	15.3371	16.0371	16.1174	18.6574	15.9067	6.18809	0	16.6631	10.1057	11.1802	15.9857	
6.6763	13.2795	10.1771	9.60469	7.18542	19.1318	2.65631	24.3899	12.0049	11.7855	20.8525	30.3896	20.6126	3.90323	7.51122	14.7866	15.4301	10.7547	8.24631	7.47323	16.6631	0	16.6584	10.5534	15.5065	
20.0924	5.11988	13.2847	20.3372	18.9374	5.1614	13.1032	4.23249	5.81288	8.29988	9.4657	7.19695	8.27587	14.4961	23.1294	10.0436	7.4814	8.02677	7.51319	16.2938	10.1057	16.6584	0	13.7021	5.88	
19.828	10.6937	5.04777	0.948683	14.7793	11.9142	12.5686	11.7154	7.88923	14.4197	7.23757	14.6798	10.0566	12.4036	8.19901	11.7177	17.0598	17.4851	12.4928	8.8336	11.1802	10.5534	13.7021	0	17.5803	
17.0349	7.65865	20.8322	20.834	24.8318	11.0414	13.3114	5.86489	10.142	5.78253	17.8092	8.82934	10.6924	17.566	24.4264	8.9246	14.7949	4.75176	7.83398	17.963	15.9857	15.5065	5.88	17.5803	0	

0	16.0324	7.67482	9.70248	0.381838	14.3336	12.5772	16.6608	16.5267	26.2325	11.186	16.8404	13.6017	18.0689	6.6468	13.171	18.5766	17.31	15.8126	11.7208	10.8104	7.86184	16.0026	9.65994	6.83164	
16.0324	0	19.1856	20.5034	12.2318	5.1818	6.04829	10.1066	2.49852	1.47	16.5165	6.08649	19.3342	10.0975	17.9975	15.7911	6.41974	5.01587	8.6804	7.30452	13.2221	4.75176	6.17197	19.856	4.4907	
7.67482	19.1856	0	12.8379	8.05665	6.65877	11.9714	14.2214	9.34205	12.0775	8.33338	13.9878	7.28958	13.259	11.2115	7.63918	9.47877	11.0087	16.5988	5.09902	10.8503	8.84315	13.15	15.1682	13.4139	
9.70248	20.5034	12.8379	0	9.32064	7.83592	13.1485	17.6761	10.5192	13.2546	13.16	24.4623	10.7442	19.2606	17.6079	12.3979	10.6559	12.1858	8.25	15.6272	17.1696	15.7517	16.2328	4.52206	15.7704	
0.381838	12.2318	8.05665	9.32064	0	17.1566	8.77653	17.0426	8.44199	21.1944	11.5678	26.9707	17.1567	14.2682	7.02864	12.2245	21.1832	13.238	16.1944	11.2241	11.1922	7.48	10.7698	9.2781	6.44981	
14.3336	5.1818	6.65877	7.83592	17.1566	0	5.31263	9.87411	2.68328	4.94071	10.2106	10.0352	7.24295	7.37368	15.0131	14.2979	2.82	4.3499	8.86517	7.48928	13.412	6.60916	8.68835	12.358	4.67547	
12.5772	6.04829	11.9714	13.1485	8.77653	5.31263	0	11.4499	3.84187	6.09931	15.9513	19.3632	14.5203	8.08476	15.2625	15.5546	7.7631	9.66252	5.33	5.04066	8.09938	1.29653	11.6434	12.7036	5.83406	
16.6608	10.1066	14.2214	17.6761	17.0426	9.87411	11.4499	0	7.60805	9.86549	9.34753	14.2522	6.93181	21.2988	10.4433	15.7706	11.3548	14.224	13.7899	12.4141	11.2249	19.2032	14.9765	14.8104	9.60024	
16.5267	2.49852	9.34205	10.5192	8.44199	2.68328	3.84187	7.60805	0	2.25743	11.3118	6.87392	8.34418	8.4749	10.9185	7.76692	3.92122	5.8033	6.18188	4.806	10.5573	5.13841	6.31218	15.9111	1.99218	
26.2325	1.47	12.0775	13.2546	21.1944	4.94071	6.09931	9.86549	2.25743	0	9.51861	4.61649	17.4622	11.5675	14.209	17.0315	6.17866	3.54587	8.43932	7.06343	13.6672	6.22176	4.70197	20.744	4.24962	
11.186	16.5165	8.33338	13.16	11.5678	10.2106	15.9513	9.34753	11.3118	9.51861	0	5.65442	2.41572	10.485	12.3882	1.98497	6.83867	9.87628	10.6213	12.2176	16.2665	17.0713	4.81664	9.71926	7.75971	
16.8404	6.08649	13.9878	24.4623	26.9707	10.0352	19.3632	14.2522	6.87392	4.61649	5.65442	0	8.07014	27.8866	18.0328	7.63939	13.045	8.16236	16.2757	20.0557	25.477	23.1156	9.31846	15.3737	16.2636	
13.6017	19.3342	7.28958	10.7442	17.1567	7.24295	14.5203	6.93181	8.34418	17.4622	2.41572	8.07014	0	8.97663	9.97246	4.40069	4.42295	13.841	13.037	12.3886	16.5022	22.4735	7.23236	7.87864	13.0249	
18.0689	10.0975	13.259	19.2606	14.2682	7.37368	8.08476	21.2988	8.4749	11.5675	10.485	27.8866	8.97663	0	14.2725	8.5	4.55368	15.7746	13.9833	8.16	13.9113	6.78823	13.7938	16.3758	12.2548	
6.6468	17.9975	11.2115	17.6079	7.02864	15.0131	15.2625	10.4433	10.9185	14.209	12.3882	18.0328	9.97246	14.2725	0	16.3451	14.3954	10.6632	16.7566	6.11249	11.62	9.85662	10.9667	17.2176	15.2867	
13.171	15.7911	7.63918	12.3979	12.2245	14.2979	15.5546	15.7706	7.76692	17.0315	1.98497	7.63939	4.40069	8.5	16.3451	0	9.37556	12.563	11.2854	10.2326	14.2815	12.2369	6.80161	7.87584	5.77474	
18.5766	6.41974	9.47877	10.6559	21.1832	2.82	7.7631	11.3548	3.92122	6.17866	6.83867	13.045	4.42295	4.55368	14.3954	9.37556	0	7.1699	10.1031	8.72722	15.331	11.3419	11.5083	12.3016	5.91341	
17.31	5.01587	11.0087	12.1858	13.238	4.3499	9.66252	14.224	5.8033	3.54587	9.87628	8.16236	13.841	15.7746	10.6632	12.563	7.1699	0	13.0424	13.6403	16.5243	11.1321	5.05964	21.1445	6.78823	
15.8126	8.6804	16.5988	8.25	16.1944	8.86517	5.33	13.7899	6.18188	8.43932	10.6213	16.2757	13.037	13.9833	16.7566	11.2854	10.1031	13.0424	0	10.9879	8.91964	6.62653	7.98276	11.0635	8.17407	
11.7208	7.30452	5.09902	15.6272	11.2241	7.48928	5.04066	12.4141	4.806	7.06343	12.2176	20.0557	12.3886	8.16	6.11249	10.2326	8.72722	13.6403	10.9879	0	5.75129	3.74413	12.6075	11.1051	6.79818	
10.8104	13.2221	10.8503	17.1696	11.1922	13.412	8.09938	11.2249	10.5573	13.6672	16.2665	25.477	16.5022	13.9113	11.62	14.2815	15.331	16.5243	8.91964	5.75129	0	9.39592	14.0561	16.8564	9.73612	
7.86184	4.75176	8.84315	15.7517	7.48	6.60916	1.29653	19.2032	5.13841	6.22176	17.0713	23.1156	22.4735	6.78823	9.85662	12.2369	11.3419	11.1321	6.62653	3.74413	9.39592	0	10.7822	14.0002	6.4622	
16.0026	6.17197	13.15	16.2328	10.7698	8.68835	11.6434	14.9765	6.31218	4.70197	4.81664	9.31846	7.23236	13.7938	10.9667	6.80161	11.5083	5.05964	7.98276	12.6075	14.0561	10.7822	0	14.5359	4.32	
9.65994	19.856	15.1682	4.52206	9.2781	12.358	12.7036	14.8104	15.9111	20.744	9.71926	15.3737	7.87864	16.3758	17.2176	7.87584	12.3016	21.1445	11.0635	11.1051	16.8564	14.0002	14.5359	0	13.6506	
6.83164	4.4907	13.4139	15.7704	6.44981	4.67547	5.83406	9.60024	1.99218	4.24962	7.75971	16.2636	13.0249	12.2548	15.2867	5.77474	5.91341	6.78823	8.17407	6.79818	9.73612	6.4622	4.32	13.6506	0	

0	25.4952	17.9119	14.3884	2.36174	20.1888	22.0115	24.7591	12.1102	25.6563	28.0021	29.075	21.4482	14.889	5.86899	25.5235	21.3354	15.3287	18.6447	11.6407	5.70054	16.8817	20.4585	14.6221	16.0611	
25.4952	0	12.3175	22.4941	13.0628	6.98588	6.13174	6.94282	3.31436	5.16	12.8281	17.2086	14.8348	7.66061	24.1936	10.1657	3.86588	5.05351	6.85055	10.8107	11.1925	10.2221	4.48714	18.0674	7.12888	
17.9119	12.3175	0	14.2598	12.1936	7.00527	6.01664	14.8028	8.83402	17.6954	2.49393	14.286	6.75293	10.4875	16.9748	6.27096	8.69306	11.1397	14.5966	13.3462	8.85483	9.93787	10.588	18.6517	8.64271	
14.3884	22.4941	14.2598	0	12.0266	12.0804	22.1069	16.5242	16.5525	15.4688	13.1976	18.8753	8.47434	21.3383	11.9755	7.98879	14.2886	24.9936	21.1704	18.4715	15.3654	17.0035	15.1772	2.56144	22.5609	
2.36174	13.0628	12.1936	12.0266	0	14.2206	12.5659	13.3769	9.74849	16.682	17.3388	24.7093	10.7849	14.9597	5.9397	20.0154	20.8797	12.9669	13.2391	9.27893	3.3388	14.52	9.79521	12.2604	16.1319	
20.1888	6.98588	7.00527	12.0804	14.2206	0	5.79642	8.10059	4.26961	11.4057	4.51134	6.79492	9.23461	6.91473	14.3198	9.41984	3.12	14.4178	9.09	13.0502	9.55324	10.4355	3.09684	13.2946	4.45684	
22.0115	6.13174	6.01664	22.1069	12.5659	5.79642	0	6.44583	2.81737	5.3115	8.51058	16.0053	12.4504	4.47088	12.8182	8.97626	2.67642	11.3544	8.58	9.45602	10.6956	3.92122	3.98606	20.2464	2.62606	
24.7591	6.94282	14.8028	16.5242	13.3769	8.10059	6.44583	0	3.62846	3.55421	12.7731	5.81489	8.04984	7.21848	16.2385	11.7975	11.0132	10.1099	11.9148	11.5381	11.5066	10.099	4.80123	16.4616	6.23965	
12.1102	3.31436	8.83402	16.5525	9.74849	4.26961	2.81737	3.62846	0	6.93354	8.98348	9.44335	11.6783	7.28826	15.6882	14.637	5.49379	8.36788	8.28636	12.2466	7.62918	6.7386	1.17277	17.7667	2.53277	
25.6563	5.16	17.6954	15.4688	16.682	11.4057	5.3115	3.55421	6.93354	0	16.3121	9.3691	11.6041	10.7727	12.8776	21.5706	9.02588	6.55574	11.7733	15.0923	14.8117	12.4864	4.04544	12.9074	2.68544	
28.0021	12.8281	2.49393	13.1976	17.3388	4.51134	8.51058	12.7731	8.98348	16.3121	0	11.3063	4.72327	13.7693	18.8311	8.47094	7.63134	13.6336	13.6013	10.8522	11.3488	13.2524	7.60818	17.8059	12.4831	
29.075	17.2086	14.286	18.8753	24.7093	6.79492	16.0053	5.81489	9.44335	9.3691	11.3063	0	13.8647	11.5344	20.5544	26.4583	9.91492	25.1172	15.8849	17.353	20.4578	15.9139	9.89175	20.0895	15.3614	
21.4482	14.8348	6.75293	8.47434	10.7849	9.23461	12.4504	8.04984	11.6783	11.6041	4.72327	13.8647	0	14.0446	15.5661	3.74767	10.0475	17.8926	13.9574	9.9972	7.44611	8.52916	11.5862	11.0358	12.9462	
14.889	7.66061	10.4875	21.3383	14.9597	6.91473	4.47088	7.21848	7.28826	10.7727	13.7693	11.5344	14.0446	0	9.01998	10.0946	3.79473	13.5828	13.0509	11.0502	13.6961	5.51543	8.24951	18.4341	7.09695	
5.86899	24.1936	16.9748	11.9755	5.9397	14.3198	12.8182	16.2385	15.6882	12.8776	18.8311	20.5544	15.5661	9.01998	0	21.524	12.8147	18.9066	22.8216	15.2186	8.12	14.5354	11.5522	9.41409	10.1922	
25.5235	10.1657	6.27096	7.98879	20.0154	9.41984	8.97626	11.7975	14.637	21.5706	8.47094	26.4583	3.74767	10.0946	21.524	0	6.29984	17.4106	13.6613	11.2287	11.1938	12.2768	10.7546	10.5502	18.0254	
21.3354	3.86588	8.69306	14.2886	20.8797	3.12	2.67642	11.0132	5.49379	9.02588	7.63134	9.91492	10.0475	3.79473	12.8147	6.29984	0	8.91939	10.7164	13.6264	10.9112	6.59764	4.45477	16.4146	5.30248	
15.3287	5.05351	11.1397	24.9936	12.9669	14.4178	11.3544	10.1099	8.36788	6.55574	13.6336	25.1172	17.8926	13.5828	18.9066	17.4106	8.91939	0	11.9041	19.6858	15.3	14.151	10.1847	19.4631	8.82469	
18.6447	6.85055	14.5966	21.1704	13.2391	9.09	8.58	11.9148	8.28636	11.7733	13.6013	15.8849	13.9574	13.0509	22.8216	13.6613	10.7164	11.9041	0	3.9602	14.0068	8.69354	9.45913	22.3846	11.2061	
11.6407	10.8107	13.3462	18.4715	9.27893	13.0502	9.45602	11.5381	12.2466	15.0923	10.8522	17.353	9.9972	11.0502	15.2186	11.2287	13.6264	19.6858	3.9602	0	10.0466	5.5348	14.243	21.5393	13.5761	
5.70054	11.1925	8.85483	15.3654	3.3388	9.55324	10.6956	11.5066	7.62918	14.8117	11.3488	20.4578	7.44611	13.6961	8.12	11.1938	10.9112	15.3	14.0068	10.0466	0	15.1647	6.45641	15.5992	7.81641	
16.8817	10.2221	9.93787	17.0035	14.52	10.4355	3.92122	10.099	6.7386	12.4864	13.2524	15.9139	8.52916	5.51543	14.5354	12.2768	6.59764	14.151	8.69354	5.5348	15.1647	0	8.70825	23.7301	6.54729	
20.4585	4.48714	10.588	15.1772	9.79521	3.09684	3.98606	4.80123	1.17277	4.04544	7.60818	9.89175	11.5862	8.24951	11.5522	10.7546	4.45477	10.1847	9.45913	14.243	6.45641	8.70825	0	16.3914	1.36	
14.6221	18.0674	18.6517	2.56144	12.2604	13.2946	20.2464	16.4616	17.7667	12.9074	17.8059	20.0895	11.0358	18.4341	9.41409	10.5502	16.4146	19.4631	22.3846	21.5393	15.5992	23.7301	16.3914	0	15.5928	
16.0611	7.12888	8.64271	22.5609	16.1319	4.45684	2.62606	6.23965	2.53277	2.68544	12.4831	15.3614	12.9462	7.09695	10.1922	18.0254	5.30248	8.82469	11.2061	13.5761	7.81641	6.54729	1.36	15.5928	0	

0	17.0336	18.1405	11.8496	0.424264	17.8419	12.0217	28.2193	16.8833	17.8141	19.4179	21.7793	20.3765	23.2408	6.50538	16.8713	9.75379	13.6085	16.4177	10.6213	7.92764	12.7443	23.2851	9.03965	16.0692	
17.0336	0	9.90719	15.1563	15.5142	2.40533	3.91676	2.41197	1.37674	3.93	8.62981	10.8493	11.8035	10.572	17.9679	8.13576	6.93343	4.65152	6.51676	7.51676	19.078	6.38334	2.37966	11.3938	5.45966	
18.1405	9.90719	0	15.5529	18.5647	7.20336	14.2525	11.6276	10.1842	12.6	1.27738	5.94407	2.23607	20.4321	24.6459	2.87816	8.24159	9.32141	9.43903	12.7502	15.9208	20.866	12.3258	11.8066	15.3956	
11.8496	15.1563	15.5529	0	11.4253	18.2841	17.4499	12.7443	19.3745	20.3053	15.2726	20.4934	13.3168	17.2743	10.7029	16.2867	13.3979	16.0997	20.6152	16.0572	11.7155	14.9833	23.4882	4.74342	18.5604	
0.424264	15.5142	18.5647	11.4253	0	11.0295	11.5974	17.5972	17.4882	20.5394	16.2937	22.2041	17.8216	14.611	6.92965	15.343	9.32952	14.0328	14.1974	10.9868	8.29315	12.32	13.8833	8.61538	18.7172	
17.8419	2.40533	7.20336	18.2841	11.0295	0	6.89377	11.3768	1.02859	9.89707	8.66421	14.5746	4.96729	6.71821	11.3365	7.71348	1.7	4.30337	6.93	13.1543	12.7094	4.42719	3.17018	10.3545	10.306	
12.0217	3.91676	14.2525	17.4499	11.5974	6.89377	0	6.32873	5.29349	7.84676	5.81979	11	7.18885	4.7576	12.5124	4.219	10.2325	10.0436	2.6	3.6	6.29364	2.46658	6.29642	18.6128	10.5948	
28.2193	2.41197	11.6276	12.7443	17.5972	11.3768	6.32873	0	3.78871	6.34197	11.0418	8.4373	9.39149	8.16002	23.4472	9.69315	12.7946	8.5388	13.983	6.97653	9.67017	10.4511	4.79163	8.98179	16.8643	
16.8833	1.37674	10.1842	19.3745	17.4882	1.02859	5.29349	3.78871	0	5.30674	8.61006	11.4456	5.99588	13.7216	12.3651	7.00928	2.72859	3.27478	7.95859	9.7259	19.1681	5.45578	2.14159	16.8132	5.22159	
17.8141	3.93	12.6	20.3053	20.5394	9.89707	7.84676	6.34197	5.30674	0	12.5598	9.04063	11.2909	16.3856	25.4597	14.7873	12.3904	4.20557	15.5063	12.0707	14.7643	13.0735	6.30966	17.3826	6.6663	
19.4179	8.62981	1.27738	15.2726	16.2937	8.66421	5.81979	11.0418	8.61006	12.5598	0	7.22145	3.51345	17.5895	18.074	1.60078	6.96421	10.8712	6.7768	4.3174	17.4706	22.317	11.0095	10.5292	16.3519	
21.7793	10.8493	5.94407	20.4934	22.2041	14.5746	11	8.4373	11.4456	9.04063	7.22145	0	8.18014	16.5973	18.3124	13.576	12.8746	8.17083	8.4	15.4065	22.7221	16.5927	15.9286	15.75	10.6316	
20.3765	11.8035	2.23607	13.3168	17.8216	4.96729	7.18885	9.39149	5.99588	11.2909	3.51345	8.18014	0	17.5515	16.3038	2.96985	6.66729	7.08534	8.14587	5.68646	13.6847	9.39448	12.1932	14.315	9.54608	
23.2408	10.572	20.4321	17.2743	14.611	6.71821	4.7576	8.16002	13.7216	16.3856	17.5895	16.5973	17.5515	0	24.2036	11.358	10.6253	11.159	9.73899	10.739	21.6346	2.29103	11.58	17.1418	14.66	
6.50538	17.9679	24.6459	10.7029	6.92965	11.3365	12.5124	23.4472	12.3651	25.4597	18.074	18.3124	16.3038	24.2036	0	15.0884	13.0365	16.7297	9.91236	16.9189	14.433	15.7637	17.349	15.4463	14.269	
16.8713	8.13576	2.87816	16.2867	15.343	7.71348	4.219	9.69315	7.00928	14.7873	1.60078	13.576	2.96985	11.358	15.0884	0	6.01348	10.0552	5.17602	2.71662	5.41026	6.68558	9.15087	12.13	12.6044	
9.75379	6.93343	8.24159	13.3979	9.32952	1.7	10.2325	12.7946	2.72859	12.3904	6.96421	12.8746	6.66729	10.6253	13.0365	6.01348	0	11.4335	8.63	8.7301	11.0094	6.12719	4.55377	8.65452	7.63377	
13.6085	4.65152	9.32141	16.0997	14.0328	4.30337	10.0436	8.5388	3.27478	4.20557	10.8712	8.17083	7.08534	11.159	16.7297	10.0552	11.4335	0	14.4548	12.3485	17.924	8.86794	5.41637	20.1875	2.46073	
16.4177	6.51676	9.43903	20.6152	14.1974	6.93	2.6	13.983	7.95859	15.5063	6.7768	8.4	8.14587	9.73899	9.91236	5.17602	8.63	14.4548	0	6.2	9.70015	5.06658	7.66971	18.6645	10.7497	
10.6213	7.51676	12.7502	16.0572	10.9868	13.1543	3.6	6.97653	9.7259	12.0707	4.3174	15.4065	5.68646	10.739	16.9189	2.71662	8.7301	12.3485	6.2	0	2.69364	6.06658	12.9678	9.66571	9.88777	
7.92764	19.078	15.9208	11.7155	8.29315	12.7094	6.29364	9.67017	19.1681	14.7643	17.4706	22.7221	13.6847	21.6346	14.433	5.41026	11.0094	17.924	9.70015	2.69364	0	20.6132	15.5632	6.97207	12.5814	
12.7443	6.38334	20.866	14.9833	12.32	4.42719	2.46658	10.4511	5.45578	13.0735	22.317	16.5927	9.39448	2.29103	15.7637	6.68558	6.12719	8.86794	5.06658	6.06658	20.6132	0	11.6531	16.1462	11.3287	
23.2851	2.37966	12.3258	23.4882	13.8833	3.17018	6.29642	4.79163	2.14159	6.30966	11.0095	15.9286	12.1932	11.58	17.349	9.15087	4.55377	5.41637	7.66971	12.9678	15.5632	11.6531	0	13.2083	3.08	
9.03965	11.3938	11.8066	4.74342	8.61538	10.3545	18.6128	8.98179	16.8132	17.3826	10.5292	15.75	14.315	17.1418	15.4463	12.13	8.65452	20.1875	18.6645	9.66571	6.97207	16.1462	13.2083	0	17.7268	
16.0692	5.45966	15.3956	18.5604	18.7172	10.306	10.5948	16.8643	5.22159	6.6663	16.3519	10.6316	9.54608	14.66	14.269	12.6044	7.63377	2.46073	10.7497	9.88777	12.5814	11.3287	3.08	17.7268	0	

0	17.2556	18.3394	15.3791	0.410122	15.2358	11.5436	16.5366	12.7322	18.7556	19.3591	25.0263	18.9351	13.4455	6.43467	17.1053	17.4793	20.8333	15.4743	7.32547	7.41084	5.47012	14.1663	12.0078	12.3423	
17.2556	0	12.723	14.5433	17.6658	4.56406	8.04696	15.6047	5.7109	1.5	9.0183	7.77069	13.5176	11.54	14.4687	15.7255	3.42406	3.57771	7.97406	11.1176	19.6143	10.2962	5.69677	19.5896	10.7368	
18.3394	12.723	0	22.6629	25.9402	5.84256	19.4152	12.1501	16.4206	14.223	1.64235	15.913	3.26484	17.1339	14.5667	7.53322	11.307	7.08293	10.8102	11.0139	18.9395	11.5152	17.8547	9.33676	17.9641	
15.3791	14.5433	22.6629	0	15.5821	12.2593	15.7422	13.1192	15.3567	17.5801	11.6789	21.7656	22.0938	17.2107	21.8138	17.309	11.1193	19.6578	15.6693	9.03224	21.9246	23.5747	16.267	3.98447	21.0285	
0.410122	17.6658	25.9402	15.5821	0	14.8257	10.6572	16.1265	9.6453	18.9001	14.9328	27.8267	14.4715	11.424	6.84479	20.3186	15.7564	17.484	10.183	7.73559	7.00071	5.06	16.9721	11.5976	9.36813	
15.2358	4.56406	5.84256	12.2593	14.8257	0	5.7629	14.6852	5.37745	4.96721	4.20021	11.7863	5.82271	12.1538	12.1846	5.49287	1.14	2.65827	3.87	9.44172	12.2393	8.99298	5.1614	11.8946	10.2014	
11.5436	8.04696	19.4152	15.7422	10.6572	5.7629	0	11.6097	6.65925	7.7666	13.1811	15.2692	15.0087	3.17289	10.0226	14.4737	4.6229	10.0755	9.1729	9.29289	11.1569	5.59723	9.77064	20.6478	8.87428	
16.5366	15.6047	12.1501	13.1192	16.1265	14.6852	11.6097	0	17.6741	14.3359	10.5077	17.5587	12.1302	10.0431	12.9497	16.3986	16.2326	12.027	19.6756	16.1631	23.1272	14.42	15.1519	17.1036	10.1119	
12.7322	5.7109	16.4206	15.3567	9.6453	5.37745	6.65925	17.6741	0	7.2109	9.87983	13.4816	13.9968	9.83213	9.01068	11.1725	4.23745	8.33788	8.41789	5.40675	10.1449	4.5853	7.34259	10.4545	8.89343	
18.7556	1.5	14.223	17.5801	18.9001	4.96721	7.7666	14.3359	7.2109	0	7.74953	9.27069	15.8907	10.9395	18.0625	11.3932	4.92406	2.30894	9.77038	11.8194	18.1397	13.3638	4.97855	21.9626	10.0186	
19.3591	9.0183	1.64235	11.6789	14.9328	4.20021	13.1811	10.5077	9.87983	7.74953	0	14.2707	1.6225	16.2368	12.9244	5.89087	5.34021	5.44059	8.07021	12.6562	15.4325	9.87283	9.36161	7.69441	14.181	
25.0263	7.77069	15.913	21.7656	27.8267	11.7863	15.2692	17.5587	13.4816	9.27069	14.2707	0	15.8932	19.3107	21.6909	20.1616	10.6463	11.3484	15.1963	18.1497	26.8366	20.3348	11.3088	21.9651	16.3488	
18.9351	13.5176	3.26484	22.0938	14.4715	5.82271	15.0087	12.1302	13.9968	15.8907	1.6225	15.8932	0	15.7754	13.8369	7.51337	11.2871	7.06309	10.7904	11.6097	14.4897	9.41148	17.8858	9.31691	13.7196	
13.4455	11.54	17.1339	17.2107	11.424	12.1538	3.17289	10.0431	9.83213	10.9395	16.2368	19.3107	15.7754	0	10.6607	15.8998	7.79578	15.1177	11.4869	6.12	11.9236	6.36396	10.2176	11.1678	10.6721	
6.43467	14.4687	14.5667	21.8138	6.84479	12.1846	10.0226	12.9497	9.01068	18.0625	12.9244	21.6909	13.8369	10.6607	0	14.3205	11.0446	18.365	9.54836	4.5407	9.98502	4.42538	11.3815	9.58848	8.73351	
17.1053	15.7255	7.53322	17.309	20.3186	5.49287	14.4737	16.3986	11.1725	11.3932	5.89087	20.1616	7.51337	15.8998	14.3205	0	6.63287	8.15114	9.36287	9.77982	17.7322	15.7637	10.6543	13.5853	20.4758	
17.4793	3.42406	11.307	11.1193	15.7564	1.14	4.6229	16.2326	4.23745	4.92406	5.34021	10.6463	11.2871	7.79578	11.0446	6.63287	0	3.79827	4.55	9.6442	13.3793	8.82275	5.14774	15.1038	9.90919	
20.8333	3.57771	7.08293	19.6578	17.484	2.65827	10.0755	12.027	8.33788	2.30894	5.44059	11.3484	7.06309	15.1177	18.365	8.15114	3.79827	0	6.52827	12.1	14.8976	13.2673	7.28749	13.135	12.6927	
15.4743	7.97406	10.8102	15.6693	10.183	3.87	9.1729	19.6756	8.41789	9.77038	8.07021	15.1963	10.7904	11.4869	9.54836	9.36287	4.55	6.52827	0	8.14888	10.6826	5.12298	9.0314	13.1966	9.43111	
7.32547	11.1176	11.0139	9.03224	7.73559	9.44172	9.29289	16.1631	5.40675	11.8194	12.6562	18.1497	11.6097	6.12	4.5407	9.77982	9.6442	12.1	8.14888	0	10.8474	8.96609	6.84082	5.04777	11.8808	
7.41084	19.6143	18.9395	21.9246	7.00071	12.2393	11.1569	23.1272	10.1449	18.1397	15.4325	26.8366	14.4897	11.9236	9.98502	17.7322	13.3793	14.8976	10.6826	10.8474	0	5.55964	17.4007	15.8951	9.86777	
5.47012	10.2962	11.5152	23.5747	5.06	8.99298	5.59723	14.42	4.5853	13.3638	9.87283	20.3348	9.41148	6.36396	4.42538	15.7637	8.82275	13.2673	5.12298	8.96609	5.55964	0	9.34813	15.7918	4.30813	
14.1663	5.69677	17.8547	16.267	16.9721	5.1614	9.77064	15.1519	7.34259	4.97855	9.36161	11.3088	17.8858	10.2176	11.3815	10.6543	5.14774	7.28749	9.0314	6.84082	17.4007	9.34813	0	11.8886	5.04	
12.0078	19.5896	9.33676	3.98447	11.5976	11.8946	20.6478	17.1036	10.4545	21.9626	7.69441	21.9651	9.31691	11.1678	9.58848	13.5853	15.1038	13.135	13.1966	5.04777	15.8951	15.7918	11.8886	0	23.5298	
12.3423	10.7368	17.9641	21.0285	9.36813	10.2014	8.87428	10.1119	8.89343	10.0186	14.181	16.3488	13.7196	10.6721	8.73351	20.4758	9.90919	12.6927	9.43111	11.8808	9.86777	4.30813	5.04	23.5298	0	

0	14.6725	9.52954	9.87219	0.551543	13.6168	9.36043	13.9825	7.17696	17.665	14.0926	19.0462	19.413	10.0731	5.58614	10.783	13.3796	11.0385	11.564	8.63192	4.11825	5.75543	10.3893	12.052	13.9685	
14.6725	0	18.9661	22.6495	22.3271	3.71271	6.282	5.12544	6.09682	4.32	14.2275	16.7369	17.7881	13.7037	15.3743	17.9295	4.29271	5.94794	12.0502	17.8067	14.9551	11.231	2.88444	18.7566	4.20444	
9.52954	18.9661	0	14.6693	16.0739	10.0471	21.3935	13.6377	17.2729	14.2392	7.76881	5.4037	3.62243	11.3661	8.35128	10.4814	9.46708	14.342	15.3638	9.92495	5.41128	19.9238	17.482	13.345	14.9483	
9.87219	22.6495	14.6693	0	9.32064	18.9368	17.5735	18.9284	22.2262	34.4705	15.1933	24.2199	11.0469	23.9928	14.3552	17.9058	19.5168	29.4491	20.3331	22.1728	12.8036	18.7806	23.3649	4.86991	22.3728	
0.551543	22.3271	16.0739	9.32064	0	13.4081	13.065	16.9987	7.72851	17.6002	18.9933	27.1882	20.3675	14.8482	5.0346	13.4342	12.8281	14.743	11.0125	10.4816	4.6698	6.30698	17.5245	14.1906	20.4457	
13.6168	3.71271	10.0471	18.9368	13.4081	0	11.5698	4.75062	6.43988	5.35213	16.3561	14.9401	21.0758	6.46184	12.191	14.2168	0.58	5.45494	9.36	12.6348	20.2429	14.5465	6.59715	15.0439	8.7942	
9.36043	6.282	21.3935	17.5735	13.065	11.5698	0	18.2826	6.60994	11.3264	9.2625	27.8312	16.2259	8.99315	15.8874	15.2347	14.112	8.39396	8.37478	5.1	9.61367	3.605	3.39756	12.7036	4.71756	
13.9825	5.12544	13.6377	18.9284	16.9987	4.75062	18.2826	0	12.621	8.94275	10.3167	18.5307	13.8636	10.0525	12.8043	16.529	4.17062	9.04556	6.92474	10.1995	9.86426	21.3944	8.00988	14.0584	11.5876	
7.17696	6.09682	17.2729	22.2262	7.72851	6.43988	6.60994	12.621	0	8.50924	9.92472	11.8692	14.0711	11.6	15.7023	17.7219	7.01988	5.78799	6.18188	9.45667	11.2952	11.071	3.21238	17.3563	4.53238	
17.665	4.32	14.2392	34.4705	17.6002	5.35213	11.3264	8.94275	8.50924	0	18.5475	13.6571	25.1725	10.654	16.3832	20.3786	4.77213	2.72125	15.7621	19.274	19.9995	8.00428	7.20444	25.3673	6.45477	
14.0926	14.2275	7.76881	15.1933	18.9933	16.3561	9.2625	10.3167	9.92472	18.5475	0	16.1094	4.14638	8.74643	16.2128	10.6292	14.4873	14.3427	7.43728	4.1625	8.67617	14.1346	11.9291	21.8297	10.6091	
19.0462	16.7369	5.4037	24.2199	27.1882	14.9401	27.8312	18.5307	11.8692	13.6571	16.1094	0	9.02613	20.242	25.9712	23.7605	14.3601	16.3784	18.0511	23.2148	10.815	23.0953	15.0816	19.35	14.1108	
19.413	17.7881	3.62243	11.0469	20.3675	21.0758	16.2259	13.8636	14.0711	25.1725	4.14638	9.02613	0	12.8928	15.2586	6.85894	13.0895	15.0594	14.4007	8.30888	9.03371	18.334	12.6459	15.9168	11.3259	
10.0731	13.7037	11.3661	23.9928	14.8482	6.46184	8.99315	10.0525	11.6	10.654	8.74643	20.242	12.8928	0	8.89483	12.6196	5.88184	10.6712	9.01388	10.4685	5.95483	5.38815	13.7815	13.8886	14.096	
5.58614	15.3743	8.35128	14.3552	5.0346	12.191	15.8874	12.8043	15.7023	16.3832	16.2128	25.9712	15.2586	8.89483	0	8.39962	11.611	16.486	15.3251	7.45367	2.94	14.4946	12.4899	10.8737	13.8099	
10.783	17.9295	10.4814	17.9058	13.4342	14.2168	15.2347	16.529	17.7219	20.3786	10.6292	23.7605	6.85894	12.6196	8.39962	0	14.7968	16.5954	11.54	10.5948	6.66472	11.6297	14.1819	14.5985	12.8619	
13.3796	4.29271	9.46708	19.5168	12.8281	0.58	14.112	4.17062	7.01988	4.77213	14.4873	14.3601	13.0895	5.88184	11.611	14.7968	0	4.87494	9.94	14.2648	11.8367	10.158	8.75221	15.6239	8.2142	
11.0385	5.94794	14.342	29.4491	14.743	5.45494	8.39396	9.04556	5.78799	2.72125	14.3427	16.3784	15.0594	10.6712	16.486	16.5954	4.87494	0	11.9699	16.5154	17.0671	5.28303	4.9964	23.1443	3.73352	
11.564	12.0502	15.3638	20.3331	11.0125	9.36	8.37478	6.92474	6.18188	15.7621	7.43728	18.0511	14.4007	9.01388	15.3251	11.54	9.94	11.9699	0	3.27478	7.78845	14.402	9.39427	20.942	12.9734	
8.63192	17.8067	9.92495	22.1728	10.4816	12.6348	5.1	10.1995	9.45667	19.274	4.1625	23.2148	8.30888	10.4685	7.45367	10.5948	14.2648	16.5154	3.27478	0	4.51367	8.705	8.49756	12.4474	14.7716	
4.11825	14.9551	5.41128	12.8036	4.6698	20.2429	9.61367	9.86426	11.2952	19.9995	8.67617	10.815	9.03371	5.95483	2.94	6.66472	11.8367	17.0671	7.78845	4.51367	0	9.87368	12.0707	7.93374	13.3907	
5.75543	11.231	19.9238	18.7806	6.30698	14.5465	3.605	21.3944	11.071	8.00428	14.1346	23.0953	18.334	5.38815	14.4946	11.6297	10.158	5.28303	14.402	8.705	9.87368	0	7.00255	16.3086	9.01655	
10.3893	2.88444	17.482	23.3649	17.5245	6.59715	3.39756	8.00988	3.21238	7.20444	11.9291	15.0816	12.6459	13.7815	12.4899	14.1819	8.75221	4.9964	9.39427	8.49756	12.0707	7.00255	0	16.1012	1.32	
12.052	18.7566	13.345	4.86991	14.1906	15.0439	12.7036	14.0584	17.3563	25.3673	21.8297	19.35	15.9168	13.8886	10.8737	14.5985	15.6239	23.1443	20.942	12.4474	7.93374	16.3086	16.1012	0	19.815	
13.9685	4.20444	14.9483	22.3728	20.4457	8.7942	4.71756	11.5876	4.53238	6.45477	10.6091	14.1108	11.3259	14.096	13.8099	12.8619	8.2142	3.73352	12.9734	14.7716	13.3907	9.01655	1.32	19.815	0	

0	16.4148	11.1542	19.7317	1.25865	9.28924	10.46	12.717	16.5343	25.3007	13.3023	17.9343	11.8614	4.6911	7.93374	13.5966	9.62425	21.2667	16.1792	11.558	9.76721	10.5884	16.9579	19.5316	11.4829	
16.4148	0	11.9997	21.3649	21.2067	7.86769	14.6673	9.74838	4.74209	4.8	13.0789	16.6153	13.1772	9.24084	21.6247	9.48366	4.30769	7.71224	14.3877	12.1513	12.2949	19.4518	9.15844	19.0881	7.64693	
11.1542	11.9997	0	15.0632	9.89553	8.41289	9.88271	20.6899	12.1192	18.8993	6.93435	11.8307	6.39515	12.6252	9.7872	9.1214	7.692	11.8684	10.713	17.0901	12.1343	19.0418	6.17629	13.7011	8.13629	
19.7317	21.3649	15.0632	0	20.9904	25.1808	30.3723	32.6147	20.8165	34.8144	21.4982	34.8052	17.8566	24.4228	24.8504	24.1846	21.6208	26.2523	15.553	29.03	7.80641	25.4611	21.2395	2.27684	27.652	
1.25865	21.2067	9.89553	20.9904	0	8.03059	18.0253	11.4583	12.2344	22.4805	13.7086	23.4949	13.12	5.94975	6.67509	14.3312	11.5906	27.1218	14.4206	10.6198	8.50856	12.3091	10.2672	14.0381	20.6529	
9.28924	7.86769	8.41289	25.1808	8.03059	0	5.94303	11.3191	4.20381	14.4499	10.9749	7.89103	10.7078	8.49315	8.65153	6.30064	3.56	7.17396	6.39	11.0696	11.5472	16.4515	2.2366	19.6661	4.1966	
10.46	14.6673	9.88271	30.3723	18.0253	5.94303	0	14.1998	10.6482	16.1157	7.21249	9.36085	10.8541	5.76888	16.4425	5.90661	8.55718	9.39853	11.5572	6.15	8.26123	5.56561	3.70643	15.0463	5.66643	
12.717	9.74838	20.6899	32.6147	11.4583	11.3191	14.1998	0	14.4905	14.5484	13.7556	14.9363	13.3584	16.6339	18.1334	16.0186	14.0561	17.7535	9.04063	8.04984	10.1611	10.9179	13.5557	22.3168	14.3589	
16.5343	4.74209	12.1192	20.8165	12.2344	4.20381	10.6482	14.4905	0	8.70127	8.33676	14.7307	8.43507	9.36034	12.8553	4.74157	4.42719	2.97015	10.5938	7.40924	7.87819	16.5254	6.44041	13.4078	4.52769	
25.3007	4.8	18.8993	34.8144	22.4805	14.4499	16.1157	14.5484	8.70127	0	12.7117	18.3774	16.3533	17.5336	18.1044	15.9481	9.10769	5.73112	19.1317	18.6158	17.9117	20.4811	11.4232	23.8881	10.7418	
13.3023	13.0789	6.93435	21.4982	13.7086	10.9749	7.21249	13.7556	8.33676	12.7117	0	15.0138	3.64161	11.3704	13.9465	4.67428	12.764	11.3069	7.95941	7.31123	5.2	12.7781	10.9189	10.7296	12.8645	
17.9343	16.6153	11.8307	34.8052	23.4949	7.89103	9.36085	14.9363	14.7307	18.3774	15.0138	0	20.0269	13.2432	23.9168	10.3395	10.5052	11.3465	20.6808	17.2135	15.1023	19.1405	5.65442	20.6319	7.61442	
11.8614	13.1772	6.39515	17.8566	13.12	10.7078	10.8541	13.3584	8.43507	16.3533	3.64161	20.0269	0	15.012	10.3049	8.31589	12.8623	11.4052	4.3178	9.725	8.84161	12.6467	11.7553	17.5939	9.79535	
4.6911	9.24084	12.6252	24.4228	5.94975	8.49315	5.76888	16.6339	9.36034	17.5336	11.3704	13.2432	15.012	0	10.6736	11.6755	4.93315	16.5756	15.0132	11.9189	12.9204	5.89727	8.75182	22.9971	6.79182	
7.93374	21.6247	9.7872	24.8504	6.67509	8.65153	16.4425	18.1334	12.8553	18.1044	13.9465	23.9168	10.3049	10.6736	0	14.9522	12.2115	23.8355	9.67635	15.0835	15.1836	15.4888	10.8881	22.9525	13.9778	
13.5966	9.48366	9.1214	24.1846	14.3312	6.30064	5.90661	16.0186	4.74157	15.9481	4.67428	10.3395	8.31589	11.6755	14.9522	0	9.16876	7.71172	12.6906	7.96874	9.87428	11.4722	8.53725	19.131	9.26926	
9.62425	4.30769	7.692	21.6208	11.5906	3.56	8.55718	14.0561	4.42719	9.10769	12.764	10.5052	12.8623	4.93315	12.2115	9.16876	0	7.39734	9.95	10.0984	7.9872	10.8304	4.85075	13.5168	6.81075	
21.2667	7.71224	11.8684	26.2523	27.1218	7.17396	9.39853	17.7535	2.97015	5.73112	11.3069	11.3465	11.4052	16.5756	23.8355	7.71172	7.39734	0	14.4132	10.3794	10.8483	19.6356	5.6921	21.5098	7.49784	
16.1792	14.3877	10.713	15.553	14.4206	6.39	11.5572	9.04063	10.5938	19.1317	7.95941	20.6808	4.3178	15.0132	9.67635	12.6906	9.95	14.4132	0	5.4072	7.51843	14.5233	8.6266	13.2761	10.8607	
11.558	12.1513	17.0901	29.03	10.6198	11.0696	6.15	8.04984	7.40924	18.6158	7.31123	17.2135	9.725	11.9189	15.0835	7.96874	10.0984	10.3794	5.4072	0	2.11123	9.11614	9.85643	7.64081	11.2361	
9.76721	12.2949	12.1343	7.80641	8.50856	11.5472	8.26123	10.1611	7.87819	17.9117	5.2	15.1023	8.84161	12.9204	15.1836	9.87428	7.9872	10.8483	7.51843	2.11123	0	11.2274	12.838	5.52958	12.4059	
10.5884	19.4518	19.0418	25.4611	12.3091	16.4515	5.56561	10.9179	16.5254	20.4811	12.7781	19.1405	12.6467	5.89727	15.4888	11.4722	10.8304	19.6356	14.5233	9.11614	11.2274	0	9.27204	23.1843	12.6891	
16.9579	9.15844	6.17629	21.2395	10.2672	2.2366	3.70643	13.5557	6.44041	11.4232	10.9189	5.65442	11.7553	8.75182	10.8881	8.53725	4.85075	5.6921	8.6266	9.85643	12.838	9.27204	0	19.8774	1.96	
19.5316	19.0881	13.7011	2.27684	14.0381	19.6661	15.0463	22.3168	13.4078	23.8881	10.7296	20.6319	17.5939	22.9971	22.9525	19.131	13.5168	21.5098	13.2761	7.64081	5.52958	23.1843	19.8774	0	23.0674	
11.4829	7.64693	8.13629	27.652	20.6529	4.1966	5.66643	14.3589	4.52769	10.7418	12.8645	7.61442	9.79535	6.79182	13.9778	9.26926	6.81075	7.49784	10.8607	11.2361	12.4059	12.6891	1.96	23.0674	0	

0	7.84347	12.7821	17.7389	1.7112	20.521	17.4586	19.6934	15.721	12.8535	12.5163	11.2561	6.3869	9.3822	2.89914	9.2091	13.5564	8.005	14.4654	13.9654	7.09636	11.5035	13.6845	13.0921	10.9669	
7.84347	0	17.3112	9.89545	9.55467	12.6775	5.11558	8.98828	7.95447	5.01	11.5819	7.3722	11.0821	11.0309	14.9145	8.5	13.2101	1.78885	13.5208	14.9632	16.1245	8.90955	5.3634	13.0894	3.1234	
12.7821	17.3112	0	18.4866	24.3725	7.6992	11.1308	21.9083	13.7138	15.8034	10.4624	20.2639	6.39515	19.2072	28.2323	10.4257	10.1392	18.4905	9.5892	13.3968	17.0624	15.4468	11.4702	13.1004	13.123	
17.7389	9.89545	18.4866	0	21.0456	18.5876	20.2644	10.8702	17.6289	14.9055	13.4605	9.26145	9.89912	17.2107	24.7273	14.3353	21.3849	11.6843	19.2283	13.3222	14.4935	18.805	15.7364	3.1939	13.0188	
1.7112	9.55467	24.3725	21.0456	0	15.7415	14.092	25.8873	17.4166	19.5062	11.9852	12.9673	8.0981	8.70459	1.18794	7.4979	14.7813	9.7162	8.95302	14.0178	5.38516	8.56357	15.173	16.6847	17.413	
20.521	12.6775	7.6992	18.5876	15.7415	0	6.81959	12.0848	6.12683	8.54953	8.03919	19.8221	9.96847	6.61421	15.1232	11.4784	2.44	13.8613	1.89	5.69759	5.45786	7.74758	8.37039	15.3937	12.083	
17.4586	5.11558	11.1308	20.2644	14.092	6.81959	0	7.85707	11.3998	15.9672	14.0792	18.6097	9.9509	6.45364	11.708	17.5184	4.37959	13.7019	7.17959	13.9368	8.70684	4.33232	4.23218	17.0705	1.99218	
19.6934	8.98828	21.9083	10.8702	25.8873	12.0848	7.85707	0	10.4172	4.63124	14.5856	8.4373	13.8236	17.3588	24.3553	19.7831	12.9948	11.187	10.1948	15.2947	13.7626	15.1274	8.10489	14.0641	5.86489	
15.721	7.95447	13.7138	17.6289	17.4166	6.12683	11.3998	10.4172	0	6.57675	4.16838	13.6953	10.2978	11.1945	20.6137	12.3644	7.02026	8.14888	8.01683	7.00874	10.7684	13.0008	2.24357	21.5205	4.48357	
12.8535	5.01	15.8034	14.9055	19.5062	8.54953	15.9672	4.63124	6.57675	0	11.9081	12.3822	23.4384	24.2576	22.9157	13.51	10.9895	6.55574	10.4395	14.2471	18.9059	13.9195	4.33319	23.9432	6.57319	
12.5163	11.5819	10.4624	13.4605	11.9852	8.03919	14.0792	14.5856	4.16838	11.9081	0	17.8636	6.12944	20.2961	17.0629	8.196	8.94919	9.79306	6.14919	7.5817	6.6	16.6147	6.41195	12.8347	14.0882	
11.2561	7.3722	20.2639	9.26145	12.9673	19.8221	18.6097	8.4373	13.6953	12.3822	17.8636	0	17.643	16.3987	18.3271	15.8722	20.7155	9.16105	18.6321	20.704	23.4967	14.2774	13.2132	12.4554	10.4956	
6.3869	11.0821	6.39515	9.89912	8.0981	9.96847	9.9509	13.8236	10.2978	23.4384	6.12944	17.643	0	15.7691	13.458	4.03051	10.8785	13.0645	8.07847	7.57852	11.6463	17.183	10.1987	6.70522	7.95872	
9.3822	11.0309	19.2072	17.2107	8.70459	6.61421	6.45364	17.3588	11.1945	24.2576	20.2961	16.3987	15.7691	0	7.51665	16	4.17421	14.3855	6.97421	11.7258	13.6961	2.12132	12.8786	20.4046	10.0686	
2.89914	14.9145	28.2323	24.7273	1.18794	15.1232	11.708	24.3553	20.6137	22.9157	17.0629	18.3271	13.458	7.51665	0	8.68584	11.6909	15.0761	14.1605	13.6221	6.5731	7.37564	16.361	22.3596	16.6381	
9.2091	8.5	10.4257	14.3353	7.4979	11.4784	17.5184	19.7831	12.3644	13.51	8.196	15.8722	4.03051	16	8.68584	0	12.3884	9.03398	9.58837	6.51988	12.8831	16.1244	14.341	10.7357	11.6234	
13.5564	13.2101	10.1392	21.3849	14.7813	2.44	4.37959	12.9948	7.02026	10.9895	8.94919	20.7155	10.8785	4.17421	11.6909	12.3884	0	11.4213	2.8	8.13759	6.36786	6.29553	9.26382	17.8337	6.37177	
8.005	1.78885	18.4905	11.6843	9.7162	13.8613	13.7019	11.187	8.14888	6.55574	9.79306	9.16105	13.0645	14.3855	15.0761	9.03398	11.4213	0	14.2213	15.1576	16.3931	10.6984	7.02026	20.1754	4.91225	
14.4654	13.5208	9.5892	19.2283	8.95302	1.89	7.17959	10.1948	8.01683	10.4395	6.14919	18.6321	8.07847	6.97421	14.1605	9.58837	2.8	14.2213	0	7.58759	3.56786	9.63758	14.0812	14.7837	9.92218	
13.9654	14.9632	13.3968	13.3222	14.0178	5.69759	13.9368	15.2947	7.00874	14.2471	7.5817	20.704	7.57852	11.7258	13.6221	6.51988	8.13759	15.1576	7.58759	0	12.7402	9.6045	9.25231	14.2837	15.5372	
7.09636	16.1245	17.0624	14.4935	5.38516	5.45786	8.70684	13.7626	10.7684	18.9059	6.6	23.4967	11.6463	13.6961	6.5731	12.8831	6.36786	16.3931	3.56786	12.7402	0	12.1488	17.8116	11.2996	10.699	
11.5035	8.90955	15.4468	18.805	8.56357	7.74758	4.33232	15.1274	13.0008	13.9195	16.6147	14.2774	17.183	2.12132	7.37564	16.1244	6.29553	10.6984	9.63758	9.6045	12.1488	0	10.7572	21.4028	6.32451	
13.6845	5.3634	11.4702	15.7364	15.173	8.37039	4.23218	8.10489	2.24357	4.33319	6.41195	13.2132	10.1987	12.8786	16.361	14.341	9.26382	7.02026	14.0812	9.25231	17.8116	10.7572	0	22.2394	2.24	
13.0921	13.0894	13.1004	3.1939	16.6847	15.3937	17.0705	14.0641	21.5205	23.9432	12.8347	12.4554	6.70522	20.4046	22.3596	10.7357	17.8337	20.1754	14.7837	14.2837	11.2996	21.4028	22.2394	0	14.6639	
10.9669	3.1234	13.123	13.0188	17.413	12.083	1.99218	5.86489	4.48357	6.57319	14.0882	10.4956	7.95872	10.0686	16.6381	11.6234	6.37177	4.91225	9.92218	15.5372	10.699	6.32451	2.24	14.6639	0	

0	12.695	13.9503	14.0409	1.32936	17.0942	10.6073	20.1364	9.79849	14.9501	10.919	16.6161	12.6642	5.7535	3.53553	16.1385	11.9642	11.8489	5.6642	8.39585	3.80938	12.5707	7.75888	16.7153	9.94203	
12.695	0	11.9238	11.1294	13.7056	4.05666	4.42764	5.22594	2.80446	3.69	5.59771	12.1542	8.19371	12.7204	11.7382	13.7095	6.51676	5.14296	7.03082	8.47764	10.45	6.48312	4.84407	20.2852	4.97775	
13.9503	11.9238	0	11.8578	26.4469	16.9044	16.921	13.3552	12.6301	12.749	6.32607	20.2405	5.36656	16.8218	24.0987	7.63918	10.3203	14.4707	8.28608	11.0802	11.7053	15.3663	22.1912	21.9174	14.759	
14.0409	11.1294	11.8578	0	19.0299	16.11	23.8062	18.7417	12.082	17.7246	5.53173	30.4096	8.12772	16.0274	18.777	15.7127	17.9679	19.0943	10.7865	14.818	10.2315	21.2831	14.9839	5.59723	13.9646	
1.32936	13.7056	26.4469	19.0299	0	20.6741	9.27793	25.2412	13.1198	19.0609	14.9199	17.4455	21.8869	4.42414	4.18607	18.5597	14.6643	24.5439	6.99356	13.3279	5.13874	10.5335	9.08824	17.3658	10.5926	
17.0942	4.05666	16.9044	16.11	20.6741	0	9.42201	6.98412	1.2522	11.7331	7.80251	20.9379	8.35371	13.6989	10.1859	8.81306	3.4	4.75545	9.7	5.37201	9.95848	6.9443	3.29181	16.4433	3.42549	
10.6073	4.42764	16.921	23.8062	9.27793	9.42201	0	9.65358	5.25212	8.11764	10.0254	16.5818	11.951	8.16488	9.48533	7.49105	6.46882	9.5706	9.49	4.05	8.63647	2.05548	7.39883	13.5331	3.07883	
20.1364	5.22594	13.3552	18.7417	25.2412	6.98412	9.65358	0	8.0304	7.75464	10.8236	14.8223	14.9817	21.3944	22.3833	19.0829	10.3841	10.3689	12.2568	12.3561	16.3271	14.5736	13.3486	23.4274	15.9768	
9.79849	2.80446	12.6301	12.082	13.1198	1.2522	5.25212	8.0304	0	6.49446	6.55031	11.4406	7.26353	11.8015	8.57979	11.3648	4.6522	3.50326	9.60165	6.62421	9.89958	5.6921	2.03961	12.6275	2.17329	
14.9501	3.69	12.749	17.7246	19.0609	11.7331	8.11764	7.75464	6.49446	0	9.28771	14.5343	7.38241	17.9198	19.1804	11.4836	8.70211	6.59697	10.7208	15.2834	11.9775	16.173	7.19124	16.5952	11.5112	
10.919	5.59771	6.32607	5.53173	14.9199	7.80251	10.0254	10.8236	6.55031	9.28771	0	17.7519	2.596	10.4957	14.8394	6.69722	7.5497	10.0536	5.25476	10.497	8.67396	12.2424	8.58992	11.129	8.43291	
16.6161	12.1542	20.2405	30.4096	17.4455	20.9379	16.5818	14.8223	11.4406	14.5343	17.7519	0	16.7025	29.3451	13.2594	12.6013	18.6709	7.93738	14.122	16.0423	20.4255	22.2946	16.602	26.4391	16.8469	
12.6642	8.19371	5.36656	8.12772	21.8869	8.35371	11.951	14.9817	7.26353	7.38241	2.596	16.7025	0	13.0917	15.432	4.10122	4.95371	10.7668	7.85076	7.54227	8.85483	9.9997	9.30314	18.1873	8.34369	
5.7535	12.7204	16.8218	16.0274	4.42414	13.6989	8.16488	21.3944	11.8015	17.9198	10.4957	29.3451	13.0917	0	8.61021	17.5746	17.1632	19.3932	15.7505	12.3428	17.4562	6.1094	10.7285	21.095	10.5252	
3.53553	11.7382	24.0987	18.777	4.18607	10.1859	9.48533	22.3833	8.57979	19.1804	14.8394	13.2594	15.432	8.61021	0	24.8731	9.79648	12.437	9.19974	16.233	7.34492	9.03515	10.7265	13.1797	6.4065	
16.1385	13.7095	7.63918	15.7127	18.5597	8.81306	7.49105	19.0829	11.3648	11.4836	6.69722	12.6013	4.10122	17.5746	24.8731	0	9.05493	14.3979	14.4839	3.44105	8.02752	11.3373	19.769	23.4056	12.3606	
11.9642	6.51676	10.3203	17.9679	14.6643	3.4	6.46882	10.3841	4.6522	8.70211	7.5497	18.6709	4.95371	17.1632	9.79648	9.05493	0	11.4722	6.3	6.72938	9.7192	7.80582	6.43467	13.8442	3.38999	
11.8489	5.14296	14.4707	19.0943	24.5439	4.75545	9.5706	10.3689	3.50326	6.59697	10.0536	7.93738	10.7668	19.3932	12.437	14.3979	11.4722	0	6.18466	17.2275	9.60385	9.19536	5.54286	19.3638	5.67655	
5.6642	7.03082	8.28608	10.7865	6.99356	9.7	9.49	12.2568	9.60165	10.7208	5.25476	14.122	7.85076	15.7505	9.19974	14.4839	6.3	6.18466	0	8.00567	3.4192	11.5455	11.2792	18.6443	8.19007	
8.39585	8.47764	11.0802	14.818	13.3279	5.37201	4.05	12.3561	6.62421	15.2834	10.497	16.0423	7.54227	12.3428	16.233	3.44105	6.72938	17.2275	8.00567	0	4.58647	6.10548	12.4464	21.8153	7.12883	
3.80938	10.45	11.7053	10.2315	5.13874	9.95848	8.63647	16.3271	9.89958	11.9775	8.67396	20.4255	8.85483	17.4562	7.34492	8.02752	9.7192	9.60385	3.4192	4.58647	0	17.2967	7.85997	15.8287	11.6093	
12.5707	6.48312	15.3663	21.2831	10.5335	6.9443	2.05548	14.5736	5.6921	16.173	12.2424	22.2946	9.9997	6.1094	9.03515	11.3373	7.80582	9.19536	11.5455	6.10548	17.2967	0	7.73171	14.8701	4.41584	
7.75888	4.84407	22.1912	14.9839	9.08824	3.29181	7.39883	13.3486	2.03961	7.19124	8.58992	16.602	9.30314	10.7285	10.7265	19.769	6.43467	5.54286	11.2792	12.4464	7.85997	7.73171	0	14.7743	4.2129	
16.7153	20.2852	21.9174	5.59723	17.3658	16.4433	13.5331	23.4274	12.6275	16.5952	11.129	26.4391	18.1873	21.095	13.1797	23.4056	13.8442	19.3638	18.6443	21.8153	15.8287	14.8701	14.7743	0	10.4543	
9.94203	4.97775	14.759	13.9646	10.5926	3.42549	3.07883	15.9768	2.17329	11.5112	8.43291	16.8469	8.34369	10.5252	6.4065	12.3606	3.38999	5.67655	8.19007	7.12883	11.6093	4.41584	4.2129	10.4543	0	

0	18.8607	16.0473	19.9843	0.381838	15.2586	9.63328	16.5083	12.9629	19.3474	15.3409	23.3496	10.2446	12.6456	6.01041	11.9004	12.0437	21.9449	15.4833	13.2132	3.60347	14.4716	11.7442	13.9414	11.024	
18.8607	0	17.8888	20.6345	16.9967	6.94631	9.29548	14.3713	5.96585	3.03	11.0456	16.9361	11.5892	14.565	12.8503	17.5517	6.40631	4.51686	8.59644	17.3051	17.1546	10.8674	8.36239	17.4424	6.2037	
16.0473	17.8888	0	3.93697	16.4292	9.78007	15.2526	17.84	8.61971	16.1959	5.65697	18.913	2.99633	16.8895	19.0283	11.5523	10.3201	12.1857	14.5535	8.15618	9.63745	16.8245	10.4446	5.5181	11.2612	
19.9843	20.6345	3.93697	0	20.4037	13.717	26.4937	28.7481	9.10391	17.6045	8.34803	22.8499	3.48053	17.3737	24.7551	12.0365	21.096	20.2021	7.66604	8.64038	10.1217	21.4212	10.9288	1.58114	11.7454	
0.381838	16.9967	16.4292	20.4037	0	12.2019	10.0151	16.1265	16.8077	13.8159	14.9591	22.9678	18.907	13.0274	6.39225	18.2721	11.6619	14.2909	16.0019	19.1025	3.98531	16.9967	13.2822	25.0933	10.6422	
15.2586	6.94631	9.78007	13.717	12.2019	0	7.84648	8.42912	4.37507	8.78985	8.4991	16.6332	9.42682	8.69868	9.24819	13.9988	0.54	8.21647	4.88	13.95	10.1192	9.41839	1.97853	17.4627	4.61853	
9.63328	9.29548	15.2526	26.4937	10.0151	7.84648	0	13.7468	3.32962	7.60262	16.8067	13.35	8.953	5.55255	12.3175	12.0443	9.90034	12.4147	5.85	13.3033	13.2367	4.83828	5.72616	11.9349	11.1928	
16.5083	14.3713	17.84	28.7481	16.1265	8.42912	13.7468	0	10.4172	14.6902	12.9914	11.0597	13.2097	17.5762	17.6773	14.7508	8.96912	16.6456	13.0478	8.04984	17.6596	15.3187	10.4077	17.893	13.5898	
12.9629	5.96585	8.61971	9.10391	16.8077	4.37507	3.32962	10.4172	0	4.273	10.4909	10.1306	5.62338	7.82895	13.765	8.82484	4.57443	6.87055	2.63059	10.3225	10.5372	4.90153	2.39654	8.71549	5.03654	
19.3474	3.03	16.1959	17.6045	13.8159	8.78985	7.60262	14.6902	4.273	0	9.12626	13.3867	9.89638	23.3736	15.8803	12.0809	7.34599	2.59756	5.88666	13.5786	21.931	9.17453	5.8137	11.9716	3.1737	
15.3409	11.0456	5.65697	8.34803	14.9591	8.4991	16.8067	12.9914	10.4909	9.12626	0	18.4567	4.86749	16.1178	23.1615	9.60469	7.9591	6.52871	10.9567	10.0273	11.5086	22.8081	10.137	17.0416	10.1774	
23.3496	16.9361	18.913	22.8499	22.9678	16.6332	13.35	11.0597	10.1306	13.3867	18.4567	0	21.1486	24.2519	29.7864	13.6943	11.84	16.1585	7.5	15.1919	26.3911	19.2383	15.5238	13.5849	12.8838	
10.2446	11.5892	2.99633	3.48053	18.907	9.42682	8.953	13.2097	5.62338	9.89638	4.86749	21.1486	0	13.8931	17.3848	8.55599	9.62617	11.3962	8.25397	5.15984	6.64112	10.5249	7.44828	5.06167	8.26482	
12.6456	14.565	16.8895	17.3737	13.0274	8.69868	5.55255	17.5762	7.82895	23.3736	16.1178	24.2519	13.8931	0	6.76498	19.8972	8.15868	17.9673	11.4025	11.3924	16.249	2.92742	10.3366	23.5718	9.28192	
6.01041	12.8503	19.0283	24.7551	6.39225	9.24819	12.3175	17.6773	13.765	15.8803	23.1615	29.7864	17.3848	6.76498	0	14.9618	9.78819	17.3671	19.9169	12.225	9.61388	9.69241	11.2267	22.0681	18.8446	
11.9004	17.5517	11.5523	12.0365	18.2721	13.9988	12.0443	14.7508	8.82484	12.0809	9.60469	13.6943	8.55599	19.8972	14.9618	0	10.5343	14.8528	6.19426	6.70099	8.2969	15.166	15.6366	12.2792	16.8208	
12.0437	6.40631	10.3201	21.096	11.6619	0.54	9.90034	8.96912	4.57443	7.34599	7.9591	11.84	9.62617	8.15868	9.78819	10.5343	0	7.82096	4.34	12.0319	10.3186	10.5268	2.17789	10.4249	4.17229	
21.9449	4.51686	12.1857	20.2021	14.2909	8.21647	12.4147	16.6456	6.87055	2.59756	6.52871	16.1585	11.3962	17.9673	17.3671	14.8528	7.82096	0	8.48422	15.7837	15.4139	10.0032	6.28867	14.7434	3.64867	
15.4833	8.59644	14.5535	7.66604	16.0019	4.88	5.85	13.0478	2.63059	5.88666	10.9567	7.5	8.25397	11.4025	19.9169	6.19426	4.34	8.48422	0	7.69193	14.4912	7.53212	5.02713	6.0849	8.51229	
13.2132	17.3051	8.15618	8.64038	19.1025	13.95	13.3033	8.04984	10.3225	13.5786	10.0273	15.1919	5.15984	11.3924	12.225	6.70099	12.0319	15.7837	7.69193	0	9.60975	8.46499	11.9714	9.84315	12.135	
3.60347	17.1546	9.63745	10.1217	3.98531	10.1192	13.2367	17.6596	10.5372	21.931	11.5086	26.3911	6.64112	16.249	9.61388	8.2969	10.3186	15.4139	14.4912	9.60975	0	18.0747	8.14069	10.3379	10.7807	
14.4716	10.8674	16.8245	21.4212	16.9967	9.41839	4.83828	15.3187	4.90153	9.17453	22.8081	19.2383	10.5249	2.92742	9.69241	15.166	10.5268	10.0032	7.53212	8.46499	18.0747	0	7.29807	18.3081	6.35449	
11.7442	8.36239	10.4446	10.9288	13.2822	1.97853	5.72616	10.4077	2.39654	5.8137	10.137	15.5238	7.44828	10.3366	11.2267	15.6366	2.17789	6.28867	5.02713	11.9714	8.14069	7.29807	0	15.4842	2.64	
13.9414	17.4424	5.5181	1.58114	25.0933	17.4627	11.9349	17.893	8.71549	11.9716	17.0416	13.5849	5.06167	23.5718	22.0681	12.2792	10.4249	14.7434	6.0849	9.84315	10.3379	18.3081	15.4842	0	18.1242	
11.024	6.2037	11.2612	11.7454	10.6422	4.61853	11.1928	13.5898	5.03654	3.1737	10.1774	12.8838	8.26482	9.28192	18.8446	16.8208	4.17229	3.64867	8.51229	12.135	10.7807	6.35449	2.64	18.1242	0	

0	17.6163	11.2233	18.107	0.367696	8.93182	15.2703	13.3841	9.9739	11.5639	16.0532	16.9429	10.6448	13.6654	4.15779	8.83307	6.79182	11.1096	7.08025	6.06528	9.57494	14.1344	17.3512	22.7694	10.8337	
17.6163	0	7.90916	15.8646	18.7391	7.01706	5.01	7.93273	1.78466	3.63727	5.59771	11.5044	7.17373	14.4694	19.0919	6.32007	6.01721	1.69941	4.67831	10.6338	13.5977	13.1194	6.06783	11.2793	4.41072	
11.2233	7.90916	0	9.63307	17.3587	7.20304	12.333	12.8192	7.03669	15.0281	2.31145	19.8791	6.35043	20.7844	23.0677	5.8972	10.256	14.5738	4.14304	11.349	10.3114	15.6309	10.4997	5.04777	14.2979	
18.107	15.8646	9.63307	0	17.7393	18.8189	23.3163	22.1244	16.89	18.0447	11.6166	26.83	11.5009	26.0583	21.5294	15.2024	16.6789	19.9825	16.6386	13.9883	15.5258	24.0215	19.8049	4.5853	20.7208	
0.367696	18.7391	17.3587	17.7393	0	12.5347	14.5218	15.7021	13.0008	19.7949	12.0511	19.4511	10.6962	14.0331	3.79009	8.46537	7.15951	14.632	7.44795	5.69759	9.94263	21.6235	23.441	20.1831	15.2789	
8.93182	7.01706	7.20304	18.8189	12.5347	0	7.0835	8.54953	5.2324	6.91213	13.0673	12.2911	9.17039	10.7612	17.8152	9.33911	2.14	6.4578	3.06	6.8371	6.59042	8.00056	9.51558	18.1176	6.18191	
15.2703	5.01	12.333	23.3163	14.5218	7.0835	0	9.37841	11.0836	5.24845	10.7581	13.1156	16.174	2.69897	10.7317	7.17231	7.62839	3.31059	8.19	12.245	10.8009	0.917061	5.52731	18.89	8.06235	
13.3841	7.93273	12.8192	22.1244	15.7021	8.54953	9.37841	0	10.6232	4.09273	10.5077	16.3045	15.9161	10.2433	19.4922	12.9891	6.59228	6.03058	11.6095	15.3866	15.1399	8.46135	11.5407	22.5699	9.10069	
9.9739	1.78466	7.03669	16.89	13.0008	5.2324	11.0836	10.6232	0	5.62466	7.38237	15.5212	5.38907	10.2435	18.7098	4.53542	6.66797	3.48407	2.89365	10.3877	9.41399	8.89343	4.28318	13.064	2.62606	
11.5639	3.63727	15.0281	18.0447	19.7949	6.91213	5.24845	4.09273	5.62466	0	9.43771	11.7429	11.9195	16.5371	22.9319	11.0658	4.77213	1.93786	9.42408	10.8723	18.5878	12.1147	10.8136	15.1193	6.68962	
16.0532	5.59771	2.31145	11.6166	12.0511	13.0673	10.7581	10.5077	7.38237	9.43771	0	14.5715	5.40833	14.1486	17.7601	3.58575	12.5675	7.29713	6.45449	10.4069	8	12.7985	8.18828	7.35922	10.6283	
16.9429	11.5044	19.8791	26.83	19.4511	12.2911	13.1156	16.3045	15.5212	11.7429	14.5715	0	13.3528	19.3023	23.4679	10.9857	10.1511	9.805	16.1812	18.7394	9.32788	16.5417	16.5508	22.7035	14.1108	
10.6448	7.17373	6.35043	11.5009	10.6962	9.17039	16.174	15.9161	5.38907	11.9195	5.40833	13.3528	0	17.0686	18.1649	8.99408	11.3104	13.933	8.28272	4.9986	4.02492	13.9087	9.67225	11.3982	8.01513	
13.6654	14.4694	20.7844	26.0583	14.0331	10.7612	2.69897	10.2433	10.2435	16.5371	14.1486	19.3023	17.0686	0	14.4093	10.85	9.1245	6.98825	11.8677	12.07	11.6657	1.78191	5.96029	23.5951	8.40029	
4.15779	19.0919	23.0677	21.5294	3.79009	17.8152	10.7317	19.4922	18.7098	22.9319	17.7601	23.4679	18.1649	14.4093	0	12.2555	15.2771	14.0423	15.5655	9.48768	14.14	11.6487	23.7869	25.8921	23.3965	
8.83307	6.32007	5.8972	15.2024	8.46537	9.33911	7.17231	12.9891	4.53542	11.0658	3.58575	10.9857	8.99408	10.85	12.2555	0	13.7693	10.4829	6.27911	13.3114	11.5857	8.08937	8.81859	11.7177	7.16148	
6.79182	6.01721	10.256	16.6789	7.15951	2.14	7.62839	6.59228	6.66797	4.77213	12.5675	10.1511	11.3104	9.1245	15.2771	13.7693	0	4.3178	5.2	8.9771	8.73042	7.34259	6.48191	15.3038	4.04191	
11.1096	1.69941	14.5738	19.9825	14.632	6.4578	3.31059	6.03058	3.48407	1.93786	7.29713	9.805	13.933	6.98825	14.0423	10.4829	4.3178	0	11.5006	8.93441	15.4597	4.22765	7.19176	12.9787	4.75176	
7.08025	4.67831	4.14304	16.6386	7.44795	3.06	8.19	11.6095	2.89365	9.42408	6.45449	16.1812	8.28272	11.8677	15.5655	6.27911	5.2	11.5006	0	9.8971	9.65042	9.10706	7.17682	9.19081	5.51971	
6.06528	10.6338	11.349	13.9883	5.69759	6.8371	12.245	15.3866	10.3877	10.8723	10.4069	18.7394	4.9986	12.07	9.48768	13.3114	8.9771	8.93441	9.8971	0	9.02352	13.8519	17.1599	18.5736	13.6862	
9.57494	13.5977	10.3114	15.5258	9.94263	6.59042	10.8009	15.1399	9.41399	18.5878	8	9.32788	4.02492	11.6657	14.14	11.5857	8.73042	15.4597	9.65042	9.02352	0	9.8838	14.4941	18.944	17.8576	
14.1344	13.1194	15.6309	24.0215	21.6235	8.00056	0.917061	8.46135	8.89343	12.1147	12.7985	16.5417	13.9087	1.78191	11.6487	8.08937	7.34259	4.22765	9.10706	13.8519	9.8838	0	4.61025	22.245	7.05025	
17.3512	6.06783	10.4997	19.8049	23.441	9.51558	5.52731	11.5407	4.28318	10.8136	8.18828	16.5508	9.67225	5.96029	23.7869	8.81859	6.48191	7.19176	7.17682	17.1599	14.4941	4.61025	0	17.6348	2.44	
22.7694	11.2793	5.04777	4.5853	20.1831	18.1176	18.89	22.5699	13.064	15.1193	7.35922	22.7035	11.3982	23.5951	25.8921	11.7177	15.3038	12.9787	9.19081	18.5736	18.944	22.245	17.6348	0	18.3877	
10.8337	4.41072	14.2979	20.7208	15.2789	6.18191	8.06235	9.10069	2.62606	6.68962	10.6283	14.1108	8.01513	8.40029	23.3965	7.16148	4.04191	4.75176	5.51971	13.6862	17.8576	7.05025	2.44	18.3877	0	

0	16.9787	17.7831	13.9235	1.24451	13.5603	13.8478	14.8247	8.63991	11.285	15.4655	22.3803	21.2325	9.85843	3.39411	15.5049	8.82475	11.6157	7.08025	8.60341	4.73599	9.82451	24.626	17.0374	19.3402	
16.9787	0	13.9875	20.0349	14.687	7.61246	11.6236	11.5225	7.2916	1.11	15.5872	12.0742	9.96255	12.9825	13.5846	15.6901	10.5583	6.0165	5.31476	15.4264	14.1443	10.2955	3.59928	17.5476	9.46489	
17.7831	13.9875	0	10.2434	19.0621	5.41025	9.9486	9.02273	11.0004	11.9127	6.68446	17.0217	4.02492	15.446	24.468	2.39437	7.29025	15.2383	10.7029	5.4732	18.7161	10.4821	10.6577	4.86749	14.369	
13.9235	20.0349	10.2434	0	24.0505	21.6716	16.249	21.7669	12.4457	18.9249	22.2649	13.6717	17.8566	22.5273	19.6875	15.941	17.0262	13.9211	15.333	18.506	9.18747	23.1895	11.1124	5.37587	10.2724	
1.24451	14.687	19.0621	24.0505	0	9.46024	9.90816	13.5802	7.3954	18.4919	20.3207	21.6755	13.4185	12.2584	4.63862	16.7494	7.58024	11.3409	8.32476	14.6032	5.9805	8.58	12.926	17.6514	9.5687	
13.5603	7.61246	5.41025	21.6716	9.46024	0	6.54591	3.61248	5.59017	6.50246	12.5025	11.7077	6.87779	10.1816	17.8154	7.80462	1.88	5.64066	5.52	8.00315	16.3218	5.21776	5.24742	10.2777	6.08742	
13.8478	11.6236	9.9486	16.249	9.90816	6.54591	0	10.8225	7.65271	9.38735	11.5483	22.109	5.92368	6.29205	16.632	11.6512	9.08999	9.62523	8.97	7.35132	9.11181	1.32816	6.81655	14.2916	5.97655	
14.8247	11.5225	9.02273	21.7669	13.5802	3.61248	10.8225	0	9.20265	9.63138	16.1195	8.09525	10.4903	20.6672	14.2029	11.8294	5.49248	4.72488	9.2603	14.9082	21.2654	8.83024	8.0769	22.3945	8.37355	
8.63991	7.2916	11.0004	12.4457	7.3954	5.59017	7.65271	9.20265	0	8.4016	16.014	21.8058	12.468	11.2884	14.3533	13.6062	6.95701	5.82196	7.62871	9.15186	16.7775	6.32456	3.01329	10.256	2.17329	
11.285	1.11	11.9127	18.9249	18.4919	6.50246	9.38735	9.63138	8.4016	0	12.59	10.9642	11.0726	10.875	14.6946	16.6781	7.835	4.9065	4.20476	5.72791	13.0343	11.4055	2.48928	14.1619	3.32928	
15.4655	15.5872	6.68446	22.2649	20.3207	12.5025	11.5483	16.1195	16.014	12.59	0	21.81	5.62466	14.2858	16.0944	4.29009	11.463	12.9207	8.36155	6.83839	16.1569	11.7407	19.5584	14.8552	18.9734	
22.3803	12.0742	17.0217	13.6717	21.6755	11.7077	22.109	8.09525	21.8058	10.9642	21.81	0	16.1853	21.9703	22.2981	19.416	18.94	12.8201	15.1689	16.8232	22.8591	23.0767	13.4534	19.0475	19.6325	
21.2325	9.96255	4.02492	17.8566	13.4185	6.87779	5.92368	10.4903	12.468	11.0726	5.62466	16.1853	0	16.0913	23.5471	5.72756	5.8383	9.59896	9.4783	8.8064	15.0355	7.25184	11.184	8.89242	11.9002	
9.85843	12.9825	15.446	22.5273	12.2584	10.1816	6.29205	20.6672	11.2884	10.875	14.2858	21.9703	16.0913	0	6.46432	11.7488	10.3103	11.2057	6.67027	8.19342	15.7499	4.96389	13.0948	16.6274	12.2548	
3.39411	13.5846	24.468	19.6875	4.63862	17.8154	16.632	14.2029	14.3533	14.6946	16.0944	22.2981	23.5471	6.46432	0	12.3349	14.5382	16.914	10.4744	9.25605	8.1301	11.4282	20.266	22.6316	18.7191	
15.5049	15.6901	2.39437	15.941	16.7494	7.80462	11.6512	11.8294	13.6062	16.6781	4.29009	19.416	5.72756	11.7488	12.3349	0	11.5659	16.074	4.60199	3.07883	12.3974	9.10199	15.9234	7.26186	15.2138	
8.82475	10.5583	7.29025	17.0262	7.58024	1.88	9.08999	5.49248	6.95701	7.835	11.463	18.94	5.8383	10.3103	14.5382	11.5659	0	3.76066	3.64	5.16315	18.7226	7.09776	5.34573	11.6503	6.18573	
11.6157	6.0165	15.2383	13.9211	11.3409	5.64066	9.62523	4.72488	5.82196	4.9065	12.9207	12.8201	9.59896	11.2057	16.914	16.074	3.76066	0	4.53542	6.05857	17.9408	8.67926	3.35201	14.4925	3.64867	
7.08025	5.31476	10.7029	15.333	8.32476	5.52	8.97	9.2603	7.62871	4.20476	8.36155	15.1689	9.4783	6.67027	10.4744	4.60199	3.64	4.53542	0	1.52315	10.8417	7.54632	6.69404	9.95711	8.18409	
8.60341	15.4264	5.4732	18.506	14.6032	8.00315	7.35132	14.9082	9.15186	5.72791	6.83839	16.8232	8.8064	8.19342	9.25605	3.07883	5.16315	6.05857	1.52315	0	9.31854	6.02316	12.975	11.4803	12.135	
4.73599	14.1443	18.7161	9.18747	5.9805	16.3218	9.11181	21.2654	16.7775	13.0343	16.1569	22.8591	15.0355	15.7499	8.1301	12.3974	18.7226	17.9408	10.8417	9.31854	0	10.44	15.4442	14.5633	14.6042	
9.82451	10.2955	10.4821	23.1895	8.58	5.21776	1.32816	8.83024	6.32456	11.4055	11.7407	23.0767	7.25184	4.96389	11.4282	9.10199	7.09776	8.67926	7.54632	6.02316	10.44	0	8.22623	15.3496	7.30471	
24.626	3.59928	10.6577	11.1124	12.926	5.24742	6.81655	8.0769	3.01329	2.48928	19.5584	13.4534	11.184	13.0948	20.266	15.9234	5.34573	3.35201	6.69404	12.975	15.4442	8.22623	0	16.996	0.84	
17.0374	17.5476	4.86749	5.37587	17.6514	10.2777	14.2916	22.3945	10.256	14.1619	14.8552	19.0475	8.89242	16.6274	22.6316	7.26186	11.6503	14.4925	9.95711	11.4803	14.5633	15.3496	16.996	0	12.4293	
19.3402	9.46489	14.369	10.2724	9.5687	6.08742	5.97655	8.37355	2.17329	3.32928	18.9734	19.6325	11.9002	12.2548	18.7191	15.2138	6.18573	3.64867	8.18409	12.135	14.6042	7.30471	0.84	12.4293	0	

0	16.5865	19.0291	14.0015	1.66877	16.302	11.3199	18.4774	12.3034	16.354	11.4814	23.9443	12.4735	16.103	5.72756	6.67904	14.1375	14.1312	11.6278	6.67432	8.9572	10.3373	16.5365	18.2756	18.7327	
16.5865	0	21.7537	9.07083	28.225	7.63178	14.8659	4.52244	4.28318	5.1	11.2092	15.1429	17.3059	14.7719	15.7265	16.2402	6.1173	4.24853	10.6376	16.398	19.1401	12.4734	5.68947	13.2783	2.36947	
19.0291	21.7537	0	23.2795	12.4147	11.7498	16.3743	13.9252	18.4801	15.0212	7.23849	17.8322	1.60997	19.775	29.5048	12.0408	9.7482	17.5052	16.7919	17.9421	17.2385	24.8951	10.4376	14.9329	17.0315	
14.0015	9.07083	23.2795	0	21.4347	17.6308	13.3823	13.5933	13.354	10.5627	12.343	23.2581	22.6991	20.7182	21.1892	13.3037	18.2385	12.212	19.6647	7.32719	11.6953	21.5442	17.0164	4.64855	11.4403	
1.66877	28.225	12.4147	21.4347	0	15.5017	16.0044	17.6771	13.9721	17.9238	10.9903	33.1699	10.8047	15.0081	7.29734	8.34781	18.943	20.5344	13.1976	8.34309	7.86234	11.9071	15.4416	18.6847	20.7834	
16.302	7.63178	11.7498	17.6308	15.5017	0	9.36034	11.1981	5.05412	5.0325	4.51134	12.6526	10.8571	14.035	8.24021	9.31368	3.22	3.38325	2.34	14.3254	10.3564	9.94685	12.3823	12.2058	9.06228	
11.3199	14.8659	16.3743	13.3823	16.0044	9.36034	0	15.8226	16.5979	16.9185	9.13582	21.3063	14.8092	6.5621	10.1121	4.64091	12.5803	12.7436	11.7003	10.6175	13.7079	5.50236	14.7362	8.73375	12.4964	
18.4774	4.52244	13.9252	13.5933	17.6771	11.1981	15.8226	0	6.55463	7.21612	6.68674	15.1643	13.0325	12.5539	15.4561	11.4891	8.38875	8.38242	18.2349	16.0997	16.6867	16.9958	13.6698	14.3812	6.89192	
12.3034	4.28318	18.4801	13.354	13.9721	5.05412	16.5979	6.55463	0	3.47703	11.8456	11.641	9.97235	12.6491	15.0648	11.2839	1.83412	1.82779	3.30412	13.7179	15.434	14.7046	8.46437	17.3381	6.42932	
16.354	5.1	15.0212	10.5627	17.9238	5.0325	16.9185	7.21612	3.47703	0	7.78267	12.6954	14.1284	14.6278	10.6265	12.585	12.7988	1.64924	12.3345	17.8899	14.0329	15.2363	6.45368	15.2113	7.46947	
11.4814	11.2092	7.23849	12.343	10.9903	4.51134	9.13582	6.68674	11.8456	7.78267	0	17.1639	6.34577	12.5365	17.5182	4.80234	7.73134	7.89459	6.85134	10.7036	10	14.6382	13.1131	7.69441	9.79306	
23.9443	15.1429	17.8322	23.2581	33.1699	12.6526	21.3063	15.1643	11.641	12.6954	17.1639	0	16.3668	15.7133	23.3218	23.598	13.4751	13.4688	14.9926	20.3658	15.1185	26.3456	7.53923	30.0401	10.8592	
12.4735	17.3059	1.60997	22.6991	10.8047	10.8571	14.8092	13.0325	9.97235	14.1284	6.34577	16.3668	0	17.0017	18.1021	11.1481	8.13823	18.5674	9.60823	17.0493	16.3458	20.3116	8.82759	14.0402	12.1476	
16.103	14.7719	19.775	20.7182	15.0081	14.035	6.5621	12.5539	12.6491	14.6278	12.5365	15.7133	17.0017	0	9.99793	9.75	10.815	17.9139	12.285	11.5139	7.1458	5.38815	8.17411	15.2959	11.4941	
5.72756	15.7265	29.5048	21.1892	7.29734	8.24021	10.1121	15.4561	15.0648	10.6265	17.5182	23.3218	18.1021	9.99793	0	12.4066	7.37021	12.2757	5.90021	12.4019	14.6848	4.60977	17.0802	21.2878	16.5648	
6.67904	16.2402	12.0408	13.3037	8.34781	9.31368	4.64091	11.4891	11.2839	12.585	4.80234	23.598	11.1481	9.75	12.4066	0	9.44976	13.7848	10.9198	5.97655	10.3446	10.1433	17.9241	12.4968	14.5954	
14.1375	6.1173	9.7482	18.2385	18.943	3.22	12.5803	8.38875	1.83412	12.7988	7.73134	13.4751	8.13823	10.815	7.37021	9.44976	0	3.66191	1.47	11.8838	13.5764	9.07685	10.2985	17.9748	8.26344	
14.1312	4.24853	17.5052	12.212	20.5344	3.38325	12.7436	8.38242	1.82779	1.64924	7.89459	13.4688	18.5674	17.9139	12.2757	13.7848	3.66191	0	5.72325	17.7086	13.7396	16.5324	8.10292	22.3398	6.618	
11.6278	10.6376	16.7919	19.6647	13.1976	2.34	11.7003	18.2349	3.30412	12.3345	6.85134	14.9926	9.60823	12.285	5.90021	10.9198	1.47	5.72325	0	12.3376	12.6964	7.60685	13.3494	19.4448	11.4023	
6.67432	16.398	17.9421	7.32719	8.34309	14.3254	10.6175	16.0997	13.7179	17.8899	10.7036	20.3658	17.0493	11.5139	12.4019	5.97655	11.8838	17.7086	12.3376	0	4.36807	18.0695	11.9473	11.9757	16.1465	
8.9572	19.1401	17.2385	11.6953	7.86234	10.3564	13.7079	16.6867	15.434	14.0329	10	15.1185	16.3458	7.1458	14.6848	10.3446	13.5764	13.7396	12.6964	4.36807	0	12.5339	7.57926	17.6944	10.8993	
10.3373	12.4734	24.8951	21.5442	11.9071	9.94685	5.50236	16.9958	14.7046	15.2363	14.6382	26.3456	20.3116	5.38815	4.60977	10.1433	9.07685	16.5324	7.60685	18.0695	12.5339	0	13.5623	14.2361	11.9551	
16.5365	5.68947	10.4376	17.0164	15.4416	12.3823	14.7362	13.6698	8.46437	6.45368	13.1131	7.53923	8.82759	8.17411	17.0802	17.9241	10.2985	8.10292	13.3494	11.9473	7.57926	13.5623	0	14.2288	3.32	
18.2756	13.2783	14.9329	4.64855	18.6847	12.2058	8.73375	14.3812	17.3381	15.2113	7.69441	30.0401	14.0402	15.2959	21.2878	12.4968	17.9748	22.3398	19.4448	11.9757	17.6944	14.2361	14.2288	0	10.9088	
18.7327	2.36947	17.0315	11.4403	20.7834	9.06228	12.4964	6.89192	6.42932	7.46947	9.79306	10.8592	12.1476	11.4941	16.5648	14.5954	8.26344	6.618	11.4023	16.1465	10.8993	11.9551	3.32	10.9088	0	

0	15.6991	7.67482	7.25431	0.339411	11.434	6.60201	8.544	13.9083	9.04112	8.16276	13.6748	12.3091	5.30298	1.76777	11.0823	9.98045	12.4098	8.61201	15.5205	11.2878	5.63998	8.77428	10.1636	7.88306	
15.6991	0	10.7597	14.9877	10.2617	3.80326	7.15234	6.69324	3.05941	1.56	10.1814	12.7165	7.26997	19.8439	10.6842	12.637	4.80326	2.50831	8.32059	9.26716	10.9591	10.0616	3.67766	11.1503	7.5532	
7.67482	10.7597	0	6.69512	8.01423	8.26376	10.5291	14.606	7.70024	9.39331	1.88566	9.42489	6.03204	12.9778	9.44258	9.50537	9.97708	14.946	12.9614	11.1051	13.0363	13.4384	13.6661	3.78583	12.2228	
7.25431	14.9877	6.69512	0	7.59372	10.2563	9.31267	15.7983	18.3129	18.3896	10.1415	14.1675	7.7177	11.828	9.02208	3.82796	27.0228	17.4413	7.64634	10.2286	12.946	21.3546	18.8558	2.9093	17.1951	
0.339411	10.2617	8.01423	7.59372	0	12.2077	6.2626	8.88342	10.3948	8.70171	8.50217	19.8582	20.264	5.64239	2.10718	11.7473	10.0032	9.65002	11.0726	23.6365	15.0637	5.72	12.5502	18.5439	8.25479	
11.434	3.80326	8.26376	10.2563	12.2077	0	5.94508	2.88998	2.01246	3.70554	6.3781	8.02077	10.5245	10.6272	9.21269	9.75838	1	4.92204	5.94	8.22021	19.9705	5.28318	7.48092	7.347	5.07488	
6.60201	7.15234	10.5291	9.31267	6.2626	5.94508	0	8.83506	7.95754	8.71234	12.3232	9.66112	14.0014	8.50958	6.7815	5.48471	6.94508	5.3863	4.81	12.045	17.0628	2.9093	8.71218	13.2921	1.99218	
8.544	6.69324	14.606	15.7983	8.88342	2.88998	8.83506	0	4.90244	4.81413	9.26809	5.13079	17.1378	13.847	10.3118	15.4703	3.88998	3.86581	8.82998	6.97653	10.6658	13.8663	10.5066	10.237	7.25992	
13.9083	3.05941	7.70024	18.3129	10.3948	2.01246	7.95754	4.90244	0	1.69307	8.39056	12.0366	10.3294	9.9484	10.4895	9.07956	2.27684	2.64139	5.26118	6.20775	15.3807	6.56002	5.96585	9.35946	7.08734	
9.04112	1.56	9.39331	18.3896	8.70171	3.70554	8.71234	4.81413	1.69307	0	10.3518	10.4083	8.82997	14.1891	12.4611	15.56	3.96991	0.948314	6.95425	7.90082	7.74831	8.58886	5.23766	11.3207	4.34243	
8.16276	10.1814	1.88566	10.1415	8.50217	6.3781	12.3232	9.26809	8.39056	10.3518	0	7.53923	4.14638	13.4657	9.93052	7.61972	7.3781	13.7312	11.4381	14.9498	14.9219	15.5042	17.0571	5.67149	10.3371	
13.6748	12.7165	9.42489	14.1675	19.8582	8.02077	9.66112	5.13079	12.0366	10.4083	7.53923	0	11.6856	18.3395	13.7842	10.3395	18.8761	8.9966	14.1579	12.1073	19.8733	19.7454	14.3889	24.0783	7.66893	
12.3091	7.26997	6.03204	7.7177	20.264	10.5245	14.0014	17.1378	10.3294	8.82997	4.14638	11.6856	0	18.1116	15.7783	10.1116	18.7571	11.4291	13.93	10.8034	19.7445	16.9107	10.9476	10.494	14.4835	
5.30298	19.8439	12.9778	11.828	5.64239	10.6272	8.50958	13.847	9.9484	14.1891	13.4657	18.3395	18.1116	0	7.07075	8	9.88346	22.4166	4.68722	11.9222	22.5536	5.60029	21.0958	27.2417	14.6837	
1.76777	10.6842	9.44258	9.02208	2.10718	9.21269	6.7815	10.3118	10.4895	12.4611	9.93052	13.7842	15.7783	7.07075	0	10.6626	8.15539	9.5094	6.84425	14.0792	9.52	3.87221	7.00651	23.945	6.11529	
11.0823	12.637	9.50537	3.82796	11.7473	9.75838	5.48471	15.4703	9.07956	15.56	7.61972	10.3395	10.1116	8	10.6626	0	12.4984	15.7475	3.81838	11.0534	14.5536	8.394	15.0278	6.73726	7.47689	
9.98045	4.80326	9.97708	27.0228	10.0032	1	6.94508	3.88998	2.27684	3.96991	7.3781	18.8761	18.7571	9.88346	8.15539	12.4984	0	8.66793	6.94	8.48459	17.7327	4.28318	8.24269	8.347	6.07488	
12.4098	2.50831	14.946	17.4413	9.65002	4.92204	5.3863	3.86581	2.64139	0.948314	13.7312	8.9966	11.4291	22.4166	9.5094	15.7475	8.66793	0	14.6109	10.8423	6.8	9.53717	6.64078	19.0631	3.39411	
8.61201	8.32059	12.9614	7.64634	11.0726	5.94	4.81	8.82998	5.26118	6.95425	11.4381	14.1579	13.93	4.68722	6.84425	3.81838	6.94	14.6109	0	7.23498	16.3642	6.20967	11.227	13.287	6.80218	
15.5205	9.26716	11.1051	10.2286	23.6365	8.22021	12.045	6.97653	6.20775	7.90082	14.9498	12.1073	10.8034	11.9222	14.0792	11.0534	8.48459	10.8423	7.23498	0	9.17294	13.4447	12.1736	7.31927	14.6293	
11.2878	10.9591	13.0363	12.946	15.0637	19.9705	17.0628	10.6658	15.3807	7.74831	14.9219	19.8733	19.7445	22.5536	9.52	14.5536	17.7327	6.8	16.3642	9.17294	0	13.3922	13.4408	14.425	10.1941	
5.63998	10.0616	13.4384	21.3546	5.72	5.28318	2.9093	13.8663	6.56002	8.58886	15.5042	19.7454	16.9107	5.60029	3.87221	8.394	4.28318	9.53717	6.20967	13.4447	13.3922	0	10.8787	27.5856	4.90148	
8.77428	3.67766	13.6661	18.8558	12.5502	7.48092	8.71218	10.5066	5.96585	5.23766	17.0571	14.3889	10.9476	21.0958	7.00651	15.0278	8.24269	6.64078	11.227	12.1736	13.4408	10.8787	0	21.6269	6.72	
10.1636	11.1503	3.78583	2.9093	18.5439	7.347	13.2921	10.237	9.35946	11.3207	5.67149	24.0783	10.494	27.2417	23.945	6.73726	8.347	19.0631	13.287	7.31927	14.425	27.5856	21.6269	0	12.4219	
7.88306	7.5532	12.2228	17.1951	8.25479	5.07488	1.99218	7.25992	7.08734	4.34243	10.3371	7.66893	14.4835	14.6837	6.11529	7.47689	6.07488	3.39411	6.80218	14.6293	10.1941	4.90148	6.72	12.4219	0	

0	15.7632	15.4057	11.7814	2.46073	16.2788	11.0428	18.9913	12.7559	17.9926	8.56647	22.7968	21.2064	16.1033	6.92965	15.5821	10.2338	15.4116	10.3844	8.79056	14.1778	11.7288	7.75888	17.372	9.91888	
15.7632	0	15.6512	15.0607	15.8506	2.44495	9.26562	15.3763	1.32575	1.35	19.9532	6.37595	11.2245	12.2889	11.3817	11.492	5.32495	2.90689	12.1112	8.93524	15.67	11.6814	6.32278	15.1793	7.21612	
15.4057	15.6512	0	15.3126	10.4245	12.4676	19.2246	18.8792	12.6439	15.3	4.31876	17.562	4.11437	15.9912	27.4755	3.42053	10.1217	12.4319	8.76625	10.2121	16.1188	11.6168	7.64683	9.38088	9.80683	
11.7814	15.0607	15.3126	0	9.32064	19.2357	17.3768	27.8861	13.7349	15.3156	6.54838	20.8108	11.1982	15.6461	13.7896	8.40164	21.5774	19.5158	19.4644	14.5748	9.18747	18.8705	18.732	1.48627	26.1408	
2.46073	15.8506	10.4245	9.32064	0	16.6775	8.58209	26.7361	16.522	24.842	6.10574	27.3771	11.6943	10.3128	4.46891	14.9958	16.3631	19.6469	12.8451	11.2513	17.0171	13.705	10.2196	10.8069	16.913	
16.2788	2.44495	12.4676	19.2357	16.6775	0	8.09543	17.8213	3.7707	3.79495	18.5307	5.15476	13.9466	9.8261	13.8266	9.04708	2.88	5.35184	9.81	7.48826	12.8755	13.2183	5.35487	15.9625	9.66107	
11.0428	9.26562	19.2246	17.3768	8.58209	8.09543	0	13.9707	7.93987	11.9082	13.3947	12.8379	16.8872	1.73066	13.051	13.9257	9.73242	13.4651	8.58	13.8349	18.2236	4.95507	9.09283	19.9679	8.33095	
18.9913	15.3763	18.8792	27.8861	26.7361	17.8213	13.9707	0	16.2294	15.7247	18.9168	19.269	22.4093	12.24	26.758	25.8228	13.7073	18.2832	25.6478	19.5983	25.7802	10.6449	11.2324	29.554	13.3924	
12.7559	1.32575	12.6439	13.7349	16.522	3.7707	7.93987	16.2294	0	2.67575	19.1784	7.07588	13.5898	9.67054	12.7074	14.401	7.47191	4.23263	10.7854	7.60949	12.9968	8.96698	4.99704	15.2212	7.15704	
17.9926	1.35	15.3	15.3156	24.842	3.79495	11.9082	15.7247	2.67575	0	18.8914	7.72595	13.5127	18.5781	12.7317	13.3885	7.01783	4.25689	15.7722	11.6327	19.1351	13.0314	9.35432	13.8293	8.56612	
8.56647	19.9532	4.31876	6.54838	6.10574	18.5307	13.3947	18.9168	19.1784	18.8914	0	21.2714	5.5886	11.4962	10.5746	7.73929	19.9	13.9062	8.72067	13.9755	11.8	8.27183	11.9656	5.06211	12.7854	
22.7968	6.37595	17.562	20.8108	27.3771	5.15476	12.8379	19.269	7.07588	7.72595	21.2714	0	19.1014	11.1072	17.7576	14.2018	8.03476	9.28284	14.9648	12.643	23.3756	14.3316	12.0729	23.8317	13.5921	
21.2064	11.2245	4.11437	11.1982	11.6943	13.9466	16.8872	22.4093	13.5898	13.5127	5.5886	19.1014	0	14.9888	25.5141	6.29325	16.8072	8.31758	11.639	12.4159	17.3886	11.7644	11.7612	10.6507	17.5446	
16.1033	12.2889	15.9912	15.6461	10.3128	9.8261	1.73066	12.24	9.67054	18.5781	11.4962	11.1072	14.9888	0	16.7145	26.5014	10.8193	15.9971	10.3107	12.1778	19.9543	3.22441	7.19434	17.1324	10.0616	
6.92965	11.3817	27.4755	13.7896	4.46891	13.8266	13.051	26.758	12.7074	12.7317	10.5746	17.7576	25.5141	16.7145	0	19.4647	11.8942	14.2886	18.3531	13.0982	14.98	20.1067	14.3691	16.9454	18.5978	
15.5821	11.492	3.42053	8.40164	14.9958	9.04708	13.9257	25.8228	14.401	13.3885	7.73929	14.2018	6.29325	26.5014	19.4647	0	11.9271	14.6108	5.34573	6.79154	12.1788	15.7449	11.0674	6.91537	15.7804	
10.2338	5.32495	10.1217	21.5774	16.3631	2.88	9.73242	13.7073	7.47191	7.01783	19.9	8.03476	16.8072	10.8193	11.8942	11.9271	0	9.16318	11.2	10.3683	13.384	6.44481	2.47487	20.3048	4.63487	
15.4116	2.90689	12.4319	19.5158	19.6469	5.35184	13.4651	18.2832	4.23263	4.25689	13.9062	9.28284	8.31758	15.9971	14.2886	14.6108	9.16318	0	16.0932	13.1896	13.94	11.6226	7.65271	19.0244	9.81271	
10.3844	12.1112	8.76625	19.4644	12.8451	9.81	8.58	25.6478	10.7854	15.7722	8.72067	14.9648	11.639	10.3107	18.3531	5.34573	11.2	16.0932	0	5.25488	10.6422	13.7029	13.6749	12.2611	14.2438	
8.79056	8.93524	10.2121	14.5748	11.2513	7.48826	13.8349	19.5983	7.60949	11.6327	13.9755	12.643	12.4159	12.1778	13.0982	6.79154	10.3683	13.1896	5.25488	0	5.38728	8.95335	11.1489	13.7069	8.98888	
14.1778	15.67	16.1188	9.18747	17.0171	12.8755	18.2236	25.7802	12.9968	19.1351	11.8	23.3756	17.3886	19.9543	14.98	12.1788	13.384	13.94	10.6422	5.38728	0	14.3406	15.8588	10.6737	14.3762	
11.7288	11.6814	11.6168	18.8705	13.705	13.2183	4.95507	10.6449	8.96698	13.0314	8.27183	14.3316	11.7644	3.22441	20.1067	15.7449	6.44481	11.6226	13.7029	8.95335	14.3406	0	3.96994	13.3339	6.12994	
7.75888	6.32278	7.64683	18.732	10.2196	5.35487	9.09283	11.2324	4.99704	9.35432	11.9656	12.0729	11.7612	7.19434	14.3691	11.0674	2.47487	7.65271	13.6749	11.1489	15.8588	3.96994	0	22.7797	2.16	
17.372	15.1793	9.38088	1.48627	10.8069	15.9625	19.9679	29.554	15.2212	13.8293	5.06211	23.8317	10.6507	17.1324	16.9454	6.91537	20.3048	19.0244	12.2611	13.7069	10.6737	13.3339	22.7797	0	17.8475	
9.91888	7.21612	9.80683	26.1408	16.913	9.66107	8.33095	13.3924	7.15704	8.56612	12.7854	13.5921	17.5446	10.0616	18.5978	15.7804	4.63487	9.81271	14.2438	8.98888	14.3762	6.12994	2.16	17.8475	0	

0	15.5121	24.9921	15.089	2.13546	13.4057	10.5596	24.085	25.3301	14.1088	18.7624	30.3075	17.0317	7.54655	3.67696	6.97282	13.9976	26.1483	18.6447	20.6248	15.6494	8.97847	17.4236	9.75676	21.1489	
15.5121	0	9.60463	13.5927	10.3374	6.52206	8.11481	7.01502	5.76189	3.03	7.69686	23.8175	9.42752	9.50352	23.0867	5.5	5.74359	4.74046	10.9415	9.0316	16.9717	6.53367	7.42744	13.9739	10.1241	
24.9921	9.60463	0	13.092	8.94199	15.8354	14.2302	14.2168	14.8119	18.2019	6.81269	19.9937	7.9604	19.867	21.6913	4.10463	15.7021	14.5502	11.173	7.63623	9.34676	18.5255	12.0585	13.0897	9.61688	
15.089	13.5927	13.092	0	11.5741	11.6451	19.113	8.996	23.9461	10.5627	10.2299	28.1509	12.3344	17.1249	18.7659	8.98739	20.5848	12.2891	17.3006	12.519	16.4957	23.4082	20.8795	3.95285	14.4996	
2.13546	10.3374	8.94199	11.5741	0	13.8991	13.0211	16.5483	21.8148	17.3912	13.5456	33.2908	9.57497	9.68201	3.73352	4.83735	16.4348	15.2829	15.8682	8.36895	17.7848	11.1139	24.6359	7.6213	10.3496	
13.4057	6.52206	15.8354	11.6451	13.8991	0	6.00833	2.64915	4.8914	3.49206	6.88033	21.574	10.7533	7.39704	17.6326	13.5509	3.5	5.94225	2.52	4.5001	12.4803	4.42719	10.6692	15.2997	14.258	
10.5596	8.11481	14.2302	19.113	13.0211	6.00833	0	9.25216	5.25056	8.84523	13.9441	28.025	14.8632	4.55099	24.3885	10.1256	6.64196	5.95906	11.31	11.55	12.2211	1.58114	2.67686	20.2212	5.43686	
24.085	7.01502	14.2168	8.996	16.5483	2.64915	9.25216	0	10.5648	3.98502	11.6718	19.1549	17.2734	10.5472	20.4689	10.7765	6.14915	3.2931	5.16915	7.24486	14.6263	7.07634	9.93388	12.9488	13.7521	
25.3301	5.76189	14.8119	23.9461	21.8148	4.8914	5.25056	10.5648	0	8.79189	10.3217	19.4654	12.0524	7.84245	26.9282	11.2619	1.3914	8.45351	10.4357	13.6862	12.2977	6.8317	2.75347	16.5987	5.51347	
14.1088	3.03	18.2019	10.5627	17.3912	3.49206	8.84523	3.98502	8.79189	0	10.7269	23.14	13.2883	6.5622	24.4539	8.53	6.99206	2.88617	6.01206	11.2299	17.0824	7.91925	9.52696	14.5156	13.1541	
18.7624	7.69686	6.81269	10.2299	13.5456	6.88033	13.9441	11.6718	10.3217	10.7269	0	26.8064	1.73066	19.8252	22.6613	6.46828	11.7131	12.4373	4.36033	6.34043	14.3206	13.4499	13.0752	6.27702	14.2205	
30.3075	23.8175	19.9937	28.1509	33.2908	21.574	28.025	19.1549	19.4654	23.14	26.8064	0	27.9541	24.525	39.5781	20.0066	18.074	22.448	18.4551	16.475	14.6581	28.3266	22.0857	33.3	19.3257	
17.0317	9.42752	7.9604	12.3344	9.57497	10.7533	14.8632	17.2734	12.0524	13.2883	1.73066	27.9541	0	17.7738	20.7087	4.73762	11.3228	15.1832	6.091	8.26922	13.4835	15.8819	19.3413	8.00769	10.2499	
7.54655	9.50352	19.867	17.1249	9.68201	7.39704	4.55099	10.5472	7.84245	6.5622	19.8252	24.525	17.7738	0	11.2235	17.3907	6.45105	9.44838	16.0447	15.9929	10.5202	2.96985	9.87704	25.3179	12.637	
3.67696	23.0867	21.6913	18.7659	3.73352	17.6326	24.3885	20.4689	26.9282	24.4539	22.6613	39.5781	20.7087	11.2235	0	8.57088	29.1513	23.762	22.3216	21.1183	19.3263	12.6554	23.7267	11.3548	20.9667	
6.97282	5.5	4.10463	8.98739	4.83735	13.5509	10.1256	10.7765	11.2619	8.53	6.46828	20.0066	4.73762	17.3907	8.57088	0	11.2436	10.2405	5.5117	3.5316	13.4514	11.7067	8.27225	12.4587	5.51225	
13.9976	5.74359	15.7021	20.5848	16.4348	3.5	6.64196	6.14915	1.3914	6.99206	11.7131	18.074	11.3228	6.45105	29.1513	11.2436	0	7.93918	6.02	13.6001	16.9712	7.92719	4.14487	19.7043	8.4546	
26.1483	4.74046	14.5502	12.2891	15.2829	5.94225	5.95906	3.2931	8.45351	2.88617	12.4373	22.448	15.1832	9.44838	23.762	10.2405	7.93918	0	14.4309	10.538	16.185	7.5402	6.64078	26.2489	9.40078	
18.6447	10.9415	11.173	17.3006	15.8682	2.52	11.31	5.16915	10.4357	6.01206	4.36033	18.4551	6.091	16.0447	22.3216	5.5117	6.02	14.4309	0	1.9801	9.96027	6.94719	13.9869	10.6374	15.4899	
20.6248	9.0316	7.63623	12.519	8.36895	4.5001	11.55	7.24486	13.6862	11.2299	6.34043	16.475	8.26922	15.9929	21.1183	3.5316	13.6001	10.538	1.9801	0	11.9404	13.0231	14.2269	19.2733	9.04385	
15.6494	16.9717	9.34676	16.4957	17.7848	12.4803	12.2211	14.6263	12.2977	17.0824	14.3206	14.6581	13.4835	10.5202	19.3263	13.4514	16.9712	16.185	9.96027	11.9404	0	13.49	9.54425	20.4485	10.3088	
8.97847	6.53367	18.5255	23.4082	11.1139	4.42719	1.58114	7.07634	6.8317	7.91925	13.4499	28.3266	15.8819	2.96985	12.6554	11.7067	7.92719	7.5402	6.94719	13.0231	13.49	0	4.258	19.0613	10.7271	
17.4236	7.42744	12.0585	20.8795	24.6359	10.6692	2.67686	9.93388	2.75347	9.52696	13.0752	22.0857	19.3413	9.87704	23.7267	8.27225	4.14487	6.64078	13.9869	14.2269	9.54425	4.258	0	24.4489	2.76	
9.75676	13.9739	13.0897	3.95285	7.6213	15.2997	20.2212	12.9488	16.5987	14.5156	6.27702	33.3	8.00769	25.3179	11.3548	12.4587	19.7043	26.2489	10.6374	19.2733	20.4485	19.0613	24.4489	0	22.6086	
21.1489	10.1241	9.61688	14.4996	10.3496	14.258	5.43686	13.7521	5.51347	13.1541	14.2205	19.3257	10.2499	12.637	20.9667	5.51225	8.4546	9.40078	15.4899	9.04385	10.3088	10.7271	2.76	22.6086	0	

0	20.5221	25.1176	14.2827	1.85262	18.8804	12.1783	16.5074	20.6951	20.309	17.0944	14.2935	16.333	4.89506	6.71751	12.3951	8.26667	19.4737	14.6325	7.713	10.2956	10.9196	8.44959	19.2397	9.17686	
20.5221	0	13.148	14.2001	9.84197	9.70497	9.8342	9.64788	6.67972	5.37	15.7615	5.37971	11.2653	8.91304	18.877	12.8112	9.0572	6.93678	11.0464	8.80316	22.3328	11.6971	3.245	16.4491	4.63124	
25.1176	13.148	0	9.05468	15.4465	11.1023	15.2177	12.7438	18.4236	23.8022	6.63021	12.5938	6.7082	12.7985	28.9852	8.93534	19.9752	15.7292	10.4315	9.58616	12.7456	17.7776	11.3167	7.03082	8.51674	
14.2827	14.2001	9.05468	0	16.8895	18.9749	16.6709	12.9361	25.1877	20.554	6.82246	8.82043	10.1035	9.38765	28.9084	9.12759	17.2384	18.0075	10.6238	11.3238	12.5284	15.4122	16.6478	2.02386	13.6695	
1.85262	9.84197	15.4465	16.8895	0	9.57405	13.1862	12.6027	15.1633	11.7476	18.994	14.8321	18.5224	6.74768	4.86489	15.0018	6.41405	10.7318	14.9231	5.86038	11.1021	8.92149	6.59697	21.2209	9.39697	
18.8804	9.70497	11.1023	18.9749	9.57405	0	3.79473	5.05747	7.60263	4.33497	7.6752	10.2797	4.39414	11.0779	13.4248	7.71755	3.16	5.90175	10.0114	7.65105	10.4315	6.32456	10.0647	18.1398	7.85398	
12.1783	9.8342	15.2177	16.6709	13.1862	3.79473	0	8.8522	11.3974	8.12971	25.5113	16.2785	8.18888	7.28321	6.58642	7.87949	6.813	13.9135	15.7647	11.4458	22.3688	2.52982	6.5892	18.5188	6.70099	
16.5074	9.64788	12.7438	12.9361	12.6027	5.05747	8.8522	0	6.20349	6.4622	6.11359	13.6821	9.39464	11.6123	18.4823	8.41872	6.18867	8.02898	9.91491	11.2698	16.5115	10.4718	12.8929	23.9322	12.9114	
20.6951	6.67972	18.4236	25.1877	15.1633	7.60263	11.3974	6.20349	0	10.5616	12.3171	12.0594	11.7154	15.8	20.4199	15.0388	10.562	11.3475	12.6268	14.1245	17.7528	14.8452	8.56635	23.1903	11.311	
20.309	5.37	23.8022	20.554	11.7476	4.33497	8.12971	6.4622	10.5616	0	9.47774	10.7497	8.72912	18.0745	13.333	16.0285	5.33355	1.56678	5.67642	11.986	13.4068	9.61673	8.615	17.5504	8.77927	
17.0944	15.7615	6.63021	6.82246	18.994	7.6752	25.5113	6.11359	12.3171	9.47774	0	9.16663	3.28105	9.80512	27.7875	2.30512	12.3023	17.2815	3.80132	12.8641	9.31844	7.65479	18.9828	8.84632	15.1469	
14.2935	5.37971	12.5938	8.82043	14.8321	10.2797	16.2785	13.6821	12.0594	10.7497	9.16663	0	5.88558	9.3984	24.6279	7.43153	8.418	12.4904	17.41	16.1984	11.923	12.7012	8.62471	10.8443	10.011	
16.333	11.2653	6.7082	10.1035	18.5224	4.39414	8.18888	9.39464	11.7154	8.72912	3.28105	5.88558	0	10.8234	17.8189	3.3234	7.55414	18.6521	7.08237	11.2791	6.03738	8.67307	14.4589	13.739	12.2481	
4.89506	8.91304	12.7985	9.38765	6.74768	11.0779	7.28321	11.6123	15.8	18.0745	9.80512	9.3984	10.8234	0	10.0811	7.5	10.3077	11.4943	15.3236	6.8	12.0417	6.02455	7.0818	11.4115	4.2818	
6.71751	18.877	28.9852	28.9084	4.86489	13.4248	6.58642	18.4823	20.4199	13.333	27.7875	24.6279	17.8189	10.0811	0	9.40626	8.33978	11.7663	22.34	10.7253	16.38	4.0566	11.4619	27.7499	15.904	
12.3951	12.8112	8.93534	9.12759	15.0018	7.71755	7.87949	8.41872	15.0388	16.0285	2.30512	7.43153	3.3234	7.5	9.40626	0	9.63284	24.2196	6.10644	14.3	9.36079	5.34966	13.8018	17.0691	11.7818	
8.26667	9.0572	19.9752	17.2384	6.41405	3.16	6.813	6.18867	10.562	5.33355	12.3023	8.418	7.55414	10.3077	8.33978	9.63284	0	4.3178	9.73	10.811	17.4604	4.28318	7.62261	19.972	10.4226	
19.4737	6.93678	15.7292	18.0075	10.7318	5.90175	13.9135	8.02898	11.3475	1.56678	17.2815	12.4904	18.6521	11.4943	11.7663	24.2196	4.3178	0	7.24321	14.1789	28.1463	8.60098	9.67657	15.9836	7.21249	
14.6325	11.0464	10.4315	10.6238	14.9231	10.0114	15.7647	9.91491	12.6268	5.67642	3.80132	17.41	7.08237	15.3236	22.34	6.10644	9.73	7.24321	0	9.06277	7.73036	14.0132	14.6209	12.4464	16.0292	
7.713	8.80316	9.58616	11.3238	5.86038	7.65105	11.4458	11.2698	14.1245	11.986	12.8641	16.1984	11.2791	6.8	10.7253	14.3	10.811	14.1789	9.06277	0	5.24168	12.8245	5.55817	13.3477	6.96638	
10.2956	22.3328	12.7456	12.5284	11.1021	10.4315	22.3688	16.5115	17.7528	13.4068	9.31844	11.923	6.03738	12.0417	16.38	9.36079	17.4604	28.1463	7.73036	5.24168	0	16.6389	10.7998	14.5522	12.2081	
10.9196	11.6971	17.7776	15.4122	8.92149	6.32456	2.52982	10.4718	14.8452	9.61673	7.65479	12.7012	8.67307	6.02455	4.0566	5.34966	4.28318	8.60098	14.0132	12.8245	16.6389	0	8.45212	20.3692	9.23081	
8.44959	3.245	11.3167	16.6478	6.59697	10.0647	6.5892	12.8929	8.56635	8.615	18.9828	8.62471	14.4589	7.0818	11.4619	13.8018	7.62261	9.67657	14.6209	5.55817	10.7998	8.45212	0	14.6179	2.8	
19.2397	16.4491	7.03082	2.02386	21.2209	18.1398	18.5188	23.9322	23.1903	17.5504	8.84632	10.8443	13.739	11.4115	27.7499	17.0691	19.972	15.9836	12.4464	13.3477	14.5522	20.3692	14.6179	0	11.8179	
9.17686	4.63124	8.51674	13.6695	9.39697	7.85398	6.70099	12.9114	11.311	8.77927	15.1469	10.011	12.2481	4.2818	15.904	11.7818	10.4226	7.21249	16.0292	6.96638	12.2081	9.23081	2.8	11.8179	0	

-111