10
5
2
2
20

6	25
1	50
11	25
47	42
3	33

40	12
50	19
49	12
45	9
11	8
25	5
17	28
33	35
2	41
7	15

150

1.79769e+308
1.79769e+308
1.79769e+308
1.79769e+308
1.79769e+308

13
15
11
18
13
13
19
18
19
14

0
0
0
0
0

0

0	13.8712	5.35309	11.4662	5.74243	2.5258	5.937	3.19972	8.21848	3.55477	7.20727	4.4381	17.8887	5.07318	2.16876	
13.8712	0	18.0705	8.85929	5.69805	4.8003	6.72487	8.9524	10.2886	11.7274	15.031	15.2361	10.1232	2.25293	14.7331	
5.35309	18.0705	0	9.36952	5.00739	4.64358	9.34429	9.85156	5.78052	1.40884	5.94569	4.60162	23.741	13.5504	2.79486	
11.4662	8.85929	9.36952	0	11.5592	11.1954	10.1891	12.9416	6.62539	7.96068	12.4975	18.1915	6.92848	11.1122	9.2974	
5.74243	5.69805	5.00739	11.5592	0	4.21251	7.62371	4.88643	9.90519	3.59854	8.13539	9.87547	18.252	3.44512	4.98456	
2.5258	4.8003	4.64358	11.1954	4.21251	0	2.90145	0.673924	5.69268	3.23474	7.77158	5.92387	8.91328	2.54738	4.62075	
5.937	6.72487	9.34429	10.1891	7.62371	2.90145	0	2.22753	3.56376	6.64594	16.4878	7.47747	5.50208	5.95857	10.3443	
3.19972	8.9524	9.85156	12.9416	4.88643	0.673924	2.22753	0	5.79129	3.90866	14.2859	5.24994	7.7296	3.2213	7.60707	
8.21848	10.2886	5.78052	6.62539	9.90519	5.69268	3.56376	5.79129	0	7.18937	17.4067	10.3821	9.06584	8.24006	12.6258	
3.55477	11.7274	1.40884	7.96068	3.59854	3.23474	6.64594	3.90866	7.18937	0	4.53684	6.01047	14.8892	5.78211	1.38601	
7.20727	15.031	5.94569	12.4975	8.13539	7.77158	16.4878	14.2859	17.4067	4.53684	0	9.03591	21.9899	17.2839	5.92286	
4.4381	15.2361	4.60162	18.1915	9.87547	5.92387	7.47747	5.24994	10.3821	6.01047	9.03591	0	16.3386	13.3206	6.60686	
17.8887	10.1232	23.741	6.92848	18.252	8.91328	5.50208	7.7296	9.06584	14.8892	21.9899	16.3386	0	12.3761	16.2259	
5.07318	2.25293	13.5504	11.1122	3.44512	2.54738	5.95857	3.2213	8.24006	5.78211	17.2839	13.3206	12.3761	0	9.48052	
2.16876	14.7331	2.79486	9.2974	4.98456	4.62075	10.3443	7.60707	12.6258	1.38601	5.92286	6.60686	16.2259	9.48052	0	

0	8.85757	6.56454	9.83524	7.51385	17.5545	14.0783	11.9199	4.6008	7.74366	3.72664	0.978351	12.6699	3.8361	10.1844	
8.85757	0	2.17464	17.1721	13.8025	10.8289	19.727	16.1922	11.5017	15.5157	10.6275	7.76083	16.7767	10.1248	10.627	
6.56454	2.17464	0	13.774	12.3331	8.65427	18.5496	12.7941	9.20863	12.9404	8.33448	5.58619	15.4607	12.2994	8.45236	
9.83524	17.1721	13.774	0	23.0363	10.7411	4.28436	6.46173	6.71835	8.86096	16.1016	10.8136	3.93467	13.6713	5.32167	
7.51385	13.8025	12.3331	23.0363	0	9.06014	18.9555	6.6292	14.2297	10.8055	13.2566	10.6073	9.15626	3.67775	10.9709	
17.5545	10.8289	8.65427	10.7411	9.06014	0	9.89532	9.33348	9.59009	10.5492	4.19647	6.94476	6.80642	12.7379	9.47603	
14.0783	19.727	18.5496	4.28436	18.9555	9.89532	0	14.1244	9.53929	16.6154	12.8821	13.1	8.21903	21.4411	9.60603	
11.9199	16.1922	12.7941	6.46173	6.6292	9.33348	14.1244	0	5.31073	4.17629	8.05114	10.7994	2.52705	10.3069	4.34173	
4.6008	11.5017	9.20863	6.71835	14.2297	9.59009	9.53929	5.31073	0	7.70996	6.37073	3.62244	2.78367	11.9635	7.57447	
7.74366	15.5157	12.9404	8.86096	10.8055	10.5492	16.6154	4.17629	7.70996	0	6.35274	7.63646	4.92629	11.5798	4.48801	
3.72664	10.6275	8.33448	16.1016	13.2566	4.19647	12.8821	8.05114	6.37073	6.35274	0	2.74829	10.5782	11.0894	10.8407	
0.978351	7.76083	5.58619	10.8136	10.6073	6.94476	13.1	10.7994	3.62244	7.63646	2.74829	0	6.40612	4.81445	11.1627	
12.6699	16.7767	15.4607	3.93467	9.15626	6.80642	8.21903	2.52705	2.78367	4.92629	10.5782	6.40612	0	14.3624	6.86879	
3.8361	10.1248	12.2994	13.6713	3.67775	12.7379	21.4411	10.3069	11.9635	11.5798	11.0894	4.81445	14.3624	0	14.0205	
10.1844	10.627	8.45236	5.32167	10.9709	9.47603	9.60603	4.34173	7.57447	4.48801	10.8407	11.1627	6.86879	14.0205	0	

0	5.75589	4.4937	11.5517	2.88662	7.4701	8.25067	10.9635	7.30153	6.93289	9.63748	2.92538	5.19858	4.05726	5.22565	
5.75589	0	3.6618	17.3076	8.64251	15.2456	14.0066	15.399	6.75843	9.27652	20.3044	6.83298	12.6804	7.75623	6.06854	
4.4937	3.6618	0	16.0454	7.02317	7.7159	5.20757	3.94321	3.09663	4.86388	12.703	3.17118	5.44438	8.55097	2.40674	
11.5517	17.3076	16.0454	0	14.4384	3.07014	9.19867	6.48581	7.3324	12.6365	6.55329	7.61486	9.43978	10.0429	15.0654	
2.88662	8.64251	7.02317	14.4384	0	12.3763	11.1373	13.1961	10.6886	7.07356	12.8932	5.812	8.99029	6.94389	4.61643	
7.4701	15.2456	7.7159	3.07014	12.3763	0	4.86996	9.48868	8.92088	12.6826	3.48315	4.54472	6.36963	13.113	12.2307	
8.25067	14.0066	5.20757	9.19867	11.1373	4.86996	0	2.71286	2.11094	8.86357	1.38681	6.4871	4.45775	12.1931	10.3188	
10.9635	15.399	3.94321	6.48581	13.1961	9.48868	2.71286	0	0.846588	6.15071	4.09967	5.22275	7.17061	9.02633	8.57964	
7.30153	6.75843	3.09663	7.3324	10.6886	8.92088	2.11094	0.846588	0	6.9973	3.49775	4.37616	6.56869	13.871	5.50337	
6.93289	9.27652	4.86388	12.6365	7.07356	12.6826	8.86357	6.15071	6.9973	0	9.19942	8.68229	8.31815	2.87562	2.45713	
9.63748	20.3044	12.703	6.55329	12.8932	3.48315	1.38681	4.09967	3.49775	9.19942	0	6.17607	3.90287	11.6382	9.76389	
2.92538	6.83298	3.17118	7.61486	5.812	4.54472	6.4871	5.22275	4.37616	8.68229	6.17607	0	2.2732	6.98264	5.57792	
5.19858	12.6804	5.44438	9.43978	8.99029	6.36963	4.45775	7.17061	6.56869	8.31815	3.90287	2.2732	0	7.7353	5.86102	
4.05726	7.75623	8.55097	10.0429	6.94389	13.113	12.1931	9.02633	13.871	2.87562	11.6382	6.98264	7.7353	0	5.33276	
5.22565	6.06854	2.40674	15.0654	4.61643	12.2307	10.3188	8.57964	5.50337	2.45713	9.76389	5.57792	5.86102	5.33276	0	

0	7.67314	0.286147	7.83249	1.96913	4.25481	7.14072	6.32359	9.88721	7.62364	3.40938	2.02261	9.49416	3.40883	7.89014	
7.67314	0	8.49273	21.0064	15.9758	14.5479	22.6056	21.3356	26.2079	12.7736	18.8742	11.9237	23.439	4.26432	24.2108	
0.286147	8.49273	0	8.43374	1.68299	3.96867	7.54803	5.59358	7.85398	7.90979	4.01064	2.30876	9.78031	3.69498	7.60399	
7.83249	21.0064	8.43374	0	8.5785	4.70125	8.28061	6.32617	5.77798	10.3698	6.93927	5.80987	4.79971	13.4692	20.5322	
1.96913	15.9758	1.68299	8.5785	0	5.65165	8.11129	7.72042	11.2841	12.0392	4.37995	2.99319	13.3782	5.9114	9.28697	
4.25481	14.5479	3.96867	4.70125	5.65165	0	3.57936	1.62492	3.88531	5.66855	2.71775	4.10451	4.85731	8.19708	5.7773	
7.14072	22.6056	7.54803	8.28061	8.11129	3.57936	0	5.20428	7.46467	9.24791	6.29711	5.11811	18.6287	12.5433	18.9845	
6.32359	21.3356	5.59358	6.32617	7.72042	1.62492	5.20428	0	4.30515	7.29347	4.34266	5.77845	6.53125	10.2659	7.45124	
9.88721	26.2079	7.85398	5.77798	11.2841	3.88531	7.46467	4.30515	0	9.55386	6.60306	11.5879	10.5777	13.8295	16.1677	
7.62364	12.7736	7.90979	10.3698	12.0392	5.66855	9.24791	7.29347	9.55386	0	8.3863	9.04603	17.1178	8.5093	10.2176	
3.40938	18.8742	4.01064	6.93927	4.37995	2.71775	6.29711	4.34266	6.60306	8.3863	0	1.38677	2.13956	9.04613	3.05955	
2.02261	11.9237	2.30876	5.80987	2.99319	4.10451	5.11811	5.77845	11.5879	9.04603	1.38677	0	3.52633	5.43144	4.44632	
9.49416	23.439	9.78031	4.79971	13.3782	4.85731	18.6287	6.53125	10.5777	17.1178	2.13956	3.52633	0	12.903	5.19912	
3.40883	4.26432	3.69498	13.4692	5.9114	8.19708	12.5433	10.2659	13.8295	8.5093	9.04613	5.43144	12.903	0	11.8324	
7.89014	24.2108	7.60399	20.5322	9.28697	5.7773	18.9845	7.45124	16.1677	10.2176	3.05955	4.44632	5.19912	11.8324	0	

0	12.8075	0.887425	25.9946	2.97219	12.8058	15.0018	10.4402	9.87901	6.54873	11.6066	10.1058	2.98579	5.4508	1.84632	
12.8075	0	7.04716	24.0698	4.9624	5.85525	8.05121	3.48959	2.92844	8.10308	15.4121	9.85238	13.785	8.00315	14.701	
0.887425	7.04716	0	21.1922	2.08476	10.0277	5.42406	6.24669	10.7664	5.66131	12.4941	9.21838	2.09837	4.56337	0.958894	
25.9946	24.0698	21.1922	0	19.1074	3.93814	15.4711	5.68831	6.86495	18.1853	37.6013	20.5251	11.8674	26.0725	15.853	
2.97219	4.9624	2.08476	19.1074	0	14.8723	3.3393	19.5282	7.89084	7.74607	15.2379	8.54848	4.18313	6.64813	3.04365	
12.8058	5.85525	10.0277	3.93814	14.8723	0	8.04958	1.75018	2.31133	8.10145	15.4105	16.587	5.8985	14.7068	11.9148	
15.0018	8.05121	5.42406	15.4711	3.3393	8.04958	0	5.68392	5.12277	10.2974	11.8986	11.8878	15.9793	10.3044	13.0779	
10.4402	3.48959	6.24669	5.68831	19.5282	1.75018	5.68392	0	0.561151	5.73579	13.0448	15.4471	4.14832	12.3412	13.665	
9.87901	2.92844	10.7664	6.86495	7.89084	2.31133	5.12277	0.561151	0	5.17464	12.4837	12.7808	4.70947	10.9316	11.5834	
6.54873	8.10308	5.66131	18.1853	7.74607	8.10145	10.2974	5.73579	5.17464	0	17.6583	14.8797	6.16005	10.2247	6.40873	
11.6066	15.4121	12.4941	37.6013	15.2379	15.4105	11.8986	13.0448	12.4837	17.6583	0	9.80904	14.1321	19.5649	15.9604	
10.1058	9.85238	9.21838	20.5251	8.54848	16.587	11.8878	15.4471	12.7808	14.8797	9.80904	0	11.3167	13.7818	10.1773	
2.98579	13.785	2.09837	11.8674	4.18313	5.8985	15.9793	4.14832	4.70947	6.16005	14.1321	11.3167	0	6.66174	3.05726	
5.4508	8.00315	4.56337	26.0725	6.64813	14.7068	10.3044	12.3412	10.9316	10.2247	19.5649	13.7818	6.66174	0	5.52226	
1.84632	14.701	0.958894	15.853	3.04365	11.9148	13.0779	13.665	11.5834	6.40873	15.9604	10.1773	3.05726	5.52226	0	

0	16.9499	1.81559	4.87556	3.71335	11.7671	2.90517	10.5319	12.976	7.93219	6.94399	2.76624	12.4526	5.84538	12.9533	
16.9499	0	10.907	15.7985	9.00923	16.739	10.7348	11.2968	12.3049	20.6441	11.7684	14.3346	8.22148	12.9239	11.0048	
1.81559	10.907	0	6.69115	1.89775	4.43569	1.08958	3.2005	8.40573	6.11659	3.51691	0.950648	10.711	5.81239	6.9104	
4.87556	15.7985	6.69115	0	12.8162	17.6963	13.2966	23.2764	20.1876	13.203	11.8195	17.3373	7.57701	10.7209	10.3603	
3.71335	9.00923	1.89775	12.8162	0	5.0717	1.72558	3.83651	9.04174	8.01435	5.81231	2.8484	7.79592	3.91464	5.01265	
11.7671	16.739	4.43569	17.6963	5.0717	0	3.34612	3.4995	2.49136	3.77127	5.32773	5.6824	15.4427	16.9211	10.4766	
2.90517	10.7348	1.08958	13.2966	1.72558	3.34612	0	2.11092	3.11906	7.11739	4.08672	2.04022	12.945	5.64022	6.73824	
10.5319	11.2968	3.2005	23.2764	3.83651	3.4995	2.11092	0	1.00814	9.35144	6.19765	9.13332	19.5183	14.5174	8.99842	
12.976	12.3049	8.40573	20.1876	9.04174	2.49136	3.11906	1.00814	0	6.26264	7.5752	8.17377	10.7736	15.5255	7.99028	
7.93219	20.6441	6.11659	13.203	8.01435	3.77127	7.11739	9.35144	6.26264	0	9.09901	7.06724	9.48856	14.1432	6.70529	
6.94399	11.7684	3.51691	11.8195	5.81231	5.32773	4.08672	6.19765	7.5752	9.09901	0	2.56626	9.7479	12.7894	6.96462	
2.76624	14.3346	0.950648	17.3373	2.8484	5.6824	2.04022	9.13332	8.17377	7.06724	2.56626	0	9.76031	16.8535	9.53089	
12.4526	8.22148	10.711	7.57701	7.79592	15.4427	12.945	19.5183	10.7736	9.48856	9.7479	9.76031	0	17.5073	2.78327	
5.84538	12.9239	5.81239	10.7209	3.91464	16.9211	5.64022	14.5174	15.5255	14.1432	12.7894	16.8535	17.5073	0	8.92729	
12.9533	11.0048	6.9104	10.3603	5.01265	10.4766	6.73824	8.99842	7.99028	6.70529	6.96462	9.53089	2.78327	8.92729	0	

0	5.51183	1.63556	6.15953	5.54737	7.45658	5.54713	9.61601	7.8563	4.24692	10.0146	3.56154	8.64975	3.2426	8.36087	
5.51183	0	12.437	9.01727	4.482	6.48322	9.15047	13.2864	16.0703	18.4094	12.0303	5.50451	5.94023	2.26924	20.6598	
1.63556	12.437	0	7.79508	4.94177	5.78792	3.91157	5.24122	9.49186	5.88248	14.5832	1.92599	7.12182	4.87815	11.6176	
6.15953	9.01727	7.79508	0	13.4993	4.34815	6.2245	9.53667	8.80161	8.0371	7.15587	14.1859	8.88183	8.56213	12.6705	
5.54737	4.482	4.94177	13.4993	0	6.51876	10.1341	6.35956	10.5641	12.5831	12.0659	3.01578	7.16913	2.30478	18.3182	
7.45658	6.48322	5.78792	4.34815	6.51876	0	1.87635	3.206	4.45346	3.68895	2.80772	7.44926	5.08659	4.21398	7.8029	
5.54713	9.15047	3.91157	6.2245	10.1341	1.87635	0	1.32965	3.08936	5.5653	4.68407	4.67343	3.21024	6.09033	10.1987	
9.61601	13.2864	5.24122	9.53667	6.35956	3.206	1.32965	0	1.7597	9.86593	17.9142	3.34377	4.53989	6.57905	14.3826	
7.8563	16.0703	9.49186	8.80161	10.5641	4.45346	3.08936	1.7597	0	8.10623	7.26118	5.10348	10.1301	8.66744	12.2202	
4.24692	18.4094	5.88248	8.0371	12.5831	3.68895	5.5653	9.86593	8.10623	0	5.76772	11.5863	12.8967	7.48952	4.11395	
10.0146	12.0303	14.5832	7.15587	12.0659	2.80772	4.68407	17.9142	7.26118	5.76772	0	12.9964	9.80143	7.0217	7.074	
3.56154	5.50451	1.92599	14.1859	3.01578	7.44926	4.67343	3.34377	5.10348	11.5863	12.9964	0	9.59255	3.23527	15.7002	
8.64975	5.94023	7.12182	8.88183	7.16913	5.08659	3.21024	4.53989	10.1301	12.8967	9.80143	9.59255	0	8.20946	16.8754	
3.2426	2.26924	4.87815	8.56213	2.30478	4.21398	6.09033	6.57905	8.66744	7.48952	7.0217	3.23527	8.20946	0	12.5364	
8.36087	20.6598	11.6176	12.6705	18.3182	7.8029	10.1987	14.3826	12.2202	4.11395	7.074	15.7002	16.8754	12.5364	0	

0	4.6453	1.63956	12.4543	2.34012	3.72848	6.57758	7.29573	2.91	3.98032	7.78932	9.11877	8.70105	3.62839	5.56099	
4.6453	0	6.48982	11.1144	2.02598	28.825	6.54264	15.3886	17.4728	10.7095	13.42	6.05975	8.97987	0.737704	8.93916	
1.63956	6.48982	0	9.19603	3.97967	5.36803	13.8337	10.1721	4.54955	2.34077	6.14976	8.22479	7.06149	5.75212	4.81307	
12.4543	11.1144	9.19603	0	10.1142	17.102	14.0477	14.8992	13.2295	7.91637	10.2824	12.9519	2.13454	11.4024	16.2828	
2.34012	2.02598	3.97967	10.1142	0	6.06859	4.23746	8.52983	5.25012	9.10628	11.1148	6.61032	11.2851	1.28827	6.63398	
3.72848	28.825	5.36803	17.102	6.06859	0	8.63218	6.64134	2.25561	3.29153	12.1914	7.2837	9.07337	11.7937	5.76384	
6.57758	6.54264	13.8337	14.0477	4.23746	8.63218	0	4.29237	6.37658	11.0566	15.3523	6.23973	14.5256	5.52573	8.58432	
7.29573	15.3886	10.1721	14.8992	8.52983	6.64134	4.29237	0	4.38573	17.2361	10.7098	1.94736	15.4807	7.2694	12.8767	
2.91	17.4728	4.54955	13.2295	5.25012	2.25561	6.37658	4.38573	0	5.54714	12.3001	6.33309	11.095	19.2537	8.47099	
3.98032	10.7095	2.34077	7.91637	9.10628	3.29153	11.0566	17.2361	5.54714	0	8.49053	10.5656	5.78183	8.09288	2.4723	
7.78932	13.42	6.14976	10.2824	11.1148	12.1914	15.3523	10.7098	12.3001	8.49053	0	8.76241	12.417	11.9019	17.7488	
9.11877	6.05975	8.22479	12.9519	6.61032	7.2837	6.23973	1.94736	6.33309	10.5656	8.76241	0	15.0864	5.32205	14.6798	
8.70105	8.97987	7.06149	2.13454	11.2851	9.07337	14.5256	15.4807	11.095	5.78183	12.417	15.0864	0	9.71757	8.25414	
3.62839	0.737704	5.75212	11.4024	1.28827	11.7937	5.52573	7.2694	19.2537	8.09288	11.9019	5.32205	9.71757	0	7.92225	
5.56099	8.93916	4.81307	16.2828	6.63398	5.76384	8.58432	12.8767	8.47099	2.4723	17.7488	14.6798	8.25414	7.92225	0	

0	3.92849	2.50837	12.5297	1.21226	10.8933	14.6069	9.142	12.4542	11.573	7.24722	13.8746	7.44197	6.87778	5.32797	
3.92849	0	8.05021	15.9315	5.14075	14.9381	11.3036	13.0705	11.7182	4.81295	17.4331	9.86085	12.4774	2.94929	10.1128	
2.50837	8.05021	0	8.40797	1.29611	9.48866	11.4284	10.5093	8.84047	4.9045	3.1255	8.64594	3.32025	7.62894	1.20626	
12.5297	15.9315	8.40797	0	9.70407	5.33321	4.22021	6.15187	10.8113	17.3717	11.5335	12.8133	11.7282	12.5745	9.61423	
1.21226	5.14075	1.29611	9.70407	0	10.9645	16.1865	9.21316	10.8209	10.3607	4.42161	15.8746	4.61636	8.92504	2.50237	
10.8933	14.9381	9.48866	5.33321	10.9645	0	1.113	1.75131	6.41071	12.6202	6.36316	8.41276	9.22118	9.46726	14.5315	
14.6069	11.3036	11.4284	4.22021	16.1865	1.113	0	2.8643	6.73338	10.2179	7.47616	13.4339	8.10819	8.35427	19.7536	
9.142	13.0705	10.5093	6.15187	9.21316	1.75131	2.8643	0	4.6594	13.7469	8.11447	6.66145	11.9871	11.8832	12.7802	
12.4542	11.7182	8.84047	10.8113	10.8209	6.41071	6.73338	4.6594	0	12.5482	5.71496	11.3209	12.845	14.6675	10.731	
11.573	4.81295	4.9045	17.3717	10.3607	12.6202	10.2179	13.7469	12.5482	0	6.83324	8.74184	14.0675	1.86366	3.69824	
7.24722	17.4331	3.1255	11.5335	4.42161	6.36316	7.47616	8.11447	5.71496	6.83324	0	7.15003	6.44576	8.6969	4.33177	
13.8746	9.86085	8.64594	12.8133	15.8746	8.41276	13.4339	6.66145	11.3209	8.74184	7.15003	0	5.32569	6.91156	11.9039	
7.44197	12.4774	3.32025	11.7282	4.61636	9.22118	8.10819	11.9871	12.845	14.0675	6.44576	5.32569	0	10.9492	4.52651	
6.87778	2.94929	7.62894	12.5745	8.92504	9.46726	8.35427	11.8832	14.6675	1.86366	8.6969	6.91156	10.9492	0	5.5619	
5.32797	10.1128	1.20626	9.61423	2.50237	14.5315	19.7536	12.7802	10.731	3.69824	4.33177	11.9039	4.52651	5.5619	0	

0	13.8677	1.46385	11.8779	6.34515	5.29429	13.2264	13.1386	5.8862	2.20098	5.96537	4.96325	4.08614	6.31119	1.29423	
13.8677	0	16.9503	25.608	7.65803	6.86059	8.68813	7.29035	9.94003	13.4802	14.0881	5.25483	9.35941	3.90688	12.5734	
1.46385	16.9503	0	14.3948	6.92315	3.83043	11.7572	4.61451	8.96883	5.28361	6.8861	6.4271	7.16877	6.78414	2.75808	
11.8779	25.608	14.3948	0	16.2355	6.92553	8.98465	17.7888	5.55637	21.7556	18.4932	11.8814	3.10595	8.55847	5.89786	
6.34515	7.65803	6.92315	16.2355	0	3.09272	7.36965	3.8768	9.9447	6.8752	5.02154	1.3819	6.9123	2.72984	6.76159	
5.29429	6.86059	3.83043	6.92553	3.09272	0	2.18186	0.78408	3.43376	3.78248	5.87938	4.30165	3.81958	2.95371	4.68923	
13.2264	8.68813	11.7572	8.98465	7.36965	2.18186	0	1.39778	4.04746	16.9419	4.87114	8.26319	5.8787	9.61114	8.67062	
13.1386	7.29035	4.61451	17.7888	3.8768	0.78408	1.39778	0	2.64968	4.56656	6.26892	9.66097	4.60366	3.73779	7.24166	
5.8862	9.94003	8.96883	5.55637	9.9447	3.43376	4.04746	2.64968	0	5.49872	3.66429	7.30394	2.45042	6.19356	4.59198	
2.20098	13.4802	5.28361	21.7556	6.8752	3.78248	16.9419	4.56656	5.49872	0	5.57788	8.67866	3.69866	6.73619	0.906747	
5.96537	14.0881	6.8861	18.4932	5.02154	5.87938	4.87114	6.26892	3.66429	5.57788	0	3.63964	6.11471	4.98759	4.67114	
4.96325	5.25483	6.4271	11.8814	1.3819	4.30165	8.26319	9.66097	7.30394	8.67866	3.63964	0	6.80047	1.34794	6.25748	
4.08614	9.35941	7.16877	3.10595	6.9123	3.81958	5.8787	4.60366	2.45042	3.69866	6.11471	6.80047	0	5.45252	2.79191	
6.31119	3.90688	6.78414	8.55847	2.72984	2.95371	9.61114	3.73779	6.19356	6.73619	4.98759	1.34794	5.45252	0	8.24444	
1.29423	12.5734	2.75808	5.89786	6.76159	4.68923	8.67062	7.24166	4.59198	0.906747	4.67114	6.25748	2.79191	8.24444	0	

0	5.09646	1.58762	16.3864	10.0583	7.35905	4.94244	6.94834	7.5164	5.39871	10.7308	9.05981	8.43014	3.82444	0.879612	
5.09646	0	6.16067	8.26766	3.589	8.95179	11.3684	9.84808	11.1321	6.89223	8.17834	7.02493	13.8013	1.27201	15.0951	
1.58762	6.16067	0	16.2148	2.57168	3.81647	4.78087	4.38496	1.6362	1.1602	10.2284	4.05463	6.99123	11.3111	0.708006	
16.3864	8.26766	16.2148	0	11.8567	17.2195	20.335	11.2328	14.3619	15.1599	7.61931	18.3198	9.00684	9.53967	15.5068	
10.0583	3.589	2.57168	11.8567	0	6.83668	7.55329	6.74513	4.20788	3.73187	14.1365	3.43593	10.2123	4.86101	3.27968	
7.35905	8.95179	3.81647	17.2195	6.83668	0	2.41661	0.89629	2.18027	13.8936	4.50978	3.40075	7.53529	10.2238	8.4355	
4.94244	11.3684	4.78087	20.335	7.55329	2.41661	0	2.0059	3.14467	10.3412	5.61939	4.11737	8.49969	8.76688	5.82205	
6.94834	9.84808	4.38496	11.2328	6.74513	0.89629	2.0059	0	2.74876	12.6817	3.61349	3.3092	8.10379	10.5198	9.33179	
7.5164	11.1321	1.6362	14.3619	4.20788	2.18027	3.14467	2.74876	0	2.7964	6.36225	5.58102	5.35503	18.5664	2.34421	
5.39871	6.89223	1.1602	15.1599	3.73187	13.8936	10.3412	12.6817	2.7964	0	9.06819	5.21483	11.9193	8.16424	1.8682	
10.7308	8.17834	10.2284	7.61931	14.1365	4.50978	5.61939	3.61349	6.36225	9.06819	0	6.92269	7.24553	6.90633	12.8092	
9.05981	7.02493	4.05463	18.3198	3.43593	3.40075	4.11737	3.3092	5.58102	5.21483	6.92269	0	12.6884	11.233	4.76264	
8.43014	13.8013	6.99123	9.00684	10.2123	7.53529	8.49969	8.10379	5.35503	11.9193	7.24553	12.6884	0	14.1519	7.55052	
3.82444	1.27201	11.3111	9.53967	4.86101	10.2238	8.76688	10.5198	18.5664	8.16424	6.90633	11.233	14.1519	0	4.70406	
0.879612	15.0951	0.708006	15.5068	3.27968	8.4355	5.82205	9.33179	2.34421	1.8682	12.8092	4.76264	7.55052	4.70406	0	

0	4.75407	3.32545	16.8611	4.5874	14.685	6.63498	7.69403	13.0771	7.58432	9.2915	7.63636	9.78972	5.75699	3.17271	
4.75407	0	7.30768	10.9707	3.30937	9.91292	9.4045	9.09516	8.32303	21.7655	21.8675	3.92707	6.60624	2.13977	7.92678	
3.32545	7.30768	0	7.48979	5.16999	11.3596	4.65825	4.36859	5.14071	5.60758	5.96605	6.95521	11.2178	5.16791	1.19598	
16.8611	10.9707	7.48979	0	18.748	11.7715	7.04799	3.1212	3.89332	23.8269	11.6084	6.51783	4.36446	14.3424	13.3633	
4.5874	3.30937	5.16999	18.748	0	16.5296	9.11512	9.53858	10.2224	10.0645	11.136	2.9569	7.991	1.1696	5.65285	
14.685	9.91292	11.3596	11.7715	16.5296	0	2.65294	2.36201	1.58989	15.0324	8.46347	9.56045	7.40708	10.6427	6.11521	
6.63498	9.4045	4.65825	7.04799	9.11512	2.65294	0	1.85359	1.08147	7.87387	5.81053	8.84616	10.06	10.1343	3.46227	
7.69403	9.09516	4.36859	3.1212	9.53858	2.36201	1.85359	0	0.772123	14.2146	8.48717	4.91937	7.07273	6.70667	5.56456	
13.0771	8.32303	5.14071	3.89332	10.2224	1.58989	1.08147	0.772123	0	13.4425	6.892	5.69149	8.99697	9.05281	4.54374	
7.58432	21.7655	5.60758	23.8269	10.0645	15.0324	7.87387	14.2146	13.4425	0	9.35816	12.2649	14.4183	14.0522	4.4116	
9.2915	21.8675	5.96605	11.6084	11.136	8.46347	5.81053	8.48717	6.892	9.35816	0	10.8717	13.0251	11.134	7.16203	
7.63636	3.92707	6.95521	6.51783	2.9569	9.56045	8.84616	4.91937	5.69149	12.2649	10.8717	0	2.15336	1.7873	10.8091	
9.78972	6.60624	11.2178	4.36446	7.991	7.40708	10.06	7.07273	8.99697	14.4183	13.0251	2.15336	0	3.94066	10.0219	
5.75699	2.13977	5.16791	14.3424	1.1696	10.6427	10.1343	6.70667	9.05281	14.0522	11.134	1.7873	3.94066	0	6.36389	
3.17271	7.92678	1.19598	13.3633	5.65285	6.11521	3.46227	5.56456	4.54374	4.4116	7.16203	10.8091	10.0219	6.36389	0	

0	6.76622	2.00871	9.67945	8.44032	6.76787	10.7792	16.4436	8.80778	1.83919	11.8177	6.20994	1.76293	3.99591	3.21356	
6.76622	0	8.77493	24.3992	14.0658	9.85816	14.771	8.52856	7.81825	8.60542	14.9687	13.0502	8.52915	9.07606	17.2183	
2.00871	8.77493	0	11.3767	6.99895	8.77658	8.77048	8.40536	15.7233	3.8479	12.8009	4.20123	3.77163	6.00462	5.6956	
9.67945	24.3992	11.3767	0	17.3046	9.78965	7.04869	2.32414	3.03445	22.9789	18.5967	15.5779	7.91652	18.875	5.0339	
8.44032	14.0658	6.99895	17.3046	0	11.0031	15.4075	6.62062	13.0431	5.28523	7.16678	4.43972	9.38812	4.98978	3.91086	
6.76787	9.85816	8.77658	9.78965	11.0031	0	4.4044	2.75023	2.03992	8.60706	9.19035	10.0607	8.53079	10.7638	12.3855	
10.7792	14.771	8.77048	7.04869	15.4075	4.4044	0	4.72455	5.43486	14.704	14.1032	12.9717	13.3915	18.2344	7.43431	
16.4436	8.52856	8.40536	2.32414	6.62062	2.75023	4.72455	0	0.71031	4.08413	7.86075	13.5308	10.2407	25.1302	2.70976	
8.80778	7.81825	15.7233	3.03445	13.0431	2.03992	5.43486	0.71031	0	12.4504	7.15044	12.1006	11.027	16.8943	3.42007	
1.83919	8.60542	3.8479	22.9789	5.28523	8.60706	14.704	4.08413	12.4504	0	8.47966	8.12314	3.60212	5.8351	1.37437	
11.8177	14.9687	12.8009	18.5967	7.16678	9.19035	14.1032	7.86075	7.15044	8.47966	0	11.6065	13.5806	12.1566	7.10529	
6.20994	13.0502	4.20123	15.5779	4.43972	10.0607	12.9717	13.5308	12.1006	8.12314	11.6065	0	8.04687	9.4295	8.35059	
1.76293	8.52915	3.77163	7.91652	9.38812	8.53079	13.3915	10.2407	11.027	3.60212	13.5806	8.04687	0	5.75884	13.299	
3.99591	9.07606	6.00462	18.875	4.98978	10.7638	18.2344	25.1302	16.8943	5.8351	12.1566	9.4295	5.75884	0	8.90064	
3.21356	17.2183	5.6956	5.0339	3.91086	12.3855	7.43431	2.70976	3.42007	1.37437	7.10529	8.35059	13.299	8.90064	0	

0	8.94124	0.51798	14.4407	6.39515	12.1759	9.91044	26.0348	7.58179	7.11311	7.64225	4.04965	7.5696	5.26649	3.94196	
8.94124	0	8.42326	14.579	8.75875	13.3352	8.1801	28.0687	13.4363	2.37172	13.0496	4.42096	18.9282	9.59183	15.3006	
0.51798	8.42326	0	8.25988	6.91313	11.6579	6.56787	12.249	7.06381	5.5809	7.12426	3.53167	8.08758	5.78447	4.45994	
14.4407	14.579	8.25988	0	13.7025	12.3585	7.76442	9.19511	8.31374	6.77745	18.3604	4.72821	7.03478	9.17417	24.7296	
6.39515	8.75875	6.91313	13.7025	0	11.1514	5.54665	6.58593	17.4823	11.1305	15.7512	8.58285	7.88749	5.01805	10.3371	
12.1759	13.3352	11.6579	12.3585	11.1514	0	5.60475	6.64403	7.01974	11.4131	12.3787	8.64095	7.94559	16.66	23.9981	
9.91044	8.1801	6.56787	7.76442	5.54665	5.60475	0	1.03928	6.62174	5.08545	6.16398	3.03621	2.34084	10.5647	15.1559	
26.0348	28.0687	12.249	9.19511	6.58593	6.64403	1.03928	0	10.3765	6.84767	5.12469	4.07549	3.38012	19.8797	10.0761	
7.58179	13.4363	7.06381	8.31374	17.4823	7.01974	6.62174	10.3765	0	5.63477	5.35897	3.58553	14.2765	19.5888	10.3103	
7.11311	2.37172	5.5809	6.77745	11.1305	11.4131	5.08545	6.84767	5.63477	0	10.6779	2.04924	8.14923	11.9635	15.6292	
7.64225	13.0496	7.12426	18.3604	15.7512	12.3787	6.16398	5.12469	5.35897	10.6779	0	8.94451	12.5454	21.68	4.95137	
4.04965	4.42096	3.53167	4.72821	8.58285	8.64095	3.03621	4.07549	3.58553	2.04924	8.94451	0	5.37705	13.9024	17.7865	
7.5696	18.9282	8.08758	7.03478	7.88749	7.94559	2.34084	3.38012	14.2765	8.14923	12.5454	5.37705	0	12.8361	11.5116	
5.26649	9.59183	5.78447	9.17417	5.01805	16.66	10.5647	19.8797	19.5888	11.9635	21.68	13.9024	12.8361	0	9.20846	
3.94196	15.3006	4.45994	24.7296	10.3371	23.9981	15.1559	10.0761	10.3103	15.6292	4.95137	17.7865	11.5116	9.20846	0	

0	8.86779	0.894118	8.1796	4.37712	13.2753	7.38753	7.86041	19.6944	4.44946	1.35347	4.70218	15.9204	8.01484	8.74058	
8.86779	0	17.5562	22.2109	6.53589	25.406	13.9614	9.10175	13.3632	7.74934	7.51432	13.7481	7.65388	2.89817	9.89783	
0.894118	17.5562	0	7.28549	5.00637	16.2916	6.49342	9.07772	8.07919	5.34358	2.24759	3.80806	12.3492	10.2181	8.79951	
8.1796	22.2109	7.28549	0	9.723	21.1699	11.3718	13.7944	12.9575	17.3991	21.8247	8.5247	14.557	22.435	16.085	
4.37712	6.53589	5.00637	9.723	0	10.9766	8.72299	3.48329	7.7447	8.48889	5.73059	1.19831	8.33827	3.63772	4.78854	
13.2753	25.406	16.2916	21.1699	10.9766	0	3.69546	6.37109	2.10968	8.82585	17.0882	12.1749	16.6271	13.677	15.7651	
7.38753	13.9614	6.49342	11.3718	8.72299	3.69546	0	5.2397	1.58577	15.9144	17.0014	9.26908	13.3876	11.0632	15.2929	
7.86041	9.10175	9.07772	13.7944	3.48329	6.37109	5.2397	0	4.26141	11.6399	11.7617	4.6816	8.14786	7.12101	8.27183	
19.6944	13.3632	8.07919	12.9575	7.7447	2.10968	1.58577	4.26141	0	10.9355	16.0231	9.53107	12.4093	12.649	16.9848	
4.44946	7.74934	5.34358	17.3991	8.48889	8.82585	15.9144	11.6399	10.9355	0	5.80293	13.9217	11.4709	4.85117	9.4898	
1.35347	7.51432	2.24759	21.8247	5.73059	17.0882	17.0014	11.7617	16.0231	5.80293	0	17.0313	10.9369	10.4125	7.38712	
4.70218	13.7481	3.80806	8.5247	1.19831	12.1749	9.26908	4.6816	9.53107	13.9217	17.0313	0	13.4175	4.83603	5.98685	
15.9204	7.65388	12.3492	14.557	8.33827	16.6271	13.3876	8.14786	12.4093	11.4709	10.9369	13.4175	0	10.552	3.54974	
8.01484	2.89817	10.2181	22.435	3.63772	13.677	11.0632	7.12101	12.649	4.85117	10.4125	4.83603	10.552	0	8.42626	
8.74058	9.89783	8.79951	16.085	4.78854	15.7651	15.2929	8.27183	16.9848	9.4898	7.38712	5.98685	3.54974	8.42626	0	

0	16.8388	2.13144	16.8077	3.95743	11.4794	12.3478	5.36558	9.14393	7.06514	4.8319	5.75233	10.7178	4.49009	1.50355	
16.8388	0	4.6243	9.6804	5.74694	3.63985	10.0534	8.07813	10.9739	11.8154	13.0914	1.85956	5.32039	2.26565	14.1538	
2.13144	4.6243	0	10.5124	3.36063	5.40118	10.2164	7.46446	7.01249	6.56541	4.66484	3.62089	7.69418	2.35865	3.63499	
16.8077	9.6804	10.5124	0	11.635	20.5367	9.09303	18.2612	17.579	16.0551	18.1145	8.4333	4.36001	8.15376	29.0454	
3.95743	5.74694	3.36063	11.635	0	15.4368	13.577	8.06386	10.3731	3.20478	5.26424	6.98152	11.947	3.48129	5.46098	
11.4794	3.63985	5.40118	20.5367	15.4368	0	4.59434	1.85482	2.53694	11.7362	4.65444	1.78029	5.85358	15.9175	5.71685	
12.3478	10.0534	10.2164	9.09303	13.577	4.59434	0	6.44916	7.55198	23.2175	10.9218	6.37463	4.73301	12.575	11.9842	
5.36558	8.07813	7.46446	18.2612	8.06386	1.85482	6.44916	0	0.682118	16.1744	2.79962	3.63511	10.2919	12.5574	3.86203	
9.14393	10.9739	7.01249	17.579	10.3731	2.53694	7.55198	0.682118	0	17.9394	3.48174	4.73793	13.2474	9.37114	4.54415	
7.06514	11.8154	6.56541	16.0551	3.20478	11.7362	23.2175	16.1744	17.9394	0	8.46902	9.95586	14.0292	6.68607	8.56869	
4.8319	13.0914	4.66484	18.1145	5.26424	4.65444	10.9218	2.79962	3.48174	8.46902	0	8.28573	13.2512	7.02349	4.02723	
5.75233	1.85956	3.62089	8.4333	6.98152	1.78029	6.37463	3.63511	4.73793	9.95586	8.28573	0	4.07329	4.12521	7.61617	
10.7178	5.32039	7.69418	4.36001	11.947	5.85358	4.73301	10.2919	13.2474	14.0292	13.2512	4.07329	0	7.58604	12.5816	
4.49009	2.26565	2.35865	8.15376	3.48129	15.9175	12.575	12.5574	9.37114	6.68607	7.02349	4.12521	7.58604	0	6.35393	
1.50355	14.1538	3.63499	29.0454	5.46098	5.71685	11.9842	3.86203	4.54415	8.56869	4.02723	7.61617	12.5816	6.35393	0	

0	4.98591	4.11078	9.35654	2.02882	23.5912	9.51751	18.7007	14.5951	2.62736	11.6818	6.01099	6.73121	4.70673	1.13785	
4.98591	0	5.03904	17.0339	2.95709	31.8678	16.6311	13.9924	15.5234	21.6061	6.97193	5.17898	6.88956	5.635	4.35375	
4.11078	5.03904	0	6.29158	2.08196	13.9897	5.36622	7.02157	13.765	8.74366	3.65265	1.85969	2.57991	4.75986	3.47862	
9.35654	17.0339	6.29158	0	6.16399	14.2443	8.51055	10.1659	14.598	12.8355	11.1485	5.42225	3.71167	3.48608	16.4245	
2.02882	2.95709	2.08196	6.16399	0	15.9243	7.44817	15.5081	12.5663	2.88618	11.9406	3.94165	4.66187	2.67791	1.39666	
23.5912	31.8678	13.9897	14.2443	15.9243	0	5.64527	3.98991	3.35795	14.4598	3.09572	4.88868	10.4572	16.8201	13.6397	
9.51751	16.6311	5.36622	8.51055	7.44817	5.64527	0	1.65536	12.4184	17.6946	2.74398	7.22591	7.94613	11.9966	12.6204	
18.7007	13.9924	7.02157	10.1659	15.5081	3.98991	1.65536	0	4.76788	12.4527	1.08862	2.88158	6.46732	12.8302	11.6326	
14.5951	15.5234	13.765	14.598	12.5663	3.35795	12.4184	4.76788	0	15.0433	3.67926	5.47221	14.7678	14.508	13.963	
2.62736	21.6061	8.74366	12.8355	2.88618	14.4598	17.6946	12.4527	15.0433	0	11.364	7.1004	9.1238	10.4574	1.48952	
11.6818	6.97193	3.65265	11.1485	11.9406	3.09572	2.74398	1.08862	3.67926	11.364	0	1.79295	3.50354	13.9189	7.40383	
6.01099	5.17898	1.85969	5.42225	3.94165	4.88868	7.22591	2.88158	5.47221	7.1004	1.79295	0	1.71058	14.2873	5.61088	
6.73121	6.88956	2.57991	3.71167	4.66187	10.4572	7.94613	6.46732	14.7678	9.1238	3.50354	1.71058	0	7.19775	7.32146	
4.70673	5.635	4.75986	3.48608	2.67791	16.8201	11.9966	12.8302	14.508	10.4574	13.9189	14.2873	7.19775	0	4.07457	
1.13785	4.35375	3.47862	16.4245	1.39666	13.6397	12.6204	11.6326	13.963	1.48952	7.40383	5.61088	7.32146	4.07457	0	

0	18.6737	0.938441	12.8265	2.1052	9.31114	2.54378	14.3007	14.087	18.1363	14.3424	8.23281	7.27562	1.49471	6.0907	
18.6737	0	15.1308	22.3533	13.9641	9.37691	7.00255	4.37297	4.6293	10.6825	8.99611	9.98177	5.59341	8.08393	11.1564	
0.938441	15.1308	0	7.24845	1.16676	6.19636	1.60534	4.23492	8.3835	7.4378	13.4039	4.00399	3.04679	0.55627	3.72194	
12.8265	22.3533	7.24845	0	19.6918	15.6572	5.64311	8.27268	12.4213	25.4405	14.2962	13.3106	13.394	14.8646	7.7597	
2.1052	13.9641	1.16676	19.6918	0	9.53946	2.7721	17.2706	20.4251	11.3625	14.5707	10.8651	9.90794	1.72303	6.31901	
9.31114	9.37691	6.19636	15.6572	9.53946	0	7.63352	5.00394	5.26027	20.3931	11.3631	9.0878	8.13061	5.64009	12.1307	
2.54378	7.00255	1.60534	5.64311	2.7721	7.63352	0	2.62958	2.8859	4.40214	15.0093	8.19047	7.7509	2.16161	2.1166	
14.3007	4.37297	4.23492	8.27268	17.2706	5.00394	2.62958	0	0.256326	10.4792	13.3691	14.2676	3.31538	10.644	4.74617	
14.087	4.6293	8.3835	12.4213	20.4251	5.26027	2.8859	0.256326	0	16.386	13.3898	14.3755	3.05906	5.54958	8.45001	
18.1363	10.6825	7.4378	25.4405	11.3625	20.3931	4.40214	10.4792	16.386	0	19.6786	8.35942	16.2759	18.9913	2.28555	
14.3424	8.99611	13.4039	14.2962	14.5707	11.3631	15.0093	13.3691	13.3898	19.6786	0	0.985655	14.5895	4.43337	7.05953	
8.23281	9.98177	4.00399	13.3106	10.8651	9.0878	8.19047	14.2676	14.3755	8.35942	0.985655	0	5.93823	3.44771	6.07388	
7.27562	5.59341	3.04679	13.394	9.90794	8.13061	7.7509	3.31538	3.05906	16.2759	14.5895	5.93823	0	2.49052	9.8675	
1.49471	8.08393	0.55627	14.8646	1.72303	5.64009	2.16161	10.644	5.54958	18.9913	4.43337	3.44771	2.49052	0	5.70853	
6.0907	11.1564	3.72194	7.7597	6.31901	12.1307	2.1166	4.74617	8.45001	2.28555	7.05953	6.07388	9.8675	5.70853	0	

0	3.23763	1.77715	15.7474	1.03474	9.59719	11.6319	6.67139	6.94415	7.55347	11.9975	3.51716	2.66351	1.96425	9.71308	
3.23763	0	5.01478	16.6108	4.27237	11.6838	7.28363	8.97076	3.70652	10.7911	12.2214	8.42456	19.572	6.5467	14.1584	
1.77715	5.01478	0	12.7625	2.81189	5.56062	5.36793	3.49481	10.3911	8.65208	10.2203	1.74001	4.91357	2.95034	7.93593	
15.7474	16.6108	12.7625	0	4.58994	6.78375	5.99273	12.9862	17.0317	5.64407	14.9826	8.27942	2.96117	14.8446	4.8266	
1.03474	4.27237	2.81189	4.58994	0	5.45135	4.66033	5.63665	10.9009	4.31167	13.5051	4.29482	1.62877	0.929516	11.2207	
9.59719	11.6838	5.56062	6.78375	5.45135	0	4.44588	1.07165	6.33589	2.04372	4.33437	2.82645	3.82258	15.0115	11.7889	
11.6319	7.28363	5.36793	5.99273	4.66033	4.44588	0	3.37423	3.57711	5.71446	12.092	3.62792	3.03156	12.8051	2.67744	
6.67139	8.97076	3.49481	12.9862	5.63665	1.07165	3.37423	0	5.26424	3.11537	5.40602	1.7548	4.89423	6.56617	6.05167	
6.94415	3.70652	10.3911	17.0317	10.9009	6.33589	3.57711	5.26424	0	10.021	8.51485	7.01904	6.60868	14.6258	6.25456	
7.55347	10.7911	8.65208	5.64407	4.31167	2.04372	5.71446	3.11537	10.021	0	6.37809	5.86433	2.6829	10.8625	9.74515	
11.9975	12.2214	10.2203	14.9826	13.5051	4.33437	12.092	5.40602	8.51485	6.37809	0	8.15499	8.15696	13.1706	10.156	
3.51716	8.42456	1.74001	8.27942	4.29482	2.82645	3.62792	1.7548	7.01904	5.86433	8.15499	0	5.31826	4.69034	6.30536	
2.66351	19.572	4.91357	2.96117	1.62877	3.82258	3.03156	4.89423	6.60868	2.6829	8.15696	5.31826	0	2.55829	5.709	
1.96425	6.5467	2.95034	14.8446	0.929516	15.0115	12.8051	6.56617	14.6258	10.8625	13.1706	4.69034	2.55829	0	10.5272	
9.71308	14.1584	7.93593	4.8266	11.2207	11.7889	2.67744	6.05167	6.25456	9.74515	10.156	6.30536	5.709	10.5272	0	

0	11.9917	7.3578	14.0688	9.70119	9.40251	16.5565	4.35244	7.21714	1.84489	3.19914	2.2906	9.08158	7.04421	4.01603	
11.9917	0	10.5535	13.4997	3.06673	9.97615	9.99932	7.15427	9.07526	4.92248	10.1283	11.6733	8.51246	4.94752	2.75134	
7.3578	10.5535	0	15.0893	7.48676	18.6908	17.5769	8.02047	17.7899	5.51291	10.6468	5.95863	10.102	8.32282	7.68405	
14.0688	13.4997	15.0893	0	20.0989	16.5114	12.4621	16.5091	14.3436	12.2348	13.0373	11.789	4.98725	10.6506	21.0216	
9.70119	3.06673	7.48676	20.0989	0	13.265	13.0661	10.221	11.0796	10.889	7.06162	11.3348	8.32029	2.65698	5.81807	
9.40251	9.97615	18.6908	16.5114	13.265	0	2.7423	2.82188	1.05448	5.32943	5.07249	16.6393	12.402	25.3875	9.66477	
16.5565	9.99932	17.5769	12.4621	13.0661	2.7423	0	3.60881	1.68782	6.36089	5.70583	19.6782	7.47489	13.1382	12.7507	
4.35244	7.15427	8.02047	16.5091	10.221	2.82188	3.60881	0	1.92099	2.50755	4.80152	2.95327	11.3282	12.1018	4.67869	
7.21714	9.07526	17.7899	14.3436	11.0796	1.05448	1.68782	1.92099	0	4.42854	4.01801	17.6937	9.16272	17.853	10.7193	
1.84489	4.92248	5.51291	12.2348	10.889	5.32943	6.36089	2.50755	4.42854	0	5.04402	0.445714	10.9265	8.8891	2.17114	
3.19914	10.1283	10.6468	13.0373	7.06162	5.07249	5.70583	4.80152	4.01801	5.04402	0	5.63606	12.2807	9.7186	7.36148	
2.2906	11.6733	5.95863	11.789	11.3348	16.6393	19.6782	2.95327	17.6937	0.445714	5.63606	0	12.2033	8.74822	2.61685	
9.08158	8.51246	10.102	4.98725	8.32029	12.402	7.47489	11.3282	9.16272	10.9265	12.2807	12.2033	0	5.66331	11.2638	
7.04421	4.94752	8.32282	10.6506	2.65698	25.3875	13.1382	12.1018	17.853	8.8891	9.7186	8.74822	5.66331	0	7.69886	
4.01603	2.75134	7.68405	21.0216	5.81807	9.66477	12.7507	4.67869	10.7193	2.17114	7.36148	2.61685	11.2638	7.69886	0	

-111