10
5
2
2
50

6	25
1	50
11	25
47	42
3	33

40	12
50	19
49	12
45	9
11	8
25	5
17	28
33	35
2	41
7	15

150

1.79769e+308
1.79769e+308
1.79769e+308
1.79769e+308
1.79769e+308

13
15
11
18
13
13
19
18
19
14

0
0
0
0
0

0

0	21.149	4.5	18.6194	6.49344	21.6084	18.207	26.3387	25.6541	13.6444	21.0087	14.2269	15.8358	14.9588	11.5574	
21.149	0	15.7115	20.5512	19.8101	12.4288	28.0053	40.515	16.4744	23.5718	11.829	5.98465	12.7228	13.2209	9.59292	
4.5	15.7115	0	24.2935	10.9934	16.171	22.707	32.9908	20.2166	17.17	15.5713	9.7269	16.538	21.5893	13.3352	
18.6194	20.5512	24.2935	0	12.126	21.0107	24.1226	16.236	21.636	34.1946	20.411	14.5666	21.3776	20.5913	18.1749	
6.49344	19.8101	10.9934	12.126	0	20.2695	23.2498	28.3619	20.2575	20.1379	19.6698	13.8254	15.7277	8.46537	17.4337	
21.6084	12.4288	16.171	21.0107	20.2695	0	10.8638	6.6245	1.2245	29.7804	5.29694	6.44411	13.2552	13.0166	10.0524	
18.207	28.0053	22.707	24.1226	23.2498	10.8638	0	8.13173	12.0883	26.0904	16.1608	17.3079	22.0467	14.7844	29.7643	
26.3387	40.515	32.9908	16.236	28.3619	6.6245	8.13173	0	5.4	17.9587	9.68318	15.8897	37.3133	17.1921	28.0365	
25.6541	16.4744	20.2166	21.636	20.2575	1.2245	12.0883	5.4	0	23.3587	4.28318	7.66861	14.8396	11.7921	14.098	
13.6444	23.5718	17.17	34.1946	20.1379	29.7804	26.0904	17.9587	23.3587	0	24.4835	13.6861	29.4802	32.4458	10.0778	
21.0087	11.829	15.5713	20.411	19.6698	5.29694	16.1608	9.68318	4.28318	24.4835	0	5.84438	10.5564	16.0753	9.45265	
14.2269	5.98465	9.7269	14.5666	13.8254	6.44411	17.3079	15.8897	7.66861	13.6861	5.84438	0	6.81106	14.0734	3.60827	
15.8358	12.7228	16.538	21.3776	15.7277	13.2552	22.0467	37.3133	14.8396	29.4802	10.5564	6.81106	0	7.26232	10.4193	
14.9588	13.2209	21.5893	20.5913	8.46537	13.0166	14.7844	17.1921	11.7921	32.4458	16.0753	14.0734	7.26232	0	26.7149	
11.5574	9.59292	13.3352	18.1749	17.4337	10.0524	29.7643	28.0365	14.098	10.0778	9.45265	3.60827	10.4193	26.7149	0	

0	6.8431	5	15.0908	2.22144	9.46414	13.6144	21.5241	13.196	5.84761	16.586	6.5326	12.7447	4.94773	10.8878	
6.8431	0	19.1173	22.4933	4.62166	14.7825	30.8998	31.1787	23.0036	8.63481	19.3732	8.93282	9.18871	7.24431	13.288	
5	19.1173	0	20.0908	5.85405	14.4641	33.54	38.1362	20.2652	10.8476	24.7852	1.54289	27.2153	9.94773	8.72397	
15.0908	22.4933	20.0908	0	17.3122	16.9074	12.7572	17.3533	23.1236	18.3546	27.6435	27.8195	13.3046	20.0385	11.5823	
2.22144	4.62166	5.85405	17.3122	0	11.6856	25.4223	27.1819	18.3819	8.06906	24.7276	4.31116	10.5233	2.82179	8.66637	
9.46414	14.7825	14.4641	16.9074	11.6856	0	4.15023	8.74642	3.73181	6.14766	13.5734	25.5832	25.8613	14.4119	12.92	
13.6144	30.8998	33.54	12.7572	25.4223	4.15023	0	4.59619	7.88204	10.2979	11.0962	33.0086	21.7111	38.0894	24.3395	
21.5241	31.1787	38.1362	17.3533	27.1819	8.74642	4.59619	0	8.8	17.2384	6.5	33.6399	26.3073	32.1505	20.3412	
13.196	23.0036	20.2652	23.1236	18.3819	3.73181	7.88204	8.8	0	9.87947	15.3	22.6931	28.9053	21.2037	11.5412	
5.84761	8.63481	10.8476	18.3546	8.06906	6.14766	10.2979	17.2384	9.87947	0	10.7384	23.0095	17.8235	10.7953	6.7723	
16.586	19.3732	24.7852	27.6435	24.7276	13.5734	11.0962	6.5	15.3	10.7384	0	32.2984	37.7568	37.5936	16.0612	
6.5326	8.93282	1.54289	27.8195	4.31116	25.5832	33.0086	33.6399	22.6931	23.0095	32.2984	0	14.8345	7.13295	10.2669	
12.7447	9.18871	27.2153	13.3046	10.5233	25.8613	21.7111	26.3073	28.9053	17.8235	37.7568	14.8345	0	13.3451	19.1897	
4.94773	7.24431	9.94773	20.0385	2.82179	14.4119	38.0894	32.1505	21.2037	10.7953	37.5936	7.13295	13.3451	0	11.4882	
10.8878	13.288	8.72397	11.5823	8.66637	12.92	24.3395	20.3412	11.5412	6.7723	16.0612	10.2669	19.1897	11.4882	0	

0	13.0025	8.95	13.3154	13.2432	11.3108	12.6805	20.2307	21.3331	4.25281	5.51725	11.1637	14.0047	10.7396	4.12045	
13.0025	0	13.1937	19.7717	17.9122	11.9794	18.5545	12.8564	14.0202	17.2553	17.7729	15.4074	28.432	3.80326	10.4224	
8.95	13.1937	0	22.2654	17.8757	15.5588	16.9285	26.05	33.8497	11.9	9.76524	2.21371	21.6519	9.72951	8.72397	
13.3154	19.7717	22.2654	0	25.9513	8.93369	6.49455	6.91532	9.56532	17.5682	13.6578	20.5257	12.522	22.863	17.4359	
13.2432	17.9122	17.8757	25.9513	0	17.0176	24.9678	21.9994	19.0585	13.6494	17.8045	16.7987	23.4013	14.109	17.3637	
11.3108	11.9794	15.5588	8.93369	17.0176	0	12.9568	4.69083	2.04083	15.6728	5.79353	29.4593	21.4557	15.7827	14.8537	
12.6805	18.5545	16.9285	6.49455	24.9678	12.9568	0	7.42462	10.0746	17.0426	7.16327	26.2836	16.3417	16.3685	16.2234	
20.2307	12.8564	26.05	6.91532	21.9994	4.69083	7.42462	0	2.65	28.8915	14.5879	24.3284	19.4373	16.6597	17.6849	
21.3331	14.0202	33.8497	9.56532	19.0585	2.04083	10.0746	2.65	0	22.8258	7.83436	26.9784	21.4767	24.1202	20.3349	
4.25281	17.2553	11.9	17.5682	13.6494	15.6728	17.0426	28.8915	22.8258	0	9.77006	14.1137	9.75188	17.8256	8.37326	
5.51725	17.7729	9.76524	13.6578	17.8045	5.79353	7.16327	14.5879	7.83436	9.77006	0	11.979	19.6312	15.6793	9.06015	
11.1637	15.4074	2.21371	20.5257	16.7987	29.4593	26.2836	24.3284	26.9784	14.1137	11.979	0	28.816	11.9432	10.9377	
14.0047	28.432	21.6519	12.522	23.4013	21.4557	16.3417	19.4373	21.4767	9.75188	19.6312	28.816	0	24.6287	20.9584	
10.7396	3.80326	9.72951	22.863	14.109	15.7827	16.3685	16.6597	24.1202	17.8256	15.6793	11.9432	24.6287	0	6.6191	
4.12045	10.4224	8.72397	17.4359	17.3637	14.8537	16.2234	17.6849	20.3349	8.37326	9.06015	10.9377	20.9584	6.6191	0	

0	18.6397	1.4	21.4133	5.92548	9.66293	23.1667	25.3586	15.3778	7.26361	11.5235	3.53454	19.6017	4.7828	4.52244	
18.6397	0	12.5706	14.941	8.0451	35.1806	34.1515	25.1006	26.9108	26.8883	30.0489	19.046	24.489	9.8188	16.8959	
1.4	12.5706	0	21.953	4.52548	8.26293	20.9577	18.3429	11.47	7.80322	12.0631	4.93454	18.8496	6.1828	5.06205	
21.4133	14.941	21.953	0	22.9861	20.3985	20.5456	24.4415	17.1915	18.8167	23.8919	25.6151	9.54801	29.6107	16.8909	
5.92548	8.0451	4.52548	22.9861	0	12.7884	22.2198	26.1157	18.8657	11.5919	15.8518	11.0009	23.375	1.7737	8.85076	
9.66293	35.1806	8.26293	20.3985	12.7884	0	6.56113	10.08	3.20702	6.14766	13.2424	15.0503	22.5169	28.6216	8.88883	
23.1667	34.1515	20.9577	20.5456	22.2198	6.56113	0	9.05097	3.3541	18.8425	14.7759	15.1973	11.2057	46.038	27.9374	
25.3586	25.1006	18.3429	24.4415	26.1157	10.08	9.05097	0	7.25	16.2277	17.5	19.0932	20.2567	32.8792	22.3167	
15.3778	26.9108	11.47	17.1915	18.8657	3.20702	3.3541	7.25	0	9.35468	11.4218	11.8432	14.5598	20.6394	18.4228	
7.26361	26.8883	7.80322	18.8167	11.5919	6.14766	18.8425	16.2277	9.35468	0	7.30209	18.9909	16.3692	21.2624	2.74117	
11.5235	30.0489	12.0631	23.8919	15.8518	13.2424	14.7759	17.5	11.4218	7.30209	0	11.6888	15.2137	15.3792	7.00103	
3.53454	19.046	4.93454	25.6151	11.0009	15.0503	15.1973	19.0932	11.8432	18.9909	11.6888	0	16.0671	8.31735	8.05699	
19.6017	24.489	18.8496	9.54801	23.375	22.5169	11.2057	20.2567	14.5598	16.3692	15.2137	16.0671	0	29.9617	19.1104	
4.7828	9.8188	6.1828	29.6107	1.7737	28.6216	46.038	32.8792	20.6394	21.2624	15.3792	8.31735	29.9617	0	9.30525	
4.52244	16.8959	5.06205	16.8909	8.85076	8.88883	27.9374	22.3167	18.4228	2.74117	7.00103	8.05699	19.1104	9.30525	0	

0	14.4318	1.4	19.1208	3.16128	9.98073	14.6263	44.7748	20.8212	8.02785	21.4188	6.27096	34.5075	10.5788	5.12544	
14.4318	0	16.1872	33.5261	11.4314	28.8595	27.1444	42.8995	22.7112	22.4332	23.9894	8.16088	35.5911	10.7759	11.4411	
1.4	16.1872	0	22.5039	2.37588	8.58073	18.0094	22.6207	10.7965	11.411	20.0188	5.64641	15.3124	9.17878	6.52544	
19.1208	33.5261	22.5039	0	20.449	24.931	23.4962	35.4421	31.7381	16.8977	11.1921	17.2756	23.0091	29.5617	13.9953	
3.16128	11.4314	2.37588	20.449	0	10.9566	15.9545	46.9559	17.8208	9.35609	19.0991	3.27054	32.4358	10.9647	6.45368	
9.98073	28.8595	8.58073	24.931	10.9566	0	9.64318	7.41576	2.21576	17.8137	13.7389	16.766	6.73166	17.7595	14.9112	
14.6263	27.1444	18.0094	23.4962	15.9545	9.64318	0	4.80833	10.0083	12.4033	13.467	12.7811	16.3748	16.3685	9.50084	
44.7748	42.8995	22.6207	35.4421	46.9559	7.41576	4.80833	0	5.2	30.1859	18.2753	19.7503	20.7717	21.1768	14.3092	
20.8212	22.7112	10.7965	31.7381	17.8208	2.21576	10.0083	5.2	0	31.3708	15.9547	14.5503	8.94742	24.872	17.127	
8.02785	22.4332	11.411	16.8977	9.35609	17.8137	12.4033	30.1859	31.3708	0	24.3403	6.18266	26.4694	27.2607	2.90241	
21.4188	23.9894	20.0188	11.1921	19.0991	13.7389	13.467	18.2753	15.9547	24.3403	0	15.8285	20.4706	18.3696	19.1088	
6.27096	8.16088	5.64641	17.2756	3.27054	16.766	12.7811	19.7503	14.5503	6.18266	15.8285	0	29.1653	10.3217	3.28024	
34.5075	35.5911	15.3124	23.0091	32.4358	6.73166	16.3748	20.7717	8.94742	26.4694	20.4706	29.1653	0	39.487	21.6429	
10.5788	10.7759	9.17878	29.5617	10.9647	17.7595	16.3685	21.1768	24.872	27.2607	18.3696	10.3217	39.487	0	13.6019	
5.12544	11.4411	6.52544	13.9953	6.45368	14.9112	9.50084	14.3092	17.127	2.90241	19.1088	3.28024	21.6429	13.6019	0	

0	23.7852	2.25	26.7816	9.14208	18.9134	27.1716	35.9604	25.1717	6.91082	14.2124	4.33267	12.7155	7.94084	6.02993	
23.7852	0	14.8368	36.8855	17.4501	26.0309	15.6553	28.1711	25.2704	18.1331	26.5435	16.2917	27.5661	9.14594	17.7553	
2.25	14.8368	0	30.0419	7.80646	23.5176	17.8352	26.5717	22.9217	9.16082	11.9624	6.58267	17.9085	5.69084	8.27993	
26.7816	36.8855	30.0419	0	36.6093	32.6426	22.267	34.7828	31.8821	27.6852	18.0795	24.9745	16.5916	34.4114	20.7517	
9.14208	17.4501	7.80646	36.6093	0	31.324	20.4485	33.6033	30.7026	16.0529	19.7689	13.4748	22.9516	8.30413	15.172	
18.9134	26.0309	23.5176	32.6426	31.324	0	10.3756	6.84	3.61519	12.0026	14.5666	30.1516	22.7485	22.5199	18.9361	
27.1716	15.6553	17.8352	22.267	20.4485	10.3756	0	12.5158	9.61509	20.2608	10.8882	19.2901	12.373	12.1443	27.1943	
35.9604	28.1711	26.5717	34.7828	33.6033	6.84	12.5158	0	3.65	18.8426	21.4066	27.7152	19.3323	24.6601	37.8963	
25.1717	25.2704	22.9217	31.8821	30.7026	3.61519	9.61509	3.65	0	15.6178	18.1818	28.7141	20.3313	21.7594	37.6771	
6.91082	18.1331	9.16082	27.6852	16.0529	12.0026	20.2608	18.8426	15.6178	0	20.7608	11.2435	27.8018	21.8408	6.93354	
14.2124	26.5435	11.9624	18.0795	19.7689	14.5666	10.8882	21.4066	18.1818	20.7608	0	15.585	14.9032	17.6533	26.7178	
4.33267	16.2917	6.58267	24.9745	13.4748	30.1516	19.2901	27.7152	28.7141	11.2435	15.585	0	8.38284	7.1458	10.3626	
12.7155	27.5661	17.9085	16.5916	22.9516	22.7485	12.373	19.3323	20.3313	27.8018	14.9032	8.38284	0	15.5286	20.8478	
7.94084	9.14594	5.69084	34.4114	8.30413	22.5199	12.1443	24.6601	21.7594	21.8408	17.6533	7.1458	15.5286	0	18.5335	
6.02993	17.7553	8.27993	20.7517	15.172	18.9361	27.1943	37.8963	37.6771	6.93354	26.7178	10.3626	20.8478	18.5335	0	

0	23.2843	8.75	25.2993	9.48384	26.5724	25.882	13.2612	24.5322	15.21	28.0036	4.67472	25.7198	11.8745	8.4419	
23.2843	0	25.4566	34.2139	15.9246	26.7239	29.1348	21.4273	21.6509	18.9966	25.0101	28.8351	30.528	11.4098	24.5023	
8.75	25.4566	0	28.3452	12.7845	20.8551	30.1292	17.5084	15.7822	6.46	12.4735	8.92191	24.4078	17.2994	16.1555	
25.2993	34.2139	28.3452	0	27.5057	17.6359	20.6079	13.53	12.563	34.4854	19.3424	22.1165	11.2698	29.1791	31.8514	
9.48384	15.9246	12.7845	27.5057	0	36.0562	25.5741	18.5468	21.131	19.2445	23.3117	9.96027	16.236	4.51486	15.3044	
26.5724	26.7239	20.8551	17.6359	36.0562	0	5.00469	7.74	5.07293	18.0971	12.0837	16.3265	13.95	21.689	31.6453	
25.882	29.1348	30.1292	20.6079	25.5741	5.00469	0	7.70746	10.0776	19.767	13.7535	16.294	9.33809	32.5503	33.3152	
13.2612	21.4273	17.5084	13.53	18.5468	7.74	7.70746	0	4	19.2356	19.8237	8.5865	12.877	20.6161	29.416	
24.5322	21.6509	15.7822	12.563	21.131	5.07293	10.0776	4	0	22.2422	16.9496	12.5865	8.87705	16.6161	31.7077	
15.21	18.9966	6.46	34.4854	19.2445	18.0971	19.767	19.2356	22.2422	0	6.01348	10.6491	14.0861	17.4447	13.3833	
28.0036	25.0101	12.4735	19.3424	23.3117	12.0837	13.7535	19.8237	16.9496	6.01348	0	16.6626	8.07257	18.7968	19.3968	
4.67472	28.8351	8.92191	22.1165	9.96027	16.3265	16.294	8.5865	12.5865	10.6491	16.6626	0	22.0351	14.4751	13.1166	
25.7198	30.528	24.4078	11.2698	16.236	13.95	9.33809	12.877	8.87705	14.0861	8.07257	22.0351	0	20.7508	27.6343	
11.8745	11.4098	17.2994	29.1791	4.51486	21.689	32.5503	20.6161	16.6161	17.4447	18.7968	14.4751	20.7508	0	15.0916	
8.4419	24.5023	16.1555	31.8514	15.3044	31.6453	33.3152	29.416	31.7077	13.3833	19.3968	13.1166	27.6343	15.0916	0	

0	7.44205	3.2	9.76463	2.30688	19.256	16.8132	15.1121	25.2512	7.08802	8.00001	4.5607	14.166	13.096	7.9394	
7.44205	0	12.8881	18.1594	5.13517	11.9794	17.5944	27.7294	20.4343	13.5348	17.6881	13.9062	22.6184	15.3942	17.6275	
3.2	12.8881	0	12.9646	5.50688	25.1066	30.7216	31.6541	22.5893	10.288	11.2	7.31194	15.2246	14.809	5.27746	
9.76463	18.1594	12.9646	0	12.0715	26.185	22.7309	27.9619	33.1286	16.8526	17.7646	14.3253	26.8204	25.1982	17.704	
2.30688	5.13517	5.50688	12.0715	0	17.1146	18.1248	16.4237	31.104	8.39962	10.3069	6.86758	18.3763	12.174	10.2463	
19.256	11.9794	25.1066	26.185	17.1146	0	5.61502	12.6861	8.45488	15.3402	11.256	18.0744	10.8187	15.2965	24.1893	
16.8132	17.5944	30.7216	22.7309	18.1248	5.61502	0	7.07107	10.3977	9.72518	16.871	19.5391	16.4337	20.9116	16.9812	
15.1121	27.7294	31.6541	27.9619	16.4237	12.6861	7.07107	0	8.8	8.02409	26.75	17.838	26.5687	31.0465	15.2801	
25.2512	20.4343	22.5893	33.1286	31.104	8.45488	10.3977	8.8	0	16.8241	19.7109	22.333	19.2736	23.7514	17.3118	
7.08802	13.5348	10.288	16.8526	8.39962	15.3402	9.72518	8.02409	16.8241	0	15.088	9.81389	19.4192	16.7875	7.25603	
8.00001	17.6881	11.2	17.7646	10.3069	11.256	16.871	26.75	19.7109	15.088	0	6.81845	16.4238	15.3537	15.9394	
4.5607	13.9062	7.31194	14.3253	6.86758	18.0744	19.5391	17.838	22.333	9.81389	6.81845	0	9.60534	8.53526	12.5001	
14.166	22.6184	15.2246	26.8204	18.3763	10.8187	16.4337	26.5687	19.2736	19.4192	16.4238	9.60534	0	18.1406	20.5021	
13.096	15.3942	14.809	25.1982	12.174	15.2965	20.9116	31.0465	23.7514	16.7875	15.3537	8.53526	18.1406	0	9.53151	
7.9394	17.6275	5.27746	17.704	10.2463	24.1893	16.9812	15.2801	17.3118	7.25603	15.9394	12.5001	20.5021	9.53151	0	

0	16.5781	5	14.6469	8.03136	22.3484	18.0214	28.7637	18.9033	13.33	18.0019	16.8735	19.2723	16.7386	7.13541	
16.5781	0	11.5781	29.8917	22.0999	22.968	24.3528	31.4238	25.4814	18.5388	17.34	21.2183	23.5003	15.8469	11.3634	
5	11.5781	0	18.3135	10.5217	21.1194	13.0214	20.0033	13.9033	8.33	20.4923	11.8735	17.3853	18.9083	10.2318	
14.6469	29.8917	18.3135	0	22.6783	7.70146	23.4479	22.8215	17.789	24.7078	13.3295	16.9474	15.6525	37.2218	21.7824	
8.03136	22.0999	10.5217	22.6783	0	15.5985	17.1643	20.7324	24.4251	18.8517	9.97052	22.3953	24.9553	8.70724	14.5669	
22.3484	22.968	21.1194	7.70146	15.5985	0	15.7465	15.12	10.0875	18.6422	5.628	9.24589	19.7244	27.0012	21.2188	
18.0214	24.3528	13.0214	23.4479	17.1643	15.7465	0	7.07107	9.8387	21.3514	21.3745	12.998	23.4765	25.8715	23.2532	
28.7637	31.4238	20.0033	22.8215	20.7324	15.12	7.07107	0	6.1	31.9512	20.748	16.9281	24.4268	29.4396	33.4143	
18.9033	25.4814	13.9033	17.789	24.4251	10.0875	9.8387	6.1	0	20.2244	15.7155	10.8281	18.3268	32.8116	22.801	
13.33	18.5388	8.33	24.7078	18.8517	18.6422	21.3514	31.9512	20.2244	0	21.6199	9.39628	9.05532	18.0307	7.17541	
18.0019	17.34	20.4923	13.3295	9.97052	5.628	21.3745	20.748	15.7155	21.6199	0	14.611	25.0895	18.6778	21.0031	
16.8735	21.2183	11.8735	16.9474	22.3953	9.24589	12.998	16.9281	10.8281	9.39628	14.611	0	10.4785	22.8282	11.9729	
19.2723	23.5003	17.3853	15.6525	24.9553	19.7244	23.4765	24.4268	18.3268	9.05532	25.0895	10.4785	0	22.9922	12.1369	
16.7386	15.8469	18.9083	37.2218	8.70724	27.0012	25.8715	29.4396	32.8116	18.0307	18.6778	22.8282	22.9922	0	10.8553	
7.13541	11.3634	10.2318	21.7824	14.5669	21.2188	23.2532	33.4143	22.801	7.17541	21.0031	11.9729	12.1369	10.8553	0	

0	13.2575	1.2	35.5347	5.21184	7.64412	17.4447	11.4241	12.6004	11.774	13.0796	5.42617	18.8625	11.8229	14.8783	
13.2575	0	14.4575	32.2973	15.9381	15.7887	27.8076	37.0662	45.0626	21.5508	23.46	21.4667	17.8524	9.32705	8.16743	
1.2	14.4575	0	34.9234	6.41184	8.84412	13.4616	12.9963	14.1727	14.7081	9.09649	4.22617	14.8794	14.7569	13.6783	
35.5347	32.2973	34.9234	0	26.9525	15.506	13.2211	11.726	13.976	19.368	17.6491	22.4565	12.0524	20.5777	24.1299	
5.21184	15.9381	6.41184	26.9525	0	12.856	13.7314	14.2042	14.0454	6.5622	10.0734	5.20312	15.1364	6.61105	13.2761	
7.64412	15.7887	8.84412	15.506	12.856	0	10.8511	3.78	4.95631	7.31864	18.8792	13.4425	16.5887	21.9269	7.6213	
17.4447	27.8076	13.4616	13.2211	13.7314	10.8511	0	7.07107	9.27968	14.7131	11.4612	9.23542	19.8886	18.4805	19.8279	
11.4241	37.0662	12.9963	11.726	14.2042	3.78	7.07107	0	2.25	7.64199	18.5323	16.3065	19.6125	25.5516	11.4013	
12.6004	45.0626	14.1727	13.976	14.0454	4.95631	9.27968	2.25	0	7.48323	20.7409	18.5151	21.545	22.5743	12.5776	
11.774	21.5508	14.7081	19.368	6.5622	7.31864	14.7131	7.64199	7.48323	0	22.479	11.7653	23.9074	13.1733	13.3833	
13.0796	23.46	9.09649	17.6491	10.0734	18.8792	11.4612	18.5323	20.7409	22.479	0	4.87032	15.5235	17.9424	15.8553	
5.42617	21.4667	4.22617	22.4565	5.20312	13.4425	9.23542	16.3065	18.5151	11.7653	4.87032	0	10.6532	11.8142	17.9045	
18.8625	17.8524	14.8794	12.0524	15.1364	16.5887	19.8886	19.6125	21.545	23.9074	15.5235	10.6532	0	8.52533	24.21	
11.8229	9.32705	14.7569	20.5777	6.61105	21.9269	18.4805	25.5516	22.5743	13.1733	17.9424	11.8142	8.52533	0	17.4945	
14.8783	8.16743	13.6783	24.1299	13.2761	7.6213	19.8279	11.4013	12.5776	13.3833	15.8553	17.9045	24.21	17.4945	0	

0	26.26	2.5	12.453	11.3635	9.49171	28.7899	20.887	27.5064	12.5812	16.5517	10.4828	16.4116	17.7368	5.72843	
26.26	0	28.76	31.2826	23.9513	36.0716	32.4703	26.325	28.675	30.2218	25.8675	37.0627	42.6716	14.7603	31.9884	
2.5	28.76	0	9.95301	13.8635	6.99171	20.541	18.1517	13.5224	15.0812	11.461	7.98276	18.9116	15.2368	8.22843	
12.453	31.2826	9.95301	0	11.2278	15.711	20.9902	14.1313	16.4813	26.103	20.1803	17.9358	20.5047	20.4187	25.57	
11.3635	23.9513	13.8635	11.2278	0	23.0572	29.9149	25.3591	28.5404	23.9448	20.2982	24.0482	27.7752	9.19097	16.964	
9.49171	36.0716	6.99171	15.711	23.0572	0	9.77296	8.88067	6.53067	14.4918	4.4693	13.9664	21.2354	15.5765	15.7945	
28.7899	32.4703	20.541	20.9902	29.9149	9.77296	0	5.5923	3.2423	16.2086	18.0186	31.6661	21.4776	34.3305	22.0175	
20.887	26.325	18.1517	14.1313	25.3591	8.88067	5.5923	0	2.35	22.4146	15.6293	27.5484	28.298	33.4382	15.1585	
27.5064	28.675	13.5224	16.4813	28.5404	6.53067	3.2423	2.35	0	19.4509	11	26.7035	24.7199	31.0882	17.5085	
12.5812	30.2218	15.0812	26.103	23.9448	14.4918	16.2086	22.4146	19.4509	0	10.0225	19.5196	26.7886	21.1297	7.25603	
16.5517	25.8675	11.461	20.1803	20.2982	4.4693	18.0186	15.6293	11	10.0225	0	9.49712	16.7661	11.1072	11.3252	
10.4828	37.0627	7.98276	17.9358	24.0482	13.9664	31.6661	27.5484	26.7035	19.5196	9.49712	0	13.6221	20.6043	20.8223	
16.4116	42.6716	18.9116	20.5047	27.7752	21.2354	21.4776	28.298	24.7199	26.7886	16.7661	13.6221	0	27.8733	22.1401	
17.7368	14.7603	15.2368	20.4187	9.19097	15.5765	34.3305	33.4382	31.0882	21.1297	11.1072	20.6043	27.8733	0	22.4324	
5.72843	31.9884	8.22843	25.57	16.964	15.7945	22.0175	15.1585	17.5085	7.25603	11.3252	20.8223	22.1401	22.4324	0	

0	8.41338	3.5	15.5306	5.87588	27.6644	16.5214	22.0877	24.1104	8.32842	14.9742	10.007	10.3652	10.7201	3.71845	
8.41338	0	5.79933	24.9807	3.42345	24.6955	33.4983	17.6189	16.8396	11.8113	24.5901	16.0596	18.4161	3.25994	12.1318	
3.5	5.79933	0	23.9332	2.37588	23.5191	13.0214	16.1668	19.2247	9.86	11.4742	6.50696	13.8652	11.1637	7.21845	
15.5306	24.9807	23.9332	0	21.5573	31.141	20.6434	28.1991	18.9104	46.5962	26.374	18.5393	5.16532	20.3215	26.1589	
5.87588	3.42345	2.37588	21.5573	0	21.272	15.3973	22.296	20.2631	12.2359	13.85	8.88284	19.6782	6.68339	13.0314	
27.6644	24.6955	23.5191	31.141	21.272	0	10.4976	14.85	9.91262	25.7616	16.2283	24.5098	23.6577	29.209	31.3829	
16.5214	33.4983	13.0214	20.6434	15.3973	10.4976	0	10.8187	13.4811	22.8814	5.73062	19.5284	25.8087	25.1777	27.346	
22.0877	17.6189	16.1668	28.1991	22.296	14.85	10.8187	0	7.9	22.9103	15.6505	9.65981	21.6451	14.359	33.1136	
24.1104	16.8396	19.2247	18.9104	20.2631	9.91262	13.4811	7.9	0	33.5226	7.75051	17.5598	13.7451	20.0996	34.7387	
8.32842	11.8113	9.86	46.5962	12.2359	25.7616	22.8814	22.9103	33.5226	0	21.3342	16.367	18.6937	8.55132	10.884	
14.9742	24.5901	11.4742	26.374	13.85	16.2283	5.73062	15.6505	7.75051	21.3342	0	17.9811	21.4956	33.8704	25.7987	
10.007	16.0596	6.50696	18.5393	8.88284	24.5098	19.5284	9.65981	17.5598	16.367	17.9811	0	14.67	15.0856	16.1464	
10.3652	18.4161	13.8652	5.16532	19.6782	23.6577	25.8087	21.6451	13.7451	18.6937	21.4956	14.67	0	15.1561	14.0837	
10.7201	3.25994	11.1637	20.3215	6.68339	29.209	25.1777	14.359	20.0996	8.55132	33.8704	15.0856	15.1561	0	14.4385	
3.71845	12.1318	7.21845	26.1589	13.0314	31.3829	27.346	33.1136	34.7387	10.884	25.7987	16.1464	14.0837	14.4385	0	

0	14.4655	5.21159	19.3296	11.2781	9.10014	11.5459	18.1927	12.3072	15.2392	17.415	3.53454	15.26	5.77235	13.3663	
14.4655	0	10.2318	51.1085	8.0451	31.2809	30.151	29.386	25.6382	30.2425	24.1473	11.9089	37.4407	8.69317	12.8393	
5.21159	10.2318	0	30.4792	10.1507	17.7001	20.1459	23.1564	15.4064	20.1079	13.9155	1.67705	23.86	7.0364	15.0896	
19.3296	51.1085	30.4792	0	37.2758	12.0034	21.5712	24.8029	31.8571	16.6078	38.1696	28.1703	4.06964	34.1615	19.819	
11.2781	8.0451	10.1507	37.2758	0	20.3782	22.824	26.2947	15.566	7.7772	22.3541	8.47366	26.538	9.2716	4.79416	
9.10014	31.2809	17.7001	12.0034	20.3782	0	7.56806	9.72	3.20702	20.4719	19.97	12.6347	7.93374	14.8725	13.9788	
11.5459	30.151	20.1459	21.5712	22.824	7.56806	0	6.6468	10.2859	12.9669	16.8968	15.0804	15.5018	17.3182	15.9499	
18.1927	29.386	23.1564	24.8029	26.2947	9.72	6.6468	0	7.75	19.6137	10.25	24.1304	17.6537	28.2334	18.5218	
12.3072	25.6382	15.4064	31.8571	15.566	3.20702	10.2859	7.75	0	13.7549	18	17.0835	11.1408	24.0345	10.7718	
15.2392	30.2425	20.1079	16.6078	7.7772	20.4719	12.9669	19.6137	13.7549	0	21.3336	18.7738	12.5381	21.0116	2.98304	
17.415	24.1473	13.9155	38.1696	22.3541	19.97	16.8968	10.25	18	21.3336	0	13.8804	30.6113	19.2398	23.0622	
3.53454	11.9089	1.67705	28.1703	8.47366	12.6347	15.0804	24.1304	17.0835	18.7738	13.8804	0	18.7945	5.35935	13.2678	
15.26	37.4407	23.86	4.06964	26.538	7.93374	15.5018	17.6537	11.1408	12.5381	30.6113	18.7945	0	21.0323	15.5212	
5.77235	8.69317	7.0364	34.1615	9.2716	14.8725	17.3182	28.2334	24.0345	21.0116	19.2398	5.35935	21.0323	0	14.0658	
13.3663	12.8393	15.0896	19.819	4.79416	13.9788	15.9499	18.5218	10.7718	2.98304	23.0622	13.2678	15.5212	14.0658	0	

0	13.2575	6.45	29.3006	4.44288	26.1643	18.0063	12.9438	14.7168	10.3273	17.6552	16.1769	23.6855	14.6783	4.52244	
13.2575	0	16.5803	35.9517	13.865	29.5256	27.0581	23.8762	26.2262	28.4967	30.9126	24.1576	33.1076	3.71271	17.7799	
6.45	16.5803	0	33.0552	2.71529	10.1328	13.857	10.6168	8.26685	11.19	22.0641	9.7269	16.3633	13.3575	5.38516	
29.3006	35.9517	33.0552	0	23.7818	11.3982	13.4104	21.3499	13.2641	39.7945	35.8965	11.1756	4.53922	37.2111	31.5727	
4.44288	13.865	2.71529	23.7818	0	32.589	28.1138	19.2672	10.9821	19.6821	22.0981	12.4422	19.2426	10.6422	8.10045	
26.1643	29.5256	10.1328	11.3982	32.589	0	7.45607	4.2159	1.8659	28.3963	24.4984	23.2251	15.9374	25.8129	19.7614	
18.0063	27.0581	13.857	13.4104	28.1138	7.45607	0	3.18198	5.53198	36.5435	15.4727	15.5076	8.87119	33.0045	11.6034	
12.9438	23.8762	10.6168	21.3499	19.2672	4.2159	3.18198	0	2.35	14.2262	18.6547	20.6267	12.0532	27.5889	8.4214	
14.7168	26.2262	8.26685	13.2641	10.9821	1.8659	5.53198	2.35	0	30.2622	21.0628	17.9937	14.4614	22.4022	10.7714	
10.3273	28.4967	11.19	39.7945	19.6821	28.3963	36.5435	14.2262	30.2622	0	21.3336	27.1264	40.0007	28.045	5.80483	
17.6552	30.9126	22.0641	35.8965	22.0981	24.4984	15.4727	18.6547	21.0628	21.3336	0	27.7608	24.3439	32.3334	16.6789	
16.1769	24.1576	9.7269	11.1756	12.4422	23.2251	15.5076	20.6267	17.9937	27.1264	27.7608	0	6.63641	20.4449	15.1121	
23.6855	33.1076	16.3633	4.53922	19.2426	15.9374	8.87119	12.0532	14.4614	40.0007	24.3439	6.63641	0	27.0813	25.2321	
14.6783	3.71271	13.3575	37.2111	10.6422	25.8129	33.0045	27.5889	22.4022	28.045	32.3334	20.4449	27.0813	0	19.2007	
4.52244	17.7799	5.38516	31.5727	8.10045	19.7614	11.6034	8.4214	10.7714	5.80483	16.6789	15.1121	25.2321	19.2007	0	

0	21.9258	5.55	25.8541	11.5344	17.6266	25.2132	23.9483	23.185	21.6185	7.44828	8.03204	17.8513	16.533	10.2889	
21.9258	0	22.4942	36.5766	13.3296	16.3355	36.4764	19.2155	23.5076	22.6972	29.3741	20.4022	17.4878	8.33095	17.7553	
5.55	22.4942	0	20.3041	7.23918	12.0766	31.232	14.9566	19.2487	18.4448	12.9983	2.48204	17.3996	15.6335	4.73895	
25.8541	36.5766	20.3041	0	24.2896	30.6451	27.6018	27.023	23.473	32.5271	35.8545	19.5325	26.6092	30.1574	18.8213	
11.5344	13.3296	7.23918	24.2896	0	17.085	20.5971	21.7437	25.2937	19.3648	18.9827	4.75714	14.1554	4.9986	15.3738	
17.6266	16.3355	12.0766	30.6451	17.085	0	14.9715	2.88	6.43	18.5461	19.38	12.3279	29.4762	24.6665	16.8155	
25.2132	36.4764	31.232	27.6018	20.5971	14.9715	0	12.0915	15.6415	27.7576	17.7649	25.3543	16.8086	25.5957	40.1627	
23.9483	19.2155	14.9566	27.023	21.7437	2.88	12.0915	0	3.55	15.6661	16.5	15.2079	28.9001	26.7423	28.2117	
23.185	23.5076	19.2487	23.473	25.2937	6.43	15.6415	3.55	0	19.2161	18.5604	19.4999	36.2624	32.8202	31.7617	
21.6185	22.6972	18.4448	32.5271	19.3648	18.5461	27.7576	15.6661	19.2161	0	22.7653	29.002	23.523	14.3662	13.7058	
7.44828	29.3741	12.9983	35.8545	18.9827	19.38	17.7649	16.5	18.5604	22.7653	0	19.5341	22.9758	24.9302	22.6236	
8.03204	20.4022	2.48204	19.5325	4.75714	12.3279	25.3543	15.2079	19.4999	29.002	19.5341	0	19.8816	9.75574	7.22098	
17.8513	17.4878	17.3996	26.6092	14.1554	29.4762	16.8086	28.9001	36.2624	23.523	22.9758	19.8816	0	9.15684	22.1385	
16.533	8.33095	15.6335	30.1574	4.9986	24.6665	25.5957	26.7423	32.8202	14.3662	24.9302	9.75574	9.15684	0	24.7487	
10.2889	17.7553	4.73895	18.8213	15.3738	16.8155	40.1627	28.2117	31.7617	13.7058	22.6236	7.22098	22.1385	24.7487	0	

0	8.45442	2.8	30.066	9.99016	12.5246	16.1717	17.1113	14.6471	5.1509	6.89656	8.20926	13.8203	3.29848	3.21596	
8.45442	0	5.65442	16.8086	14.0265	24.0352	24.4629	15.3052	18.0052	19.6367	12.7342	11.6247	20.1541	7.33486	15.3477	
2.8	5.65442	0	22.463	8.71156	12.7078	22.649	20.9597	14.8303	9.17922	7.0798	5.9703	14.4997	6.09848	6.01596	
30.066	16.8086	22.463	0	38.1744	14.0017	7.65429	7.21598	9.91598	20.9716	21.216	30.1891	18.3134	24.1434	20.61	
9.99016	14.0265	8.71156	38.1744	0	22.3642	31.7184	28.4549	24.4867	14.6993	15.7914	14.433	23.2112	6.69167	16.6343	
12.5246	24.0352	12.7078	14.0017	22.3642	0	6.34741	4.79914	2.09914	22.4856	5.628	12.608	24.4837	20.3493	19.3031	
16.1717	24.4629	22.649	7.65429	31.7184	6.34741	0	8.17837	5.47837	14.8906	11.9754	18.9554	20.5438	40.2264	12.9557	
17.1113	15.3052	20.9597	7.21598	28.4549	4.79914	8.17837	0	2.7	13.7556	10.4505	21.338	25.0481	22.6401	13.8953	
14.6471	18.0052	14.8303	9.91598	24.4867	2.09914	5.47837	2.7	0	16.4556	7.72714	14.7072	22.6222	43.5678	16.5953	
5.1509	19.6367	9.17922	20.9716	14.6993	22.4856	14.8906	13.7556	16.4556	0	13.2758	14.3999	13.0878	9.6777	1.93494	
6.89656	12.7342	7.0798	21.216	15.7914	5.628	11.9754	10.4505	7.72714	13.2758	0	13.0501	20.7169	10.195	10.1125	
8.20926	11.6247	5.9703	30.1891	14.433	12.608	18.9554	21.338	14.7072	14.3999	13.0501	0	11.8757	7.74128	11.4252	
13.8203	20.1541	14.4997	18.3134	23.2112	24.4837	20.5438	25.0481	22.6222	13.0878	20.7169	11.8757	0	17.1188	11.1528	
3.29848	7.33486	6.09848	24.1434	6.69167	20.3493	40.2264	22.6401	43.5678	9.6777	10.195	7.74128	17.1188	0	6.51444	
3.21596	15.3477	6.01596	20.61	16.6343	19.3031	12.9557	13.8953	16.5953	1.93494	10.1125	11.4252	11.1528	6.51444	0	

0	14.5557	6.25	23.8206	9.19156	20.385	13.5402	29.9876	27.4379	7.46461	23.9407	11.0799	8.63771	10.3902	4.72344	
14.5557	0	16.6486	26.1467	12.3084	33.3245	33.5289	47.7947	37.3344	37.0312	33.8372	12.5022	28.1627	4.16548	11.8436	
6.25	16.6486	0	18.7344	2.94156	11.4504	14.2052	17.049	19.0418	18.5736	15.5446	4.82991	11.0595	11.0844	10.9734	
23.8206	26.1467	18.7344	0	23.3009	24.3786	20.0854	21.9486	24.4486	38.5436	24.6192	13.9045	15.1829	22.2412	33.2579	
9.19156	12.3084	2.94156	23.3009	0	8.50882	13.0205	10.9388	15.9724	23.6816	14.1368	7.77147	8.11798	8.14288	15.821	
20.385	33.3245	11.4504	24.3786	8.50882	0	12.2588	2.43	4.93	26.5023	5.628	16.3427	16.6268	16.6517	25.5148	
13.5402	33.5289	14.2052	20.0854	13.0205	12.2588	0	9.82878	12.3288	33.9011	18.689	11.9718	4.9025	20.3086	29.5915	
29.9876	47.7947	17.049	21.9486	10.9388	2.43	9.82878	0	2.5	24.0723	8.058	16.7119	14.7313	31.589	25.2642	
27.4379	37.3344	19.0418	24.4486	15.9724	4.93	12.3288	2.5	0	24.8307	13.0916	14.2119	20.904	22.5487	27.5719	
7.46461	37.0312	18.5736	38.5436	23.6816	26.5023	33.9011	24.0723	24.8307	0	23.0517	22.0946	24.7629	10.4193	2.74117	
23.9407	33.8372	15.5446	24.6192	14.1368	5.628	18.689	8.058	13.0916	23.0517	0	10.7147	18.008	19.0515	25.7929	
11.0799	12.5022	4.82991	13.9045	7.77147	16.3427	11.9718	16.7119	14.2119	22.0946	10.7147	0	16.8743	8.33676	16.0149	
8.63771	28.1627	11.0595	15.1829	8.11798	16.6268	4.9025	14.7313	20.904	24.7629	18.008	16.8743	0	16.2609	13.3611	
10.3902	4.16548	11.0844	22.2412	8.14288	16.6517	20.3086	31.589	22.5487	10.4193	19.0515	8.33676	16.2609	0	7.67816	
4.72344	11.8436	10.9734	33.2579	15.821	25.5148	29.5915	25.2642	27.5719	2.74117	25.7929	16.0149	13.3611	7.67816	0	

0	10.3491	5.85	23.449	4.01568	17.8363	21.1508	18.5689	18.3644	14.86	12.2057	8.55132	6.91017	13.1167	8.0399	
10.3491	0	10.7457	32.2164	6.33338	31.6036	30.1441	29.6037	27.3578	25.1655	14.5234	12.353	15.9035	7.78763	19.6095	
5.85	10.7457	0	26.1674	4.41235	21.1868	30.274	21.2874	34.9366	9.01	9.76524	11.2698	12.7602	13.6839	13.6783	
23.449	32.2164	26.1674	0	23.074	7.3934	10.9333	22.3334	10.3672	27.2347	18.8149	14.8977	17.6873	19.463	20.3101	
4.01568	6.33338	4.41235	23.074	0	19.6116	28.4396	18.1939	33.1023	13.4223	8.19007	8.17634	10.9258	9.2716	12.0556	
17.8363	31.6036	21.1868	7.3934	19.6116	0	3.5399	8.47379	2.97379	27.8529	11.4215	22.2911	14.428	30.6455	25.8762	
21.1508	30.1441	30.274	10.9333	28.4396	3.5399	0	9.41312	3.91312	24.313	14.9614	21.3313	14.2406	35.0803	28.3456	
18.5689	29.6037	21.2874	22.3334	18.1939	8.47379	9.41312	0	5.5	19.4871	26.3615	10.0176	16.9543	14.583	15.43	
18.3644	27.3578	34.9366	10.3672	33.1023	2.97379	3.91312	5.5	0	24.9871	14.3953	15.5176	11.4543	32.294	25.5593	
14.86	25.1655	9.01	27.2347	13.4223	27.8529	24.313	19.4871	24.9871	0	18.47	15.0065	23.6991	19.1549	9.59409	
12.2057	14.5234	9.76524	18.8149	8.19007	11.4215	14.9614	26.3615	14.3953	18.47	0	16.3664	34.1532	17.4617	21.4662	
8.55132	12.353	11.2698	14.8977	8.17634	22.2911	21.3313	10.0176	15.5176	15.0065	16.3664	0	10.3039	4.56537	5.4124	
6.91017	15.9035	12.7602	17.6873	10.9258	14.428	14.2406	16.9543	11.4543	23.6991	34.1532	10.3039	0	14.8693	14.105	
13.1167	7.78763	13.6839	19.463	9.2716	30.6455	35.0803	14.583	32.294	19.1549	17.4617	4.56537	14.8693	0	9.97777	
8.0399	19.6095	13.6783	20.3101	12.0556	25.8762	28.3456	15.43	25.5593	9.59409	21.4662	5.4124	14.105	9.97777	0	

0	16.0619	2.65	30.8372	11.8762	20.5107	10.6577	21.0791	21.1672	13.1128	16.8096	13.1148	29.1382	11.0945	10.5524	
16.0619	0	18.7119	27.2396	7.36041	21.2095	26.7196	23.8762	18.6439	13.3976	22.8398	16.2801	13.0762	12.587	26.6143	
2.65	18.7119	0	30.3283	14.5262	17.6357	13.3077	18.4968	29.3018	14.5811	14.1596	10.4648	28.0327	8.44448	7.97004	
30.8372	27.2396	30.3283	0	22.6241	11.1614	19.1053	15.7457	8.59574	25.2629	25.7079	19.8635	21.6004	38.125	23.1438	
11.8762	7.36041	14.5262	22.6241	0	16.2043	19.6163	15.9718	14.0283	6.03723	14.3416	8.91964	20.4367	10.0778	12.1999	
20.5107	21.2095	17.6357	11.1614	16.2043	0	12.8169	9.71562	2.56562	11.7805	3.47612	7.28464	11.7804	13.7289	10.5649	
10.6577	26.7196	13.3077	19.1053	19.6163	12.8169	0	12.7279	10.5095	22.6625	16.293	19.8391	20.7773	29.6941	21.2101	
21.0791	23.8762	18.4968	15.7457	15.9718	9.71562	12.7279	0	7.15	9.93459	16.7061	13.807	24.0954	25.669	10.5268	
21.1672	18.6439	29.3018	8.59574	14.0283	2.56562	10.5095	7.15	0	16.6672	6.04174	9.85026	14.346	24.1062	17.6768	
13.1128	13.3976	14.5811	25.2629	6.03723	11.7805	22.6625	9.93459	16.6672	0	8.30434	9.8913	34.0299	15.7344	6.61105	
16.8096	22.8398	14.1596	25.7079	14.3416	3.47612	16.293	16.7061	6.04174	8.30434	0	5.84438	15.2565	10.2528	9.12463	
13.1148	16.2801	10.4648	19.8635	8.91964	7.28464	19.8391	13.807	9.85026	9.8913	5.84438	0	19.065	16.0972	3.28024	
29.1382	13.0762	28.0327	21.6004	20.4367	11.7804	20.7773	24.0954	14.346	34.0299	15.2565	19.065	0	25.2602	23.0148	
11.0945	12.587	8.44448	38.125	10.0778	13.7289	29.6941	25.669	24.1062	15.7344	10.2528	16.0972	25.2602	0	16.4145	
10.5524	26.6143	7.97004	23.1438	12.1999	10.5649	21.2101	10.5268	17.6768	6.61105	9.12463	3.28024	23.0148	16.4145	0	

0	9.06805	5.44702	16.8662	2.39232	16.5523	15.9748	15.3679	13.0679	12.35	9.10346	7.59545	11.1116	4.61788	13.8688	
9.06805	0	9.73043	23.5585	6.67572	28.5681	25.7607	19.5907	21.8907	14.8177	17.2149	6.25668	11.6626	8.69317	26.2212	
5.44702	9.73043	0	21.804	3.0547	19.3861	27.5645	21.6876	22.0179	3.4	18.0535	8.25783	9.9081	11.1981	13.8003	
16.8662	23.5585	21.804	0	19.2585	16.2966	8.11819	7.81731	10.1173	24.2637	21.5209	26.8158	11.8959	21.4841	30.735	
2.39232	6.67572	3.0547	19.2585	0	22.4408	35.7998	24.5228	15.4602	6.4547	11.4958	5.20312	8.71931	7.0102	16.2611	
16.5523	28.5681	19.3861	16.2966	22.4408	0	8.17839	8.01433	5.71433	22.7861	7.44883	18.407	17.0738	19.4104	19.2189	
15.9748	25.7607	27.5645	8.11819	35.7998	8.17839	0	5.20689	2.90689	32.3818	15.6272	30.1558	20.0141	31.1592	27.3973	
15.3679	19.5907	21.6876	7.81731	24.5228	8.01433	5.20689	0	2.3	22.926	17.8888	19.3196	17.6512	28.2839	26.9213	
13.0679	21.8907	22.0179	10.1173	15.4602	5.71433	2.90689	2.3	0	25.226	13.1632	21.6196	19.9512	17.6858	24.6213	
12.35	14.8177	3.4	24.2637	6.4547	22.7861	32.3818	22.926	25.226	0	19.5193	8.56105	13.3081	14.5981	10.4003	
9.10346	17.2149	18.0535	21.5209	11.4958	7.44883	15.6272	17.8888	13.1632	19.5193	0	10.9582	9.62499	11.9616	22.9723	
7.59545	6.25668	8.25783	26.8158	5.20312	18.407	30.1558	19.3196	21.6196	8.56105	10.9582	0	13.9224	11.1157	18.9614	
11.1116	11.6626	9.9081	11.8959	8.71931	17.0738	20.0141	17.6512	19.9512	13.3081	9.62499	13.9224	0	20.3558	27.356	
4.61788	8.69317	11.1981	21.4841	7.0102	19.4104	31.1592	28.2839	17.6858	14.5981	11.9616	11.1157	20.3558	0	18.4867	
13.8688	26.2212	13.8003	30.735	16.2611	19.2189	27.3973	26.9213	24.6213	10.4003	22.9723	18.9614	27.356	18.4867	0	

0	15.1352	3.95	22.1222	7.94592	11.6482	25.4416	16.2041	14.7541	13.7207	8.99626	4.67472	9.56471	13.029	2.61297	
15.1352	0	26.4225	28.3694	7.18924	27.6104	37.1041	24.3038	22.8538	12.964	30.027	20.1227	22.265	11.772	26.5503	
3.95	26.4225	0	29.3201	11.8959	15.5982	29.1995	32.7002	18.7041	14.96	20.6001	8.62472	16.5623	16.979	6.56297	
22.1222	28.3694	29.3201	0	20.1349	10.474	10.6696	17.175	17.8793	14.3601	13.8666	10.9945	6.10447	17.1558	21.2343	
7.94592	7.18924	11.8959	20.1349	0	19.5941	29.9149	28.2512	22.7	5.77474	25.7443	12.6206	16.6949	5.64358	10.5589	
11.6482	27.6104	15.5982	10.474	19.5941	0	13.7934	7.83	7.40531	17.5647	11.5871	16.3229	16.5785	24.6772	14.2611	
25.4416	37.1041	29.1995	10.6696	29.9149	13.7934	0	6.50538	7.95538	25.0297	25.3805	30.1006	16.7741	35.5585	31.9039	
16.2041	24.3038	32.7002	17.175	28.2512	7.83	6.50538	0	1.45	25.3947	17.9708	33.4249	28.9551	20.7461	31.1333	
14.7541	22.8538	18.7041	17.8793	22.7	7.40531	7.95538	1.45	0	24.97	16.5208	19.4288	24.2829	19.2961	17.367	
13.7207	12.964	14.96	14.3601	5.77474	17.5647	25.0297	25.3947	24.97	0	17.9123	18.7082	18.8072	11.4183	11.529	
8.99626	30.027	20.6001	13.8666	25.7443	11.5871	25.3805	17.9708	16.5208	17.9123	0	12.6521	7.76209	18.8134	6.38329	
4.67472	20.1227	8.62472	10.9945	12.6206	16.3229	30.1006	33.4249	19.4288	18.7082	12.6521	0	4.88999	14.0931	7.28769	
9.56471	22.265	16.5623	6.10447	16.6949	16.5785	16.7741	28.9551	24.2829	18.8072	7.76209	4.88999	0	11.0514	12.5986	
13.029	11.772	16.979	17.1558	5.64358	24.6772	35.5585	20.7461	19.2961	11.4183	18.8134	14.0931	11.0514	0	15.642	
2.61297	26.5503	6.56297	21.2343	10.5589	14.2611	31.9039	31.1333	17.367	11.529	6.38329	7.28769	12.5986	15.642	0	

0	9.48506	6.1	19.2035	5.80992	19.4478	13.2063	9.88287	18.3829	10.0633	11.715	8.85036	24.1996	5.77235	5.22594	
9.48506	0	18.0827	26.1467	5.80889	36.7178	19.0251	21.8656	39.089	22.4375	32.5748	18.226	27.8313	3.71271	12.7147	
6.1	18.0827	0	27.2487	7.9196	13.3478	24.2116	15.9829	19.9951	14.8611	5.61502	2.75036	12.3557	10.0158	8.16277	
19.2035	26.1467	27.2487	0	28.2939	19.7606	12.644	9.32064	17.8206	24.9867	41.5706	24.4984	17.3742	29.8594	29.9108	
5.80992	5.80889	7.9196	28.2939	0	21.2674	17.4086	15.6928	36.7639	11.0245	13.5346	10.67	30.1205	2.09619	11.0359	
19.4478	36.7178	13.3478	19.7606	21.2674	0	10.8638	10.44	6.64729	18.9682	18.9628	16.0982	8.17415	24.2446	15.2426	
13.2063	19.0251	24.2116	12.644	17.4086	10.8638	0	3.3234	11.8234	8.10432	28.4356	20.2151	19.038	15.3124	12.9417	
9.88287	21.8656	15.9829	9.32064	15.6928	10.44	3.3234	0	8.5	11.4277	32.25	24.4771	15.9453	15.6552	15.1088	
18.3829	39.089	19.9951	17.8206	36.7639	6.64729	11.8234	8.5	0	23.645	31.8179	17.0506	7.44527	30.8531	21.8899	
10.0633	22.4375	14.8611	24.9867	11.0245	18.9682	8.10432	11.4277	23.645	0	15.7507	10.2498	21.7161	13.1207	4.83735	
11.715	32.5748	5.61502	41.5706	13.5346	18.9628	28.4356	32.25	31.8179	15.7507	0	8.36538	30.3042	19.9153	10.9134	
8.85036	18.226	2.75036	24.4984	10.67	16.0982	20.2151	24.4771	17.0506	10.2498	8.36538	0	9.60534	14.4144	5.4124	
24.1996	27.8313	12.3557	17.3742	30.1205	8.17415	19.038	15.9453	7.44527	21.7161	30.3042	9.60534	0	38.784	15.0177	
5.77235	3.71271	10.0158	29.8594	2.09619	24.2446	15.3124	15.6552	30.8531	13.1207	19.9153	14.4144	38.784	0	9.00198	
5.22594	12.7147	8.16277	29.9108	11.0359	15.2426	12.9417	15.1088	21.8899	4.83735	10.9134	5.4124	15.0177	9.00198	0	

0	17.4377	1.7	12.4277	10.0721	14.1813	20.7872	16.5256	15.1756	10.8032	10.7586	3.53454	11.7427	11.7096	7.33641	
17.4377	0	12.9938	13.0733	4.62166	11.9794	22.9947	27.6394	21.9503	20.5118	24.063	20.931	12.7228	6.63722	11.0753	
1.7	12.9938	0	14.1277	8.37214	19.3674	23.0155	39.8729	16.8756	16.3912	12.4586	5.23454	16.9289	10.3877	9.03641	
12.4277	13.0733	14.1277	0	17.695	25.0527	25.5143	28.1306	27.6033	36.436	23.1863	15.9623	22.6961	24.1373	19.7641	
10.0721	4.62166	8.37214	17.695	0	16.6011	23.0492	21.6669	20.3169	9.92045	21.4853	16.3505	17.3445	2.01556	6.45368	
14.1813	11.9794	19.3674	25.0527	16.6011	0	12.2066	11.3209	9.97093	19.9067	12.0837	10.6468	18.0312	27.3736	23.3735	
20.7872	22.9947	23.0155	25.5143	23.0492	12.2066	0	2.6163	3.9663	32.1133	10.0286	18.4801	10.2719	25.0647	25.0602	
16.5256	27.6394	39.8729	28.1306	21.6669	11.3209	2.6163	0	1.35	30.4153	6.0411	23.683	12.8882	33.9681	24.4325	
15.1756	21.9503	16.8756	27.6033	20.3169	9.97093	3.9663	1.35	0	26.5492	4.6911	18.7102	17.3202	22.3325	19.7227	
10.8032	20.5118	16.3912	36.436	9.92045	19.9067	32.1133	30.4153	26.5492	0	18.4984	11.2755	19.4837	17.1026	3.46677	
10.7586	24.063	12.4586	23.1863	21.4853	12.0837	10.0286	6.0411	4.6911	18.4984	0	14.2932	19.5605	22.4682	15.0316	
3.53454	20.931	5.23454	15.9623	16.3505	10.6468	18.4801	23.683	18.7102	11.2755	14.2932	0	8.2082	15.2442	10.871	
11.7427	12.7228	16.9289	22.6961	17.3445	18.0312	10.2719	12.8882	17.3202	19.4837	19.5605	8.2082	0	17.9979	23.8923	
11.7096	6.63722	10.3877	24.1373	2.01556	27.3736	25.0647	33.9681	22.3325	17.1026	22.4682	15.2442	17.9979	0	8.46925	
7.33641	11.0753	9.03641	19.7641	6.45368	23.3735	25.0602	24.4325	19.7227	3.46677	15.0316	10.871	23.8923	8.46925	0	

0	13.047	4.7	16.9829	14.228	22.0298	17.3268	11.6798	13.6798	22.1817	19.5862	3.07847	23.7912	15.3851	17.409	
13.047	0	8.34701	28.0143	14.0361	33.181	20.9738	29.2714	21.7384	26.367	18.6999	19.6168	27.4382	8.87428	21.056	
4.7	8.34701	0	21.1004	11.8794	19.9989	12.6268	16.3798	27.0495	16.9014	24.2862	7.77847	18.4631	17.2213	12.709	
16.9829	28.0143	21.1004	0	16.168	19.3869	22.267	17.5385	15.5385	10.3987	18.0795	13.9045	25.357	26.2111	14.5911	
14.228	14.0361	11.8794	16.168	0	19.1448	24.5062	26.2046	22.9933	16.1778	20.2259	11.1496	21.4981	10.4003	11.9854	
22.0298	33.181	19.9989	19.3869	19.1448	0	18.2711	5.84843	3.84843	11.4823	23.0086	25.7764	16.8026	16.7125	7.28994	
17.3268	20.9738	12.6268	22.267	24.5062	18.2711	0	9.54594	11.5459	30.6468	14.8996	23.8966	5.83631	24.7252	15.349	
11.6798	29.2714	16.3798	17.5385	26.2046	5.84843	9.54594	0	2	34.7711	24.4456	14.7582	15.3823	14.8641	17.6399	
13.6798	21.7384	27.0495	15.5385	22.9933	3.84843	11.5459	2	0	25.9372	22.6897	25.1707	20.2589	12.8641	11.1384	
22.1817	26.367	16.9014	10.3987	16.1778	11.4823	30.6468	34.7711	25.9372	0	17.4677	24.3032	13.7051	27.2933	4.19237	
19.5862	18.6999	24.2862	18.0795	20.2259	23.0086	14.8996	24.4456	22.6897	17.4677	0	22.1323	20.7359	9.8256	21.6601	
3.07847	19.6168	7.77847	13.9045	11.1496	25.7764	23.8966	14.7582	25.1707	24.3032	22.1323	0	24.9739	12.3066	21.0678	
23.7912	27.4382	18.4631	25.357	21.4981	16.8026	5.83631	15.3823	20.2589	13.7051	20.7359	24.9739	0	34.3491	9.51271	
15.3851	8.87428	17.2213	26.2111	10.4003	16.7125	24.7252	14.8641	12.8641	27.2933	9.8256	12.3066	34.3491	0	22.3857	
17.409	21.056	12.709	14.5911	11.9854	7.28994	15.349	17.6399	11.1384	4.19237	21.6601	21.0678	9.51271	22.3857	0	

0	15.1153	6.9	29.403	14.3539	14.9242	25.599	15.4483	12.3433	12.0579	7.44828	14.3841	18.3152	13.3251	5.52743	
15.1153	0	17.6538	38.8763	8.72979	36.5745	41.1678	33.5075	22.4848	15.5545	22.7663	11.6973	27.2404	11.2287	9.58785	
6.9	17.6538	0	22.7417	12.4451	8.26293	22.9108	23.3829	14.7353	17.6308	14.3483	8.31817	16.9179	6.42515	12.4274	
29.403	38.8763	22.7417	0	31.7027	14.4787	26.6741	29.5987	20.9511	23.8466	21.8237	26.4999	10.9567	42.0024	31.3688	
14.3539	8.72979	12.4451	31.7027	0	16.1926	19.7916	18.2877	13.9678	6.82469	21.8022	17.7012	20.7459	10.1584	13.3551	
14.9242	36.5745	8.26293	14.4787	16.1926	0	14.6479	15.12	6.47236	9.36786	8.11094	16.5811	8.65499	14.6881	15.8983	
25.599	41.1678	22.9108	26.6741	19.7916	14.6479	0	6.22254	10.8449	12.9669	14.2225	35.9394	22.8719	22.101	19.4973	
15.4483	33.5075	23.3829	29.5987	18.2877	15.12	6.22254	0	8.8	11.463	8	28.2118	18.8669	20.0561	17.9934	
12.3433	22.4848	14.7353	20.9511	13.9678	6.47236	10.8449	8.8	0	7.14309	4.89506	18.7989	12.027	11.2561	13.6735	
12.0579	15.5545	17.6308	23.8466	6.82469	9.36786	12.9669	11.463	7.14309	0	12.0381	15.3871	18.0228	16.9831	6.53043	
7.44828	22.7663	14.3483	21.8237	21.8022	8.11094	14.2225	8	4.89506	12.0381	0	20.2118	10.8669	16.1511	12.9757	
14.3841	11.6973	8.31817	26.4999	17.7012	16.5811	35.9394	28.2118	18.7989	15.3871	20.2118	0	15.5432	7.54278	8.85666	
18.3152	27.2404	16.9179	10.9567	20.7459	8.65499	22.8719	18.8669	12.027	18.0228	10.8669	15.5432	0	23.086	21.3216	
13.3251	11.2287	6.42515	42.0024	10.1584	14.6881	22.101	20.0561	11.2561	16.9831	16.1511	7.54278	23.086	0	16.3994	
5.52743	9.58785	12.4274	31.3688	13.3551	15.8983	19.4973	17.9934	13.6735	6.53043	12.9757	8.85666	21.3216	16.3994	0	

0	11.6322	4.1	13.691	4.35744	13.7171	16.6062	18.4181	23.185	15.8007	22.1523	3.64856	6.33432	8.71106	7.7384	
11.6322	0	17.1384	44.4649	6.25525	16.9242	23.4165	12.2442	17.6942	52.4505	19.4168	21.1556	37.1083	1.90163	26.6937	
4.1	17.1384	0	20.7023	8.45744	24.0675	30.4441	22.5181	27.285	18.7538	28.9538	2.88453	10.4343	13.8305	11.8384	
13.691	44.4649	20.7023	0	35.4101	23.6573	9.74183	20.9141	25.3943	27.1081	21.9537	21.1534	7.35666	35.939	35.2422	
4.35744	6.25525	8.45744	35.4101	0	9.3597	23.2752	14.0397	13.3831	22.0775	21.8688	8.006	10.6918	4.35362	12.0958	
13.7171	16.9242	24.0675	23.6573	9.3597	0	13.9155	4.68	4.02336	34.7842	29.6298	21.1039	24.1874	13.7133	23.5578	
16.6062	23.4165	30.4441	9.74183	23.2752	13.9155	0	11.1723	15.6525	26.3577	21.2033	24.0687	10.2719	30.6249	32.8211	
18.4181	12.2442	22.5181	20.9141	14.0397	4.68	11.1723	0	5.45	36.1381	32.3756	22.0666	21.4442	14.1458	26.1565	
23.185	17.6942	27.285	25.3943	13.3831	4.02336	15.6525	5.45	0	40.905	33.6531	26.8335	23.7676	32.9155	30.9234	
15.8007	52.4505	18.7538	27.1081	22.0775	34.7842	26.3577	36.1381	40.905	0	5.15442	15.8693	24.0544	22.6696	8.06226	
22.1523	19.4168	28.9538	21.9537	21.8688	29.6298	21.2033	32.3756	33.6531	5.15442	0	21.0237	29.3104	17.5152	13.2167	
3.64856	21.1556	2.88453	21.1534	8.006	21.1039	24.0687	22.0666	26.8335	15.8693	21.0237	0	9.98288	13.3791	11.387	
6.33432	37.1083	10.4343	7.35666	10.6918	24.1874	10.2719	21.4442	23.7676	24.0544	29.3104	9.98288	0	16.0648	14.0727	
8.71106	1.90163	13.8305	35.939	4.35362	13.7133	30.6249	14.1458	32.9155	22.6696	17.5152	13.3791	16.0648	0	17.4689	
7.7384	26.6937	11.8384	35.2422	12.0958	23.5578	32.8211	26.1565	30.9234	8.06226	13.2167	11.387	14.0727	17.4689	0	

0	29.9362	2.75	24.3872	10.7827	17.2077	20.3864	13.9954	12.2248	9.21442	15.3641	6.84105	9.51651	15.7733	6.19651	
29.9362	0	24.3977	29.415	9.35512	21.7807	26.5413	23.2639	22.8538	29.407	35.1592	13.3694	24.7388	4.43714	20.9512	
2.75	24.3977	0	21.9735	8.03273	14.794	18.5286	11.2454	13.6391	7.82	12.9505	4.42741	6.76651	12.9507	3.44651	
24.3872	29.415	21.9735	0	35.6827	27.9127	26.2102	26.1326	32.3861	26.316	26.0692	17.5461	25.5135	26.4784	22.6821	
10.7827	9.35512	8.03273	35.6827	0	8.93426	13.6948	19.2781	17.0952	15.8527	21.4	12.4601	10.2226	4.91798	11.4792	
17.2077	21.7807	14.794	27.9127	8.93426	0	4.76056	11.43	10.3791	19.1365	18.8897	10.3666	15.8675	13.8522	28.8485	
20.3864	26.5413	18.5286	26.2102	13.6948	4.76056	0	7.2832	8.16165	17.4243	27.0522	15.1272	15.0342	27.7054	29.0339	
13.9954	23.2639	11.2454	26.1326	19.2781	11.43	7.2832	0	6.15	11.463	17.1096	8.5865	13.0226	17.5187	14.6919	
12.2248	22.8538	13.6391	32.3861	17.0952	10.3791	8.16165	6.15	0	17.613	18.05	14.7365	6.87255	27.2909	25.8926	
9.21442	29.407	7.82	26.316	15.8527	19.1365	17.4243	11.463	17.613	0	16.7519	8.76986	14.5865	17.7021	11.2665	
15.3641	35.1592	12.9505	26.0692	21.4	18.8897	27.0522	17.1096	18.05	16.7519	0	8.52306	11.1774	17.4553	14.208	
6.84105	13.3694	4.42741	17.5461	12.4601	10.3666	15.1272	8.5865	14.7365	8.76986	8.52306	0	11.1939	8.93224	7.87392	
9.51651	24.7388	6.76651	25.5135	10.2226	15.8675	15.0342	13.0226	6.87255	14.5865	11.1774	11.1939	0	15.1406	10.213	
15.7733	4.43714	12.9507	26.4784	4.91798	13.8522	27.7054	17.5187	27.2909	17.7021	17.4553	8.93224	15.1406	0	20.9164	
6.19651	20.9512	3.44651	22.6821	11.4792	28.8485	29.0339	14.6919	25.8926	11.2665	14.208	7.87392	10.213	20.9164	0	

0	8.92328	1.3	31.2361	7.43328	21.0151	20.5256	24.8333	17.2833	19.83	16.5386	7.73988	14.9499	5.11265	9.94938	
8.92328	0	10.2233	43.6586	16.3566	33.3117	31.2677	27.4896	26.2066	31.0733	25.7649	25.0187	19.0842	14.0359	18.8727	
1.3	10.2233	0	42.6967	8.73328	15.4056	29.863	27.1906	18.5833	12.7041	24.3602	6.43988	18.8633	6.41265	11.2494	
31.2361	43.6586	42.6967	0	23.8028	10.1659	18.9546	18.2659	13.8977	47.3446	16.456	19.1316	24.5744	37.8312	28.0438	
7.43328	16.3566	8.73328	23.8028	0	15.8252	15.3357	15.922	12.0934	18.4306	10.8302	21.4071	7.51665	12.5459	4.24099	
21.0151	33.3117	15.4056	10.1659	15.8252	0	6.97411	8.1	3.73181	15.2299	6.29012	8.96571	15.1462	29.501	12.8793	
20.5256	31.2677	29.863	18.9546	15.3357	6.97411	0	10.0409	3.2423	26.2816	7.52547	17.7544	18.4463	29.3016	12.092	
24.8333	27.4896	27.1906	18.2659	15.922	8.1	10.0409	0	7.55	20.6334	11.8332	17.0657	8.40536	40.1519	22.1329	
17.2833	26.2066	18.5833	13.8977	12.0934	3.73181	3.2423	7.55	0	23.3259	4.28318	12.6975	15.9554	22.396	10.8724	
19.83	31.0733	12.7041	47.3446	18.4306	15.2299	26.2816	20.6334	23.3259	0	19.0427	6.26418	29.0387	27.2627	14.1896	
16.5386	25.7649	24.3602	16.456	10.8302	6.29012	7.52547	11.8332	4.28318	19.0427	0	15.2558	15.8347	23.7989	6.5892	
7.73988	25.0187	6.43988	19.1316	21.4071	8.96571	17.7544	17.0657	12.6975	6.26418	15.2558	0	24.1119	25.5218	20.4538	
14.9499	19.0842	18.8633	24.5744	7.51665	15.1462	18.4463	8.40536	15.9554	29.0387	15.8347	24.1119	0	21.545	11.7576	
5.11265	14.0359	6.41265	37.8312	12.5459	29.501	29.3016	40.1519	22.396	27.2627	23.7989	25.5218	21.545	0	15.062	
9.94938	18.8727	11.2494	28.0438	4.24099	12.8793	12.092	22.1329	10.8724	14.1896	6.5892	20.4538	11.7576	15.062	0	

0	7.64853	3.6	19.7881	7.60416	16.63	21.4087	17.5196	21.6325	13.1164	18.8685	13.4611	23.4034	9.40068	7.58502	
7.64853	0	9.42404	12.1395	15.2527	22.454	32.3102	19.3555	28.3049	19.0658	11.22	19.2851	26.5398	12.2248	13.4091	
3.6	9.42404	0	18.1375	11.2042	13.03	22.8861	21.1196	18.6277	6.64557	16.1339	9.86106	27.3253	13.0007	3.98502	
19.7881	12.1395	18.1375	0	21.0613	19.636	11.1051	7.21598	12.166	16.0023	19.716	8.27647	13.0997	24.3643	18.1172	
7.60416	15.2527	11.2042	21.0613	0	13.1236	30.4634	18.9783	14.0283	5.51225	25.6912	12.7848	15.6124	10.4809	8.1728	
16.63	22.454	13.03	19.636	13.1236	0	16.3091	10.5477	5.59771	7.61139	12.5802	15.3372	17.7115	14.4524	10.2719	
21.4087	32.3102	22.8861	11.1051	30.4634	16.3091	0	3.88909	8.83909	23.8739	16.3891	18.9155	9.77284	32.5152	26.8711	
17.5196	19.3555	21.1196	7.21598	18.9783	10.5477	3.88909	0	4.95	15.9839	12.5	15.0264	5.88375	21.0301	24.6488	
21.6325	28.3049	18.6277	12.166	14.0283	5.59771	8.83909	4.95	0	13.2091	17.45	19.9764	10.8337	16.0801	25.7794	
13.1164	19.0658	6.64557	16.0023	5.51225	7.61139	23.8739	15.9839	13.2091	0	14.8094	7.72583	10.1002	6.84105	2.66055	
18.8685	11.22	16.1339	19.716	25.6912	12.5802	16.3891	12.5	17.45	14.8094	0	12.9063	18.3837	23.4448	12.1488	
13.4611	19.2851	9.86106	8.27647	12.7848	15.3372	18.9155	15.0264	19.9764	7.72583	12.9063	0	17.4642	14.5669	9.84073	
23.4034	26.5398	27.3253	13.0997	15.6124	17.7115	9.77284	5.88375	10.8337	10.1002	18.3837	17.4642	0	16.9412	12.7607	
9.40068	12.2248	13.0007	24.3643	10.4809	14.4524	32.5152	21.0301	16.0801	6.84105	23.4448	14.5669	16.9412	0	9.5016	
7.58502	13.4091	3.98502	18.1172	8.1728	10.2719	26.8711	24.6488	25.7794	2.66055	12.1488	9.84073	12.7607	9.5016	0	

0	11.9998	2.45	17.9767	4.52832	22.4629	24.8685	20.6642	20.8779	8.4882	9.5298	2.85044	24.0616	16.1496	2.41197	
11.9998	0	16.1226	42.4045	15.0121	31.4519	28.4053	20.2029	21.3529	21.7619	34.0056	15.6535	16.2475	2.3544	9.58785	
2.45	16.1226	0	15.5267	6.97832	25.3823	13.097	23.1142	14.8303	12.3774	7.0798	5.30044	26.3269	13.7682	4.86197	
17.9767	42.4045	15.5267	0	25.0302	13.2465	20.8858	18.0109	15.229	21.6553	16.3577	22.6374	10.8002	24.6933	30.2821	
4.52832	15.0121	6.97832	25.0302	0	27.3429	37.9454	25.1925	25.6056	11.5495	16.5833	7.37876	26.5509	12.6577	6.94029	
22.4629	31.4519	25.3823	13.2465	27.3429	0	6.00745	3.13252	1.98252	25.2503	9.73303	19.6125	9.42779	24.231	20.4485	
24.8685	28.4053	13.097	20.8858	37.9454	6.00745	0	5.17492	4.02492	11.3147	6.01715	17.2189	11.4702	30.9352	22.4565	
20.6642	20.2029	23.1142	18.0109	25.1925	3.13252	5.17492	0	1.15	22.5439	8.90051	23.5146	8.59527	22.5573	19.616	
20.8779	21.3529	14.8303	15.229	25.6056	1.98252	4.02492	1.15	0	13.0481	7.75051	18.9522	7.44527	21.3384	18.466	
8.4882	21.7619	12.3774	21.6553	11.5495	25.2503	11.3147	22.5439	13.0481	0	5.29759	5.63777	27.8174	18.9369	12.174	
9.5298	34.0056	7.0798	16.3577	16.5833	9.73303	6.01715	8.90051	7.75051	5.29759	0	10.9354	15.1958	20.848	17.4716	
2.85044	15.6535	5.30044	22.6374	7.37876	19.6125	17.2189	23.5146	18.9522	5.63777	10.9354	0	22.1796	13.2991	5.26241	
24.0616	16.2475	26.3269	10.8002	26.5509	9.42779	11.4702	8.59527	7.44527	27.8174	15.1958	22.1796	0	13.8931	21.6496	
16.1496	2.3544	13.7682	24.6933	12.6577	24.231	30.9352	22.5573	21.3384	18.9369	20.848	13.2991	13.8931	0	11.9423	
2.41197	9.58785	4.86197	30.2821	6.94029	20.4485	22.4565	19.616	18.466	12.174	17.4716	5.26241	21.6496	11.9423	0	

0	19.7603	7.85	15.5346	5.89536	18.9283	22.0788	18.0314	27.3249	16.35	22.742	3.8766	11.9087	13.8013	10.5524	
19.7603	0	17.771	26.6136	13.865	18.1586	30.0484	26.001	28.5437	14.1455	32.663	15.1768	14.4899	5.25212	13.8491	
7.85	17.771	0	23.3846	9.05097	23.2131	25.2344	21.187	29.3054	8.5	14.892	4.42741	15.0643	14.3521	12.2782	
15.5346	26.6136	23.3846	0	21.43	25.2575	13.6849	15.334	16.8609	39.951	34.584	19.4112	25.5135	31.0577	26.087	
5.89536	13.865	9.05097	21.43	0	24.556	16.1835	12.136	15.336	17.551	20.6532	9.77196	6.01332	13.5446	16.4477	
18.9283	18.1586	23.2131	25.2575	24.556	0	18.1476	11.5966	8.39657	21.7998	19.698	22.8049	29.9603	12.9065	10.9349	
22.0788	30.0484	25.2344	13.6849	16.1835	18.1476	0	5.72756	8.92756	27.9599	24.9776	30.1006	22.1968	29.7281	24.184	
18.0314	26.001	21.187	15.334	12.136	11.5966	5.72756	0	3.2	29.0512	19.25	30.5328	18.1493	25.3265	21.8956	
27.3249	28.5437	29.3054	16.8609	15.336	8.39657	8.92756	3.2	0	25.8512	17.9485	39.1882	22.5323	21.303	18.8507	
16.35	14.1455	8.5	39.951	17.551	21.7998	27.9599	29.0512	25.8512	0	13.6019	12.9274	29.3748	8.89337	10.9647	
22.742	32.663	14.892	34.584	20.6532	19.698	24.9776	19.25	17.9485	13.6019	0	19.3194	26.6665	22.4953	24.5666	
3.8766	15.1768	4.42741	19.4112	9.77196	22.8049	30.1006	30.5328	39.1882	12.9274	19.3194	0	16.7657	9.92472	14.429	
11.9087	14.4899	15.0643	25.5135	6.01332	29.9603	22.1968	18.1493	22.5323	29.3748	26.6665	16.7657	0	19.5579	19.0254	
13.8013	5.25212	14.3521	31.0577	13.5446	12.9065	29.7281	25.3265	21.303	8.89337	22.4953	9.92472	19.5579	0	19.1012	
10.5524	13.8491	12.2782	26.087	16.4477	10.9349	24.184	21.8956	18.8507	10.9647	24.5666	14.429	19.0254	19.1012	0	

0	23.6592	1.05	16.5767	2.05056	18.274	21.2675	29.8573	10.8199	7.44242	21.1645	7.69967	11.229	9.62908	3.20407	
23.6592	0	19.6504	27.0805	15.1701	22.3079	16.815	26.728	32.4675	23.7457	23.645	9.52103	18.2122	9.05539	26.4143	
1.05	19.6504	0	15.5267	3.10056	17.7583	25.4224	13.0699	9.76991	8.49242	21.9217	10.1294	12.279	22.2863	2.15407	
16.5767	27.0805	15.5267	0	24.6867	17.2513	22.0909	29.4653	25.2397	18.8167	21.9879	25.6561	12.0524	21.2092	17.6808	
2.05056	15.1701	3.10056	24.6867	0	39.1803	35.3094	25.2511	24.4777	9.49298	19.773	5.64911	13.2796	7.57852	11.8994	
18.274	22.3079	17.7583	17.2513	39.1803	0	5.49295	11.2884	7.9884	10.8316	21.1878	35.3117	15.5314	31.2626	25.1824	
21.2675	16.815	25.4224	22.0909	35.3094	5.49295	0	10.6066	13.4814	16.3245	19.8566	26.336	10.0385	19.1953	38.8671	
29.8573	26.728	13.0699	29.4653	25.2511	11.2884	10.6066	0	3.3	24.4216	9.25	23.3739	17.0451	17.6726	29.0176	
10.8199	32.4675	9.76991	25.2397	24.4777	7.9884	13.4814	3.3	0	18.82	12.55	19.8993	13.7451	20.9726	11.924	
7.44242	23.7457	8.49242	18.8167	9.49298	10.8316	16.3245	24.4216	18.82	0	19.1859	21.5806	18.6714	32.5109	14.3508	
21.1645	23.645	21.9217	21.9879	19.773	21.1878	19.8566	9.25	12.55	19.1859	0	14.1239	9.93547	19.0923	19.7676	
7.69967	9.52103	10.1294	25.6561	5.64911	35.3117	26.336	23.3739	19.8993	21.5806	14.1239	0	20.9571	13.2276	12.2835	
11.229	18.2122	12.279	12.0524	13.2796	15.5314	10.0385	17.0451	13.7451	18.6714	9.93547	20.9571	0	9.15684	21.0779	
9.62908	9.05539	22.2863	21.2092	7.57852	31.2626	19.1953	17.6726	20.9726	32.5109	19.0923	13.2276	9.15684	0	24.3583	
3.20407	26.4143	2.15407	17.6808	11.8994	25.1824	38.8671	29.0176	11.924	14.3508	19.7676	12.2835	21.0779	24.3583	0	

0	25.2401	8.45	14.6515	8.45856	25.1164	25.9229	17.9689	26.4868	4.25281	17.4252	18.5123	11.2184	16.8945	8.68705	
25.2401	0	19.8543	38.4165	19.5137	43.5615	45.9232	43.209	50.5003	29.493	39.9097	25.2987	22.7769	11.4098	33.1713	
8.45	19.8543	0	9.15677	5.88313	24.9756	16.9303	26.4189	18.0368	12.7028	24.6733	10.0623	17.3084	8.44448	8.29315	
14.6515	38.4165	9.15677	0	15.0399	16.857	13.3841	18.8682	9.91817	10.3987	18.51	19.2191	17.3643	17.6013	14.833	
8.45856	19.5137	5.88313	15.0399	0	33.3621	35.7272	24.2721	23.9199	12.7114	29.6257	15.0147	11.4253	13.8671	14.1763	
25.1164	43.5615	24.9756	16.857	33.3621	0	10.4047	9.09	6.93883	29.3692	16.3874	30.9984	28.7025	45.0254	26.0925	
25.9229	45.9232	16.9303	13.3841	35.7272	10.4047	0	11.4551	3.46591	13.0714	16.6188	16.5097	31.0676	30.6125	8.63713	
17.9689	43.209	26.4189	18.8682	24.2721	9.09	11.4551	0	8.95	22.2217	24.2471	35.7771	19.6125	30.9796	20.0923	
26.4868	50.5003	18.0368	9.91817	23.9199	6.93883	3.46591	8.95	0	20.3169	15.2971	28.0991	28.5625	26.4812	12.103	
4.25281	29.493	12.7028	10.3987	12.7114	29.3692	13.0714	22.2217	20.3169	0	13.1724	12.3068	6.96563	18.3327	4.43424	
17.4252	39.9097	24.6733	18.51	29.6257	16.3874	16.6188	24.2471	15.2971	13.1724	0	14.611	20.138	35.2743	17.6066	
18.5123	25.2987	10.0623	19.2191	15.0147	30.9984	16.5097	35.7771	28.0991	12.3068	14.611	0	16.4164	18.5068	7.87259	
11.2184	22.7769	17.3084	17.3643	11.4253	28.7025	31.0676	19.6125	28.5625	6.96563	20.138	16.4164	0	11.3671	11.3999	
16.8945	11.4098	8.44448	17.6013	13.8671	45.0254	30.6125	30.9796	26.4812	18.3327	35.2743	18.5068	11.3671	0	16.7376	
8.68705	33.1713	8.29315	14.833	14.1763	26.0925	8.63713	20.0923	12.103	4.43424	17.6066	7.87259	11.3999	16.7376	0	

0	5.35397	1.7	15.9075	7.17696	25.5366	17.0889	13.4766	20.3266	8.32842	11.6215	5.13079	6.0464	11.0624	7.51598	
5.35397	0	7.05397	25.3271	10.0992	21.2362	23.6071	18.8306	23.452	13.6824	19.6992	10.4848	11.4004	10.8665	20.1332	
1.7	7.05397	0	21.6731	6.56195	18.4077	15.3889	15.1766	19.6375	10.0284	19.818	6.83079	7.7464	9.36236	5.81598	
15.9075	25.3271	21.6731	0	25.9301	14.1176	16.1503	16.236	11.9018	28.3015	29.0345	23.8325	9.86106	32.8059	21.3419	
7.17696	10.0992	6.56195	25.9301	0	16.2441	18.2769	20.6536	14.0283	15.5054	31.161	12.3078	13.2234	13.0609	12.3779	
25.5366	21.2362	18.4077	14.1176	16.2441	0	6.46429	9.06576	2.21576	20.2509	19.3485	27.8019	23.08	21.8585	12.5917	
17.0889	23.6071	15.3889	16.1503	18.2769	6.46429	0	11.0985	4.24853	8.91475	12.2079	12.998	12.6064	24.7513	16.5739	
13.4766	18.8306	15.1766	16.236	20.6536	9.06576	11.0985	0	6.85	19.0431	15.75	15.7419	13.1684	17.1203	24.6492	
20.3266	23.452	19.6375	11.9018	14.0283	2.21576	4.24853	6.85	0	13.1633	17.1327	17.2465	16.855	20.9041	14.8075	
8.32842	13.6824	10.0284	28.3015	15.5054	20.2509	8.91475	19.0431	13.1633	0	3.2931	13.4592	14.3748	16.9259	7.65914	
11.6215	19.6992	19.818	29.0345	31.161	19.3485	12.2079	15.75	17.1327	3.2931	0	26.2618	23.9072	23.2688	10.9522	
5.13079	10.4848	6.83079	23.8325	12.3078	27.8019	12.998	15.7419	17.2465	13.4592	26.2618	0	11.1772	17.3451	13.7987	
6.0464	11.4004	7.7464	9.86106	13.2234	23.08	12.6064	13.1684	16.855	14.3748	23.9072	11.1772	0	20.7476	11.4809	
11.0624	10.8665	9.36236	32.8059	13.0609	21.8585	24.7513	17.1203	20.9041	16.9259	23.2688	17.3451	20.7476	0	9.26674	
7.51598	20.1332	5.81598	21.3419	12.3779	12.5917	16.5739	24.6492	14.8075	7.65914	10.9522	13.7987	11.4809	9.26674	0	

0	6.11882	1.5	28.85	4.78098	14.2122	31.1541	18.7469	17.853	18.186	16.8276	9.81817	25.481	6.59697	10.8702	
6.11882	0	6.19294	33.0336	9.47391	18.9051	24.3804	14.693	18.193	28.0665	22.9464	14.5111	36.9693	11.0476	15.5631	
1.5	6.19294	0	30.35	3.28098	12.7122	33.4633	20.886	22.7414	14.7912	18.3276	8.31817	13.7321	8.09697	9.37019	
28.85	33.0336	30.35	0	39.7864	24.9527	11.1335	18.3406	21.8406	23.5184	17.2186	30.1448	24.7309	30.4905	35.2296	
4.78098	9.47391	3.28098	39.7864	0	15.9932	30.8957	23.1146	22.2207	20.1498	23.788	11.5991	19.0907	10.9647	12.6512	
14.2122	18.9051	12.7122	24.9527	15.9932	0	20.6674	10.98	10.0292	17.5558	11.256	21.0304	19.9546	21.2853	13.2544	
31.1541	24.3804	33.4633	11.1335	30.8957	20.6674	0	9.68736	13.1874	14.1826	14.3265	20.6555	16.5751	21.8373	19.9068	
18.7469	14.693	20.886	18.3406	23.1146	10.98	9.68736	0	3.5	13.3735	19.6733	19.8465	24.0954	12.1499	19.0977	
17.853	18.193	22.7414	21.8406	22.2207	10.0292	13.1874	3.5	0	16.8735	21.2852	26.3973	22.9085	11.2561	23.2837	
18.186	28.0665	14.7912	23.5184	20.1498	17.5558	14.1826	13.3735	16.8735	0	6.29984	6.47299	11.8869	20.2862	5.7242	
16.8276	22.9464	18.3276	17.2186	23.788	11.256	14.3265	19.6733	21.2852	6.29984	0	12.7728	19.25	23.4246	12.024	
9.81817	14.5111	8.31817	30.1448	11.5991	21.0304	20.6555	19.8465	26.3973	6.47299	12.7728	0	5.41392	19.254	12.1972	
25.481	36.9693	13.7321	24.7309	19.0907	19.9546	16.5751	24.0954	22.9085	11.8869	19.25	5.41392	0	24.6679	27.2275	
6.59697	11.0476	8.09697	30.4905	10.9647	21.2853	21.8373	12.1499	11.2561	20.2862	23.4246	19.254	24.6679	0	14.562	
10.8702	15.5631	9.37019	35.2296	12.6512	13.2544	19.9068	19.0977	23.2837	5.7242	12.024	12.1972	27.2275	14.562	0	

0	23.0399	2.85	11.6087	9.91104	9.84171	13.7218	27.7505	20.8283	6.20202	17.7995	9.69149	30.6486	13.4877	4.22095	
23.0399	0	24.3867	24.7001	13.865	23.3454	13.336	19.6293	15.6839	16.8379	28.4353	35.1234	49.2877	5.79545	15.0622	
2.85	24.3867	0	8.75865	10.5217	6.99171	17.0011	17.4317	14.9801	9.05202	20.9474	9.25732	30.2144	21.4783	7.07095	
11.6087	24.7001	8.75865	0	19.2804	15.7504	34.346	29.4653	30.0671	18.1087	21.0928	15.8908	28.1745	18.9047	23.4063	
9.91104	13.865	10.5217	19.2804	0	11.9123	21.9217	22.3523	19.9008	9.97455	21.572	19.6025	40.696	13.464	14.132	
9.84171	23.3454	6.99171	15.7504	11.9123	0	10.0094	10.44	7.9884	16.3417	16.9627	16.249	22.7679	25.3763	19.5102	
13.7218	13.336	17.0011	34.346	21.9217	10.0094	0	6.29325	2.34787	16.9742	11.3221	24.0979	18.6211	18.7676	9.50084	
27.7505	19.6293	17.4317	29.4653	22.3523	10.44	6.29325	0	7.1	21.7263	16.0743	31.1261	12.3279	46.3789	15.7941	
20.8283	15.6839	14.9801	30.0671	19.9008	7.9884	2.34787	7.1	0	14.6263	8.97427	29.0018	17.9783	38.4511	11.8487	
6.20202	16.8379	9.05202	18.1087	9.97455	16.3417	16.9742	21.7263	14.6263	0	11.5974	15.8935	20.6015	18.2158	8.94911	
17.7995	28.4353	20.9474	21.0928	21.572	16.9627	11.3221	16.0743	8.97427	11.5974	0	25.5692	9.00402	25.9457	16.6789	
9.69149	35.1234	9.25732	15.8908	19.6025	16.249	24.0979	31.1261	29.0018	15.8935	25.5692	0	20.9571	23.8638	13.9124	
30.6486	49.2877	30.2144	28.1745	40.696	22.7679	18.6211	12.3279	17.9783	20.6015	9.00402	20.9571	0	38.4808	25.6829	
13.4877	5.79545	21.4783	18.9047	13.464	25.3763	18.7676	46.3789	38.4511	18.2158	25.9457	23.8638	38.4808	0	9.26674	
4.22095	15.0622	7.07095	23.4063	14.132	19.5102	9.50084	15.7941	11.8487	8.94911	16.6789	13.9124	25.6829	9.26674	0	

0	9.57835	2.95	15.2054	4.272	8.73613	22.6516	13.3922	13.4592	12.13	18.4191	10.9998	14.194	11.1249	4.62294	
9.57835	0	21.5407	17.7424	5.30635	21.4731	23.0772	21.3467	19.8467	25.9044	36.3675	15.5639	15.2283	7.33486	35.7308	
2.95	21.5407	0	19.7628	7.222	11.6861	13.3413	10.4422	11.9422	9.18	25.1922	8.04984	19.3329	14.4947	7.57294	
15.2054	17.7424	19.7628	0	14.3047	6.46923	5.33481	8.23395	10.8206	28.7179	19.8771	17.5494	4.38269	15.4341	19.0053	
4.272	5.30635	7.222	14.3047	0	13.0081	30.0822	18.4863	20.8898	14.8513	29.5746	10.2576	9.92198	6.85292	8.89494	
8.73613	21.4731	11.6861	6.46923	13.0081	0	9.10914	6.21	4.72307	13.907	13.4079	14.4387	10.8519	20.2808	13.3591	
22.6516	23.0772	13.3413	5.33481	30.0822	9.10914	0	2.89914	4.39914	20.8115	17.6491	11.1279	9.7175	23.7607	12.5837	
13.3922	21.3467	10.4422	8.23395	18.4863	6.21	2.89914	0	1.5	10.684	14.75	8.22873	13.7033	26.6598	9.68461	
13.4592	19.8467	11.9422	10.8206	20.8898	4.72307	4.39914	1.5	0	9.18397	16.25	9.72873	28.3971	27.1816	11.1846	
12.13	25.9044	9.18	28.7179	14.8513	13.907	20.8115	10.684	9.18397	0	21.3336	4.59373	28.5129	28.0883	12.9802	
18.4191	36.3675	25.1922	19.8771	29.5746	13.4079	17.6491	14.75	16.25	21.3336	0	22.9787	41.6471	42.0889	13.7961	
10.9998	15.5639	8.04984	17.5494	10.2576	14.4387	11.1279	8.22873	9.72873	4.59373	22.9787	0	20.1796	17.1105	9.3487	
14.194	15.2283	19.3329	4.38269	9.92198	10.8519	9.7175	13.7033	28.3971	28.5129	41.6471	20.1796	0	11.0514	35.1958	
11.1249	7.33486	14.4947	15.4341	6.85292	20.2808	23.7607	26.6598	27.1816	28.0883	42.0889	17.1105	11.0514	0	16.1676	
4.62294	35.7308	7.57294	19.0053	8.89494	13.3591	12.5837	9.68461	11.1846	12.9802	13.7961	9.3487	35.1958	16.1676	0	

0	21.2401	3.2	31.8965	8.45856	9.10014	10.9457	11.5301	13.7066	11.2483	6.62069	4.10463	9.86783	15.173	6.73342	
21.2401	0	26.9258	21.4776	19.9342	17.9691	20.8515	20.3991	22.5756	19.0651	14.79	22.3064	27.5661	6.06711	19.9378	
3.2	26.9258	0	31.0534	11.6586	11.1232	11.9393	13.5532	15.4064	8.33	9.82069	5.09823	10.8614	18.373	6.03138	
31.8965	21.4776	31.0534	0	26.311	19.6905	26.4583	25.2263	27.4028	38.6238	36.2676	13.4329	7.66971	27.5447	37.0848	
8.45856	19.9342	11.6586	26.311	0	15.3159	18.9778	17.7459	19.9223	17.9754	15.0793	12.5632	18.6413	13.8671	13.4605	
9.10014	17.9691	11.1232	19.6905	15.3159	0	3.66197	2.43	4.60645	19.4261	14.8045	10.503	12.0208	18.4464	14.9112	
10.9457	20.8515	11.9393	26.4583	18.9778	3.66197	0	4.59619	8.26842	27.7824	17.3462	6.84105	12.6043	14.7844	18.5732	
11.5301	20.3991	13.5532	25.2263	17.7459	2.43	4.59619	0	6.5	22.1998	12.75	11.4372	14.4508	19.3806	17.3412	
13.7066	22.5756	15.4064	27.4028	19.9223	4.60645	8.26842	6.5	0	19.6478	10.198	15.9038	16.6273	17.1521	15.3459	
11.2483	19.0651	8.33	38.6238	17.9754	19.4261	27.7824	22.1998	19.6478	0	9.44976	13.4282	27.0614	12.998	4.51486	
6.62069	14.79	9.82069	36.2676	15.0793	14.8045	17.3462	12.75	10.198	9.44976	0	10.7253	32.0499	20.8571	5.14782	
4.10463	22.3064	5.09823	13.4329	12.5632	10.503	6.84105	11.4372	15.9038	13.4282	10.7253	0	5.7632	16.872	10.838	
9.86783	27.5661	10.8614	7.66971	18.6413	12.0208	12.6043	14.4508	16.6273	27.0614	32.0499	5.7632	0	22.6352	25.2807	
15.173	6.06711	18.373	27.5447	13.8671	18.4464	14.7844	19.3806	17.1521	12.998	20.8571	16.872	22.6352	0	17.5129	
6.73342	19.9378	6.03138	37.0848	13.4605	14.9112	18.5732	17.3412	15.3459	4.51486	5.14782	10.838	25.2807	17.5129	0	

0	8.66833	5.05	13.4105	8.89666	25.6164	43.4864	13.4841	19.3291	14.06	21.8896	11.9718	17.9097	11.4751	9.78895	
8.66833	0	11.2245	19.61	15.1555	17.4172	30.1441	19.7429	25.5879	8.63481	16.761	10.9527	24.3854	4.79935	10.2473	
5.05	11.2245	0	8.36053	3.84666	15.4459	11.8282	8.43406	14.2791	6.3514	12.3577	7.1107	13.0485	6.42515	4.73895	
13.4105	19.61	8.36053	0	12.2072	7.08534	18.7281	15.334	13.0329	15.8677	21.983	15.4712	19.8274	14.7857	13.0995	
8.89666	15.1555	3.84666	12.2072	0	21.9068	36.39	12.2807	15.1138	12.8567	22.4006	3.27054	9.20838	9.42386	8.58561	
25.6164	17.4172	15.4459	7.08534	21.9068	0	13.1831	9.9	5.94757	8.78237	14.8977	17.7908	12.7421	26.8593	10.3948	
43.4864	30.1441	11.8282	18.7281	36.39	13.1831	0	3.39411	10.2441	17.9139	15.4727	26.9367	21.0454	25.3447	21.5001	
13.4841	19.7429	8.43406	15.334	12.2807	9.9	3.39411	0	6.85	14.5198	13.75	15.5448	17.6512	14.8592	13.173	
19.3291	25.5879	14.2791	13.0329	15.1138	5.94757	10.2441	6.85	0	14.7299	8.97427	11.8432	17.7811	17.9966	16.593	
14.06	8.63481	6.3514	15.8677	12.8567	8.78237	17.9139	14.5198	14.7299	0	9.23122	16.1207	21.5244	13.4342	1.61245	
21.8896	16.761	12.3577	21.983	22.4006	14.8977	15.4727	13.75	8.97427	9.23122	0	17.1153	11.1774	11.9616	7.61877	
11.9718	10.9527	7.1107	15.4712	3.27054	17.7908	26.9367	15.5448	11.8432	16.1207	17.1153	0	5.93784	6.15332	11.8496	
17.9097	24.3854	13.0485	19.8274	9.20838	12.7421	21.0454	17.6512	17.7811	21.5244	11.1774	5.93784	0	12.0912	18.7962	
11.4751	4.79935	6.42515	14.7857	9.42386	26.8593	25.3447	14.8592	17.9966	13.4342	11.9616	6.15332	12.0912	0	11.1641	
9.78895	10.2473	4.73895	13.0995	8.58561	10.3948	21.5001	13.173	16.593	1.61245	7.61877	11.8496	18.7962	11.1641	0	

0	16.2642	7	24.0679	10.5946	10.7549	23.7349	16.3242	15.5408	4.60721	22.3022	8.66533	18.5385	11.5894	13.3951	
16.2642	0	11.3809	32.5181	20.7392	12.5239	18.3317	17.5639	12.6297	11.657	15.81	10.3371	22.2128	6.79154	20.4449	
7	11.3809	0	20.2615	6.78823	18.2842	26.3691	29.2671	20.6671	11.6072	14.8422	10.4648	22.3405	4.58939	9.26248	
24.0679	32.5181	20.2615	0	13.4733	20.6399	25.9782	25.6799	24.8965	26.7876	31.6339	22.1809	16.9047	27.421	32.65	
10.5946	20.7392	6.78823	13.4733	0	21.8787	23.0492	31.6052	27.1349	15.2018	18.1606	14.4201	26.2958	11.3776	16.0507	
10.7549	12.5239	18.2842	20.6399	21.8787	0	9.95857	5.04	4.25659	6.14766	13.2309	15.9702	20.0789	19.3155	14.9355	
23.7349	18.3317	26.3691	25.9782	23.0492	9.95857	0	8.55599	5.70197	18.5983	14.6762	22.9175	12.1395	29.6663	19.5514	
16.3242	17.5639	29.2671	25.6799	31.6052	5.04	8.55599	0	8.6	11.1877	17.5743	21.0102	17.6512	40.3793	22.4495	
15.5408	12.6297	20.6671	24.8965	27.1349	4.25659	5.70197	8.6	0	10.4043	8.97427	20.2268	17.8415	19.2271	13.8495	
4.60721	11.657	11.6072	26.7876	15.2018	6.14766	18.5983	11.1877	10.4043	0	22.7653	13.2725	13.9313	15.0503	8.78786	
22.3022	15.81	14.8422	31.6339	18.1606	13.2309	14.6762	17.5743	8.97427	22.7653	0	13.6369	25.5126	10.2528	22.8238	
8.66533	10.3371	10.4648	22.1809	14.4201	15.9702	22.9175	21.0102	20.2268	13.2725	13.6369	0	11.8757	6.74881	18.0413	
18.5385	22.2128	22.3405	16.9047	26.2958	20.0789	12.1395	17.6512	17.8415	13.9313	25.5126	11.8757	0	18.6245	22.7191	
11.5894	6.79154	4.58939	27.421	11.3776	19.3155	29.6663	40.3793	19.2271	15.0503	10.2528	6.74881	18.6245	0	13.8519	
13.3951	20.4449	9.26248	32.65	16.0507	14.9355	19.5514	22.4495	13.8495	8.78786	22.8238	18.0413	22.7191	13.8519	0	

0	12.4926	5.45	15.9893	11.4463	9.82815	25.1212	14.3281	11.1693	11.3544	19.7599	10.0335	20.7305	15.2092	4.82394	
12.4926	0	17.9426	33.8869	8.60206	21.8373	36.519	21.4724	33.9042	34.9971	28.05	13.6015	26.6997	2.71662	17.3165	
5.45	17.9426	0	16.7749	5.99627	13.9834	12.1392	10.4422	12.1922	11.054	16.1127	10.666	18.6242	11.8817	4.52354	
15.9893	33.8869	16.7749	0	10.7786	6.16117	9.74183	10.6612	7.50229	14.3601	16.0929	15.6844	23.0091	16.6641	13.9953	
11.4463	8.60206	5.99627	10.7786	0	16.9398	20.5205	12.7768	25.2085	25.1388	20.6532	4.9058	12.628	5.88545	10.5198	
9.82815	21.8373	13.9834	6.16117	16.9398	0	6.19706	3.09112	1.34112	20.5213	9.93177	12.371	16.518	19.1207	14.6521	
25.1212	36.519	12.1392	9.74183	20.5205	6.19706	0	1.69706	3.44706	24.102	23.9452	9.56802	14.0249	37.4305	18.5399	
14.3281	21.4724	10.4422	10.6612	12.7768	3.09112	1.69706	0	1.75	23.3732	14.4318	7.87096	12.3279	23.6207	14.9657	
11.1693	33.9042	12.1922	7.50229	25.2085	1.34112	3.44706	1.75	0	26.6298	11.2729	9.62096	14.0779	20.4618	17.2464	
11.3544	34.9971	11.054	14.3601	25.1388	20.5213	24.102	23.3732	26.6298	0	11.7406	24.5718	20.1237	31.6093	6.53043	
19.7599	28.05	16.1127	16.0929	20.6532	9.93177	23.9452	14.4318	11.2729	11.7406	0	21.4812	8.38305	26.5387	18.271	
10.0335	13.6015	10.666	15.6844	4.9058	12.371	9.56802	7.87096	9.62096	24.5718	21.4812	0	13.0982	10.7913	14.8575	
20.7305	26.6997	18.6242	23.0091	12.628	16.518	14.0249	12.3279	14.0779	20.1237	8.38305	13.0982	0	18.5134	25.5544	
15.2092	2.71662	11.8817	16.6641	5.88545	19.1207	37.4305	23.6207	20.4618	31.6093	26.5387	10.7913	18.5134	0	21.0453	
4.82394	17.3165	4.52354	13.9953	10.5198	14.6521	18.5399	14.9657	17.2464	6.53043	18.271	14.8575	25.5544	21.0453	0	

0	15.7036	6.55	25.6793	9.8256	8.73613	15.2178	14.8463	10.6603	4.43001	11.6768	12.1849	11.8665	12.5342	11.7667	
15.7036	0	21.1598	34.4006	8.81297	23.063	23.5319	14.693	16.893	19.0551	18.1214	35.1514	19.0842	3.16938	11.7185	
6.55	21.1598	0	26.276	3.9598	15.2861	13.0205	20.3768	19.1963	10.98	5.12675	5.63489	5.31654	9.60338	13.5481	
25.6793	34.4006	26.276	0	30.2358	16.9432	26.4421	23.4519	18.8674	30.0187	31.4027	29.4642	26.4527	44.2664	22.6821	
9.8256	8.81297	3.9598	30.2358	0	14.465	21.578	22.835	16.3892	14.2556	9.08655	9.59469	9.27634	5.64358	9.58833	
8.73613	23.063	15.2861	16.9432	14.465	0	4.49569	4.12421	1.92421	13.1661	16.0564	22.5323	17.225	20.1086	16.9278	
15.2178	23.5319	13.0205	26.4421	21.578	4.49569	0	4.77148	2.57148	24.0007	24.0888	23.771	7.70393	21.1206	17.5751	
14.8463	14.693	20.3768	23.4519	22.835	4.12421	4.77148	0	2.2	23.6293	15.25	31.3446	16.5428	17.8624	17.2036	
10.6603	16.893	19.1963	18.8674	16.3892	1.92421	2.57148	2.2	0	17.0764	17.45	24.8989	10.2754	23.6921	15.0036	
4.43001	19.0551	10.98	30.0187	14.2556	13.1661	24.0007	23.6293	17.0764	0	20.43	18.2261	19.4736	16.9643	7.33665	
11.6768	18.1214	5.12675	31.4027	9.08655	16.0564	24.0888	15.25	17.45	20.43	0	10.7616	10.4433	14.952	23.0622	
12.1849	35.1514	5.63489	29.4642	9.59469	22.5323	23.771	31.3446	24.8989	18.2261	10.7616	0	10.9514	23.6253	23.8367	
11.8665	19.0842	5.31654	26.4527	9.27634	17.225	7.70393	16.5428	10.2754	19.4736	10.4433	10.9514	0	22.2536	12.1369	
12.5342	3.16938	9.60338	44.2664	5.64358	20.1086	21.1206	17.8624	23.6921	16.9643	14.952	23.6253	22.2536	0	14.8879	
11.7667	11.7185	13.5481	22.6821	9.58833	16.9278	17.5751	17.2036	15.0036	7.33665	23.0622	23.8367	12.1369	14.8879	0	

0	10.0916	3.45	30.4913	4.44288	29.6725	16.0768	23.6583	16.1833	16.4796	21.7772	5.01677	15.8682	15.8107	7.54273	
10.0916	0	12.5501	27.5474	5.64869	45.1128	41.6962	24.8641	37.5533	20.0855	46.4878	11.7438	17.074	11.8626	18.5561	
3.45	12.5501	0	26.7757	6.90136	24.9685	12.6268	19.2736	15.9964	9.25257	26.9899	4.82991	14.7413	18.2691	4.09273	
30.4913	27.5474	26.7757	0	26.0484	21.256	14.1488	20.7956	20.7452	24.238	18.9405	32.1435	19.096	26.1064	34.3499	
4.44288	5.64869	6.90136	26.0484	0	26.4154	19.5282	19.2154	17.2616	14.4368	19.7344	6.09509	11.4253	11.3678	10.9941	
29.6725	45.1128	24.9685	21.256	26.4154	0	10.2116	7.2	3.61519	20.6225	15.3942	14.7817	31.2458	33.9392	20.8757	
16.0768	41.6962	12.6268	14.1488	19.5282	10.2116	0	6.6468	6.5964	23.2769	27.4004	17.4567	10.7388	19.2641	16.7196	
23.6583	24.8641	19.2736	20.7956	19.2154	7.2	6.6468	0	7.45	24.4574	22.5942	18.6165	17.3856	30.5832	25.7803	
16.1833	37.5533	15.9964	20.7452	17.2616	3.61519	6.5964	7.45	0	17.0074	19.0094	11.1665	17.3352	33.7679	22.1672	
16.4796	20.0855	9.25257	24.238	14.4368	20.6225	23.2769	24.4574	17.0074	0	5.29759	13.99	12.5381	16.7606	5.15984	
21.7772	46.4878	26.9899	18.9405	19.7344	15.3942	27.4004	22.5942	19.0094	5.29759	0	19.2876	17.8357	22.0582	10.4574	
5.01677	11.7438	4.82991	32.1435	6.09509	14.7817	17.4567	18.6165	11.1665	13.99	19.2876	0	17.5204	17.4629	8.92263	
15.8682	17.074	14.7413	19.096	11.4253	31.2458	10.7388	17.3856	17.3352	12.5381	17.8357	17.5204	0	8.52533	16.7292	
15.8107	11.8626	18.2691	26.1064	11.3678	33.9392	19.2641	30.5832	33.7679	16.7606	22.0582	17.4629	8.52533	0	21.9204	
7.54273	18.5561	4.09273	34.3499	10.9941	20.8757	16.7196	25.7803	22.1672	5.15984	10.4574	8.92263	16.7292	21.9204	0	

0	18.3819	5	21.0731	11.1926	10.9785	23.3054	13.4766	21.9766	12.7584	6.06897	15.8484	13.5206	23.7491	4.01995	
18.3819	0	25.7437	17.0697	7.18924	21.5491	24.0258	28.9481	20.4481	14.8014	29.7166	17.5385	22.265	9.59871	38.7201	
5	25.7437	0	23.8872	16.1926	9.11264	17.1318	18.4766	19.0621	13.3606	11.069	11.0685	10.3914	19.0083	2.15407	
21.0731	17.0697	23.8872	0	9.88043	23.567	21.4304	26.3527	17.8527	17.4926	31.3999	20.2867	23.9483	23.425	26.0413	
11.1926	7.18924	16.1926	9.88043	0	25.495	33.546	24.6693	22.5879	7.61215	17.2616	10.4062	15.9948	13.5446	15.2126	
10.9785	21.5491	9.11264	23.567	25.495	0	3.78403	13.6128	5.71433	18.1651	9.26965	13.0415	7.45291	11.9504	6.95858	
23.3054	24.0258	17.1318	21.4304	33.546	3.78403	0	9.82878	3.57771	20.2449	13.0537	15.7593	11.2369	15.7345	10.7426	
13.4766	28.9481	18.4766	26.3527	24.6693	13.6128	9.82878	0	8.5	20.7792	7.75	20.6816	15.2016	27.9704	17.4966	
21.9766	20.4481	19.0621	17.8527	22.5879	5.71433	3.57771	8.5	0	16.6672	14.984	12.1816	13.1672	17.6648	12.6729	
12.7584	14.8014	13.3606	17.4926	7.61215	18.1651	20.2449	20.7792	16.6672	0	13.0292	18.0184	20.4808	21.1567	11.2065	
6.06897	29.7166	11.069	31.3999	17.2616	9.26965	13.0537	7.75	14.984	13.0292	0	13.0402	7.4516	21.2201	10.0889	
15.8484	17.5385	11.0685	20.2867	10.4062	13.0415	15.7593	20.6816	12.1816	18.0184	13.0402	0	5.58856	7.93977	13.2226	
13.5206	22.265	10.3914	23.9483	15.9948	7.45291	11.2369	15.2016	13.1672	20.4808	7.4516	5.58856	0	13.5283	12.5455	
23.7491	9.59871	19.0083	23.425	13.5446	11.9504	15.7345	27.9704	17.6648	21.1567	21.2201	7.93977	13.5283	0	18.909	
4.01995	38.7201	2.15407	26.0413	15.2126	6.95858	10.7426	17.4966	12.6729	11.2065	10.0889	13.2226	12.5455	18.909	0	

0	10.4377	5.95	17.0114	2.22144	14.1962	24.5508	17.5196	19.2108	10.2156	19.1331	9.16994	16.9541	3.95818	8.4419	
10.4377	0	12.6286	20.2311	8.21628	25.0129	23.4487	24.2472	28.5332	16.6159	22.44	16.4136	11.3092	8.78372	14.4856	
5.95	12.6286	0	14.3323	4.41235	20.1462	20.363	21.8887	24.7292	5.97413	13.1831	3.21994	17.3214	6.42515	4.20043	
17.0114	20.2311	14.3323	0	18.0518	22.6256	6.03066	16.6373	16.4284	25.3671	27.5154	13.9045	8.92191	13.0532	18.5328	
2.22144	8.21628	4.41235	18.0518	0	16.4177	25.5912	19.7411	20.3169	8.04299	17.5954	7.63228	14.7326	4.9986	6.26929	
14.1962	25.0129	20.1462	22.6256	16.4177	0	14.1166	3.51	5.01462	20.3224	17.3806	26.0496	13.7037	18.1544	22.6381	
24.5508	23.4487	20.363	6.03066	25.5912	14.1166	0	10.6066	10.3977	23.9077	25.2147	19.9351	12.1395	19.0839	25.2605	
17.5196	24.2472	21.8887	16.6373	19.7411	3.51	10.6066	0	5.55	16.8124	20.8906	22.5396	17.2137	15.4635	18.5861	
19.2108	28.5332	24.7292	16.4284	20.3169	5.01462	10.3977	5.55	0	22.3624	22.3952	28.0896	18.7183	21.0135	26.5862	
10.2156	16.6159	5.97413	25.3671	8.04299	20.3224	23.9077	16.8124	22.3624	0	23.1949	17.5189	14.8947	12.3139	1.7737	
19.1331	22.44	13.1831	27.5154	17.5954	17.3806	25.2147	20.8906	22.3952	23.1949	0	16.403	19.5605	19.6082	17.3835	
9.16994	16.4136	3.21994	13.9045	7.63228	26.0496	19.9351	22.5396	28.0896	17.5189	16.403	0	19.2107	9.64508	7.42037	
16.9541	11.3092	17.3214	8.92191	14.7326	13.7037	12.1395	17.2137	18.7183	14.8947	19.5605	19.2107	0	19.7312	13.121	
3.95818	8.78372	6.42515	13.0532	4.9986	18.1544	19.0839	15.4635	21.0135	12.3139	19.6082	9.64508	19.7312	0	10.6256	
8.4419	14.4856	4.20043	18.5328	6.26929	22.6381	25.2605	18.5861	26.5862	1.7737	17.3835	7.42037	13.121	10.6256	0	

0	9.40776	8	21.7745	3.93024	23.6429	16.1552	14.3751	16.5694	6.02482	17.5211	11.9579	24.7614	5.70394	10.2978	
9.40776	0	6.19294	15.3851	5.47752	23.9588	16.3001	20.6513	26.5244	11.5147	15.7141	8.43291	27.891	3.89382	12.8705	
8	6.19294	0	15.6729	11.6705	26.3384	16.5879	14.4584	18.4584	10.9506	9.52111	8.72067	25.703	10.0868	6.6776	
21.7745	15.3851	15.6729	0	14.9799	23.3938	9.04598	17.8141	14.9716	19.1764	22.7995	6.95224	23.6352	26.3052	22.0414	
3.93024	5.47752	11.6705	14.9799	0	29.4363	15.8949	18.3053	16.5818	6.03723	22.7065	8.02768	25.7709	1.7737	10.3102	
23.6429	23.9588	26.3384	23.3938	29.4363	0	8.4912	6.56562	2.56562	13.1102	13.3755	21.8532	22.5991	27.8526	28.3017	
16.1552	16.3001	16.5879	9.04598	15.8949	8.4912	0	8.76812	5.92558	10.1304	13.7535	7.86721	22.8783	29.727	14.4034	
14.3751	20.6513	14.4584	17.8141	18.3053	6.56562	8.76812	0	4	14.5446	14.8099	16.6353	31.6465	30.5377	16.4217	
16.5694	26.5244	18.4584	14.9716	16.5818	2.56562	5.92558	4	0	10.5446	10.8099	13.7928	25.1648	31.7427	14.8176	
6.02482	11.5147	10.9506	19.1764	6.03723	13.1102	10.1304	14.5446	10.5446	0	21.3545	14.0649	23.2984	7.81092	4.273	
17.5211	15.7141	9.52111	22.7995	22.7065	13.3755	13.7535	14.8099	10.8099	21.3545	0	18.2418	36.6318	20.9328	16.1987	
11.9579	8.43291	8.72067	6.95224	8.02768	21.8532	7.86721	16.6353	13.7928	14.0649	18.2418	0	21.6557	9.80137	15.0891	
24.7614	27.891	25.703	23.6352	25.7709	22.5991	22.8783	31.6465	25.1648	23.2984	36.6318	21.6557	0	23.9972	19.0254	
5.70394	3.89382	10.0868	26.3052	1.7737	27.8526	29.727	30.5377	31.7427	7.81092	20.9328	9.80137	23.9972	0	20.6516	
10.2978	12.8705	6.6776	22.0414	10.3102	28.3017	14.4034	16.4217	14.8176	4.273	16.1987	15.0891	19.0254	20.6516	0	

0	17.3367	8.8	25.7155	12.6617	9.10014	19.2208	11.2305	13.4305	13.5945	7.72414	3.53454	24.4916	3.79326	5.32643	
17.3367	0	26.1367	39.0689	24.0815	26.4368	64.8524	28.5672	30.8261	32.9303	25.0608	20.8712	36.3685	15.213	22.6631	
8.8	26.1367	0	29.7612	6.78823	15.8902	28.463	20.0305	22.2894	11.22	16.3468	7.58027	20.2995	11.5653	11.5166	
25.7155	39.0689	29.7612	0	32.7244	19.0996	29.9213	27.5596	25.7469	32.3815	28.4412	22.1809	20.1917	23.8559	21.2343	
12.6617	24.0815	6.78823	32.7244	0	22.6785	39.2496	25.499	27.7579	18.0082	13.1753	14.2714	20.4453	8.86848	18.2077	
9.10014	26.4368	15.8902	19.0996	22.6785	0	12.5728	8.46	6.64729	17.4574	11.5871	12.6347	27.8377	12.8934	14.4266	
19.2208	64.8524	28.463	29.9213	39.2496	12.5728	0	7.99031	6.82001	31.9446	24.1598	25.7411	20.3104	41.4658	22.2083	
11.2305	28.5672	20.0305	27.5596	25.499	8.46	7.99031	0	2.2	22.6203	16.75	14.7651	23.3904	15.0238	16.557	
13.4305	30.8261	22.2894	25.7469	27.7579	6.64729	6.82001	2.2	0	26.9173	18.2343	17.024	21.1904	17.2827	15.3883	
13.5945	32.9303	11.22	32.3815	18.0082	17.4574	31.9446	22.6203	26.9173	0	5.87031	14.6369	12.1899	19.3869	11.529	
7.72414	25.0608	16.3468	28.4412	13.1753	11.5871	24.1598	16.75	18.2343	5.87031	0	8.76657	18.0602	11.5174	7.20694	
3.53454	20.8712	7.58027	22.1809	14.2714	12.6347	25.7411	14.7651	17.024	14.6369	8.76657	0	20.9571	7.3278	3.93629	
24.4916	36.3685	20.2995	20.1917	20.4453	27.8377	20.3104	23.3904	21.1904	12.1899	18.0602	20.9571	0	21.1555	23.7189	
3.79326	15.213	11.5653	23.8559	8.86848	12.8934	41.4658	15.0238	17.2827	19.3869	11.5174	7.3278	21.1555	0	9.11969	
5.32643	22.6631	11.5166	21.2343	18.2077	14.4266	22.2083	16.557	15.3883	11.529	7.20694	3.93629	23.7189	9.11969	0	

0	18.3264	5.15	22.6673	10.3543	10.5562	21.3213	14.6962	14.8128	7.44242	27.7737	9.34944	20.34	11.0499	10.3448	
18.3264	0	12.9071	30.4958	7.70276	25.4786	20.9488	31.1588	22.1737	24.2198	16.83	8.97697	20.8527	9.47646	14.5534	
5.15	12.9071	0	17.5173	5.20431	15.7062	21.4304	25.6353	22.6553	12.5924	30.0281	9.45857	21.3343	6.978	15.035	
22.6673	30.4958	17.5173	0	22.7216	12.258	8.81403	8.11798	15.168	36.7617	16.2638	20.7859	20.9743	32.7541	27.0952	
10.3543	7.70276	5.20431	22.7216	0	16.1142	23.5396	30.3401	31.4776	19.8312	24.5328	14.6629	16.8373	1.7737	23.0831	
10.5562	25.4786	15.7062	12.258	16.1142	0	12.1946	4.14	4.25659	11.1243	20.3888	17.4534	18.1489	14.3405	12.2604	
21.3213	20.9488	21.4304	8.81403	23.5396	12.1946	0	10.4652	7.93804	24.0633	7.44981	11.9718	12.373	25.3133	17.5483	
14.6962	31.1588	25.6353	8.11798	30.3401	4.14	10.4652	0	7.05	15.2643	17.915	20.2468	14.0089	18.4805	16.4004	
14.8128	22.1737	22.6553	15.168	31.4776	4.25659	7.93804	7.05	0	15.3809	15.3878	13.1968	20.311	18.5971	16.5169	
7.44242	24.2198	12.5924	36.7617	19.8312	11.1243	24.0633	15.2643	15.3809	0	20.3313	8.47883	12.0871	18.4923	2.90241	
27.7737	16.83	30.0281	16.2638	24.5328	20.3888	7.44981	17.915	15.3878	20.3313	0	19.4216	19.8228	27.9681	23.2337	
9.34944	8.97697	9.45857	20.7859	14.6629	17.4534	11.9718	20.2468	13.1968	8.47883	19.4216	0	11.8757	20.1151	5.57641	
20.34	20.8527	21.3343	20.9743	16.8373	18.1489	12.373	14.0089	20.311	12.0871	19.8228	11.8757	0	17.6822	9.18468	
11.0499	9.47646	6.978	32.7541	1.7737	14.3405	25.3133	18.4805	18.5971	18.4923	27.9681	20.1151	17.6822	0	22.2053	
10.3448	14.5534	15.035	27.0952	23.0831	12.2604	17.5483	16.4004	16.5169	2.90241	23.2337	5.57641	9.18468	22.2053	0	

0	16.1095	4.8	17.938	6.23712	11.1561	21.3155	18.4181	23.9641	5.31601	19.4479	7.29712	25.9131	11.3798	6.43192	
16.1095	0	16.9633	30.1012	15.2343	23.3194	26.3324	18.9785	27.4785	10.7935	21.42	24.8119	41.4423	13.4925	13.2928	
4.8	16.9633	0	13.138	8.25901	6.3561	11.3608	20.5761	10.7293	8.33	14.6479	7.8486	21.7427	15.4204	10.8293	
17.938	30.1012	13.138	0	21.397	19.4941	26.5965	19.2426	27.7426	21.468	25.3974	20.9866	19.2525	28.5583	31.3398	
6.23712	15.2343	8.25901	21.397	0	14.6151	27.5526	24.6552	27.4231	11.5531	22.9069	13.5342	32.1502	12.6577	12.669	
11.1561	23.3194	6.3561	19.4941	14.6151	0	5.00469	12.3586	4.37321	14.6861	21.004	14.2047	15.3866	21.7764	22.2789	
21.3155	26.3324	11.3608	26.5965	27.5526	5.00469	0	7.35391	9.3779	19.7736	26.8539	28.6126	20.3913	32.6952	17.2743	
18.4181	18.9785	20.5761	19.2426	24.6552	12.3586	7.35391	0	8.5	23.7341	19.5	25.7152	29.6066	29.7979	24.6282	
23.9641	27.4785	10.7293	27.7426	27.4231	4.37321	9.3779	8.5	0	19.0482	28	27.0127	19.7599	34.5844	21.5475	
5.31601	10.7935	8.33	21.468	11.5531	14.6861	19.7736	23.7341	19.0482	0	17.8973	12.6131	29.0693	16.6958	2.4993	
19.4479	21.42	14.6479	25.3974	22.9069	21.004	26.8539	19.5	28	17.8973	0	12.4193	25.7701	30.0682	20.3966	
7.29712	24.8119	7.8486	20.9866	13.5342	14.2047	28.6126	25.7152	27.0127	12.6131	12.4193	0	28.4667	18.6769	13.729	
25.9131	41.4423	21.7427	19.2525	32.1502	15.3866	20.3913	29.6066	19.7599	29.0693	25.7701	28.4667	0	37.2929	26.57	
11.3798	13.4925	15.4204	28.5583	12.6577	21.7764	32.6952	29.7979	34.5844	16.6958	30.0682	18.6769	37.2929	0	17.8117	
6.43192	13.2928	10.8293	31.3398	12.669	22.2789	17.2743	24.6282	21.5475	2.4993	20.3966	13.729	26.57	17.8117	0	

0	19.32	2.4	23.8985	8.5094	14.7944	19.6731	16.0551	27.8722	13.62	9.93104	8.30322	16.658	4.28803	4.98488	
19.32	0	16.7221	38.7531	10.6127	29.7593	20.9621	30.97	38.0272	28.4014	11.22	20.9606	26.8593	15.0319	20.3559	
2.4	16.7221	0	21.4985	6.1094	12.3944	15.6902	13.6551	20.4411	9.35718	12.331	5.90322	14.258	6.68803	2.58488	
23.8985	38.7531	21.4985	0	27.6079	13.2465	16.5423	22.2465	21.2932	21.9764	27.3701	22.6991	13.6177	30.6076	24.0834	
8.5094	10.6127	6.1094	27.6079	0	18.5038	37.7941	19.7645	31.2433	17.3294	21.8327	12.0126	20.3674	7.65914	8.69428	
14.7944	29.7593	12.3944	13.2465	18.5038	0	3.29577	9	8.04671	13.4262	13.0378	14.8495	11.4666	28.7326	14.9793	
19.6731	20.9621	15.6902	16.5423	37.7941	3.29577	0	7.9196	11.3425	10.1304	9.74205	11.6298	8.17083	43.2616	16.9027	
16.0551	30.97	13.6551	22.2465	19.7645	9	7.9196	0	8.35	18.05	17.6616	19.5494	16.0904	29.9934	16.24	
27.8722	38.0272	20.4411	21.2932	31.2433	8.04671	11.3425	8.35	0	15.9869	26.586	20.2493	11.1679	23.5842	22.7592	
13.62	28.4014	9.35718	21.9764	17.3294	13.4262	10.1304	18.05	15.9869	0	17.1814	17.1232	8.35876	27.5582	6.7723	
9.93104	11.22	12.331	27.3701	21.8327	13.0378	9.74205	17.6616	26.586	17.1814	0	9.74064	17.9129	14.2191	20.2374	
8.30322	20.9606	5.90322	22.6991	12.0126	14.8495	11.6298	19.5494	20.2493	17.1232	9.74064	0	9.08141	22.2414	8.4881	
16.658	26.8593	14.258	13.6177	20.3674	11.4666	8.17083	16.0904	11.1679	8.35876	17.9129	9.08141	0	30.5962	15.1311	
4.28803	15.0319	6.68803	30.6076	7.65914	28.7326	43.2616	29.9934	23.5842	27.5582	14.2191	22.2414	30.5962	0	18.9231	
4.98488	20.3559	2.58488	24.0834	8.69428	14.9793	16.9027	16.24	22.7592	6.7723	20.2374	8.4881	15.1311	18.9231	0	

-111