10
5
3
3
50

6	21
10	1
47	15
18	25
31	42

29	47
34	25
27	39
46	33
33	29
28	46
44	28
33	32
35	23
40	39

70

1.79769e+308
1.79769e+308
1.79769e+308
1.79769e+308
1.79769e+308

12
15
15
20
13
14
17
19
14
16

0
0
0
0
0

0

0	14.4812	24.4688	5.81859	14.6923	16.4694	11.5786	15.9423	26.9801	19.0313	11.866	30.5253	17.2013	19.414	24.0843	
14.4812	0	20.7777	16.9498	24.1734	21.4275	14.5947	15.7229	23.289	15.3402	22.9973	22.9469	13.5102	15.4668	24.5976	
24.4688	20.7777	0	29.4584	11.6902	9.91308	13.7729	9.48019	13.2518	9.0975	10.9172	11.3091	7.2675	9.48019	8.5	
5.81859	16.9498	29.4584	0	8.34745	7.05154	5.76	9.82964	17.2978	8.44002	6.04745	14.1122	12.2654	6.63207	18.4117	
14.6923	24.1734	11.6902	8.34745	0	1.7771	5.31964	1.25	13.2049	4.16548	2.3	9.91116	3.46269	7.58916	4.11	
16.4694	21.4275	9.91308	7.05154	1.7771	0	11.7386	3.0271	14.5448	8.48511	1.00409	12.6022	7.91733	6.29325	9.79306	
11.5786	14.5947	13.7729	5.76	5.31964	11.7386	0	4.06964	7.71046	2.68002	6.16123	5.88317	3.08476	0.872067	6.92964	
15.9423	15.7229	9.48019	9.82964	1.25	3.0271	4.06964	0	7.61176	2.91548	3.55	5.66913	2.21269	4.42538	2.86	
26.9801	23.289	13.2518	17.2978	13.2049	14.5448	7.71046	7.61176	0	4.49559	12.1276	1.29244	9.05108	6.83839	4.10157	
19.0313	15.3402	9.0975	8.44002	4.16548	8.48511	2.68002	2.91548	4.49559	0	9.008	3.20315	1.83	3.55209	5.77548	
11.866	22.9973	10.9172	6.04745	2.3	1.00409	6.16123	3.55	12.1276	9.008	0	15.1734	7.50185	5.28916	9.29467	
30.5253	22.9469	11.3091	14.1122	9.91116	12.6022	5.88317	5.66913	1.29244	3.20315	15.1734	0	5.03315	8.13083	2.80913	
17.2013	13.5102	7.2675	12.2654	3.46269	7.91733	3.08476	2.21269	9.05108	1.83	7.50185	5.03315	0	2.21269	5.07269	
19.414	15.4668	9.48019	6.63207	7.58916	6.29325	0.872067	4.42538	6.83839	3.55209	5.28916	8.13083	2.21269	0	11.5901	
24.0843	24.5976	8.5	18.4117	4.11	9.79306	6.92964	2.86	4.10157	5.77548	9.29467	2.80913	5.07269	11.5901	0	

0	8.97427	11.6023	12.3961	14.448	22.7534	9.90578	24.4249	20.9897	9.29288	15.8493	18.1541	11.1529	9.01135	21.2553	
8.97427	0	20.5765	21.3704	18.8867	24.9102	14.935	23.8313	26.5836	11.5953	18.1517	19.8873	13.4553	17.5256	17.4294	
11.6023	20.5765	0	20.1126	7.84618	17.4318	13.025	13.8462	15.543	14.1927	12.6462	17.611	12.3327	13.2828	14.3921	
12.3961	21.3704	20.1126	0	11.9412	22.1849	7.39898	13.6548	8.98905	9.63988	19.3241	5.75795	7.77988	6.50455	8.21594	
14.448	18.8867	7.84618	11.9412	0	5.54953	5.1788	6	7.69686	8.0808	4.8	9.0039	6.2208	5.43662	6.54591	
22.7534	24.9102	17.4318	22.1849	5.54953	0	8.39365	3.22441	14.0945	7.30595	0.749533	9.9388	12.1006	15.0222	7.48081	
9.90578	14.935	13.025	7.39898	5.1788	8.39365	0	7.20014	12.7328	3.33972	7.64412	14.3032	5.19972	0.894427	11.7247	
24.4249	23.8313	13.8462	13.6548	6	3.22441	7.20014	0	11.128	9.03129	2.47487	7.8969	8.38979	8.09457	10.3549	
20.9897	26.5836	15.543	8.98905	7.69686	14.0945	12.7328	11.128	0	6.81459	12.4969	3.2311	4.95459	13.1335	5.68909	
9.29288	11.5953	14.1927	9.63988	8.0808	7.30595	3.33972	9.03129	6.81459	0	6.55642	9.93624	1.86	4.23414	11.1655	
15.8493	18.1517	12.6462	19.3241	4.8	0.749533	7.64412	2.47487	12.4969	6.55642	0	10.3718	8.41642	8.53854	8.23034	
18.1541	19.8873	17.611	5.75795	9.0039	9.9388	14.3032	7.8969	3.2311	9.93624	10.3718	0	8.07624	12.2625	2.45799	
11.1529	13.4553	12.3327	7.77988	6.2208	12.1006	5.19972	8.38979	4.95459	1.86	8.41642	8.07624	0	8.6726	9.30553	
9.01135	17.5256	13.2828	6.50455	5.43662	15.0222	0.894427	8.09457	13.1335	4.23414	8.53854	12.2625	8.6726	0	11.9825	
21.2553	17.4294	14.3921	8.21594	6.54591	7.48081	11.7247	10.3549	5.68909	11.1655	8.23034	2.45799	9.30553	11.9825	0	

0	28.2075	29.2867	13.0286	19.1952	20.7214	19.4286	16.5952	30.2354	23.2632	18.9819	20.8653	18.3255	23.0534	26.6228	
28.2075	0	31.4371	15.1789	31.4436	33.891	21.5789	34.818	29.8632	36.1366	31.2279	26.9566	20.4759	29.6385	32.438	
29.2867	31.4371	0	16.2581	10.357	11.5417	8.21597	12.957	10.9969	6.73166	13.407	9.87283	9.46166	14.2579	15.1542	
13.0286	15.1789	16.2581	0	12.7872	17.4494	6.4	16.5741	8.16539	7.88432	16.049	8.22312	5.29694	7.67456	8.0688	
19.1952	31.4436	10.357	12.7872	0	1.18474	6.38719	2.6	5.77264	7.87151	2.92422	8.67454	8.64109	7.66175	7.71344	
20.7214	33.891	11.5417	17.4494	1.18474	0	7.57193	3.78474	6.95738	14.9512	1.73948	13.603	9.30056	17.1261	6.52871	
19.4286	21.5789	8.21597	6.4	6.38719	7.57193	0	8.98719	8.96513	1.48432	9.43719	10.652	4.21432	1.27456	9.90684	
16.5952	34.818	12.957	16.5741	2.6	3.78474	8.98719	0	8.37264	11.6584	5.65	6.07454	9.00071	11.4487	14.7119	
30.2354	29.8632	10.9969	8.16539	5.77264	6.95738	8.96513	8.37264	0	5.59845	8.82264	5.79462	2.86845	6.37188	5.64031	
23.2632	36.1366	6.73166	7.88432	7.87151	14.9512	1.48432	11.6584	5.59845	0	16.0634	5.65617	2.73	2.75888	5.50186	
18.9819	31.2279	13.407	16.049	2.92422	1.73948	9.43719	5.65	8.82264	16.0634	0	13.1456	10.4127	15.3866	7.64084	
20.8653	26.9566	9.87283	8.22312	8.67454	13.603	10.652	6.07454	5.79462	5.65617	13.1456	0	2.92617	6.4296	5.69803	
18.3255	20.4759	9.46166	5.29694	8.64109	9.30056	4.21432	9.00071	2.86845	2.73	10.4127	2.92617	0	3.50343	2.77186	
23.0534	29.6385	14.2579	7.67456	7.66175	17.1261	1.27456	11.4487	6.37188	2.75888	15.3866	6.4296	3.50343	0	6.27529	
26.6228	32.438	15.1542	8.0688	7.71344	6.52871	9.90684	14.7119	5.64031	5.50186	7.64084	5.69803	2.77186	6.27529	0	

0	6.11882	23.3291	20.0042	10.6526	7.63688	13.0108	8.021	15.1246	11.6935	9.57436	13.9308	13.1839	14.8667	17.511	
6.11882	0	31.3058	26.7369	16.7078	13.7557	9.1641	14.1398	21.423	12.174	30.8722	11.2522	14.6682	11.02	22.1109	
23.3291	31.3058	0	21.2611	15.0871	12.9648	8.75889	15.3081	9.68652	18.3709	13.0894	6.67083	10.0652	15.731	11.7039	
20.0042	26.7369	21.2611	0	10.7206	7.93764	6.81994	11.9832	14.5602	3.88104	8.37339	14.0242	4.57104	4.964	8.48424	
10.6526	16.7078	15.0871	10.7206	0	3.01569	9.18139	5.8194	10.5034	2.72961	2.35	5.43397	2.03961	5.60734	2.0871	
7.63688	13.7557	12.9648	7.93764	3.01569	0	7.06647	2.80371	7.48772	4.0566	1.93747	6.29393	4.7466	8.54703	5.1028	
13.0108	9.1641	8.75889	6.81994	9.18139	7.06647	0	12.3047	5.10375	3.00987	11.7213	2.08806	3.69987	1.85594	5.37618	
8.021	14.1398	15.3081	11.9832	5.8194	2.80371	12.3047	0	10.2914	5.85294	4.74118	8.55731	5.16294	12.9074	9.49	
15.1246	21.423	9.68652	14.5602	10.5034	7.48772	5.10375	10.2914	0	11.5443	9.4252	3.01569	6.41006	9.96027	8.04871	
11.6935	12.174	18.3709	3.88104	2.72961	4.0566	3.00987	5.85294	11.5443	0	5.99407	4.08436	0.69	4.49043	5.37088	
9.57436	30.8722	13.0894	8.37339	2.35	1.93747	11.7213	4.74118	9.4252	5.99407	0	8.23141	4.38961	11.0874	4.4371	
13.9308	11.2522	6.67083	14.0242	5.43397	6.29393	2.08806	8.55731	3.01569	4.08436	8.23141	0	3.39436	3.944	5.03302	
13.1839	14.6682	10.0652	4.57104	2.03961	4.7466	3.69987	5.16294	6.41006	0.69	4.38961	3.39436	0	5.18043	4.12671	
14.8667	11.02	15.731	4.964	5.60734	8.54703	1.85594	12.9074	9.96027	4.49043	11.0874	3.944	5.18043	0	3.52024	
17.511	22.1109	11.7039	8.48424	2.0871	5.1028	5.37618	9.49	8.04871	5.37088	4.4371	5.03302	4.12671	3.52024	0	

0	21.8882	12.0166	9.61332	11.7539	18.8084	12.1622	13.7598	16.0562	9.40095	13.5039	16.8334	5.83095	10.9017	13.4648	
21.8882	0	36.1836	18.2667	10.1343	17.1889	14.3641	12.5843	18.356	13.0447	11.8843	15.4747	16.6147	16.0805	19.3921	
12.0166	36.1836	0	15.9523	23.7705	25.9365	4.59234	10.6968	8.48634	5.91174	20.5358	13.0748	11.027	7.67812	15.2544	
9.61332	18.2667	15.9523	0	8.13236	15.1869	11.36	10.5824	15.254	12.6794	9.88236	22.7399	15.4443	14.4458	13.8207	
11.7539	10.1343	23.7705	8.13236	0	2.59853	8.55447	2.45	8.22164	10.9644	1.75	17.2149	10.3788	13.5915	5.96	
18.8084	17.1889	25.9365	15.1869	2.59853	0	13.1962	4.80833	9.95201	10.063	0.848528	14.5245	15.0205	18.554	10.6017	
12.1622	14.3641	4.59234	11.36	8.55447	13.1962	0	6.10447	3.894	1.31939	10.0643	3.74937	4.88939	3.08577	7.6668	
13.7598	12.5843	10.6968	10.5824	2.45	4.80833	6.10447	0	9.27999	7.42386	3.9598	17.4844	7.92881	9.19024	3.51	
16.0562	18.356	8.48634	15.254	8.22164	9.95201	3.894	9.27999	0	5.21339	9.10348	8.99323	10.3287	6.97977	5.76999	
9.40095	13.0447	5.91174	12.6794	10.9644	10.063	1.31939	7.42386	5.21339	0	9.21442	2.42998	3.57	3.03579	6.34741	
13.5039	11.8843	20.5358	9.88236	1.75	0.848528	10.0643	3.9598	9.10348	9.21442	0	11.6444	11.8886	12.2502	7.4698	
16.8334	15.4747	13.0748	22.7399	17.2149	14.5245	3.74937	17.4844	8.99323	2.42998	11.6444	0	5.99998	5.46577	8.77739	
5.83095	16.6147	11.027	15.4443	10.3788	15.0205	4.88939	7.92881	10.3287	3.57	11.8886	5.99998	0	5.07075	9.91741	
10.9017	16.0805	7.67812	14.4458	13.5915	18.554	3.08577	9.19024	6.97977	3.03579	12.2502	5.46577	5.07075	0	6.36996	
13.4648	19.3921	15.2544	13.8207	5.96	10.6017	7.6668	3.51	5.76999	6.34741	7.4698	8.77739	9.91741	6.36996	0	

0	6.93467	17.0535	22.2624	20.3954	27.8838	18.0991	19.6376	10.0227	20.9039	17.5719	15.5694	21.3661	24.4675	13.8495	
6.93467	0	28.224	21.288	24.4145	33.1294	18.5399	19.5657	16.9574	21.2742	22.4847	19.4422	16.9842	20.2111	20.7841	
17.0535	28.224	0	28.4081	10.6708	20.3641	3.91303	7.71435	7.03082	8.19707	14.5801	7.62043	6.11128	2.88444	15.5161	
22.2624	21.288	28.4081	0	13.824	20.4489	5.8594	6.88524	12.875	8.59377	9.80421	6.76175	4.30377	7.53061	14.0053	
20.3954	24.4145	10.6708	13.824	0	9.6933	11.9072	3.65	10.8456	5.39271	6.19558	6.49569	6.23147	8.47991	6.54591	
27.8838	33.1294	20.3641	20.4489	9.6933	0	10.1525	3.8608	8.86444	8.22604	1.31522	13.5108	6.81566	11.1811	8.26144	
18.0991	18.5399	3.91303	5.8594	11.9072	10.1525	0	4.13711	8.07643	5.84563	7.05608	4.01362	1.55563	1.02859	11.2571	
19.6376	19.5657	7.71435	6.88524	3.65	3.8608	4.13711	0	10.0948	6.87147	2.54558	5.03946	2.58147	4.82991	9.49181	
10.0227	16.9574	7.03082	12.875	10.8456	8.86444	8.07643	10.0948	0	8.86033	7.54923	5.54672	8.00471	9.10503	8.48528	
20.9039	21.2742	8.19707	8.59377	5.39271	8.22604	5.84563	6.87147	8.86033	0	6.91082	3.31361	4.29	5.31263	11.9386	
17.5719	22.4847	14.5801	9.80421	6.19558	1.31522	7.05608	2.54558	7.54923	6.91082	0	7.81018	5.12706	7.37549	6.94622	
15.5694	19.4422	7.62043	6.76175	6.49569	13.5108	4.01362	5.03946	5.54672	3.31361	7.81018	0	2.45799	4.73599	12.1595	
21.3661	16.9842	6.11128	4.30377	6.23147	6.81566	1.55563	2.58147	8.00471	4.29	5.12706	2.45799	0	2.58423	9.70151	
24.4675	20.2111	2.88444	7.53061	8.47991	11.1811	1.02859	4.82991	9.10503	5.31263	7.37549	4.73599	2.58423	0	12.9283	
13.8495	20.7841	15.5161	14.0053	6.54591	8.26144	11.2571	9.49181	8.48528	11.9386	6.94622	12.1595	9.70151	12.9283	0	

0	23.4555	23.2046	22.0095	11.6905	10.839	27.7695	12.8896	15.7634	23.4577	9.9905	26.8845	16.6802	26.5217	15.4085	
23.4555	0	20.1756	37.4765	35.4702	36.9242	32.5835	39.9641	32.9753	34.0612	33.446	29.0891	32.9488	23.4927	34.5903	
23.2046	20.1756	0	19.8485	18.79	17.5857	3.98793	14.2291	12.7997	14.2586	18.5726	7.95014	6.35956	3.31711	18.9763	
22.0095	37.4765	19.8485	0	12.3266	8.57826	5.76	4.82656	20.1938	3.41532	7.7257	16.8267	6.86532	6.43082	11.5937	
11.6905	35.4702	18.79	12.3266	0	1.45399	9.19882	4.59914	7.47294	6.61694	1.7	13.9445	6.01684	9.05929	7.11805	
10.839	36.9242	17.5857	8.57826	1.45399	0	7.99447	3.74767	6.62146	5.16294	0.848528	18.3899	4.81249	7.85494	6.26658	
27.7695	32.5835	3.98793	5.76	9.19882	7.99447	0	8.92191	9.17965	5.03019	9.87171	5.30385	3.18198	0.67082	6.09262	
12.8896	39.9641	14.2291	4.82656	4.59914	3.74767	8.92191	0	8.67207	8.24188	2.89914	12.5212	7.92881	9.59273	7.02	
15.7634	32.9753	12.7997	20.1938	7.47294	6.62146	9.17965	8.67207	0	9.44767	5.77294	6.83916	5.99767	9.04012	6.44881	
23.4577	34.0612	14.2586	3.41532	6.61694	5.16294	5.03019	8.24188	9.44767	0	6.01147	13.6796	3.45	5.70101	8.17839	
9.9905	33.446	18.5726	7.7257	1.7	0.848528	9.87171	2.89914	5.77294	6.01147	0	10.9193	5.66102	9.73218	5.41805	
26.8845	29.0891	7.95014	16.8267	13.9445	18.3899	5.30385	12.5212	6.83916	13.6796	10.9193	0	7.67548	4.63303	5.50121	
16.6802	32.9488	6.35956	6.86532	6.01684	4.81249	3.18198	7.92881	5.99767	3.45	5.66102	7.67548	0	3.04245	6.63266	
26.5217	23.4927	3.31711	6.43082	9.05929	7.85494	0.67082	9.59273	9.04012	5.70101	9.73218	4.63303	3.04245	0	6.76344	
15.4085	34.5903	18.9763	11.5937	7.11805	6.26658	6.09262	7.02	6.44881	8.17839	5.41805	5.50121	6.63266	6.76344	0	

0	7.54655	16.9443	18.1345	10.7744	14.7056	16.5136	14.9357	19.171	12.3905	18.1744	16.527	13.5605	13.9531	20.6186	
7.54655	0	45.072	27.1527	16.3735	12.4424	22.5948	21.262	15.4132	19.9371	13.2909	20.9061	24.3574	19.864	13.072	
16.9443	45.072	0	10.2977	17.0491	23.7549	8.67687	10.9343	18.9713	4.55377	18.2883	17.5044	5.72377	7.52631	14.6852	
18.1345	27.1527	10.2977	0	10.3608	9.22191	5.6	4.16083	14.1091	5.74394	8.37339	9.88053	6.91394	8.26092	12.3508	
10.7744	16.3735	17.0491	10.3608	0	3.93117	11.2207	6.2	8.39657	12.4953	4.7797	12.9914	11.6395	11.3528	11.0047	
14.7056	12.4424	23.7549	9.22191	3.93117	0	9.14785	8.20244	9.02931	10.3941	0.848528	9.9955	13.2637	7.42159	11.2892	
16.5136	22.5948	8.67687	5.6	11.2207	9.14785	0	8.5508	8.5091	4.12311	8.29933	4.28053	3.11127	2.66092	14.2545	
14.9357	21.262	10.9343	4.16083	6.2	8.20244	8.5508	0	14.5966	6.41405	7.35391	12.8135	5.43953	9.38659	8.19	
19.171	15.4132	18.9713	14.1091	8.39657	9.02931	8.5091	14.5966	0	10.9488	9.87784	5.49287	9.7788	8.06678	15.2735	
12.3905	19.9371	4.55377	5.74394	12.4953	10.3941	4.12311	6.41405	10.9488	0	12.4224	5.54645	1.17	2.97254	10.1314	
18.1744	13.2909	18.2883	8.37339	4.7797	0.848528	8.29933	7.35391	9.87784	12.4224	0	12.5799	11.4106	8.27012	12.1377	
16.527	20.9061	17.5044	9.88053	12.9914	9.9955	4.28053	12.8135	5.49287	5.54645	12.5799	0	7.37396	2.57391	18.6594	
13.5605	24.3574	5.72377	6.91394	11.6395	13.2637	3.11127	5.43953	9.7788	1.17	11.4106	7.37396	0	4.14254	11.2854	
13.9531	19.864	7.52631	8.26092	11.3528	7.42159	2.66092	9.38659	8.06678	2.97254	8.27012	2.57391	4.14254	0	13.104	
20.6186	13.072	14.6852	12.3508	11.0047	11.2892	14.2545	8.19	15.2735	10.1314	12.1377	18.6594	11.2854	13.104	0	

0	25.6991	41.5713	7.33648	20.3319	21.3861	11.9765	21.0326	23.3527	25.9573	18.9819	30.155	18.0959	19.8321	28.7169	
25.6991	0	29.2745	17.5376	22.3921	38.166	12.8976	23.6978	24.2912	16.1549	36.6676	29.7065	18.2716	14.0604	17.3148	
41.5713	29.2745	0	20.7162	15.9139	29.0571	9.38341	11.9773	21.3028	17.0243	19.2332	10.3827	13.8743	8.22066	18.4281	
7.33648	17.5376	20.7162	0	12.799	21.3992	4.64	15.3186	16.0162	7.89725	14.6186	13.2174	10.014	5.80276	9.05715	
20.3319	22.3921	15.9139	12.799	0	3.75416	7.41362	2.05	12.0077	4.73506	1.35	4.49759	2.03961	5.80659	6.59338	
21.3861	38.166	29.0571	21.3992	3.75416	0	18.3261	4.45477	13.0619	13.5667	2.40416	16.6132	10.8713	15.6311	16.3263	
11.9765	12.8976	9.38341	4.64	7.41362	18.3261	0	4.91935	11.3935	3.25725	10.8445	3.32484	5.37401	1.16276	4.41715	
21.0326	23.6978	11.9773	15.3186	2.05	4.45477	4.91935	0	12.7083	5.13124	2.05061	5.91868	4.08961	3.75659	9.5446	
23.3527	24.2912	21.3028	16.0162	12.0077	13.0619	11.3935	12.7083	0	13.9719	10.6577	4.20043	6.65842	6.36251	14.1704	
25.9573	16.1549	17.0243	7.89725	4.73506	13.5667	3.25725	5.13124	13.9719	0	6.08506	5.60799	3.15	4.42001	7.6744	
18.9819	36.6676	19.2332	14.6186	1.35	2.40416	10.8445	2.05061	10.6577	6.08506	0	12.7156	3.38961	5.8072	8.8446	
30.155	29.7065	10.3827	13.2174	4.49759	16.6132	3.32484	5.91868	4.20043	5.60799	12.7156	0	2.45799	2.16208	7.01175	
18.0959	18.2716	13.8743	10.014	2.03961	10.8713	5.37401	4.08961	6.65842	3.15	3.38961	2.45799	0	4.62007	4.55377	
19.8321	14.0604	8.22066	5.80276	5.80659	15.6311	1.16276	3.75659	6.36251	4.42001	5.8072	2.16208	4.62007	0	5.5799	
28.7169	17.3148	18.4281	9.05715	6.59338	16.3263	4.41715	9.5446	14.1704	7.6744	8.8446	7.01175	4.55377	5.5799	0	

0	25.8042	16.989	8.09543	11.8905	11.4553	10.748	7.19124	14.9305	12.9595	9.9905	12.2557	9.32952	14.3034	18.0481	
25.8042	0	28.8789	17.7088	33.2595	23.8893	17.31	28.7363	21.4924	23.0411	25.4167	28.7885	22.1183	20.8653	27.5151	
16.989	28.8789	0	25.0845	20.0797	14.686	12.8358	21.4751	8.65332	18.2151	16.2134	12.8538	16.9575	17.1624	16.9689	
8.09543	17.7088	25.0845	0	13.0645	12.6919	13.9124	11.3175	20.7121	12.7298	11.1645	12.0303	9.10412	17.916	19.2221	
11.8905	33.2595	20.0797	13.0645	0	3.42735	8.62477	5.45	9.74087	2.89365	1.9	5.54044	6.52365	8.07978	8.34841	
11.4553	23.8893	14.686	12.6919	3.42735	0	20.3049	11.2973	11.0749	12.2638	1.52735	14.9106	15.8149	22.7932	9.58497	
10.748	17.31	12.8358	13.9124	8.62477	20.3049	0	9.3259	4.18244	5.73112	13.73	7.7345	4.80833	3.55535	7.57848	
7.19124	28.7363	21.4751	11.3175	5.45	11.2973	9.3259	0	15.6087	8.14758	7.35	7.44375	4.51758	14.9817	13.7984	
14.9305	21.4924	8.65332	20.7121	9.74087	11.0749	4.18244	15.6087	0	9.91356	9.54755	4.20043	7.1266	7.73779	8.31558	
12.9595	23.0411	18.2151	12.7298	2.89365	12.2638	5.73112	8.14758	9.91356	0	4.79365	6.40631	3.63	5.18614	9.20927	
9.9905	25.4167	16.2134	11.1645	1.9	1.52735	13.73	7.35	9.54755	4.79365	0	7.44044	10.9763	12.0808	8.05762	
12.2557	28.7885	12.8538	12.0303	5.54044	14.9106	7.7345	7.44375	4.20043	6.40631	7.44044	0	2.92617	8.75129	12.516	
9.32952	22.1183	16.9575	9.10412	6.52365	15.8149	4.80833	4.51758	7.1266	3.63	10.9763	2.92617	0	8.36367	12.5724	
14.3034	20.8653	17.1624	17.916	8.07978	22.7932	3.55535	14.9817	7.73779	5.18614	12.0808	8.75129	8.36367	0	4.02313	
18.0481	27.5151	16.9689	19.2221	8.34841	9.58497	7.57848	13.7984	8.31558	9.20927	8.05762	12.516	12.5724	4.02313	0	

0	22.8273	16.2404	7.71596	9.4684	14.3689	12.0971	11.5439	19.5132	16.27	15.2684	15.5677	17.514	11.3369	14.8759	
22.8273	0	22.0701	25.6526	13.3589	18.2594	14.5883	16.4589	18.9855	15.0042	19.1589	17.8008	11.1942	17.3712	13.867	
16.2404	22.0701	0	8.89596	10.9227	12.8503	5.66381	12.7239	5.45407	9.8367	13.5857	4.26933	11.0806	4.90355	13.75	
7.71596	25.6526	8.89596	0	6.92796	12.5443	12.5933	3.82796	9.03649	15.2137	11.5354	7.85175	15.5598	12.2356	8.37796	
9.4684	13.3589	10.9227	6.92796	0	4.9005	6.77937	3.1	8.06253	9.20706	5.63589	6.87779	8.08036	6.01911	5.40749	
14.3689	18.2594	12.8503	12.5443	4.9005	0	11.2187	8.0005	14.7409	14.1076	0.735391	11.7783	18.5747	10.9196	10.308	
12.0971	14.5883	5.66381	12.5933	6.77937	11.2187	0	8.76539	8.9366	2.35017	10.4834	9.08307	3.39411	0.760263	6.06698	
11.5439	16.4589	12.7239	3.82796	3.1	8.0005	8.76539	0	15.4112	11.1156	7.70746	9.97779	7.22286	8.40762	4.55	
19.5132	18.9855	5.45407	9.03649	8.06253	14.7409	8.9366	15.4112	0	13.1095	25.7361	1.18474	9.90919	8.17634	10.8612	
16.27	15.0042	9.8367	15.2137	9.20706	14.1076	2.35017	11.1156	13.1095	0	12.8335	11.4332	3.81	3.11043	6.48286	
15.2684	19.1589	13.5857	11.5354	5.63589	0.735391	10.4834	7.70746	25.7361	12.8335	0	12.6778	13.8775	11.2436	11.2075	
15.5677	17.8008	4.26933	7.85175	6.87779	11.7783	9.08307	9.97779	1.18474	11.4332	12.6778	0	11.0939	9.17288	12.0459	
17.514	11.1942	11.0806	15.5598	8.08036	18.5747	3.39411	7.22286	9.90919	3.81	13.8775	11.0939	0	4.15438	2.67286	
11.3369	17.3712	4.90355	12.2356	6.01911	10.9196	0.760263	8.40762	8.17634	3.11043	11.2436	9.17288	4.15438	0	8.84996	
14.8759	13.867	13.75	8.37796	5.40749	10.308	6.06698	4.55	10.8612	6.48286	11.2075	12.0459	2.67286	8.84996	0	

0	24.6793	21.5471	20.7445	13.1305	10.7611	19.1196	19.3371	16.7045	25.1374	12.8965	12.751	21.1623	17.7958	19.1652	
24.6793	0	22.2834	14.746	28.0821	28.5581	13.3797	19.9821	16.8582	20.1769	25.0732	16.3674	23.4536	11.3226	18.6983	
21.5471	22.2834	0	14.3843	17.9373	22.5137	9.51904	14.9957	7.46073	7.12764	20.0868	16.0057	8.47764	10.9609	5	
20.7445	14.746	14.3843	0	9.2024	11.5719	5.48063	12.9044	10.5592	12.2778	11.5024	8.46831	15.2287	3.42345	10.7992	
13.1305	28.0821	17.9373	9.2024	0	2.36947	4.4883	7.39117	12.245	6.8797	2.3	10.8569	6.25606	6.54548	14.7057	
10.7611	28.5581	22.5137	11.5719	2.36947	0	6.85777	7.22663	14.6145	11.7512	2.13546	17.0803	10.4012	18.057	16.9349	
19.1196	13.3797	9.51904	5.48063	4.4883	6.85777	0	7.57608	9.1929	2.3914	6.7883	6.36859	1.76777	2.05718	8.30143	
19.3371	19.9821	14.9957	12.9044	7.39117	7.22663	7.57608	0	16.6166	7.15831	5.09117	14.5258	5.80831	9.48093	12.342	
16.7045	16.8582	7.46073	10.5592	12.245	14.6145	9.1929	16.6166	0	8.43291	14.545	8.0239	8.9944	7.13571	2.46073	
25.1374	20.1769	7.12764	12.2778	6.8797	11.7512	2.3914	7.15831	8.43291	0	14.2692	8.75999	1.35	4.44858	7.88367	
12.8965	25.0732	20.0868	11.5024	2.3	2.13546	6.7883	5.09117	14.545	14.2692	0	17.0108	10.8995	14.2878	18.9968	
12.751	16.3674	16.0057	8.46831	10.8569	17.0803	6.36859	14.5258	8.0239	8.75999	17.0108	0	8.13635	5.04486	10.4846	
21.1623	23.4536	8.47764	15.2287	6.25606	10.4012	1.76777	5.80831	8.9944	1.35	10.8995	8.13635	0	3.82495	6.53367	
17.7958	11.3226	10.9609	3.42345	6.54548	18.057	2.05718	9.48093	7.13571	4.44858	14.2878	5.04486	3.82495	0	7.37574	
19.1652	18.6983	5	10.7992	14.7057	16.9349	8.30143	12.342	2.46073	7.88367	18.9968	10.4846	6.53367	7.37574	0	

0	20.6	15.3316	7.84245	12.6401	11.4553	11.5224	19.3717	13.3636	24.2606	11.8796	16.4794	17.044	22.5462	15.5698	
20.6	0	22.1536	14.5412	19.8378	17.8551	10.8612	14.1482	23.8411	14.8193	32.3343	17.543	21.4678	14.4389	21.9802	
15.3316	22.1536	0	13.5733	13.1816	10.6049	11.6182	12.8333	10.6447	11.75	10.1806	4.93642	9.96944	9.66288	15.8218	
7.84245	14.5412	13.5733	0	7.91835	9.10308	3.68	6.96702	14.3452	7.63818	11.5683	8.63693	13.6699	7.25771	14.799	
12.6401	19.8378	13.1816	7.91835	0	1.18474	8.17866	5.85	9.33314	12.9348	1.609	12.5608	6.77344	11.0674	11.57	
11.4553	17.8551	10.6049	9.10308	1.18474	0	6.99392	7.03474	8.1484	10.8987	0.424264	9.33504	5.5887	9.18433	8.55855	
11.5224	10.8612	11.6182	3.68	8.17866	6.99392	0	3.28702	12.3901	3.95818	7.41818	6.6818	7.17333	3.57771	9.00702	
19.3717	14.1482	12.8333	6.96702	5.85	7.03474	3.28702	0	7.92617	7.2452	8.34063	7.8969	8.68985	6.86473	5.72	
13.3636	23.8411	10.6447	14.3452	9.33314	8.1484	12.3901	7.92617	0	11.6052	8.57267	5.70827	5.17602	15.1998	2.20617	
24.2606	14.8193	11.75	7.63818	12.9348	10.8987	3.95818	7.2452	11.6052	0	11.6952	10.343	5.31	2.0871	8.27985	
11.8796	32.3343	10.1806	11.5683	1.609	0.424264	7.41818	8.34063	8.57267	11.6952	0	8.91078	6.01297	13.7823	15.5219	
16.4794	17.543	4.93642	8.63693	12.5608	9.33504	6.6818	7.8969	5.70827	10.343	8.91078	0	5.03302	8.62864	7.91445	
17.044	21.4678	9.96944	13.6699	6.77344	5.5887	7.17333	8.68985	5.17602	5.31	6.01297	5.03302	0	3.59562	2.96985	
22.5462	14.4389	9.66288	7.25771	11.0674	9.18433	3.57771	6.86473	15.1998	2.0871	13.7823	8.62864	3.59562	0	6.56547	
15.5698	21.9802	15.8218	14.799	11.57	8.55855	9.00702	5.72	2.20617	8.27985	15.5219	7.91445	2.96985	6.56547	0	

0	21.6198	26.5899	17.2028	11.8646	29.492	12.7607	21.6065	12.5234	11.9311	16.1621	10.0462	9.62107	14.323	17.8377	
21.6198	0	15.4923	22.0095	19.3826	19.8701	7.12764	23.943	17.3674	13.972	17.9326	9.84212	10.5217	8.89413	21.1407	
26.5899	15.4923	0	21.2436	20.082	23.5575	8.36462	19.6818	18.6044	15.209	24.3795	11.0791	11.7587	10.1311	22.3776	
17.2028	22.0095	21.2436	0	14.0335	21.9406	5.70346	25.6307	16.3723	5.83433	20.0031	9.08478	8.20919	3.93697	24.087	
11.8646	19.3826	20.082	14.0335	0	2.26177	5.63768	6.13749	12.5098	4.55357	1.45	11.8414	2.24357	6.94554	4.36394	
29.492	19.8701	23.5575	21.9406	2.26177	0	18.0935	3.87572	12.2263	11.2058	1.93747	14.3806	4.50534	12.3583	4.08044	
12.7607	7.12764	8.36462	5.70346	5.63768	18.0935	0	15.3795	5.19166	3.66386	9.93518	2.71448	3.39411	1.76649	11.6107	
21.6065	23.943	19.6818	25.6307	6.13749	3.87572	15.3795	0	8.76694	14.2954	5.81319	11.2441	10.8436	16.6874	7.95616	
12.5234	17.3674	18.6044	16.3723	12.5098	12.2263	5.19166	8.76694	0	10.4731	14.7773	2.47718	12.075	7.62499	8.14587	
11.9311	13.972	15.209	5.83433	4.55357	11.2058	3.66386	14.2954	10.4731	0	8.85107	7.04518	2.31	1.89737	10.5266	
16.1621	17.9326	24.3795	20.0031	1.45	1.93747	9.93518	5.81319	14.7773	8.85107	0	16.1389	3.69357	11.243	5.81394	
10.0462	9.84212	11.0791	9.08478	11.8414	14.3806	2.71448	11.2441	2.47718	7.04518	16.1389	0	6.10859	4.48097	10.3001	
9.62107	10.5217	11.7587	8.20919	2.24357	4.50534	3.39411	10.8436	12.075	2.31	3.69357	6.10859	0	4.20737	6.60751	
14.323	8.89413	10.1311	3.93697	6.94554	12.3583	1.76649	16.6874	7.62499	1.89737	11.243	4.48097	4.20737	0	12.9185	
17.8377	21.1407	22.3776	24.087	4.36394	4.08044	11.6107	7.95616	8.14587	10.5266	5.81394	10.3001	6.60751	12.9185	0	

0	29.3704	20.9908	8.98087	27.3857	30.626	11.963	21.2969	23.5536	12.5142	23.1566	18.5136	12.9536	10.1741	36.3245	
29.3704	0	34.4608	14.5445	15.5064	34.3502	16.9815	15.5229	14.9637	10.5082	31.0648	19.8448	11.9182	12.8483	12.5879	
20.9908	34.4608	0	21.473	12.1142	14.8422	11.4809	24.0028	9.70739	13.1567	23.7991	7.33792	14.4778	10.8167	14.5948	
8.98087	14.5445	21.473	0	9.03441	12.9767	10.5096	9.0509	9.88492	4.03629	17.3365	11.1126	3.97271	6.37637	6.24959	
27.3857	15.5064	12.1142	9.03441	0	3.55421	9.42008	6.95	7.14572	4.99812	5.40683	4.77624	6.40812	7.33821	12.0332	
30.626	34.3502	14.8422	12.9767	3.55421	0	5.86587	6.34958	9.46977	8.55233	1.85262	7.50431	9.00402	7.65472	11.2809	
11.963	16.9815	11.4809	10.5096	9.42008	5.86587	0	11.4879	10.9055	4.12894	7.71849	10.1283	7.88328	1.78885	8.52967	
21.2969	15.5229	24.0028	9.0509	6.95	6.34958	11.4879	0	7.57145	5.01462	5.02046	9.94092	6.42462	7.3547	9.94733	
23.5536	14.9637	9.70739	9.88492	7.14572	9.46977	10.9055	7.57145	0	5.84863	11.3224	2.36947	4.65276	8.18872	2.37588	
12.5142	10.5082	13.1567	4.03629	4.99812	8.55233	4.12894	5.01462	5.84863	0	10.0351	8.2181	1.41	2.34009	3.68688	
23.1566	31.0648	23.7991	17.3365	5.40683	1.85262	7.71849	5.02046	11.3224	10.0351	0	9.35693	10.8566	12.9825	17.143	
18.5136	19.8448	7.33792	11.1126	4.77624	7.50431	10.1283	9.94092	2.36947	8.2181	9.35693	0	7.13987	8.33946	4.74535	
12.9536	11.9182	14.4778	3.97271	6.40812	9.00402	7.88328	6.42462	4.65276	1.41	10.8566	7.13987	0	3.75009	2.27688	
10.1741	12.8483	10.8167	6.37637	7.33821	7.65472	1.78885	7.3547	8.18872	2.34009	12.9825	8.33946	3.75009	0	10.3185	
36.3245	12.5879	14.5948	6.24959	12.0332	11.2809	8.52967	9.94733	2.37588	3.68688	17.143	4.74535	2.27688	10.3185	0	

0	27.7981	22.791	8.85438	14.0394	17.8628	18.5276	17.0394	23.2715	18.6346	16.6508	20.535	22.8946	19.1855	17.9813	
27.7981	0	24.1496	28.951	18.7543	12.7736	27.765	16.3092	27.578	16.2861	11.1473	29.0033	17.391	24.6432	19.2833	
22.791	24.1496	0	15.3379	10.4978	11.1025	7.20562	7.49784	9.55198	12.9659	12.6597	15.0337	10.4128	3.60555	6.75	
8.85438	28.951	15.3379	0	15.8483	13.4794	11.36	18.5556	12.6058	9.78023	14.919	16.789	11.7902	14.9601	9.12688	
14.0394	18.7543	10.4978	15.8483	0	3.82347	4.4883	3	8.52651	9.31233	5.44981	6.49569	8.25514	8.08837	7.83924	
17.8628	12.7736	11.1025	13.4794	3.82347	0	7.70341	4.53542	7.83144	6.76516	1.62635	10.3192	7.87009	17.7729	4.35247	
18.5276	27.765	7.20562	11.36	4.4883	7.70341	0	7.4883	4.03822	4.82403	9.96285	5.42896	6.83403	3.60007	3.35094	
17.0394	16.3092	7.49784	18.5556	3	4.53542	7.4883	0	11.5136	7.26514	5.16188	9.49569	5.25514	11.1034	8.88789	
23.2715	27.578	9.55198	12.6058	8.52651	7.83144	4.03822	11.5136	0	8.26843	12.5022	9.10093	6.25843	5.94643	3.47897	
18.6346	16.2861	12.9659	9.78023	9.31233	6.76516	4.82403	7.26514	8.26843	0	5.13881	10.253	2.01	8.4241	5.67281	
16.6508	11.1473	12.6597	14.919	5.44981	1.62635	9.96285	5.16188	12.5022	5.13881	0	15.4957	6.24375	14.4992	5.97882	
20.535	29.0033	15.0337	16.789	6.49569	10.3192	5.42896	9.49569	9.10093	10.253	15.4957	0	13.3486	9.02903	8.7799	
22.8946	17.391	10.4128	11.7902	8.25514	7.87009	6.83403	5.25514	6.25843	2.01	6.24375	13.3486	0	11.3703	3.66281	
19.1855	24.6432	3.60555	14.9601	8.08837	17.7729	3.60007	11.1034	5.94643	8.4241	14.4992	9.02903	11.3703	0	6.95101	
17.9813	19.2833	6.75	9.12688	7.83924	4.35247	3.35094	8.88789	3.47897	5.67281	5.97882	8.7799	3.66281	6.95101	0	

0	25.903	35.7717	12.5226	18.3197	16.0026	23.1318	19.0845	10.4403	24.7219	14.3197	17.4949	17.323	22.621	25.5441	
25.903	0	16.6152	32.2067	19.0246	16.7075	23.9791	20.2572	25.6823	31.9064	15.0246	27.3524	27.4064	29.6191	29.1949	
35.7717	16.6152	0	19.1882	12.5539	13.954	20.3375	17.5039	21.0633	17.4231	16.5539	14.0087	21.9231	18.127	24.5073	
12.5226	32.2067	19.1882	0	6.63429	8.03443	14.5584	11.5843	13.0145	9.30035	10.6343	17.9062	4.80035	7.01304	10.0471	
18.3197	19.0246	12.5539	6.63429	0	1.40014	9.30352	4.95	11.0901	12.3638	3.08306	9.14652	8.38602	8.54325	11.9534	
16.0026	16.7075	13.954	8.03443	1.40014	0	10.6374	6.35014	9.68999	11.4859	1.68291	7.74638	6.98588	9.19857	12.2326	
23.1318	23.9791	20.3375	14.5584	9.30352	10.6374	0	14.1871	12.6915	4.98896	8.95454	4.87852	2.97295	0.760263	7.96838	
19.0845	20.2572	17.5039	11.5843	4.95	6.35014	14.1871	0	15.8903	15.0439	5.23259	16.2219	11.0635	13.2761	16.3102	
10.4403	25.6823	21.0633	13.0145	11.0901	9.68999	12.6915	15.8903	0	12.7142	10.6577	7.05457	8.2142	10.4269	13.4609	
24.7219	31.9064	17.4231	9.30035	12.3638	11.4859	4.98896	15.0439	12.7142	0	13.9435	9.30439	4.5	5.18614	9.74673	
14.3197	15.0246	16.5539	10.6343	3.08306	1.68291	8.95454	5.23259	10.6577	13.9435	0	9.42929	8.66879	9.7148	14.1703	
17.4949	27.3524	14.0087	17.9062	9.14652	7.74638	4.87852	16.2219	7.05457	9.30439	9.42929	0	6.33094	4.11825	11.3264	
17.323	27.4064	21.9231	4.80035	8.38602	6.98588	2.97295	11.0635	8.2142	4.5	8.66879	6.33094	0	2.21269	5.24673	
22.621	29.6191	18.127	7.01304	8.54325	9.19857	0.760263	13.2761	10.4269	5.18614	9.7148	4.11825	2.21269	0	7.20811	
25.5441	29.1949	24.5073	10.0471	11.9534	12.2326	7.96838	16.3102	13.4609	9.74673	14.1703	11.3264	5.24673	7.20811	0	

0	13.6654	18.2191	5.18614	18.6687	15.5168	9.45857	20.4674	16.8343	9.77271	14.2573	21.0631	15.9806	6.10447	21.932	
13.6654	0	19.3001	18.8515	26.1487	31.0228	23.7021	34.1328	24.7915	22.4659	29.9849	16.4983	19.8927	19.7698	33.9383	
18.2191	19.3001	0	15.3379	13.3924	10.2802	10.0056	11.8716	9.19416	15.1726	11.652	2.80175	6.19611	12.1147	20.0456	
5.18614	18.8515	15.3379	0	13.4826	10.3306	16.16	13.031	11.6482	13.1955	9.07117	18.1396	14.9955	11.2906	19.5576	
18.6687	26.1487	13.3924	13.4826	0	3.17725	7.11836	1.75	4.19829	3.68283	4.54903	8.3914	4.99704	7.35107	12.4278	
15.5168	31.0228	10.2802	10.3306	3.17725	0	14.0392	2.96864	7.37553	6.86007	1.37179	13.082	8.17429	19.403	14.4307	
9.45857	23.7021	10.0056	16.16	7.11836	14.0392	0	14.9365	14.278	3.92132	12.6674	5.51568	2.12132	3.3541	8.07272	
20.4674	34.1328	11.8716	13.031	1.75	2.96864	14.9365	0	5.94829	5.43283	3.9598	14.6733	6.74704	21.1979	14.1778	
16.8343	24.7915	9.19416	11.6482	4.19829	7.37553	14.278	5.94829	0	7.88111	10.8983	8.29315	9.19532	17.6321	12.7279	
9.77271	22.4659	15.1726	13.1955	3.68283	6.86007	3.92132	5.43283	7.88111	0	7.61962	5.19436	1.8	3.66824	12.0845	
14.2573	29.9849	11.652	9.07117	4.54903	1.37179	12.6674	3.9598	10.8983	7.61962	0	13.4866	9.41962	11.2879	13.0589	
21.0631	16.4983	2.80175	18.1396	8.3914	13.082	5.51568	14.6733	8.29315	5.19436	13.4866	0	3.39436	10.5579	14.8778	
15.9806	19.8927	6.19611	14.9955	4.99704	8.17429	2.12132	6.74704	9.19532	1.8	9.41962	3.39436	0	5.46824	10.194	
6.10447	19.7698	12.1147	11.2906	7.35107	19.403	3.3541	21.1979	17.6321	3.66824	11.2879	10.5579	5.46824	0	11.4268	
21.932	33.9383	20.0456	19.5576	12.4278	14.4307	8.07272	14.1778	12.7279	12.0845	13.0589	14.8778	10.194	11.4268	0	

0	14.4812	21.3971	15.3206	13.7129	17.1594	19.1855	16.6304	25.5724	11.2318	16.4129	23.7902	7.87179	19.0274	17.5733	
14.4812	0	15.4284	12.6491	17.4006	22.3963	7.9301	12.0725	16.3947	12.133	23.6266	24.2112	9.65013	7.32636	19.3516	
21.3971	15.4284	0	17.7919	8.10785	15.7875	10.7085	22.4887	4.50694	5.34573	17.0179	6.49945	8.70573	10.1524	16.3863	
15.3206	12.6491	17.7919	0	15.1993	20.6613	3.2	16.2074	9.40155	8.68373	19.7705	6.85411	7.44883	3.80374	6.39862	
13.7129	17.4006	8.10785	15.1993	0	3.44651	8.24585	8.55	12.2831	2.76212	2.7	12.4182	6.12212	7.56878	15.1789	
17.1594	22.3963	15.7875	20.6613	3.44651	0	16.6839	11.5447	15.2186	6.20862	1.23037	15.8647	11.197	15.4847	18.362	
19.1855	7.9301	10.7085	3.2	8.24585	16.6839	0	16.7034	5.64662	5.4104	20.1898	3.65411	8.84373	0.603738	3.19862	
16.6304	12.0725	22.4887	16.2074	8.55	11.5447	16.7034	0	25.168	11.3121	11.25	20.9682	8.75857	16.0997	18.4601	
25.5724	16.3947	4.50694	9.40155	12.2831	15.2186	5.64662	25.168	0	9.52103	13.9883	1.99251	12.881	6.80529	9.40017	
11.2318	12.133	5.34573	8.68373	2.76212	6.20862	5.4104	11.3121	9.52103	0	5.46212	9.13784	3.36	4.80666	8.68236	
16.4129	23.6266	17.0179	19.7705	2.7	1.23037	20.1898	11.25	13.9883	5.46212	0	15.1182	10.4505	14.7382	17.8789	
23.7902	24.2112	6.49945	6.85411	12.4182	15.8647	3.65411	20.9682	1.99251	9.13784	15.1182	0	14.9678	4.25785	6.85273	
7.87179	9.65013	8.70573	7.44883	6.12212	11.197	8.84373	8.75857	12.881	3.36	10.4505	14.9678	0	8.16666	9.70151	
19.0274	7.32636	10.1524	3.80374	7.56878	15.4847	0.603738	16.0997	6.80529	4.80666	14.7382	4.25785	8.16666	0	3.80236	
17.5733	19.3516	16.3863	6.39862	15.1789	18.362	3.19862	18.4601	9.40017	8.68236	17.8789	6.85273	9.70151	3.80236	0	

0	9.58616	34.2456	8.4749	22.8135	30.4893	20.4749	22.4035	26.3096	19.6523	26.434	33.3749	27.4055	12.9254	27.8635	
9.58616	0	19.2573	18.0611	25.7864	20.9032	19.5425	27.0591	27.0986	22.1036	23.1942	27.3524	18.8786	15.6518	22.6923	
34.2456	19.2573	0	8.05603	20.3186	23.2156	4.26432	18.1198	15.0524	10.6551	22.1503	15.3426	6.83239	3.60555	10.646	
8.4749	18.0611	8.05603	0	14.3386	22.3625	8.34124	15.3119	15.8974	11.1774	16.6386	16.1875	7.67732	4.45048	11.491	
22.8135	25.7864	20.3186	14.3386	0	4.59103	10.0736	3.5	6.1225	3.68283	2.3	10.2526	4.28318	7.51002	8.5516	
30.4893	20.9032	23.2156	22.3625	4.59103	0	18.9513	6.32153	9.39618	11.7067	2.29103	18.8545	12.3071	15.3374	8.2969	
20.4749	19.5425	4.26432	8.34124	10.0736	18.9513	0	12.9215	14.5664	6.39081	18.3543	11.4843	7.1176	3.89076	10.9312	
22.4035	27.0591	18.1198	15.3119	3.5	6.32153	12.9215	0	9.6225	6.53067	4.03051	13.5294	7.56003	10.7869	5.46	
26.3096	27.0986	15.0524	15.8974	6.1225	9.39618	14.5664	9.6225	0	9.80532	7.10515	8.07775	10.4057	11.4469	6.61852	
19.6523	22.1036	10.6551	11.1774	3.68283	11.7067	6.39081	6.53067	9.80532	0	5.98283	9.9594	3.99	7.21684	11.9907	
26.434	23.1942	22.1503	16.6386	2.3	2.29103	18.3543	4.03051	7.10515	5.98283	0	15.1829	6.58318	13.2921	6.2516	
33.3749	27.3524	15.3426	16.1875	10.2526	18.8545	11.4843	13.5294	8.07775	9.9594	15.1829	0	5.9694	9.19624	11.5877	
27.4055	18.8786	6.83239	7.67732	4.28318	12.3071	7.1176	7.56003	10.4057	3.99	6.58318	5.9694	0	3.22684	10.2673	
12.9254	15.6518	3.60555	4.45048	7.51002	15.3374	3.89076	10.7869	11.4469	7.21684	13.2921	9.19624	3.22684	0	7.04048	
27.8635	22.6923	10.646	11.491	8.5516	8.2969	10.9312	5.46	6.61852	11.9907	6.2516	11.5877	10.2673	7.04048	0	

0	22.2624	24.862	17.2028	17.5122	18.4509	12.2461	13.9861	21.9867	10.1377	21.9791	13.0729	9.91262	12.9205	13.9714	
22.2624	0	17.802	5.05964	17.4213	24.4911	23.3399	19.2977	12.5233	14.0637	18.3175	13.025	12.8395	19.9563	17.4447	
24.862	17.802	0	22.6727	13.0105	8.07733	9.84073	14.8869	8.11249	16.6026	9.85924	13.4751	12.1742	11.5178	13.034	
17.2028	5.05964	22.6727	0	16.6522	15.0398	10.1133	12.8524	14.5602	9.00402	13.2579	10.9402	7.77988	11.7868	11.8387	
17.5122	17.4213	13.0105	16.6522	0	6.83916	11.2057	2.3	4.898	6.14843	8.2	11.9526	7.09458	12.331	3.03579	
18.4509	24.4911	8.07733	15.0398	6.83916	0	10.8717	9.13916	11.7372	11.9283	1.78191	11.6986	8.5383	17.4813	8.70494	
12.2461	23.3399	9.84073	10.1133	11.2057	10.8717	0	8.32616	9.11009	4.45986	18.7827	5.49372	2.33345	1.67705	6.39225	
13.9861	19.2977	14.8869	12.8524	2.3	9.13916	8.32616	0	6.77445	3.84843	10.3238	7.16204	5.9927	6.63123	5.33579	
21.9867	12.5233	8.11249	14.5602	4.898	11.7372	9.11009	6.77445	0	10.2158	13.098	7.05457	8.98026	7.43303	4.92146	
10.1377	14.0637	16.6026	9.00402	6.14843	11.9283	4.45986	3.84843	10.2158	0	14.1722	3.31361	3.39	2.7828	7.20187	
21.9791	18.3175	9.85924	13.2579	8.2	1.78191	18.7827	10.3238	13.098	14.1722	0	20.043	10.3202	20.4597	10.4869	
13.0729	13.025	13.4751	10.9402	11.9526	11.6986	5.49372	7.16204	7.05457	3.31361	20.043	0	3.16027	6.09641	7.21906	
9.91262	12.8395	12.1742	7.77988	7.09458	8.5383	2.33345	5.9927	8.98026	3.39	10.3202	3.16027	0	4.0105	4.05879	
12.9205	19.9563	11.5178	11.7868	12.331	17.4813	1.67705	6.63123	7.43303	2.7828	20.4597	6.09641	4.0105	0	9.98467	
13.9714	17.4447	13.034	11.8387	3.03579	8.70494	6.39225	5.33579	4.92146	7.20187	10.4869	7.21906	4.05879	9.98467	0	

0	24.5393	31.2798	7.33648	26.5973	32.6711	19.799	32.634	21.8967	21.2833	20.3618	19.6376	24.1831	11.2735	19.071	
24.5393	0	31.5061	17.2028	25.6736	25.2836	19.2396	24.5838	21.5637	17.7553	24.7179	25.3967	18.8053	21.1398	28.9374	
31.2798	31.5061	0	14.7536	14.1762	15.4204	11.4809	24.3159	14.9792	12.9652	15.986	7.87158	11.2659	10.8167	21.405	
7.33648	17.2028	14.7536	0	18.111	10.6164	6.19539	23.5646	8.09947	13.1076	13.0253	10.2173	13.9863	3.93697	11.7346	
26.5973	25.6736	14.1762	18.111	0	7.16569	8.05536	6.25277	15.4056	4.72129	6.6	6.30464	3.67129	12.585	7.30486	
32.6711	25.2836	15.4204	10.6164	7.16569	0	8.93786	11.1324	7.70795	11.5164	0.565685	8.71468	12.109	6.67943	5.98465	
19.799	19.2396	11.4809	6.19539	8.05536	8.93786	0	6.96553	5.29273	1.48432	16.5987	7.77843	2.53432	2.25843	19.428	
32.634	24.5838	24.3159	23.5646	6.25277	11.1324	6.96553	0	16.6365	3.63147	11.6981	5.97584	2.58147	12.6308	11.83	
21.8967	21.5637	14.9792	8.09947	15.4056	7.70795	5.29273	16.6365	0	3.80841	8.27364	9.10093	4.85841	4.1625	13.6926	
21.2833	17.7553	12.9652	13.1076	4.72129	11.5164	1.48432	3.63147	3.80841	0	16.808	4.44436	1.05	3.74275	16.0972	
20.3618	24.7179	15.986	13.0253	6.6	0.565685	16.5987	11.6981	8.27364	16.808	0	9.28036	10.2713	7.24512	6.55033	
19.6376	25.3967	7.87158	10.2173	6.30464	8.71468	7.77843	5.97584	9.10093	4.44436	9.28036	0	3.39436	6.28033	13.6095	
24.1831	18.8053	11.2659	13.9863	3.67129	12.109	2.53432	2.58147	4.85841	1.05	10.2713	3.39436	0	6.64249	10.9762	
11.2735	21.1398	10.8167	3.93697	12.585	6.67943	2.25843	12.6308	4.1625	3.74275	7.24512	6.28033	6.64249	0	12.6641	
19.071	28.9374	21.405	11.7346	7.30486	5.98465	19.428	11.83	13.6926	16.0972	6.55033	13.6095	10.9762	12.6641	0	

0	16.9287	18.7805	13.8462	9.371	15.2738	13.6505	8.021	17.2992	15.4035	14.5442	18.212	11.9535	16.8945	8.84828	
16.9287	0	35.8453	18.9737	27.9928	28.9797	32.0838	24.7988	32.7531	34.7356	27.1412	33.9917	28.8822	31.6366	25.777	
18.7805	35.8453	0	16.8716	8.9069	11.1342	5.92765	14.5316	5.40833	8.57947	18.2816	6.64691	6.82704	5.48044	12.75	
13.8462	18.9737	16.8716	0	7.17516	17.2874	13.7987	5.82516	20.3843	16.4505	13.8862	16.1519	13.9384	13.3514	21.3977	
9.371	27.9928	8.9069	7.17516	0	1.40014	11.9026	1.35	3.49857	11.5234	3.23862	4.73716	8.84432	11.3667	3.32039	
15.2738	28.9797	11.1342	17.2874	1.40014	0	18.5	2.75014	4.89871	13.7508	1.83848	6.96449	11.0717	13.8267	4.72053	
13.6505	32.0838	5.92765	13.7987	11.9026	18.5	0	9.81026	4.16187	3.54625	16.4099	2.92329	1.69706	0.447214	8.49348	
8.021	24.7988	14.5316	5.82516	1.35	2.75014	9.81026	0	4.84857	11.5632	6.45	10.3267	8.1132	12.7009	4.67039	
17.2992	32.7531	5.40833	20.3843	3.49857	4.89871	4.16187	4.84857	0	8.02487	7.56438	1.23859	5.34575	5.15093	6.81896	
15.4035	34.7356	8.57947	16.4505	11.5234	13.7508	3.54625	11.5632	8.02487	0	15.5936	7.01137	3.45	3.09903	11.1453	
14.5442	27.1412	18.2816	13.8862	3.23862	1.83848	16.4099	6.45	7.56438	15.5936	0	13.4866	14.7044	13.7422	5.6959	
18.212	33.9917	6.64691	16.1519	4.73716	6.96449	2.92329	10.3267	1.23859	7.01137	13.4866	0	4.62034	3.3705	9.36376	
11.9535	28.8822	6.82704	13.9384	8.84432	11.0717	1.69706	8.1132	5.34575	3.45	14.7044	4.62034	0	2.14427	9.00854	
16.8945	31.6366	5.48044	13.3514	11.3667	13.8267	0.447214	12.7009	5.15093	3.09903	13.7422	3.3705	2.14427	0	8.04627	
8.84828	25.777	12.75	21.3977	3.32039	4.72053	8.49348	4.67039	6.81896	11.1453	5.6959	9.36376	9.00854	8.04627	0	

0	4.28318	19.3727	7.71596	14.0394	11.9704	15.876	15.1894	11.2755	16.9013	9.9905	17.5223	15.4958	19.8476	14.2454	
4.28318	0	42.5206	11.9991	18.3225	32.2462	30.3047	22.2613	15.5587	33.3365	14.2737	41.8414	35.7065	39.2816	38.1865	
19.3727	42.5206	0	11.6568	15.3619	9.54593	6.39648	15.5657	12.9698	8.78788	11.5258	15.5978	11.8412	8.29713	10	
7.71596	11.9991	11.6568	0	9.92147	12.8978	8.16	14.6461	18.6311	10.1499	15.3512	20.5211	7.77988	10.0607	13.5216	
14.0394	18.3225	15.3619	9.92147	0	5.81598	7.58631	1.15	5.13497	4.51159	7.2	5.54044	2.14159	6.93575	7.8833	
11.9704	32.2462	9.54593	12.8978	5.81598	0	4.73782	6.01973	10.0047	7.12922	1.9799	6.05186	7.95757	6.63847	8.2315	
15.876	30.3047	6.39648	8.16	7.58631	4.73782	0	10.7576	10.1442	2.3914	6.71771	10.7897	4.7614	1.90066	11.1864	
15.1894	22.2613	15.5657	14.6461	1.15	6.01973	10.7576	0	3.98497	11.6724	7.49533	6.69044	3.29159	13.9531	6.95482	
11.2755	15.5587	12.9698	18.6311	5.13497	10.0047	10.1442	3.98497	0	7.75284	9.22145	6.24679	8.71156	13.0277	2.96985	
16.9013	33.3365	8.78788	10.1499	4.51159	7.12922	2.3914	11.6724	7.75284	0	6.91082	8.50493	2.37	4.29206	8.11171	
9.9905	14.2737	11.5258	15.3512	7.2	1.9799	6.71771	7.49533	9.22145	6.91082	0	8.03176	9.28082	9.85707	6.2516	
17.5223	41.8414	15.5978	20.5211	5.54044	6.05186	10.7897	6.69044	6.24679	8.50493	8.03176	0	7.68203	13.2814	9.21664	
15.4958	35.7065	11.8412	7.77988	2.14159	7.95757	4.7614	3.29159	8.71156	2.37	9.28082	7.68203	0	4.79416	5.74171	
19.8476	39.2816	8.29713	10.0607	6.93575	6.63847	1.90066	13.9531	13.0277	4.29206	9.85707	13.2814	4.79416	0	10.0578	
14.2454	38.1865	10	13.5216	7.8833	8.2315	11.1864	6.95482	2.96985	8.11171	6.2516	9.21664	5.74171	10.0578	0	

0	24.2713	17.6456	11.9681	22.323	13.5552	8.76812	8.35015	23.3346	10.764	23.838	13.5539	6.41405	9.30478	16.8085	
24.2713	0	24.7	25.204	20.3704	29.5262	16.1093	18.0385	15.8596	9.05884	30.5339	17.0115	13.4088	12.2211	24.8053	
17.6456	24.7	0	18.2891	15.4104	18.3727	8.18043	13.1677	15.6841	10.806	23.923	9.80585	11.2316	7.64377	21.6261	
11.9681	25.204	18.2891	0	21.0989	27.4921	3.2	12.6489	6.98891	10.2505	18.2698	9.41223	14.585	3.73666	18.3689	
22.323	20.3704	15.4104	21.0989	0	2.31562	8.30325	8.45	17.7153	10.9289	3.47528	9.92868	9.45674	7.7666	3.03579	
13.5552	29.5262	18.3727	27.4921	2.31562	0	16.2295	9.07722	20.858	11.4911	1.15966	14.281	7.14112	10.0822	5.35141	
8.76812	16.1093	8.18043	3.2	8.30325	16.2295	0	13.7023	10.1889	3.69893	15.0698	2.69874	5.05423	0.536656	19.6465	
8.35015	18.0385	13.1677	12.6489	8.45	9.07722	13.7023	0	8.29538	6.2861	12.4451	5.87205	1.9361	6.45368	5.72	
23.3346	15.8596	15.6841	6.98891	17.7153	20.858	10.1889	8.29538	0	6.80074	17.5957	2.42332	9.56319	4.58541	14.6795	
10.764	9.05884	10.806	10.2505	10.9289	11.4911	3.69893	6.2861	6.80074	0	18.7615	5.32436	4.35	3.16228	14.3473	
23.838	30.5339	23.923	18.2698	3.47528	1.15966	15.0698	12.4451	17.5957	18.7615	0	15.1724	8.30078	15.2166	10.4858	
13.5539	17.0115	9.80585	9.41223	9.92868	14.281	2.69874	5.87205	2.42332	5.32436	15.1724	0	6.67966	2.16208	11.5921	
6.41405	13.4088	11.2316	14.585	9.45674	7.14112	5.05423	1.9361	9.56319	4.35	8.30078	6.67966	0	4.51758	7.6561	
9.30478	12.2211	7.64377	3.73666	7.7666	10.0822	0.536656	6.45368	4.58541	3.16228	15.2166	2.16208	4.51758	0	10.8024	
16.8085	24.8053	21.6261	18.3689	3.03579	5.35141	19.6465	5.72	14.6795	14.3473	10.4858	11.5921	7.6561	10.8024	0	

0	17.5406	12.431	17.5823	18.173	18.2957	15.8259	12.0331	17.8694	13.5169	23.0185	18.835	9.91262	16.2365	13.8495	
17.5406	0	29.0607	26.0572	25.2572	24.387	22.8231	27.0591	18.7849	23.1374	25.2026	24.6009	27.4532	31.7184	23.7064	
12.431	29.0607	0	26.3443	13.2078	13.2978	4.26432	8.96006	8.30253	6.57326	10.9078	6.404	13.2446	6.38858	15.1973	
17.5823	26.0572	26.3443	0	21.9994	18.9421	9.45006	15.8594	11.4936	7.14112	31.5948	14.9833	10.8011	9.86068	14.343	
18.173	25.2572	13.2078	21.9994	0	4.69002	10.0957	5.4	6.47236	10.8248	2.3	11.2719	7.5205	9.12575	11.3938	
18.2957	24.387	13.2978	18.9421	4.69002	0	14.11	10.3078	11.4267	11.801	2.39002	16.2263	8.38305	14.0801	8.02487	
15.8259	22.8231	4.26432	9.45006	10.0957	14.11	0	4.69574	4.03822	2.30894	15.1721	8.87426	5.96894	2.12426	8.95968	
12.0331	27.0591	8.96006	15.8594	5.4	10.3078	4.69574	0	8.73396	5.7805	7.7	10.1242	2.1205	6.82001	14.3959	
17.8694	18.7849	8.30253	11.4936	6.47236	11.4267	4.03822	8.73396	0	4.35247	8.77236	5.81598	8.01247	6.16248	4.92146	
13.5169	23.1374	6.57326	7.14112	10.8248	11.801	2.30894	5.7805	4.35247	0	14.191	7.84221	3.66	2.71956	7.20187	
23.0185	25.2026	10.9078	31.5948	2.3	2.39002	15.1721	7.7	8.77236	14.191	0	13.5719	10.5604	11.4257	9.16901	
18.835	24.6009	6.404	14.9833	11.2719	16.2263	8.87426	10.1242	5.81598	7.84221	13.5719	0	11.3536	10.5618	10.5342	
9.91262	27.4532	13.2446	10.8011	7.5205	8.38305	5.96894	2.1205	8.01247	3.66	10.5604	11.3536	0	6.37956	10.8619	
16.2365	31.7184	6.38858	9.86068	9.12575	14.0801	2.12426	6.82001	6.16248	2.71956	11.4257	10.5618	6.37956	0	9.92143	
13.8495	23.7064	15.1973	14.343	11.3938	8.02487	8.95968	14.3959	4.92146	7.20187	9.16901	10.5342	10.8619	9.92143	0	

0	19.5802	24.4477	17.4558	25.9403	25.9161	21.1358	25.5587	16.8755	23.7675	25.2841	15.8547	18.3675	17.3781	10.0024	
19.5802	0	11.0768	12.1431	17.6252	11.2972	13.5879	10.7581	18.4457	7.60942	13.8027	14.3471	13.0094	10.8349	21.5249	
24.4477	11.0768	0	13.8041	16.1599	11.039	17.1992	9.05989	14.963	12.2086	12.7258	16.2662	7.48772	15.6931	18.4762	
17.4558	12.1431	13.8041	0	13.1745	14.089	3.68	11.8193	10.6027	9.6585	19.4732	14.6566	15.1351	5.53594	20.509	
25.9403	17.6252	16.1599	13.1745	0	4.68509	9.49447	6.66418	10.1908	8.37291	5.54776	10.6988	14.2912	11.3504	15.9379	
25.9161	11.2972	11.039	14.089	4.68509	0	9.66632	1.97909	5.50568	3.68782	0.86267	5.67931	9.08782	6.91334	12.3788	
21.1358	13.5879	17.1992	3.68	9.49447	9.66632	0	8.13929	6.92266	5.08146	15.9434	4.73871	10.0613	1.85594	9.23168	
25.5587	10.7581	9.05989	11.8193	6.66418	1.97909	8.13929	0	7.48477	3.14871	2.84176	9.88638	7.19124	6.37424	15.4408	
16.8755	18.4457	14.963	10.6027	10.1908	5.50568	6.92266	7.48477	0	9.1935	6.36835	4.36198	11.4738	7.24476	6.87308	
23.7675	7.60942	12.2086	9.6585	8.37291	3.68782	5.08146	3.14871	9.1935	0	4.55049	6.1083	5.4	3.22552	10.6013	
25.2841	13.8027	12.7258	19.4732	5.54776	0.86267	15.9434	2.84176	6.36835	4.55049	0	4.81664	13.5952	7.69941	10.669	
15.8547	14.3471	16.2662	14.6566	10.6988	5.67931	4.73871	9.88638	4.36198	6.1083	4.81664	0	8.77852	2.88278	5.85235	
18.3675	13.0094	7.48772	15.1351	14.2912	9.08782	10.0613	7.19124	11.4738	5.4	13.5952	8.77852	0	8.20539	10.9884	
17.3781	10.8349	15.6931	5.53594	11.3504	6.91334	1.85594	6.37424	7.24476	3.22552	7.69941	2.88278	8.20539	0	7.37574	
10.0024	21.5249	18.4762	20.509	15.9379	12.3788	9.23168	15.4408	6.87308	10.6013	10.669	5.85235	10.9884	7.37574	0	

0	26.7986	15.6065	10.4988	6.52993	13.8538	12.1622	9.02993	18.6525	6.75846	12.3799	13.0256	8.19846	9.41477	14.7835	
26.7986	0	18.3784	16.6968	19.4206	15.4657	14.9341	21.6647	24.8505	21.2012	13.5706	18.3794	22.6389	15.8285	28.5222	
15.6065	18.3784	0	22.2511	13.4687	8.8589	3.44426	10.1748	15.6231	9.71138	16.9482	6.88956	12.5529	4.33868	8.75	
10.4988	16.6968	22.2511	0	10.8217	23.1648	15.0522	8.32166	8.15372	17.2572	19.7061	15.1801	16.884	20.9385	15.0268	
6.52993	19.4206	13.4687	10.8217	0	7.32382	6.71937	2.5	14.0564	5.26118	5.85	6.49569	6.70118	5.82495	8.25354	
13.8538	15.4657	8.8589	23.1648	7.32382	0	5.41465	9.82382	20.1253	10.5103	1.89505	8.85995	10.9633	6.30907	15.0976	
12.1622	14.9341	3.44426	15.0522	6.71937	5.41465	0	6.73056	12.9232	3.55074	7.30969	3.4453	7.70712	0.894427	7.26439	
9.02993	21.6647	10.1748	8.32166	2.5	9.82382	6.73056	0	11.5564	7.76118	8.35	8.99569	12.4464	7.62499	10.7535	
18.6525	24.8505	15.6231	8.15372	14.0564	20.1253	12.9232	11.5564	0	15.4411	22.0011	9.47789	11.1299	12.7848	6.87308	
6.75846	21.2012	9.71138	17.2572	5.26118	10.5103	3.55074	7.76118	15.4411	0	10.5083	9.71242	1.44	2.65631	5.69678	
12.3799	13.5706	16.9482	19.7061	5.85	1.89505	7.30969	8.35	22.0011	10.5083	0	12.3457	9.0683	11.6749	13.3251	
13.0256	18.3794	6.88956	15.1801	6.49569	8.85995	3.4453	8.99569	9.47789	9.71242	12.3457	0	13.2694	4.33973	9.01262	
8.19846	22.6389	12.5529	16.884	6.70118	10.9633	7.70712	12.4464	11.1299	1.44	9.0683	13.2694	0	4.09631	4.25678	
9.41477	15.8285	4.33868	20.9385	5.82495	6.30907	0.894427	7.62499	12.7848	2.65631	11.6749	4.33973	4.09631	0	6.36996	
14.7835	28.5222	8.75	15.0268	8.25354	15.0976	7.26439	10.7535	6.87308	5.69678	13.3251	9.01262	4.25678	6.36996	0	

0	20.3651	23.6577	12.2696	16.5207	15.0319	28.6089	15.6541	19.2973	21.2845	13.3207	34.4899	15.5802	22.4565	16.1577	
20.3651	0	17.7513	8.09543	20.2687	28.1849	17.8595	13.0884	12.5233	17.4198	23.4687	17.9084	11.406	18.767	15.6628	
23.6577	17.7513	0	12.2703	19.2637	16.71	5.1804	17.2633	5.22805	4.35578	20.0032	5.06983	5.85578	11.4718	7.5	
12.2696	8.09543	12.2703	0	6.993	16.0429	10.4714	4.993	11.5248	4.81059	7.32645	10.3334	3.31059	6.99841	7.27039	
16.5207	20.2687	19.2637	6.993	0	4.9112	7.47837	2	14.9032	8.53665	3.2	14.0595	7.03665	10.7245	10.9964	
15.0319	28.1849	16.71	16.0429	4.9112	0	13.1788	4.04465	16.0766	12.3542	1.7112	15.226	6.617	10.847	14.2144	
28.6089	17.8595	5.1804	10.4714	7.47837	13.1788	0	5.47837	5.33622	0.824621	7.81182	3.69641	2.32462	3.75659	5.95137	
15.6541	13.0884	17.2633	4.993	2	4.04465	5.47837	0	10.8146	6.30299	2.33345	9.8633	7.23926	9.23496	13.7637	
19.2973	12.5233	5.22805	11.5248	14.9032	16.0766	5.33622	10.8146	0	4.89653	13.12	5.38516	6.39653	6.24375	3.13955	
21.2845	17.4198	4.35578	4.81059	8.53665	12.3542	0.824621	6.30299	4.89653	0	6.4058	2.87179	1.5	4.58122	5.12675	
13.3207	23.4687	20.0032	7.32645	3.2	1.7112	7.81182	2.33345	13.12	6.4058	0	11.9286	4.9058	8.59362	8.8656	
34.4899	17.9084	5.06983	10.3334	14.0595	15.226	3.69641	9.8633	5.38516	2.87179	11.9286	0	4.37179	8.14152	7.99855	
15.5802	11.406	5.85578	3.31059	7.03665	6.617	2.32462	7.23926	6.39653	1.5	4.9058	4.37179	0	3.68782	3.9598	
22.4565	18.767	11.4718	6.99841	10.7245	10.847	3.75659	9.23496	6.24375	4.58122	8.59362	8.14152	3.68782	0	7.64762	
16.1577	15.6628	7.5	7.27039	10.9964	14.2144	5.95137	13.7637	3.13955	5.12675	8.8656	7.99855	3.9598	7.64762	0	

0	27.5347	33.5461	18.632	7.18292	9.39084	20.8204	13.7829	25.9768	21.5196	12.1187	14.0607	19.5226	26.972	13.6174	
27.5347	0	28.2139	20.81	18.2562	20.1498	23.0825	11.6562	26.7716	14.5717	20.9193	29.0699	22.8119	26.9511	18.4162	
33.5461	28.2139	0	10.0282	12.3479	19.5104	5.24839	16.5577	6.60097	7.91659	19.4446	5.47008	6.38659	7.26085	10.7317	
18.632	20.81	10.0282	0	10.0789	7.87096	8.17467	9.15382	17.0961	5.17165	9.2286	15.9652	3.64165	6.16221	9.90919	
7.18292	18.2562	12.3479	10.0789	0	2.20792	9.38346	6.6	8.00867	9.51548	3.56556	6.87779	12.3396	15.65	5.06423	
9.39084	20.1498	19.5104	7.87096	2.20792	0	8.33967	8.4936	14.6798	11.4091	1.35765	9.08571	11.5126	14.0332	2.85631	
20.8204	23.0825	5.24839	8.17467	9.38346	8.33967	0	9.14137	3.63656	5.04825	14.1962	2.50567	6.71751	2.01246	5.48336	
13.7829	11.6562	16.5577	9.15382	6.6	8.4936	9.14137	0	5.77178	2.91548	9.2631	13.4778	4.44548	5.95126	6.76	
25.9768	26.7716	6.60097	17.0961	8.00867	14.6798	3.63656	5.77178	0	2.85631	13.3222	1.13088	4.38631	5.8921	12.3885	
21.5196	14.5717	7.91659	5.17165	9.51548	11.4091	5.04825	2.91548	2.85631	0	12.1786	3.98719	1.53	3.03579	9.67548	
12.1187	20.9193	19.4446	9.2286	3.56556	1.35765	14.1962	9.2631	13.3222	12.1786	0	14.3278	19.7896	16.2087	4.21395	
14.0607	29.0699	5.47008	15.9652	6.87779	9.08571	2.50567	13.4778	1.13088	3.98719	14.3278	0	9.22319	4.51813	7.98903	
19.5226	22.8119	6.38659	3.64165	12.3396	11.5126	6.71751	4.44548	4.38631	1.53	19.7896	9.22319	0	4.56579	10.6915	
26.972	26.9511	7.26085	6.16221	15.65	14.0332	2.01246	5.95126	5.8921	3.03579	16.2087	4.51813	4.56579	0	7.49582	
13.6174	18.4162	10.7317	9.90919	5.06423	2.85631	5.48336	6.76	12.3885	9.67548	4.21395	7.98903	10.6915	7.49582	0	

0	17.9485	17.6238	8.72789	15.3453	10.4139	7.49083	18.452	12.2062	11.2529	12.606	11.5793	9.4094	5.81378	17.5273	
17.9485	0	37.2853	26.6764	26.26	28.3625	8.82469	18.8423	25.0102	11.9583	26.3249	16.9325	13.0673	10.5017	30.5415	
17.6238	37.2853	0	8.89596	18.3814	21.4403	19.7647	17.4393	12.2589	16.6312	21.1783	20.3366	20.4712	18.6513	14.8045	
8.72789	26.6764	8.89596	0	11.3425	12.5443	14.9319	10.8182	15.9986	11.7984	12.9395	12.3011	14.5666	14.5417	13.5245	
15.3453	26.26	18.3814	11.3425	0	4.54203	10.9733	4.47132	4.72756	8.63224	2.35	10.8096	6.73071	10.3263	2.18197	
10.4139	28.3625	21.4403	12.5443	4.54203	0	10.4523	4.31335	12.1539	10.0497	2.19203	11.5845	6.20967	9.15329	8.21336	
7.49083	8.82469	19.7647	14.9319	10.9733	10.4523	0	5.8158	8.06946	3.13356	12.1389	7.4426	4.24264	1.67705	12.4592	
18.452	18.8423	17.4393	10.8182	4.47132	4.31335	5.8158	0	5.18046	2.68224	2.12132	4.85963	4.79416	8.12136	7.72605	
12.2062	25.0102	12.2589	15.9986	4.72756	12.1539	8.06946	5.18046	0	7.8627	7.30178	8.07775	9.97463	6.39241	2.54558	
11.2529	11.9583	16.6312	11.7984	8.63224	10.0497	3.13356	2.68224	7.8627	0	4.80356	7.54187	3.84	4.81061	9.88731	
12.606	26.3249	21.1783	12.9395	2.35	2.19203	12.1389	2.12132	7.30178	4.80356	0	6.98095	6.91548	11.3453	4.53197	
11.5793	16.9325	20.3366	12.3011	10.8096	11.5845	7.4426	4.85963	8.07775	7.54187	6.98095	0	9.36118	5.76555	10.6233	
9.4094	13.0673	20.4712	14.5666	6.73071	6.20967	4.24264	4.79416	9.97463	3.84	6.91548	9.36118	0	3.59562	8.21658	
5.81378	10.5017	18.6513	14.5417	10.3263	9.15329	1.67705	8.12136	6.39241	4.81061	11.3453	5.76555	3.59562	0	8.93799	
17.5273	30.5415	14.8045	13.5245	2.18197	8.21336	12.4592	7.72605	2.54558	9.88731	4.53197	10.6233	8.21658	8.93799	0	

0	19.1522	31.1367	20.7445	10.6972	14.0419	7.89897	17.1484	22.7273	10.344	13.3207	12.0323	6.41405	14.1585	18.5998	
19.1522	0	7.91202	15.579	17.0213	20.6755	13.3881	22.8199	12.1872	9.05884	24.8297	17.3429	12.7382	16.2769	13.4532	
31.1367	7.91202	0	16.7523	18.4615	17.9904	8.94626	12.6098	7.03082	10.1592	17.6886	12.6314	16.1093	8.36488	16.704	
20.7445	15.579	16.7523	0	15.3415	12.5835	8.96883	15.5429	9.64849	6.52015	11.8623	12.8294	10.4502	8.38745	7.56227	
10.6972	17.0213	18.4615	15.3415	0	2.10021	4.83355	2.25	7.82896	8.21318	2.82146	9.60452	4.28318	5.41493	7.7792	
14.0419	20.6755	17.9904	12.5835	2.10021	0	6.93376	3.79326	9.37222	11.6166	0.721249	7.50431	6.38339	10.5783	6.00038	
7.89897	13.3881	8.94626	8.96883	4.83355	6.93376	0	7.08355	7.4576	4.32926	10.4384	7.10318	1.48492	0.581378	8.72362	
17.1484	22.8199	12.6098	15.5429	2.25	3.79326	7.08355	0	5.57896	8.7073	4.51451	11.1795	6.53318	7.15542	10.0292	
22.7273	12.1872	7.03082	9.64849	7.82896	9.37222	7.4576	5.57896	0	3.12834	10.6577	5.60057	7.05834	10.9708	7.5227	
10.344	9.05884	10.1592	6.52015	8.21318	11.6166	4.32926	8.7073	3.12834	0	9.67349	8.28402	3.93	4.91064	4.39436	
13.3207	24.8297	17.6886	11.8623	2.82146	0.721249	10.4384	4.51451	10.6577	9.67349	0	8.22555	10.7832	9.85707	5.27913	
12.0323	17.3429	12.6314	12.8294	9.60452	7.50431	7.10318	11.1795	5.60057	8.28402	8.22555	0	5.61826	10.1927	5.26711	
6.41405	12.7382	16.1093	10.4502	4.28318	6.38339	1.48492	6.53318	7.05834	3.93	10.7832	5.61826	0	2.0663	8.32436	
14.1585	16.2769	8.36488	8.38745	5.41493	10.5783	0.581378	7.15542	10.9708	4.91064	9.85707	10.1927	2.0663	0	12.2368	
18.5998	13.4532	16.704	7.56227	7.7792	6.00038	8.72362	10.0292	7.5227	4.39436	5.27913	5.26711	8.32436	12.2368	0	

0	26.4018	24.1605	11.8902	13.8976	22.1512	12.1622	8.29759	16.2869	14.265	18.6921	19.5718	13.4112	15.5387	13.4976	
26.4018	0	22.5273	20.2329	19.6786	18.3029	14.366	26.8731	10.1149	17.4597	16.4786	13.3999	14.3086	10.9895	16.9032	
24.1605	22.5273	0	12.2703	27.5253	28.003	14.9142	16.4311	23.8311	19.205	26.1787	20.5462	14.8568	11.5378	29.3828	
11.8902	20.2329	12.2703	0	9.76083	16.2339	12.6198	4.16083	20.0354	17.5221	14.5553	16.7504	10.7067	9.24331	9.36083	
13.8976	19.6786	27.5253	9.76083	0	2.04636	5.94896	5.6	9.63427	6.9712	3.2	7.45094	4.1812	7.50023	2.84605	
22.1512	18.3029	28.003	16.2339	2.04636	0	14.0882	7.64636	11.5939	11.9854	1.82434	9.4973	6.22756	21.8765	4.89241	
12.1622	14.366	14.9142	12.6198	5.94896	14.0882	0	8.31364	9.44758	2.10278	17.4723	8.43945	1.76777	3.37646	7.80646	
8.29759	26.8731	16.4311	4.16083	5.6	7.64636	8.31364	0	11.9882	9.33588	8.8	13.0509	6.54588	9.86491	5.2	
16.2869	10.1149	23.8311	20.0354	9.63427	11.5939	9.44758	11.9882	0	7.34479	9.76959	3.28495	9.95663	12.8599	6.78823	
14.265	17.4597	19.205	17.5221	6.9712	11.9854	2.10278	9.33588	7.34479	0	13.8097	9.46168	2.79	5.47925	8.82869	
18.6921	16.4786	26.1787	14.5553	3.2	1.82434	17.4723	8.8	9.76959	13.8097	0	10.6509	7.3812	20.415	6.04605	
19.5718	13.3999	20.5462	16.7504	7.45094	9.4973	8.43945	13.0509	3.28495	9.46168	10.6509	0	6.67168	9.57494	10.0732	
13.4112	14.3086	14.8568	10.7067	4.1812	6.22756	1.76777	6.54588	9.95663	2.79	7.3812	6.67168	0	3.31904	6.03869	
15.5387	10.9895	11.5378	9.24331	7.50023	21.8765	3.37646	9.86491	12.8599	5.47925	20.415	9.57494	3.31904	0	9.35773	
13.4976	16.9032	29.3828	9.36083	2.84605	4.89241	7.80646	5.2	6.78823	8.82869	6.04605	10.0732	6.03869	9.35773	0	

0	11.5107	15.1764	3.92122	17.6657	9.37254	10.748	10.9114	14.658	10.4193	10.7443	22.7654	12.7593	12.0004	14.8131	
11.5107	0	18.9888	7.58947	21.785	17.9201	13.2557	14.5797	24.4847	9.42119	30.6852	25.2161	11.7612	11.0023	24.7388	
15.1764	18.9888	0	19.0189	10.6832	11.1906	4.42833	14.4177	15.8219	8.26282	17.5325	8.8055	14.8575	6.93273	5.75	
3.92122	7.58947	19.0189	0	8.54019	10.3306	14.6692	6.99019	15.6161	11.0222	11.7024	14.0772	11.6	12.6033	15.7712	
17.6657	21.785	10.6832	8.54019	0	7.77179	16.1983	1.55	13.5786	12.3638	6.4	8.63696	6.15977	13.9449	4.93315	
9.37254	17.9201	11.1906	10.3306	7.77179	0	14.476	8.18033	5.28545	5.91056	1.37179	9.657	3.57056	12.6057	5.44059	
10.748	13.2557	4.42833	14.6692	16.1983	14.476	0	16.4892	11.3935	3.83449	13.1042	6.7256	6.17449	2.5044	10.1783	
10.9114	14.5797	14.4177	6.99019	1.55	8.18033	16.4892	0	7.47822	6.94977	7.84889	7.08696	4.60977	11.3082	6.48315	
14.658	24.4847	15.8219	15.6161	13.5786	5.28545	11.3935	7.47822	0	5.20845	6.65724	7.70079	2.86845	11.9036	10.726	
10.4193	9.42119	8.26282	11.0222	12.3638	5.91056	3.83449	6.94977	5.20845	0	16.9387	5.80235	2.34	1.58114	11.4475	
10.7443	30.6852	17.5325	11.7024	6.4	1.37179	13.1042	7.84889	6.65724	16.9387	0	14.9358	4.94235	15.6086	6.81238	
22.7654	25.2161	8.8055	14.0772	8.63696	9.657	6.7256	7.08696	7.70079	5.80235	14.9358	0	6.08644	4.22121	14.5555	
12.7593	11.7612	14.8575	11.6	6.15977	3.57056	6.17449	4.60977	2.86845	2.34	4.94235	6.08644	0	3.92114	9.01115	
12.0004	11.0023	6.93273	12.6033	13.9449	12.6057	2.5044	11.3082	11.9036	1.58114	15.6086	4.22121	3.92114	0	17.4497	
14.8131	24.7388	5.75	15.7712	4.93315	5.44059	10.1783	6.48315	10.726	11.4475	6.81238	14.5555	9.01115	17.4497	0	

0	5.30298	12.157	18.4677	15.1764	7.99104	14.159	10.2962	16.6519	7.60327	7.32636	11.0273	11.6533	11.0185	16.5772	
5.30298	0	13.846	23.7707	24.203	17.7997	17.9973	22.7824	17.0909	12.9062	12.6293	9.55165	18.4741	15.9848	17.5108	
12.157	13.846	0	11.35	10.357	16.5499	6.33912	11.1243	17.9457	4.55377	18.207	7.97783	6.81594	4.32666	16.7603	
18.4677	23.7707	11.35	0	11.5029	6.64112	10.72	11.5888	11.2659	11.1678	7.3058	15.2607	7.11777	9.60704	7.30151	
15.1764	24.203	10.357	11.5029	0	6.19294	14.4261	2.75	10.8177	8.43516	5.71985	14.8671	4.38516	6.87443	10.2734	
7.99104	17.7997	16.5499	6.64112	6.19294	0	7.88833	3.63453	4.62477	11.3464	0.66468	9.19883	7.29636	9.78564	4.08044	
14.159	17.9973	6.33912	10.72	14.4261	7.88833	0	8.81011	5.9131	5.42772	15.2386	9.9798	4.50174	2.01246	3.80789	
10.2962	22.7824	11.1243	11.5888	2.75	3.63453	8.81011	0	9.5725	8.65977	2.96985	14.1466	4.60977	6.79765	9.02817	
16.6519	17.0909	17.9457	11.2659	10.8177	4.62477	5.9131	9.5725	0	10.9633	5.28945	7.53923	11.9211	7.92557	8.70521	
7.60327	12.9062	4.55377	11.1678	8.43516	11.3464	5.42772	8.65977	10.9633	0	11.929	3.42406	4.05	3.41526	10.3636	
7.32636	12.6293	18.207	7.3058	5.71985	0.66468	15.2386	2.96985	5.28945	11.929	0	9.86351	7.57962	9.7675	4.74512	
11.0273	9.55165	7.97783	15.2607	14.8671	9.19883	9.9798	14.1466	7.53923	3.42406	9.86351	0	7.47406	6.83932	7.9592	
11.6533	18.4741	6.81594	7.11777	4.38516	7.29636	4.50174	4.60977	11.9211	4.05	7.57962	7.47406	0	2.48928	11.3768	
11.0185	15.9848	4.32666	9.60704	6.87443	9.78564	2.01246	6.79765	7.92557	3.41526	9.7675	6.83932	2.48928	0	5.82035	
16.5772	17.5108	16.7603	7.30151	10.2734	4.08044	3.80789	9.02817	8.70521	10.3636	4.74512	7.9592	11.3768	5.82035	0	

0	12.7648	10.5753	15.8528	17.3043	18.8122	8.51942	23.3009	20.463	9.01376	21.2543	10.5316	11.3493	6.10447	12.9773	
12.7648	0	11.1312	5.05964	17.68	29.1725	9.07528	9.38691	9.63328	9.56963	24.0656	11.0875	12.674	6.66033	13.5332	
10.5753	11.1312	0	17.1361	10.0431	11.551	6.88584	12.8088	14.1577	7.38018	13.9931	8.898	14.7046	4.47088	11.3437	
15.8528	5.05964	17.1361	0	11.3773	10.347	9.68026	4.32726	13.0603	5.43346	8.71132	8.3752	6.36346	8.34276	10.4373	
17.3043	17.68	10.0431	11.3773	0	1.50785	11.566	7.05	8.04671	9.33859	3.89787	12.7318	10.2686	11.4557	11.4519	
18.8122	29.1725	11.551	10.347	1.50785	0	13.0738	6.01973	9.55456	10.8464	2.39002	14.0403	14.9693	12.9636	9.89194	
8.51942	9.07528	6.88584	9.68026	11.566	13.0738	0	18.616	16.065	4.2468	15.516	6.84207	5.1768	2.41495	9.28781	
23.3009	9.38691	12.8088	4.32726	7.05	6.01973	18.616	0	15.0967	9.76072	4.38406	12.7025	10.6638	12.9829	6.11	
20.463	9.63328	14.1577	13.0603	8.04671	9.55456	16.065	15.0967	0	14.9573	11.9967	4.68509	15.4149	9.11221	10.8612	
9.01376	9.56963	7.38018	5.43346	9.33859	10.8464	4.2468	9.76072	14.9573	0	13.2886	7.33642	0.93	2.9093	5.48377	
21.2543	24.0656	13.9931	8.71132	3.89787	2.39002	15.516	4.38406	11.9967	13.2886	0	16.4303	12.0557	14.3748	7.50192	
10.5316	11.0875	8.898	8.3752	12.7318	14.0403	6.84207	12.7025	4.68509	7.33642	16.4303	0	11.2022	4.42712	11.3	
11.3493	12.674	14.7046	6.36346	10.2686	14.9693	5.1768	10.6638	15.4149	0.93	12.0557	11.2022	0	3.8393	4.55377	
6.10447	6.66033	4.47088	8.34276	11.4557	12.9636	2.41495	12.9829	9.11221	2.9093	14.3748	4.42712	3.8393	0	6.87285	
12.9773	13.5332	11.3437	10.4373	11.4519	9.89194	9.28781	6.11	10.8612	5.48377	7.50192	11.3	4.55377	6.87285	0	

0	31.206	21.0807	3.28877	30.5457	36.4874	17.2534	32.6907	13.3636	7.94602	32.1048	19.018	20.7889	16.2979	19.0487	
31.206	0	36.4652	34.2117	29.584	37.8248	16.2917	33.1964	32.8773	19.1779	31.1432	33.4138	19.8273	20.2719	24.3645	
21.0807	36.4652	0	17.7919	16.7376	8.44448	20.1735	11.4956	16.728	14.6081	9.13744	11.0736	20.831	20.6238	26.8433	
3.28877	34.2117	17.7919	0	25.0443	24.3871	7.54343	24.016	16.6524	4.65725	29.2881	8.19177	5.88725	12.8159	15.399	
30.5457	29.584	16.7376	25.0443	0	6.44296	13.2923	6.2	15.2668	13.8756	5.75	12.8003	11.5473	17.2725	9.5817	
36.4874	37.8248	8.44448	24.3871	6.44296	0	15.5444	3.0511	20.6762	17.8409	0.692965	11.353	8.39843	27.029	17.6111	
17.2534	16.2917	20.1735	7.54343	13.2923	15.5444	0	8.88287	13.7579	2.88617	14.8514	6.42069	3.53553	3.9802	8.07272	
32.6907	33.1964	11.4956	24.016	6.2	3.0511	8.88287	0	13.9563	6.57734	3.74406	8.30187	5.34734	15.7654	14.56	
13.3636	32.8773	16.728	16.6524	15.2668	20.6762	13.7579	13.9563	0	9.18894	19.9832	5.65442	11.6042	16.6707	5.68514	
7.94602	19.1779	14.6081	4.65725	13.8756	17.8409	2.88617	6.57734	9.18894	0	17.7376	3.53452	1.23	6.86637	10.7418	
32.1048	31.1432	9.13744	29.2881	5.75	0.692965	14.8514	3.74406	19.9832	17.7376	0	18.5503	17.156	18.8316	15.3317	
19.018	33.4138	11.0736	8.19177	12.8003	11.353	6.42069	8.30187	5.65442	3.53452	18.5503	0	4.76452	11.0163	11.3396	
20.7889	19.8273	20.831	5.88725	11.5473	8.39843	3.53553	5.34734	11.6042	1.23	17.156	4.76452	0	7.51573	11.6083	
16.2979	20.2719	20.6238	12.8159	17.2725	27.029	3.9802	15.7654	16.6707	6.86637	18.8316	11.0163	7.51573	0	12.0529	
19.0487	24.3645	26.8433	15.399	9.5817	17.6111	8.07272	14.56	5.68514	10.7418	15.3317	11.3396	11.6083	12.0529	0	

0	32.8377	26.5195	17.5823	26.8602	25.5547	22.243	28.765	23.9509	22.081	24.3102	19.3197	20.6999	22.6143	26.1601	
32.8377	0	17.1885	15.0478	13.2126	11.9071	9.79083	15.1174	18.4045	9.63287	10.6626	9.95493	10.3481	6.66033	22.9205	
26.5195	17.1885	0	18.9157	15.5709	15.9423	5.74043	14.3709	10.7882	11.5128	18.8256	8.66371	14.216	8.87092	18.6872	
17.5823	15.0478	18.9157	0	9.84443	18.5684	11.5179	11.0444	18.3278	11.36	12.3944	11.6821	12.0753	8.38745	12.8802	
26.8602	13.2126	15.5709	9.84443	0	3.79451	11.4796	1.2	12.4199	7.23412	2.55	9.93459	9.30412	8.34909	3.03579	
25.5547	11.9071	15.9423	18.5684	3.79451	0	9.45231	5.69928	4.40454	8.68693	1.24451	9.03578	12.84	16.1487	11.7598	
22.243	9.79083	5.74043	11.5179	11.4796	9.45231	0	14.9853	5.04777	5.68463	13.2148	2.92329	6.78584	3.1305	12.9468	
28.765	15.1174	14.3709	11.0444	1.2	5.69928	14.9853	0	11.084	8.43412	3.75	11.1346	11.2829	9.54909	4.23579	
23.9509	18.4045	10.7882	18.3278	12.4199	4.40454	5.04777	11.084	0	7.39258	5.64905	4.63124	8.49379	7.92584	13.5765	
22.081	9.63287	11.5128	11.36	7.23412	8.68693	5.68463	8.43412	7.39258	0	7.44242	2.76134	2.07	2.97254	10.2699	
24.3102	10.6626	18.8256	12.3944	2.55	1.24451	13.2148	3.75	5.64905	7.44242	0	10.2038	9.51242	10.415	5.58579	
19.3197	9.95493	8.66371	11.6821	9.93459	9.03578	2.92329	11.1346	4.63124	2.76134	10.2038	0	3.86255	3.2946	12.9704	
20.6999	10.3481	14.216	12.0753	9.30412	12.84	6.78584	11.2829	8.49379	2.07	9.51242	3.86255	0	3.68782	15.4774	
22.6143	6.66033	8.87092	8.38745	8.34909	16.1487	3.1305	9.54909	7.92584	2.97254	10.415	3.2946	3.68782	0	11.3849	
26.1601	22.9205	18.6872	12.8802	3.03579	11.7598	12.9468	4.23579	13.5765	10.2699	5.58579	12.9704	15.4774	11.3849	0	

0	31.6139	21.2406	15.6849	16.8017	13.8467	18.0193	11.8685	19.1998	9.43559	21.2672	13.0261	6.70559	11.7763	20.5649	
31.6139	0	32.8349	15.2756	14.0433	10.9519	25.1999	20.0171	18.3527	18.7305	9.6933	28.2374	25.6	29.6479	20.1126	
21.2406	32.8349	0	22.6544	20.1495	15.7875	6.22059	14.1363	11.2871	12.3387	17.0462	11.207	10.2627	5.19199	10.2209	
15.6849	15.2756	22.6544	0	9.93226	6.84091	9.12	5.15943	14.2417	8.07257	5.58226	21.7688	10.3224	10.1486	15.5186	
16.8017	14.0433	20.1495	9.93226	0	4.36198	11.2088	6.2	12.9016	8.60297	4.35	10.3167	10.0961	14.7055	7.21829	
13.8467	10.9519	15.7875	6.84091	4.36198	0	6.79732	5.68989	9.91806	4.24099	1.25865	13.4617	6.97099	7.88523	2.85631	
18.0193	25.1999	6.22059	9.12	11.2088	6.79732	0	5.00879	7.12368	2.55633	11.5935	10.0887	5.28633	1.02859	6.05751	
11.8685	20.0171	14.1363	5.15943	6.2	5.68989	5.00879	0	13.5489	7.56512	6.94854	11.4835	5.16294	6.03738	8.54619	
19.1998	18.3527	11.2871	14.2417	12.9016	9.91806	7.12368	13.5489	0	13.2418	8.65941	2.58488	8.90542	6.09509	11.124	
9.43559	18.7305	12.3387	8.07257	8.60297	4.24099	2.55633	7.56512	13.2418	0	5.49964	9.05054	2.73	3.58492	7.0973	
21.2672	9.6933	17.0462	5.58226	4.35	1.25865	11.5935	6.94854	8.65941	5.49964	0	11.2443	8.39977	14.7545	4.11496	
13.0261	28.2374	11.207	21.7688	10.3167	13.4617	10.0887	11.4835	2.58488	9.05054	11.2443	0	6.32054	8.67997	14.0891	
6.70559	25.6	10.2627	10.3224	10.0961	6.97099	5.28633	5.16294	8.90542	2.73	8.39977	6.32054	0	5.07075	9.99743	
11.7763	29.6479	5.19199	10.1486	14.7055	7.88523	1.02859	6.03738	6.09509	3.58492	14.7545	8.67997	5.07075	0	5.02892	
20.5649	20.1126	10.2209	15.5186	7.21829	2.85631	6.05751	8.54619	11.124	7.0973	4.11496	14.0891	9.99743	5.02892	0	

0	19.9882	29.2922	13.2816	17.1414	9.52885	19.7545	12.8805	12.1108	19.0255	8.99145	20.8886	16.1527	19.3951	16.608	
19.9882	0	14.2416	13.6235	21.1377	11.9447	15.9874	17.4351	12.534	13.4721	12.4821	19.6116	8.49211	14.4848	15.4811	
29.2922	14.2416	0	11.0897	11.9222	20.5786	9.73919	13.5091	14.1867	5.34573	21.8156	7.33792	10.3257	8.65332	18.5288	
13.2816	13.6235	11.0897	0	12.243	9.37598	12.6267	4.993	9.17332	5.74394	8.83857	9.38891	5.13141	11.1241	8.243	
17.1414	21.1377	11.9222	12.243	0	7.23625	9.27296	6.94986	8.19706	6.57647	8.15	10.2214	11.1245	8.15492	3.69986	
9.52885	11.9447	20.5786	9.37598	7.23625	0	11.9973	4.42649	8.03358	9.48201	0.537401	14.2824	4.50201	10.4947	3.53638	
19.7545	15.9874	9.73919	12.6267	9.27296	11.9973	0	12.8459	7.64377	6.04624	19.2195	2.40127	7.11074	1.11803	9.59587	
12.8805	17.4351	13.5091	4.993	6.94986	4.42649	12.8459	0	7.7472	8.16333	3.88909	11.8083	8.94296	14.4879	3.25	
12.1108	12.534	14.1867	9.17332	8.19706	8.03358	7.64377	7.7472	0	8.84096	14.4493	8.77782	4.04191	7.28437	4.4972	
19.0255	13.4721	5.34573	5.74394	6.57647	9.48201	6.04624	8.16333	8.84096	0	12.0524	3.64497	4.98	6.32456	10.2763	
8.99145	12.4821	21.8156	8.83857	8.15	0.537401	19.2195	3.88909	14.4493	12.0524	0	14.8198	5.03941	16.3049	4.07378	
20.8886	19.6116	7.33792	9.38891	10.2214	14.2824	2.40127	11.8083	8.77782	3.64497	14.8198	0	8.62497	3.5193	11.9971	
16.1527	8.49211	10.3257	5.13141	11.1245	4.50201	7.11074	8.94296	4.04191	4.98	5.03941	8.62497	0	5.9927	7.42462	
19.3951	14.4848	8.65332	11.1241	8.15492	10.4947	1.11803	14.4879	7.28437	6.32456	16.3049	3.5193	5.9927	0	10.7139	
16.608	15.4811	18.5288	8.243	3.69986	3.53638	9.59587	3.25	4.4972	10.2763	4.07378	11.9971	7.42462	10.7139	0	

0	6.93467	27.4621	7.84245	15.1178	10.5189	11.0424	7.46783	24.5467	10.3833	14.3268	29.5113	9.68052	27.1452	14.6189	
6.93467	0	20.465	9.61332	23.586	25.1093	12.8133	14.4025	19.9222	17.6171	22.0942	18.0658	14.9103	17.1094	21.5536	
27.4621	20.465	0	10.0885	18.7611	23.0453	6.88851	18.2893	13.2343	10.9292	15.4062	11.3778	13.5353	7.49955	19.75	
7.84245	9.61332	10.0885	0	8.45833	15.496	3.2	7.50963	9.54577	6.76694	11.7177	7.68933	5.29694	6.73299	16.9783	
15.1178	23.586	18.7611	8.45833	0	6.22782	9.8082	5.37408	15.7436	4.63139	5.45	12.2911	3.16139	9.98385	13.3764	
10.5189	25.1093	23.0453	15.496	6.22782	0	9.29555	3.0511	18.6327	5.96657	0.777817	21.0605	5.26379	19.6624	8.70494	
11.0424	12.8133	6.88851	3.2	9.8082	9.29555	0	6.95612	5.78177	4.04064	8.51773	4.48933	5.51064	3.53299	16.2735	
7.46783	14.4025	18.2893	7.50963	5.37408	3.0511	6.95612	0	18.6932	2.91548	3.82892	11.3424	2.21269	9.03515	11.756	
24.5467	19.9222	13.2343	9.54577	15.7436	18.6327	5.78177	18.6932	0	10.3864	14.8635	1.29244	10.4221	6.68973	9.92778	
10.3833	17.6171	10.9292	6.76694	4.63139	5.96657	4.04064	2.91548	10.3864	0	9.77441	8.52998	1.47	7.57363	12.3286	
14.3268	22.0942	15.4062	11.7177	5.45	0.777817	8.51773	3.82892	14.8635	9.77441	0	13.0071	8.61139	12.0507	9.48276	
29.5113	18.0658	11.3778	7.68933	12.2911	21.0605	4.48933	11.3424	1.29244	8.52998	13.0071	0	9.12967	7.98217	11.2202	
9.68052	14.9103	13.5353	5.29694	3.16139	5.26379	5.51064	2.21269	10.4221	1.47	8.61139	9.12967	0	6.82246	11.6814	
27.1452	17.1094	7.49955	6.73299	9.98385	19.6624	3.53299	9.03515	6.68973	7.57363	12.0507	7.98217	6.82246	0	16.6175	
14.6189	21.5536	19.75	16.9783	13.3764	8.70494	16.2735	11.756	9.92778	12.3286	9.48276	11.2202	11.6814	16.6175	0	

0	30.3902	13.2345	5.56561	24.8137	10.9769	25.4056	17.8817	10.0227	29.5488	25.9137	12.7153	10.697	13.2684	20.4294	
30.3902	0	43.0864	15.5536	22.8637	15.8556	12.3313	14.11	15.2463	12.7321	17.2605	18.0302	10.4221	23.6061	12.996	
13.2345	43.0864	0	7.66893	14.1231	13.0802	9.44717	18.0726	15.5006	10.4366	15.2231	12.808	12.57	7.2111	12.5	
5.56561	15.5536	7.66893	0	7.13454	5.41128	7.0406	8.81923	9.95562	7.44141	7.68817	12.7395	5.13141	7.70276	7.70528	
24.8137	22.8637	14.1231	7.13454	0	1.72325	10.4662	6.33259	16.4433	4.73506	1.1	13.5646	7.04506	7.96058	9.20406	
10.9769	15.8556	13.0802	5.41128	1.72325	0	7.34265	6.1022	10.2577	6.45831	2.27688	11.3668	5.43346	13.114	7.48081	
25.4056	12.3313	9.44717	7.0406	10.4662	7.34265	0	5.59701	6.7334	4.21919	8.74758	8.03904	1.90919	2.23607	4.48306	
17.8817	14.11	18.0726	8.81923	6.33259	6.1022	5.59701	0	7.95718	4.19829	5.23259	5.2646	3.68782	7.42381	6.26169	
10.0227	15.2463	15.5006	9.95562	16.4433	10.2577	6.7334	7.95718	0	7.13421	11.6626	2.69258	4.82421	15.1503	7.39808	
29.5488	12.7321	10.4366	7.44141	4.73506	6.45831	4.21919	4.19829	7.13421	0	5.83506	9.46288	2.31	3.22552	4.88387	
25.9137	17.2605	15.2231	7.68817	1.1	2.27688	8.74758	5.23259	11.6626	5.83506	0	10.4972	6.83839	12.7499	9.03009	
12.7153	18.0302	12.808	12.7395	13.5646	11.3668	8.03904	5.2646	2.69258	9.46288	10.4972	0	7.51679	10.2751	10.1819	
10.697	10.4221	12.57	5.13141	7.04506	5.43346	1.90919	3.68782	4.82421	2.31	6.83839	7.51679	0	4.14526	2.57387	
13.2684	23.6061	7.2111	7.70276	7.96058	13.114	2.23607	7.42381	15.1503	3.22552	12.7499	10.2751	4.14526	0	12.0142	
20.4294	12.996	12.5	7.70528	9.20406	7.48081	4.48306	6.26169	7.39808	4.88387	9.03009	10.1819	2.57387	12.0142	0	

0	15.9089	36.0779	11.1312	20.6233	16.3152	24.0912	22.9567	32.6803	15.6332	16.994	16.3657	22.7407	26.1519	23.932	
15.9089	0	23.2008	8.85438	23.7182	19.4101	21.8144	26.3369	24.4583	13.3564	20.0889	14.0889	30.7186	27.3074	27.0269	
36.0779	23.2008	0	13.2395	15.2165	14.4954	3.44426	9.07915	14.2609	6.99013	13.8165	8.005	14.1216	7.06669	20.6593	
11.1312	8.85438	13.2395	0	15.3767	10.5869	8.04788	17.9954	14.497	4.50201	11.7474	5.2345	5.40201	10.7633	8.53017	
20.6233	23.7182	15.2165	15.3767	0	2.07882	11.9349	6.3	12.0602	7.34855	1.4	19.1217	6.90045	10.951	3.32039	
16.3152	19.4101	14.4954	10.5869	2.07882	0	9.63077	6.92682	16.3567	6.0849	0.678823	16.303	6.17927	11.5778	7.61682	
24.0912	21.8144	3.44426	8.04788	11.9349	9.63077	0	5.63489	10.8167	3.54587	13.2009	6.6818	4.44587	3.62243	7.57403	
22.9567	26.3369	9.07915	17.9954	6.3	6.92682	5.63489	0	15.4038	2.74391	7.34435	12.3167	1.84391	4.65102	7.54	
32.6803	24.4583	14.2609	14.497	12.0602	16.3567	10.8167	15.4038	0	12.768	19.0604	9.26248	13.5599	14.4391	8.73984	
15.6332	13.3564	6.99013	4.50201	7.34855	6.0849	3.54587	2.74391	12.768	0	6.40045	9.73651	0.9	4.31123	4.02816	
16.994	20.0889	13.8165	11.7474	1.4	0.678823	13.2009	7.34435	19.0604	6.40045	0	21.8215	5.50045	8.91168	4.72039	
16.3657	14.0889	8.005	5.2345	19.1217	16.303	6.6818	12.3167	9.26248	9.73651	21.8215	0	17.1367	10.3042	15.8013	
22.7407	30.7186	14.1216	5.40201	6.90045	6.17927	4.44587	1.84391	13.5599	0.9	5.50045	17.1367	0	3.41123	4.92816	
26.1519	27.3074	7.06669	10.7633	10.951	11.5778	3.62243	4.65102	14.4391	4.31123	8.91168	10.3042	3.41123	0	10.2895	
23.932	27.0269	20.6593	8.53017	3.32039	7.61682	7.57403	7.54	8.73984	4.02816	4.72039	15.8013	4.92816	10.2895	0	

0	23.6595	16.303	18.2147	36.9885	42.0736	23.6918	44.0119	18.5104	24.7916	34.0311	10.4326	22.2544	25.8761	24.5953	
23.6595	0	29.2745	32.6347	25.8819	23.8893	29.5296	33.2076	41.9116	35.3216	24.8086	34.0921	34.7405	35.5454	28.6499	
16.303	29.2745	0	22.8689	12.5539	14.5464	12.6289	19.0539	13.9481	17.4205	16.3396	5.87033	17.6921	14.278	19	
18.2147	32.6347	22.8689	0	18.5279	15.8803	10.24	20.6954	25.5614	13.6613	15.8164	23.4992	16.2113	14.2202	15.1245	
36.9885	25.8819	12.5539	18.5279	0	1.99251	7.63277	6.5	17.2439	4.86659	2.91175	18.4242	7.41659	13.6296	6.75303	
42.0736	23.8893	14.5464	15.8803	1.99251	0	5.64026	5.79828	15.1974	6.8591	0.919239	18.8994	12.9942	6.44881	4.76051	
23.6918	29.5296	12.6289	10.24	7.63277	5.64026	0	14.9585	14.525	7.1742	6.5595	13.2592	7.35391	3.9802	9.90051	
44.0119	33.2076	19.0539	20.6954	6.5	5.79828	14.9585	0	20.6317	11.3666	4.87904	25.2823	13.4605	10.4086	14.0787	
18.5104	41.9116	13.9481	25.5614	17.2439	15.1974	14.525	20.6317	0	9.72112	19.51	8.07775	7.17112	15.7453	10.4369	
24.7916	35.3216	17.4205	13.6613	4.86659	6.8591	7.1742	11.3666	9.72112	0	12.3515	14.359	2.55	10.2458	16.1927	
34.0311	24.8086	16.3396	15.8164	2.91175	0.919239	6.5595	4.87904	19.51	12.3515	0	20.973	12.3388	5.52958	5.67975	
10.4326	34.0921	5.87033	23.4992	18.4242	18.8994	13.2592	25.2823	8.07775	14.359	20.973	0	11.8217	15.4434	14.1627	
22.2544	34.7405	17.6921	16.2113	7.41659	12.9942	7.35391	13.4605	7.17112	2.55	12.3388	11.8217	0	8.57418	16.6312	
25.8761	35.5454	14.278	14.2202	13.6296	6.44881	3.9802	10.4086	15.7453	10.2458	5.52958	15.4434	8.57418	0	13.8807	
24.5953	28.6499	19	15.1245	6.75303	4.76051	9.90051	14.0787	10.4369	16.1927	5.67975	14.1627	16.6312	13.8807	0	

0	23.2515	13.9194	4.93315	12.4069	14.7719	10.4424	12.9219	13.1606	9.27992	13.9569	12.6814	14.1877	9.59273	15.0203	
23.2515	0	18.5932	19.2876	19.3319	16.4239	7.12764	16.5191	12.3196	13.9308	15.2086	15.7931	11.0167	7.97734	18.5513	
13.9194	18.5932	0	17.9953	10.1742	14.841	5.17637	10.7665	7.89452	8.18464	8.91741	7.41535	9.21302	4.32666	6	
4.93315	19.2876	17.9953	0	12.7145	9.8387	11.1499	7.98879	12.2356	4.34677	11.1645	18.1519	8.39677	8.20475	9.22939	
12.4069	19.3319	10.1742	12.7145	0	2.90799	9.63092	7.9	7.87179	9.05683	1.55	14.1186	6.47855	11.4396	4.17421	
14.7719	16.4239	14.841	9.8387	2.90799	0	7.45965	6.33642	10.7798	7.62056	1.66877	18.4355	3.57056	8.45692	4.58619	
10.4424	7.12764	5.17637	11.1499	9.63092	7.45965	0	6.65495	4.41756	4.70768	8.08092	3.93839	3.88909	0.849706	10.9983	
12.9219	16.5191	10.7665	7.98879	7.9	6.33642	6.65495	0	10.0077	6.81586	9.45	9.52856	2.76586	6.43988	11.6754	
13.1606	12.3196	7.89452	12.2356	7.87179	10.7798	4.41756	10.0077	0	7.42584	8.85711	6.24679	8.45422	3.56786	5.9397	
9.27992	13.9308	8.18464	4.34677	9.05683	7.62056	4.70768	6.81586	7.42584	0	7.80004	6.94667	4.05	3.85798	4.88262	
13.9569	15.2086	8.91741	11.1645	1.55	1.66877	8.08092	9.45	8.85711	7.80004	0	13.9074	5.23933	8.93063	2.91741	
12.6814	15.7931	7.41535	18.1519	14.1186	18.4355	3.93839	9.52856	6.24679	6.94667	13.9074	0	7.97505	3.08869	11.0024	
14.1877	11.0167	9.21302	8.39677	6.47855	3.57056	3.88909	2.76586	8.45422	4.05	5.23933	7.97505	0	4.73879	8.90955	
9.59273	7.97734	4.32666	8.20475	11.4396	8.45692	0.849706	6.43988	3.56786	3.85798	8.93063	3.08869	4.73879	0	8.7406	
15.0203	18.5513	6	9.22939	4.17421	4.58619	10.9983	11.6754	5.9397	4.88262	2.91741	11.0024	8.90955	8.7406	0	

0	16.5208	19.5645	11.5996	18.3905	10.5279	7.9196	12.6068	17.5825	10.4759	9.9905	14.7058	18.7396	9.2836	14.2342	
16.5208	0	36.812	25.9201	31.1005	40.4729	24.4404	32.4954	39.7397	24.5563	26.5113	30.9801	21.6163	24.6587	30.755	
19.5645	36.812	0	11.1752	23.051	17.1739	8.29803	10.7563	10.4561	5.74171	31.9385	12.6746	8.68171	12.98	18.0421	
11.5996	25.9201	11.1752	0	10.5273	16.0369	3.68	4.32726	13.3429	5.43346	6.94356	10.4662	4.30377	5.044	10.0772	
18.3905	31.1005	23.051	10.5273	0	6.78531	12.9432	6.2	12.5949	11.2146	7.32271	16.6337	9.48418	12.5266	6.54591	
10.5279	40.4729	17.1739	16.0369	6.78531	0	11.1578	3.1537	14.1792	11.4322	0.537401	20.2685	14.3722	18.832	4.76051	
7.9196	24.4404	8.29803	3.68	12.9432	11.1578	0	7.57094	5.22918	2.55633	17.7992	6.7862	4.40645	1.364	6.39725	
12.6068	32.4954	10.7563	4.32726	6.2	3.1537	7.57094	0	9.16544	5.01462	2.6163	13.2043	7.95462	12.4143	12.7459	
17.5825	39.7397	10.4561	13.3429	12.5949	14.1792	5.22918	9.16544	0	11.2649	11.7817	4.03887	6.90763	3.86518	9.41866	
10.4759	24.5563	5.74171	5.43346	11.2146	11.4322	2.55633	5.01462	11.2649	0	7.63091	8.83629	2.94	3.92033	8.95357	
9.9905	26.5113	31.9385	6.94356	7.32271	0.537401	17.7992	2.6163	11.7817	7.63091	0	16.7902	13.4954	18.716	5.29792	
14.7058	30.9801	12.6746	10.4662	16.6337	20.2685	6.7862	13.2043	4.03887	8.83629	16.7902	0	9.36376	7.90405	13.1834	
18.7396	21.6163	8.68171	4.30377	9.48418	14.3722	4.40645	7.95462	6.90763	2.94	13.4954	9.36376	0	3.04245	16.0301	
9.2836	24.6587	12.98	5.044	12.5266	18.832	1.364	12.4143	3.86518	3.92033	18.716	7.90405	3.04245	0	7.76125	
14.2342	30.755	18.0421	10.0772	6.54591	4.76051	6.39725	12.7459	9.41866	8.95357	5.29792	13.1834	16.0301	7.76125	0	

0	27.7016	15.369	9.23385	15.8471	11.1082	7.9196	11.0501	17.3349	13.7985	11.6597	21.701	10.3945	10.4648	18.1247	
27.7016	0	17.802	18.4677	12.4376	17.1765	20.2311	14.8876	28.6187	21.7462	14.4376	21.2709	17.7562	19.2334	19.7425	
15.369	17.802	0	6.13514	15.2588	14.8463	8.36462	10.1295	10.8167	10.2955	21.0212	3.46883	10.8395	11.8976	10.4917	
9.23385	18.4677	6.13514	0	6.4444	15.4376	7.12489	3.9944	16.9518	16.4306	12.7005	9.60398	6.11489	17.4962	14.9144	
15.8471	12.4376	15.2588	6.4444	0	2.55154	5.5805	2.45	9.25648	10.4551	2	14.3277	4.5705	6.79577	6.86236	
11.1082	17.1765	14.8463	15.4376	2.55154	0	7.59785	7.18895	9.2525	5.71612	0.551543	11.3775	5.12298	11.5347	5.4139	
7.9196	20.2311	8.36462	7.12489	5.5805	7.59785	0	3.1305	9.76227	6.22589	12.5302	11.8335	2.47487	3.53299	8.90955	
11.0501	14.8876	10.1295	3.9944	2.45	7.18895	3.1305	0	12.8716	6.1105	4.45	16.1661	2.1205	6.66348	8.55517	
17.3349	28.6187	10.8167	16.9518	9.25648	9.2525	9.76227	12.8716	0	3.53638	6.81397	7.43153	7.52638	7.13571	1.95161	
13.7985	21.7462	10.2955	16.4306	10.4551	5.71612	6.22589	6.1105	3.53638	0	6.26766	9.2781	3.99	9.75888	5.488	
11.6597	14.4376	21.0212	12.7005	2	0.551543	12.5302	4.45	6.81397	6.26766	0	11.8852	5.67452	8.79577	4.86236	
21.701	21.2709	3.46883	9.60398	14.3277	11.3775	11.8335	16.1661	7.43153	9.2781	11.8852	0	13.2681	12.3548	7.02282	
10.3945	17.7562	10.8395	6.11489	4.5705	5.12298	2.47487	2.1205	7.52638	3.99	5.67452	13.2681	0	6.00786	6.43467	
10.4648	19.2334	11.8976	17.4962	6.79577	11.5347	3.53299	6.66348	7.13571	9.75888	8.79577	12.3548	6.00786	0	9.08733	
18.1247	19.7425	10.4917	14.9144	6.86236	5.4139	8.90955	8.55517	1.95161	5.488	4.86236	7.02282	6.43467	9.08733	0	

0	12.2376	39.9297	19.9856	15.5895	12.3472	26.2256	16.1514	23.8103	28.0008	10.9895	22.5495	26.1967	26.1478	25.4377	
12.2376	0	27.6921	26.6047	30.8637	30.9827	20.3647	34.6637	36.5257	26.3432	23.2272	33.2063	24.0416	21.5274	33.6148	
39.9297	27.6921	0	19.197	12.3237	13.8988	12.957	25.5834	8.8336	7.32563	24.3369	12.3878	9.91022	14.1197	11.5979	
19.9856	26.6047	19.197	0	16.6927	15.25	6.24	13.814	17.4723	12.2185	16.6076	15.5312	9.91696	6.16221	19.2968	
15.5895	30.8637	12.3237	16.6927	0	5.43902	10.9766	3.8	7.99044	4.99812	4.6	15.0411	9.31812	12.7773	2.75118	
12.3472	30.9827	13.8988	15.25	5.43902	0	11.1286	6.51952	5.06522	8.05755	1.35765	8.61943	7.4516	12.7067	8.1902	
26.2256	20.3647	12.957	6.24	10.9766	11.1286	0	16.4018	8.97083	5.9785	17.2018	10.5318	3.67696	1.16276	10.2508	
16.1514	34.6637	25.5834	13.814	3.8	6.51952	16.4018	0	13.8062	8.79812	5.16188	16.7218	15.6732	19.9762	6.55118	
23.8103	36.5257	8.8336	17.4723	7.99044	5.06522	8.97083	13.8062	0	2.99232	6.42287	3.55421	7.31232	10.7715	7.26462	
28.0008	26.3432	7.32563	12.2185	4.99812	8.05755	5.9785	8.79812	2.99232	0	9.59812	6.54653	4.32	7.14126	4.27229	
10.9895	23.2272	24.3369	16.6076	4.6	1.35765	17.2018	5.16188	6.42287	9.59812	0	11.5599	8.80925	20.929	7.35118	
22.5495	33.2063	12.3878	15.5312	15.0411	8.61943	10.5318	16.7218	3.55421	6.54653	11.5599	0	11.9388	9.36902	12.2899	
26.1967	24.0416	9.91022	9.91696	9.31812	7.4516	3.67696	15.6732	7.31232	4.32	8.80925	11.9388	0	4.83971	8.59229	
26.1478	21.5274	14.1197	6.16221	12.7773	12.7067	1.16276	19.9762	10.7715	7.14126	20.929	9.36902	4.83971	0	12.0515	
25.4377	33.6148	11.5979	19.2968	2.75118	8.1902	10.2508	6.55118	7.26462	4.27229	7.35118	12.2899	8.59229	12.0515	0	

0	34.4694	27.6625	20.3651	17.6432	15.2738	17.5531	18.3249	22.6776	18.1382	17.4658	25.4599	19.931	15.9879	29.2804	
34.4694	0	19.78	23.5124	28.2225	25.8875	21.0194	21.874	11.7024	26.0894	29.8045	9.11748	21.2303	18.5895	12.0437	
27.6625	19.78	0	25.5247	11.9333	12.7362	15.6465	11.0792	20.7295	8.51357	10.5442	18.1447	13.8536	10.6639	15.2676	
20.3651	23.5124	25.5247	0	14.5526	11.7056	13.3503	8.65452	16.9798	11.2201	13.8871	14.3949	18.5492	16.4326	17.3211	
17.6432	28.2225	11.9333	14.5526	0	2.36947	10.5527	5.42057	15.8744	3.41977	4.5615	8.61827	7.02672	5.57011	5.6921	
15.2738	25.8875	12.7362	11.7056	2.36947	0	6.56644	3.0511	19.9549	5.61672	2.19203	15.8076	4.65725	14.8763	6.91546	
17.5531	21.0194	15.6465	13.3503	10.5527	6.56644	0	4.69574	8.25498	3.7156	9.92833	11.0372	1.90919	1.56525	11.576	
18.3249	21.874	11.0792	8.65452	5.42057	3.0511	4.69574	0	15.3414	2.56562	5.23259	12.7565	6.60493	4.71597	9.95602	
22.6776	11.7024	20.7295	16.9798	15.8744	19.9549	8.25498	15.3414	0	8.84008	14.9058	2.58488	17.6839	6.68973	5.51105	
18.1382	26.0894	8.51357	11.2201	3.41977	5.61672	3.7156	2.56562	8.84008	0	4.78441	11.6223	5.34	2.15035	9.11187	
17.4658	29.8045	10.5442	13.8871	4.5615	2.19203	9.92833	5.23259	14.9058	4.78441	0	7.64961	6.84928	6.93476	4.72343	
25.4599	9.11748	18.1447	14.3949	8.61827	15.8076	11.0372	12.7565	2.58488	11.6223	7.64961	0	12.8257	9.27461	2.92617	
19.931	21.2303	13.8536	18.5492	7.02672	4.65725	1.90919	6.60493	17.6839	5.34	6.84928	12.8257	0	3.47444	9.89949	
15.9879	18.5895	10.6639	16.4326	5.57011	14.8763	1.56525	4.71597	6.68973	2.15035	6.93476	9.27461	3.47444	0	12.2818	
29.2804	12.0437	15.2676	17.3211	5.6921	6.91546	11.576	9.95602	5.51105	9.11187	4.72343	2.92617	9.89949	12.2818	0	

0	8.56635	23.6105	5.81859	18.8732	20.1955	11.2586	25.2913	26.7528	24.2178	24.6215	20.5883	26.1378	26.0169	14.6189	
8.56635	0	38.4099	14.3849	26.417	25.7407	26.6677	32.4092	29.8632	21.6063	34.4037	31.6941	19.6863	22.9781	23.1852	
23.6105	38.4099	0	17.7919	20.0862	21.5766	16.4735	22.6843	12.7711	11.6814	23.7862	10.9402	13.6014	15.4318	16	
5.81859	14.3849	17.7919	0	13.0546	19.1855	5.44	11.3879	14.8144	11.336	16.7546	10.9734	17.8851	9.12951	20.4375	
18.8732	26.417	20.0862	13.0546	0	5.76475	8.45871	4	9.97746	8.65071	3.7	13.9921	6.73071	12.1482	9.20223	
20.1955	25.7407	21.5766	19.1855	5.76475	0	13.8324	8.90591	14.8834	7.97443	2.06475	11.546	6.05443	10.1428	5.5766	
11.2586	26.6677	16.4735	5.44	8.45871	13.8324	0	5.94794	7.36432	5.89604	12.1587	5.53336	7.81604	3.68951	11.5028	
25.2913	32.4092	22.6843	11.3879	4	8.90591	5.94794	0	5.97746	11.844	7.7	7.80841	10.7307	9.63745	13.2022	
26.7528	29.8632	12.7711	14.8144	9.97746	14.8834	7.36432	5.97746	0	12.8763	16.8669	1.83096	15.4084	12.4355	7.80035	
24.2178	21.6063	11.6814	11.336	8.65071	7.97443	5.89604	11.844	12.8763	0	16.6374	11.0454	1.92	6.57754	15.6244	
24.6215	34.4037	23.7862	16.7546	3.7	2.06475	12.1587	7.7	16.8669	16.6374	0	15.972	8.11918	12.2076	7.64135	
20.5883	31.6941	10.9402	10.9734	13.9921	11.546	5.53336	7.80841	1.83096	11.0454	15.972	0	12.9654	9.22287	5.9694	
26.1378	19.6863	13.6014	17.8851	6.73071	6.05443	7.81604	10.7307	15.4084	1.92	8.11918	12.9654	0	5.53173	11.631	
26.0169	22.9781	15.4318	9.12951	12.1482	10.1428	3.68951	9.63745	12.4355	6.57754	12.2076	9.22287	5.53173	0	15.7194	
14.6189	23.1852	16	20.4375	9.20223	5.5766	11.5028	13.2022	7.80035	15.6244	7.64135	5.9694	11.631	15.7194	0	

-111