10
10
2
2
20

6	25
1	50
11	25
47	42
3	33
22	35
37	29
8	32
40	14
47	10

40	12
50	19
49	12
45	9
11	8
25	5
17	28
33	35
2	41
7	15

150

1.79769e+308
1.79769e+308
1.79769e+308
1.79769e+308
1.79769e+308
1.79769e+308
1.79769e+308
1.79769e+308
1.79769e+308
1.79769e+308

13
15
11
18
13
13
19
18
19
14

0
0
0
0
0
0
0
0
0
0

0

0	17.3411	2.2	35.69	7.63058	13.2009	19.0358	10.7746	11.4715	9.14644	14.4951	21.4001	13.2809	8.4309	6.11	12.9418	5.82243	27.7031	16.5074	6.33142	
17.3411	0	16.1555	37.5896	14.0972	14.3437	24.6582	6.56649	13.9095	18.5661	22.1096	25.3685	16.5296	21.3796	20.0655	15.8193	14.6426	18.024	7.24431	25.9745	
2.2	16.1555	0	24.1481	5.43058	11.0009	11.6324	10.2813	14.6893	12.3643	17.7129	20.9361	16.4987	10.6309	3.91	9.92348	3.62243	13.4209	12.2835	6.57055	
35.69	37.5896	24.1481	0	30.6938	21.9856	24.7437	28.6017	17.8829	17.2958	15.4029	20.6434	20.9829	21.4671	27.8339	34.6043	20.5257	19.5656	30.7244	34.875	
7.63058	14.0972	5.43058	30.6938	0	7.06884	16.1159	8.92328	16.2663	14.7439	20.0925	26.9975	18.204	14.0283	9.34058	16.1723	9.05301	9.48884	6.85292	13.4605	
13.2009	14.3437	11.0009	21.9856	7.06884	0	9.04708	12.7429	10.2337	12.1709	12.7137	13.1474	14.5669	11.4553	13.9105	18.6629	14.6233	2.42	7.09941	11.25	
19.0358	24.6582	11.6324	24.7437	16.1159	9.04708	0	12.544	5.201	7.51482	7.681	4.1003	9.53419	8.23036	15.3182	22.8688	8.00999	6.63421	16.1465	20.2971	
10.7746	6.56649	10.2813	28.6017	8.92328	12.7429	12.544	0	7.34302	15.889	9.82302	22.2129	11.6762	10.3836	14.1913	9.25277	8.07606	15.1629	5.73283	16.6656	
11.4715	13.9095	14.6893	17.8829	16.2663	10.2337	5.201	7.34302	0	3.7561	2.48	9.3013	4.33319	3.04056	18.007	16.5958	13.211	11.8352	13.0759	11.8888	
9.14644	18.5661	12.3643	17.2958	14.7439	12.1709	7.51482	15.889	3.7561	0	1.89283	9.58296	2.03647	0.715542	11.8983	17.9118	11.5437	14.149	17.3317	9.56382	
14.4951	22.1096	17.7129	15.4029	20.0925	12.7137	7.681	9.82302	2.48	1.89283	0	7.69013	3.9293	2.60837	13.7911	19.2014	16.8923	14.6548	22.6803	14.9125	
21.4001	25.3685	20.9361	20.6434	26.9975	13.1474	4.1003	22.2129	9.3013	9.58296	7.69013	0	8.83883	12.9692	24.8217	26.8915	12.1103	10.7345	29.5853	21.8175	
13.2809	16.5296	16.4987	20.9829	18.204	14.5669	9.53419	11.6762	4.33319	2.03647	3.9293	8.83883	0	2.75201	13.9348	22.001	15.6781	16.508	21.4661	13.6983	
8.4309	21.3796	10.6309	21.4671	14.0283	11.4553	8.23036	10.3836	3.04056	0.715542	2.60837	12.9692	2.75201	0	11.5088	16.2611	10.8281	13.8753	16.6161	8.84828	
6.11	20.0655	3.91	27.8339	9.34058	13.9105	15.3182	14.1913	18.007	11.8983	13.7911	24.8217	13.9348	11.5088	0	6.01348	7.30821	12.5381	18.4024	2.66055	
12.9418	15.8193	9.92348	34.6043	16.1723	18.6629	22.8688	9.25277	16.5958	17.9118	19.2014	26.8915	22.001	16.2611	6.01348	0	13.3217	18.5516	14.9856	7.41285	
5.82243	14.6426	3.62243	20.5257	9.05301	14.6233	8.00999	8.07606	13.211	11.5437	16.8923	12.1103	15.6781	10.8281	7.30821	13.3217	0	14.6442	13.8089	9.96876	
27.7031	18.024	13.4209	19.5656	9.48884	2.42	6.63421	15.1629	11.8352	14.149	14.6548	10.7345	16.508	13.8753	12.5381	18.5516	14.6442	0	9.51941	13.67	
16.5074	7.24431	12.2835	30.7244	6.85292	7.09941	16.1465	5.73283	13.0759	17.3317	22.6803	29.5853	21.4661	16.6161	18.4024	14.9856	13.8089	9.51941	0	18.3494	
6.33142	25.9745	6.57055	34.875	13.4605	11.25	20.2971	16.6656	11.8888	9.56382	14.9125	21.8175	13.6983	8.84828	2.66055	7.41285	9.96876	13.67	18.3494	0	

0	15.6901	5.4	15.0462	6.48784	13.2409	7.50168	4.29526	11.02	12.8694	12.9334	21.2787	13.7443	29.4641	15.663	12.0168	5.92891	13.9625	10.4943	9.81584	
15.6901	0	19.3303	29.2811	12.0566	9.29508	22.7722	11.3948	24.3663	16.6431	21.7496	15.6913	16.5296	17.5796	15.7047	27.54	8.64029	37.229	4.07492	14.9144	
5.4	19.3303	0	19.6453	10.1891	9.92818	12.1007	6.35877	13.2098	16.2606	9.62066	13.9538	15.3898	20.3156	11.9	8.7041	2.6162	10.6498	7.18157	4.41584	
15.0462	29.2811	19.6453	0	33.1879	14.0288	7.54456	29.2341	11.0629	12.9123	16.7892	21.3216	13.7872	21.0448	16.2342	27.1193	13.0423	5.00879	25.2062	17.8561	
6.48784	12.0566	10.1891	33.1879	0	13.2018	22.4537	2.19258	17.3405	11.5958	15.5538	11.7698	15.4467	14.5121	13.5604	20.3593	5.93514	22.305	7.98164	19.0517	
13.2409	9.29508	9.92818	14.0288	13.2018	0	18.1255	11.0545	18.5313	17.7883	14.3164	12.8996	16.5766	21.3597	16.8499	13.3999	7.31198	9.02	5.22015	17.3993	
7.50168	22.7722	12.1007	7.54456	22.4537	18.1255	0	11.7969	3.51832	5.36773	6.55832	9.91955	6.2426	6.34675	8.6896	14.8553	10.8135	12.331	15.3789	16.5165	
4.29526	11.3948	6.35877	29.2341	2.19258	11.0545	11.7969	0	16.6592	9.40322	10.747	13.9624	11.27	13.0927	11.3678	9.83046	3.74257	11.7761	8.30794	12.4124	
11.02	24.3663	13.2098	11.0629	17.3405	18.5313	3.51832	16.6592	0	6.51794	3.04	6.82403	3.87843	2.82843	10.6611	6.84718	10.0445	11.5107	19.8242	23.9638	
12.8694	16.6431	16.2606	12.9123	11.5958	17.7883	5.36773	9.40322	6.51794	0	7.08676	5.54372	1.86676	2.91676	14.0573	13.7081	13.1458	9.74205	12.5682	24.1835	
12.9334	21.7496	9.62066	16.7892	15.5538	14.3164	6.55832	10.747	3.04	7.08676	0	3.78403	5.22	5.86843	13.7011	3.80718	7.00446	11.7804	11.5698	14.5856	
21.2787	15.6913	13.9538	21.3216	11.7698	12.8996	9.91955	13.9624	6.82403	5.54372	3.78403	0	3.67696	4.72696	20.2762	7.59121	10.7885	15.5644	11.6163	23.7955	
13.7443	16.5296	15.3898	13.7872	15.4467	16.5766	6.2426	11.27	3.87843	1.86676	5.22	3.67696	0	1.05	14.9322	9.02718	12.2245	11.6088	14.435	22.3167	
29.4641	17.5796	20.3156	21.0448	14.5121	21.3597	6.34675	13.0927	2.82843	2.91676	5.86843	4.72696	1.05	0	13.4895	13.953	17.1503	13.4316	16.2577	23.3667	
15.663	15.7047	11.9	16.2342	13.5604	16.8499	8.6896	11.3678	10.6611	14.0573	13.7011	20.2762	14.9322	13.4895	0	11.3111	14.5162	21.0206	11.6298	13.3027	
12.0168	27.54	8.7041	27.1193	20.3593	13.3999	14.8553	9.83046	6.84718	13.7081	3.80718	7.59121	9.02718	13.953	11.3111	0	6.0879	14.1215	10.6533	13.7961	
5.92891	8.64029	2.6162	13.0423	5.93514	7.31198	10.8135	3.74257	10.0445	13.1458	7.00446	10.7885	12.2245	17.1503	14.5162	6.0879	0	8.03355	4.56537	7.03203	
13.9625	37.229	10.6498	5.00879	22.305	9.02	12.331	11.7761	11.5107	9.74205	11.7804	15.5644	11.6088	13.4316	21.0206	14.1215	8.03355	0	12.5989	22.2987	
10.4943	4.07492	7.18157	25.2062	7.98164	5.22015	15.3789	8.30794	19.8242	12.5682	11.5698	11.6163	14.435	16.2577	11.6298	10.6533	4.56537	12.5989	0	12.1791	
9.81584	14.9144	4.41584	17.8561	19.0517	17.3993	16.5165	12.4124	23.9638	24.1835	14.5856	23.7955	22.3167	23.3667	13.3027	13.7961	7.03203	22.2987	12.1791	0	

0	14.1257	6.3	14.2031	8.01755	11.7307	15.1462	4.29526	23.6434	24.2745	16.4698	17.6727	32.8325	27.4273	12.5812	29.7931	4.33267	12.3662	13.4922	9.44688	
14.1257	0	11.3088	19.7728	12.8534	17.1911	20.6066	12.4523	20.5864	13.411	15.8134	20.9056	17.9082	14.529	18.5629	34.3927	9.79306	17.8266	9.87037	17.5016	
6.3	11.3088	0	20.5031	6.15933	10.3496	13.7651	2.43705	13.5498	12.5722	10.1698	16.0289	16.9198	15.2427	11.1125	22.4189	2.95161	10.9852	11.3817	7.00071	
14.2031	19.7728	20.5031	0	12.8855	24.5189	22.1416	18.4984	21.4974	14.3423	18.2971	25.0754	17.1742	13.2242	26.7843	31.7847	18.5358	19.096	9.90244	23.65	
8.01755	12.8534	6.15933	12.8855	0	17.5995	17.2529	3.72228	18.3661	19.4201	17.0176	17.7249	23.7676	22.0906	13.8845	29.2668	6.38148	9.32064	2.98304	9.77272	
11.7307	17.1911	10.3496	24.5189	17.5995	0	7.26997	10.0572	27.4621	26.1644	25.9935	20.7381	25.3735	29.0488	16.1679	35.1761	7.398	15.2022	14.6164	15.1066	
15.1462	20.6066	13.7651	22.1416	17.2529	7.26997	0	13.4727	20.1921	18.8944	18.9889	16.3365	18.1035	20.0124	19.5833	26.1035	10.8135	7.93221	14.8	18.5221	
4.29526	12.4523	2.43705	18.4984	3.72228	10.0572	13.4727	0	25.7765	22.601	12.6068	15.9992	27.7814	24.4022	11.429	34.0884	2.65919	10.5753	6.70532	9.43776	
23.6434	20.5864	13.5498	21.4974	18.3661	27.4621	20.1921	25.7765	0	5.78244	3.38	3.57771	3.78001	7.73001	18.3083	11.78	16.9178	11.982	15.3831	14.1965	
24.2745	13.411	12.5722	14.3423	19.4201	26.1644	18.8944	22.601	5.78244	0	2.40244	7.4946	4.4972	1.11803	24.7485	12.4972	19.9419	15.8989	22.5585	21.3719	
16.4698	15.8134	10.1698	18.2971	17.0176	25.9935	18.9889	12.6068	3.38	2.40244	0	5.85915	6.75	3.52047	22.3331	12.2492	13.1214	14.2634	18.7631	17.1705	
17.6727	20.9056	16.0289	25.0754	17.7249	20.7381	16.3365	15.9992	3.57771	7.4946	5.85915	0	7.35772	8.61263	22.1099	18.1083	13.3401	8.40428	18.9608	17.7742	
32.8325	17.9082	16.9198	17.1742	23.7676	25.3735	18.1035	27.7814	3.78001	4.4972	6.75	7.35772	0	3.95	20.2513	8	24.3002	19.3644	19.1631	17.9765	
27.4273	14.529	15.2427	13.2242	22.0906	29.0488	20.0124	24.4022	7.73001	1.11803	3.52047	8.61263	3.95	0	24.2013	11.95	21.0599	20.2554	23.1267	22.4697	
12.5812	18.5629	11.1125	26.7843	13.8845	16.1679	19.5833	11.429	18.3083	24.7485	22.3331	22.1099	20.2513	24.2013	0	21.0472	8.76986	16.8034	17.4447	4.11175	
29.7931	34.3927	22.4189	31.7847	29.2668	35.1761	26.1035	34.0884	11.78	12.4972	12.2492	18.1083	8	11.95	21.0472	0	29.8171	31.0017	38.4919	23.6799	
4.33267	9.79306	2.95161	18.5358	6.38148	7.398	10.8135	2.65919	16.9178	19.9419	13.1214	13.3401	24.3002	21.0599	8.76986	29.8171	0	8.03355	14.3333	7.70857	
12.3662	17.8266	10.9852	19.096	9.32064	15.2022	7.93221	10.5753	11.982	15.8989	14.2634	8.40428	19.3644	20.2554	16.8034	31.0017	8.03355	0	12.3037	14.105	
13.4922	9.87037	11.3817	9.90244	2.98304	14.6164	14.8	6.70532	15.3831	22.5585	18.7631	18.9608	19.1631	23.1267	17.4447	38.4919	14.3333	12.3037	0	12.7558	
9.44688	17.5016	7.00071	23.65	9.77272	15.1066	18.5221	9.43776	14.1965	21.3719	17.1705	17.7742	17.9765	22.4697	4.11175	23.6799	7.70857	14.105	12.7558	0	

0	9.43319	3.55	25.7953	7.62294	10	11.2525	9.79493	15.8941	17.2	17.4671	18.1498	22.3363	18.9442	10.1004	19.3646	8.89337	8.62488	15.4319	4.62294	
9.43319	0	12.9832	23.102	14.4361	19.4332	20.6857	18.6847	20.6208	14.6152	18.439	29.485	21.7825	13.8325	17.2696	25.2543	17.737	20.1533	9.59871	14.0561	
3.55	12.9832	0	8.988	4.07294	13.55	13.9445	6.24493	14.7822	13.65	18.0909	13.2457	18.43	14.4326	13.6504	15.9418	7.78152	5.07488	8.91029	8.17294	
25.7953	23.102	8.988	0	18.3407	14.2531	12.7828	22.5893	14.2469	12.2967	12.0166	9.50988	7.51665	15.4666	16.836	14.2053	9.32704	3.91312	13.5033	26.4768	
7.62294	14.4361	4.07294	18.3407	0	11.4343	21.3657	3.41634	12.9471	17.4917	19.6092	18.6727	24.1994	16.7745	13.3329	16.4176	5.94643	9.14781	4.83735	13.2277	
10	19.4332	13.55	14.2531	11.4343	0	10.5011	8.01798	16.4669	18.7383	16.7156	18.5108	23.5184	19.521	17.9346	18.8192	13.3364	10.34	17.104	14.623	
11.2525	20.6857	13.9445	12.7828	21.3657	10.5011	0	18.5191	5.96585	10.6554	6.21456	14.2691	10.7146	10.821	19.9156	8.31817	12.9666	8.86966	20.5525	15.8755	
9.79493	18.6847	6.24493	22.5893	3.41634	8.01798	18.5191	0	12.3191	16.8637	26.2666	20.8447	26.3469	16.1465	9.91658	15.7896	5.31838	10.7323	8.2537	15.3997	
15.8941	20.6208	14.7822	14.2469	12.9471	16.4669	5.96585	12.3191	0	6.58087	2.14	12.1043	6.64	6.74645	15.632	14.284	7.00071	12.4146	15.139	29.7136	
17.2	14.6152	13.65	12.2967	17.4917	18.7383	10.6554	16.8637	6.58087	0	4.44087	3.605	4.78004	0.782624	9.62645	5.41465	11.5453	11.7758	19.6836	22.5743	
17.4671	18.439	18.0909	12.0166	19.6092	16.7156	6.21456	26.2666	2.14	4.44087	0	8.04586	4.5	4.60645	13.4503	9.85551	9.14071	15.0842	31.0627	22.4592	
18.1498	29.485	13.2457	9.50988	18.6727	18.5108	14.2691	20.8447	12.1043	3.605	8.04586	0	5.37401	4.38762	21.8043	9.01964	13.5847	8.17083	19.8537	23.7546	
22.3363	21.7825	18.43	7.51665	24.1994	23.5184	10.7146	26.3469	6.64	4.78004	4.5	5.37401	0	5.56267	16.4303	10.1947	13.731	11.4298	21.02	27.3544	
18.9442	13.8325	14.4326	15.4666	16.7745	19.521	10.821	16.1465	6.74645	0.782624	4.60645	4.38762	5.56267	0	8.84382	6.19727	10.8281	16.242	18.9664	23.0334	
10.1004	17.2696	13.6504	16.836	13.3329	17.9346	19.9156	9.91658	15.632	9.62645	13.4503	21.8043	16.4303	8.84382	0	11.5974	12.1108	17.5247	19.0026	14.1896	
19.3646	25.2543	15.9418	14.2053	16.4176	18.8192	8.31817	15.7896	14.284	5.41465	9.85551	9.01964	10.1947	6.19727	11.5974	0	10.4712	10.8669	18.6095	25.787	
8.89337	17.737	7.78152	9.32704	5.94643	13.3364	12.9666	5.31838	7.00071	11.5453	9.14071	13.5847	13.731	10.8281	12.1108	10.4712	0	5.41392	8.13827	13.5163	
8.62488	20.1533	5.07488	3.91312	9.14781	10.34	8.86966	10.7323	12.4146	11.7758	15.0842	8.17083	11.4298	16.242	17.5247	10.8669	5.41392	0	11.6829	14.2297	
15.4319	9.59871	8.91029	13.5033	4.83735	17.104	20.5525	8.2537	15.139	19.6836	31.0627	19.8537	21.02	18.9664	19.0026	18.6095	8.13827	11.6829	0	12.9734	
4.62294	14.0561	8.17294	26.4768	13.2277	14.623	15.8755	15.3997	29.7136	22.5743	22.4592	23.7546	27.3544	23.0334	14.1896	25.787	13.5163	14.2297	12.9734	0	

0	16.5718	4.7	20.291	3.67392	14.2643	13.644	5.38728	9.23213	11.1307	8.37213	14.5955	9.43365	13.9337	17.1824	12.6759	7.85286	21.7615	9.28939	3.71845	
16.5718	0	16.2103	21.996	14.5497	25.7889	34.4848	16.406	19.5737	12.8014	22.8479	22.478	14.4984	16.3791	12.0887	21.824	13.0574	26.3302	12.2248	20.2903	
4.7	16.2103	0	12.0914	5.76999	15.6551	8.944	6.50147	11.6654	18.9668	10.8054	21.2449	14.1337	13.6426	14.79	11.9194	3.15286	16.4257	4.58939	8.41845	
20.291	21.996	12.0914	0	16.6171	7.00961	17.3491	12.2872	19.1381	17.3317	14.6032	14.7494	15.6346	19.4283	24.5025	17.7052	8.93859	9.42961	25.0824	29.6041	
3.67392	14.5497	5.76999	16.6171	0	17.5454	14.714	8.66833	17.48	27.351	12.046	25.4786	13.1076	27.5326	20.56	31.2143	8.92285	18.942	8.46537	7.39238	
14.2643	25.7889	15.6551	7.00961	17.5454	0	10.3395	8.87705	8.4536	17.4163	7.5936	7.73977	12.9016	10.1994	17.4929	11.8974	12.2257	2.42	14.1772	29.3484	
13.644	34.4848	8.944	17.3491	14.714	10.3395	0	14.4715	5.65991	12.4322	6.51991	12.3009	9.16334	11.1046	23.734	10.9078	12.0969	8.72543	13.5334	20.8991	
5.38728	16.406	6.50147	12.2872	8.66833	8.87705	14.4715	0	8.81163	15.5839	9.67163	16.6168	12.3151	13.8383	21.568	12.1152	3.34861	11.297	5.30016	9.10574	
9.23213	19.5737	11.6654	19.1381	17.48	8.4536	5.65991	8.81163	0	5.20048	0.86	7.9044	3.50343	5.44472	20.6979	5.16377	12.1602	11.2893	14.1118	17.6563	
11.1307	12.8014	18.9668	17.3317	27.351	17.4163	12.4322	15.5839	5.20048	0	7.6323	6.03738	1.69706	3.57771	18.8915	6.69706	14.0674	12.1684	14.3992	10.884	
8.37213	22.8479	10.8054	14.6032	12.046	7.5936	6.51991	9.67163	0.86	7.6323	0	9.51513	4.36343	6.30472	21.1988	4.30377	13.0703	10.0136	15.3948	12.0906	
14.5955	22.478	21.2449	14.7494	25.4786	7.73977	12.3009	16.6168	7.9044	6.03738	9.51513	0	5.16188	2.45967	22.3564	10.1619	12.9494	6.53667	17.864	20.5606	
9.43365	14.4984	14.1337	15.6346	13.1076	12.9016	9.16334	12.3151	3.50343	1.69706	4.36343	5.16188	0	4.5	17.1945	5	13.7666	11.6985	12.7022	12.5811	
13.9337	16.3791	13.6426	19.4283	27.5326	10.1994	11.1046	13.8383	5.44472	3.57771	6.30472	2.45967	4.5	0	21.6945	9.5	10.4897	8.59069	17.2022	14.4618	
17.1824	12.0887	14.79	24.5025	20.56	17.4929	23.734	21.568	20.6979	18.8915	21.1988	22.3564	17.1945	21.6945	0	16.895	17.9429	19.9129	19.3794	13.464	
12.6759	21.824	11.9194	17.7052	31.2143	11.8974	10.9078	12.1152	5.16377	6.69706	4.30377	10.1619	5	9.5	16.895	0	8.76657	16.5372	17.7022	27.5923	
7.85286	13.0574	3.15286	8.93859	8.92285	12.2257	12.0969	3.34861	12.1602	14.0674	13.0703	12.9494	13.7666	10.4897	17.9429	8.76657	0	13.2728	7.74225	15.1079	
21.7615	26.3302	16.4257	9.42961	18.942	2.42	8.72543	11.297	11.2893	12.1684	10.0136	6.53667	11.6985	8.59069	19.9129	16.5372	13.2728	0	25.03	27.0403	
9.28939	12.2248	4.58939	25.0824	8.46537	14.1772	13.5334	5.30016	14.1118	14.3992	15.3948	17.864	12.7022	17.2022	19.3794	17.7022	7.74225	25.03	0	16.5445	
3.71845	20.2903	8.41845	29.6041	7.39238	29.3484	20.8991	9.10574	17.6563	10.884	12.0906	20.5606	12.5811	14.4618	13.464	27.5923	15.1079	27.0403	16.5445	0	

0	15.479	6.4	18.6416	7.09152	14.279	18.0186	11.2842	21.9316	14.2	20.3698	15.9866	21.26	21.0549	12.7584	23.1313	9.00739	16.4116	14.9119	12.3613	
15.479	0	18.9092	31.2921	8.38745	18.4112	26.1554	12.9766	22.4604	15.8493	25.3863	30.6488	17.7444	16.6543	27.3871	31.11	22.8465	30.9374	10.6854	22.4012	
6.4	18.9092	0	14.3592	10.5217	7.87902	13.4387	7.38207	14.4111	7.8	17.3369	14.0049	9.69505	8.60498	14.6589	18.5513	4.42741	16.4329	15.6048	13.786	
18.6416	31.2921	14.3592	0	17.8755	15.7549	9.31255	12.8864	12.7319	11.2157	15.9728	19.5092	9.32064	17.1915	20.1633	24.0557	9.93177	5.63489	18.6947	15.4756	
7.09152	8.38745	10.5217	17.8755	0	15.5462	16.251	4.58912	15.2365	18.3217	27.823	15.5806	17.8183	20.2729	19.85	31.9522	7.54377	22.5499	7.82039	12.9335	
14.279	18.4112	7.87902	15.7549	15.5462	0	10.6626	11.643	16.3847	15.2028	20.4579	18.2658	17.0978	16.0078	18.9198	12.3613	8.68835	10.12	7.72583	11.5	
18.0186	26.1554	13.4387	9.31255	16.251	10.6626	0	11.6619	13.1291	10.306	12.4291	14.2691	12.2011	11.111	19.2427	18.5556	9.01124	3.67766	17.0702	13.5184	
11.2842	12.9766	7.38207	12.8864	4.58912	11.643	11.6619	0	10.6474	9.9518	11.3474	10.9915	13.2292	15.6838	13.1862	14.6707	2.95466	15.3396	5.40833	8.3444	
21.9316	22.4604	14.4111	12.7319	15.2365	16.3847	13.1291	10.6474	0	5.30628	0.7	7.82624	3.41123	6.22254	8.31139	4.02336	13.602	11.0379	16.0557	18.9918	
14.2	15.8493	7.8	11.2157	18.3217	15.2028	10.306	9.9518	5.30628	0	7.31105	11.9853	1.89505	0.804984	11.5378	10.6344	6.99714	13.9837	22.9286	18.3168	
20.3698	25.3863	17.3369	15.9728	27.823	20.4579	12.4291	11.3474	0.7	7.31105	0	8.52624	4.11123	6.92254	7.61139	4.72336	16.5341	10.3379	17.4816	20.1786	
15.9866	30.6488	14.0049	19.5092	15.5806	18.2658	14.2691	10.9915	7.82624	11.9853	8.52624	0	11.2375	11.1803	14.993	11.4612	9.57747	17.9467	16.3998	19.3359	
21.26	17.7444	9.69505	9.32064	17.8183	17.0978	12.2011	13.2292	3.41123	1.89505	4.11123	11.2375	0	2.70003	13.4328	7.43459	8.89219	14.8495	18.6375	16.4217	
21.0549	16.6543	8.60498	17.1915	20.2729	16.0078	11.111	15.6838	6.22254	0.804984	6.92254	11.1803	2.70003	0	12.3427	10.2459	7.80213	19.6091	21.0921	24.0282	
12.7584	27.3871	14.6589	20.1633	19.85	18.9198	19.2427	13.1862	8.31139	11.5378	7.61139	14.993	13.4328	12.3427	0	11.7406	10.2315	17.9493	21.2073	13.3027	
23.1313	31.11	18.5513	24.0557	31.9522	12.3613	18.5556	14.6707	4.02336	10.6344	4.72336	11.4612	7.43459	10.2459	11.7406	0	14.1239	22.4813	20.0872	23.8613	
9.00739	22.8465	4.42741	9.93177	7.54377	8.68835	9.01124	2.95466	13.602	6.99714	16.5341	9.57747	8.89219	7.80213	10.2315	14.1239	0	12.6889	8.36298	11.2991	
16.4116	30.9374	16.4329	5.63489	22.5499	10.12	3.67766	15.3396	11.0379	13.9837	10.3379	17.9467	14.8495	19.6091	17.9493	22.4813	12.6889	0	17.8458	9.84073	
14.9119	10.6854	15.6048	18.6947	7.82039	7.72583	17.0702	5.40833	16.0557	22.9286	17.4816	16.3998	18.6375	21.0921	21.2073	20.0872	8.36298	17.8458	0	13.7527	
12.3613	22.4012	13.786	15.4756	12.9335	11.5	13.5184	8.3444	18.9918	18.3168	20.1786	19.3359	16.4217	24.0282	13.3027	23.8613	11.2991	9.84073	13.7527	0	

0	12.239	5.55	11.3879	10.3382	7.80363	12.9156	4.51367	18.8869	13.74	17.3531	15.9681	13.5824	18.3165	10.9952	14.0534	4.10463	10.3652	6.677	2.11047	
12.239	0	15.3411	25.808	14.252	28.9157	25.6742	7.72528	27.1388	32.6576	23.9588	27.5144	21.5496	25.1833	37.3579	29.7405	21.6122	18.8042	9.88861	20.327	
5.55	15.3411	0	12.3417	14.1425	3.12187	9.09941	7.61577	13.3369	8.19	9.83929	15.1035	8.03243	8.97262	14.9404	11.9624	6.82087	12.5819	5.87442	7.66047	
11.3879	25.808	12.3417	0	18.5815	10.9823	8.36462	15.4616	7.50405	12.6844	10.6841	9.98555	17.3018	11.9018	14.1739	24.3042	7.2833	4.38269	15.3038	19.0922	
10.3382	14.252	14.1425	18.5815	0	14.9972	20.1092	6.52674	20.3807	23.8029	23.5607	20.3355	22.7356	25.5101	18.1888	12.8192	11.2982	14.7326	8.69008	12.4487	
7.80363	28.9157	3.12187	10.9823	14.9972	0	5.97753	10.7376	9.89742	11.3119	6.71742	12.3324	10.0474	7.94192	10.5896	15.0843	3.699	9.46	8.99629	8.75	
12.9156	25.6742	9.09941	8.36462	20.1092	5.97753	0	17.3333	15.8687	6.5986	7.04048	7.38055	11.216	5.81598	13.3686	24.8589	8.81099	9.30232	15.17	14.7275	
4.51367	7.72528	7.61577	15.4616	6.52674	10.7376	17.3333	0	20.9527	15.8058	25.5039	16.6818	13.2087	27.4311	20.7775	19.346	8.6183	11.0789	2.16333	6.62414	
18.8869	27.1388	13.3369	7.50405	20.3807	9.89742	15.8687	20.9527	0	9.11035	3.18	8.79502	6.51	4.4045	23.8931	21.5538	14.7873	11.8867	19.2114	18.4226	
13.74	32.6576	8.19	12.6844	23.8029	11.3119	6.5986	15.8058	9.11035	0	2.00712	4.47214	2.96985	0.782624	14.7828	20.1524	14.9945	18.6598	14.0152	20.3605	
17.3531	23.9588	9.83929	10.6841	23.5607	6.71742	7.04048	25.5039	3.18	2.00712	0	4.91401	3.33	1.2245	20.3392	18.3738	10.4164	11.2179	14.3754	15.2426	
15.9681	27.5144	15.1035	9.98555	20.3355	12.3324	7.38055	16.6818	8.79502	4.47214	4.91401	0	7.07107	3.68951	20.7492	17.4784	16.1915	5.60286	18.1164	20.8576	
13.5824	21.5496	8.03243	17.3018	22.7356	10.0474	11.216	13.2087	6.51	2.96985	3.33	7.07107	0	3.75247	17.7526	19.9949	16.0823	12.6739	11.0454	18.5726	
18.3165	25.1833	8.97262	11.9018	25.5101	7.94192	5.81598	27.4311	4.4045	0.782624	1.2245	3.68951	3.75247	0	15.5654	19.5983	14.2119	9.29237	16.4454	16.4671	
10.9952	37.3579	14.9404	14.1739	18.1888	10.5896	13.3686	20.7775	23.8931	14.7828	20.3392	20.7492	17.7526	15.5654	0	18.47	6.8906	22.6709	20.3882	13.7865	
14.0534	29.7405	11.9624	24.3042	12.8192	15.0843	24.8589	19.346	21.5538	20.1524	18.3738	17.4784	19.9949	19.5983	18.47	0	20.0123	23.0812	17.8368	11.9429	
4.10463	21.6122	6.82087	7.2833	11.2982	3.699	8.81099	8.6183	14.7873	14.9945	10.4164	16.1915	16.0823	14.2119	6.8906	20.0123	0	11.666	13.4976	6.21511	
10.3652	18.8042	12.5819	4.38269	14.7326	9.46	9.30232	11.0789	11.8867	18.6598	11.2179	5.60286	12.6739	9.29237	22.6709	23.0812	11.666	0	13.2422	12.4757	
6.677	9.88861	5.87442	15.3038	8.69008	8.99629	15.17	2.16333	19.2114	14.0152	14.3754	18.1164	11.0454	16.4454	20.3882	17.8368	13.4976	13.2422	0	13.3253	
2.11047	20.327	7.66047	19.0922	12.4487	8.75	14.7275	6.62414	18.4226	20.3605	15.2426	20.8576	18.5726	16.4671	13.7865	11.9429	6.21511	12.4757	13.3253	0	

0	10.9081	4.7	18.0526	8.33755	14.0459	11.2765	5.16888	9.64849	17.5495	12.9685	12.5918	14.627	15.9417	13.4672	21.4875	12.4144	15.0914	5.11265	3.21596	
10.9081	0	17.4091	13.9462	4.964	17.9062	18.0054	8.99223	29.0248	31.2778	22.526	17.4118	34.8959	37.069	21.8719	51.5263	24.2106	25.0564	5.79545	22.5922	
4.7	17.4091	0	12.8089	12.4451	11.4469	6.57647	9.86888	12.9229	11.7295	15.5531	7.89177	16.2356	13.4695	18.1672	12.748	7.71443	10.3914	9.81265	7.91596	
18.0526	13.9462	12.8089	0	8.9822	14.4718	6.23246	12.8837	14.0771	6.4	15.2091	9.04598	7.81421	8.77023	25.2546	12.404	16.2219	18.5634	12.2071	18.1506	
8.33755	4.964	12.4451	8.9822	0	12.9053	15.2147	4.02823	20.4994	15.3822	19.9555	14.8412	27.7281	28.6841	19.3014	36.8915	12.3998	20.1446	3.2249	14.0668	
14.0459	17.9062	11.4469	14.4718	12.9053	0	8.2393	8.87705	16.1707	13.3923	12.8507	11.6836	18.0888	15.1323	14.2858	14.4108	10.925	12.21	12.1108	20.1574	
11.2765	18.0054	6.57647	6.23246	15.2147	8.2393	0	17.1164	8.47541	5.15302	8.97659	3.44426	6.56723	6.89301	14.9054	6.17155	14.2909	12.331	12.21	11.9181	
5.16888	8.99223	9.86888	12.8837	4.02823	8.87705	17.1164	0	14.8174	19.2837	21.7278	18.7553	26.9659	21.2299	18.6361	32.195	8.37153	18.1515	7.13899	8.38484	
9.64849	29.0248	12.9229	14.0771	20.4994	16.1707	8.47541	14.8174	0	6.39277	3.32	5.03115	4.97855	6.29325	19.422	12.245	17.9199	8.60916	14.7611	6.60303	
17.5495	31.2778	11.7295	6.4	15.3822	13.3923	5.15302	19.2837	6.39277	0	8.9009	8.59727	1.41421	2.37023	24.1396	11.3246	15.2286	13.7535	17.363	14.504	
12.9685	22.526	15.5531	15.2091	19.9555	12.8507	8.97659	21.7278	3.32	8.9009	0	8.35115	8.29855	6.53067	25.7616	15.1481	15.0691	5.28916	16.7306	9.92303	
12.5918	17.4118	7.89177	9.04598	14.8412	11.6836	3.44426	18.7553	5.03115	8.59727	8.35115	0	8.34386	9.50329	16.2086	9.6158	15.6062	10.0385	11.6163	11.6342	
14.627	34.8959	16.2356	7.81421	27.7281	18.0888	6.56723	26.9659	4.97855	1.41421	8.29855	8.34386	0	3.78445	24.5525	17.2236	21.7584	15.1677	19.9602	11.5816	
15.9417	37.069	13.4695	8.77023	28.6841	15.1323	6.89301	21.2299	6.29325	2.37023	6.53067	9.50329	3.78445	0	21.7694	13.0646	12.8584	11.8198	19.103	12.8963	
13.4672	21.8719	18.1672	25.2546	19.3014	14.2858	14.9054	18.6361	19.422	24.1396	25.7616	16.2086	24.5525	21.7694	0	8.73387	24.1358	26.2471	16.0765	12.819	
21.4875	51.5263	12.748	12.404	36.8915	14.4108	6.17155	32.195	12.245	11.3246	15.1481	9.6158	17.2236	13.0646	8.73387	0	32.3876	18.5025	18.3815	18.0897	
12.4144	24.2106	7.71443	16.2219	12.3998	10.925	14.2909	8.37153	17.9199	15.2286	15.0691	15.6062	21.7584	12.8584	24.1358	32.3876	0	9.77998	15.5105	11.3168	
15.0914	25.0564	10.3914	18.5634	20.1446	12.21	12.331	18.1515	8.60916	13.7535	5.28916	10.0385	15.1677	11.8198	26.2471	18.5025	9.77998	0	19.2609	17.2283	
5.11265	5.79545	9.81265	12.2071	3.2249	12.1108	12.21	7.13899	14.7611	17.363	16.7306	11.6163	19.9602	19.103	16.0765	18.3815	15.5105	19.2609	0	8.32861	
3.21596	22.5922	7.91596	18.1506	14.0668	20.1574	11.9181	8.38484	6.60303	14.504	9.92303	11.6342	11.5816	12.8963	12.819	18.0897	11.3168	17.2283	8.32861	0	

0	5.09902	5.05	38.6694	6.85892	8.31637	29.7775	5.02328	13.9463	12.2099	16.3027	13.0148	15.0309	8.4309	19.1238	13.173	11.2215	13.0248	9.1336	8.64289	
5.09902	0	10.149	35.1002	11.2974	13.1428	30.4245	9.84974	20.8643	33.7761	19.8062	39.8029	38.956	13.5299	27.5061	31.8577	16.5005	29.6908	10.0515	13.7419	
5.05	10.149	0	22.2753	10.5938	5.79777	20.5221	8.75814	19.7727	14.283	19.8485	11.8377	18.343	13.4809	20.5792	17.5683	6.17155	7.97481	12.8685	13.6929	
38.6694	35.1002	22.2753	0	23.8028	23.625	18.3694	25.6385	19.4937	17.9323	20.6432	10.4377	16.9431	15.0216	24.215	16.1683	20.6993	27.9466	30.1574	29.8877	
6.85892	11.2974	10.5938	23.8028	0	5.12875	19.7296	1.83565	8.94882	12.3673	8.50882	15.4647	18.9488	16.3806	16.5658	10.615	5.20312	10.2678	5.94598	6.0849	
8.31637	13.1428	5.79777	23.625	5.12875	0	13.4236	3.2931	14.3076	8.48528	12.3437	12.8423	12.4734	12.2642	16.9883	15.9304	2.5807	4.4	7.40343	8.40191	
29.7775	30.4245	20.5221	18.3694	19.7296	13.4236	0	25.5467	11.6607	4.93831	8.79677	12.4329	8.53155	8.71726	17.9183	12.3834	16.4205	12.5473	35.913	20.7479	
5.02328	9.84974	8.75814	25.6385	1.83565	3.2931	25.5467	0	11.0145	11.7784	10.3445	17.8052	22.6312	13.4542	15.5898	9.63889	5.8738	7.6931	4.11033	5.10882	
13.9463	20.8643	19.7727	19.4937	8.94882	14.3076	11.6607	11.0145	0	4.29846	0.44	9.05608	10.88	5.51543	22.3154	3.84843	19.3177	19.5469	15.1249	8.37851	
12.2099	33.7761	14.283	17.9323	12.3673	8.48528	4.93831	11.7784	4.29846	0	3.85846	7.4946	3.98808	3.77895	12.98	7.44514	11.066	12.8853	16.107	11.9752	
16.3027	19.8062	19.8485	20.6432	8.50882	12.3437	8.79677	10.3445	0.44	3.85846	0	9.49608	7.84654	5.95543	16.8384	3.97271	13.7119	19.0031	16.0067	8.50278	
13.0148	39.8029	11.8377	10.4377	15.4647	12.8423	12.4329	17.8052	9.05608	7.4946	9.49608	0	6.50538	4.58394	13.7773	5.73062	10.2616	15.3262	16.912	10.2607	
15.0309	38.956	18.343	16.9431	18.9488	12.4734	8.53155	22.6312	10.88	3.98808	7.84654	6.50538	0	6.6	10.6988	11.4332	16.767	18.2116	18.9281	21.1797	
8.4309	13.5299	13.4809	15.0216	16.3806	12.2642	8.71726	13.4542	5.51543	3.77895	5.95543	4.58394	6.6	0	16.7589	9.36386	14.8455	14.0315	12.3281	17.0738	
19.1238	27.5061	20.5792	24.215	16.5658	16.9883	17.9183	15.5898	22.3154	12.98	16.8384	13.7773	10.6988	16.7589	0	15.011	14.4076	18.6815	21.2073	10.4809	
13.173	31.8577	17.5683	16.1683	10.615	15.9304	12.3834	9.63889	3.84843	7.44514	3.97271	5.73062	11.4332	9.36386	15.011	0	13.5507	12.7307	24.9737	4.53008	
11.2215	16.5005	6.17155	20.6993	5.20312	2.5807	16.4205	5.8738	19.3177	11.066	13.7119	10.2616	16.767	14.8455	14.4076	13.5507	0	5.06463	12.701	9.02067	
13.0248	29.6908	7.97481	27.9466	10.2678	4.4	12.5473	7.6931	19.5469	12.8853	19.0031	15.3262	18.2116	14.0315	18.6815	12.7307	5.06463	0	21.0087	8.20061	
9.1336	10.0515	12.8685	30.1574	5.94598	7.40343	35.913	4.11033	15.1249	16.107	16.0067	16.912	18.9281	12.3281	21.2073	24.9737	12.701	21.0087	0	9.21914	
8.64289	13.7419	13.6929	29.8877	6.0849	8.40191	20.7479	5.10882	8.37851	11.9752	8.50278	10.2607	21.1797	17.0738	10.4809	4.53008	9.02067	8.20061	9.21914	0	

0	14.874	5.45	23.6977	7.94592	6.03775	15.0848	8.51773	22.3745	17.3515	18.3291	18.7349	17.9689	17.2833	20.58	16.1752	13.7011	13.4077	11.5447	9.32732	
14.874	0	9.42404	21.9328	14.0528	12.3873	21.4344	13.0035	20.9981	23.7011	19.0581	21.4536	30.3632	21.5719	24.554	28.3431	17.6751	19.7573	9.77982	13.3014	
5.45	9.42404	0	20.7023	11.6869	11.4877	15.8244	3.57941	25.1288	25.1709	13.3908	24.818	23.4189	20.7873	15.13	9.84878	8.25109	14.1547	8.9952	3.87732	
23.6977	21.9328	20.7023	0	16.426	12.8484	12.9058	16.0537	10.791	8.6763	19.0996	12.9488	7.51665	9.56665	31.9921	31.7666	17.5287	5.47837	12.153	24.5796	
7.94592	14.0528	11.6869	16.426	0	10.5077	19.5548	8.10744	17.609	13.3504	17.9188	10.789	19.6985	16.0651	18.6367	15.7649	15.1986	17.8777	4.273	12.5386	
6.03775	12.3873	11.4877	12.8484	10.5077	0	9.04708	14.1746	12.6826	11.3137	18.5938	13.8752	12.4734	14.6902	20.1168	21.8321	10.2368	7.37	14.7807	16.2886	
15.0848	21.4344	15.8244	12.9058	19.5548	9.04708	0	12.245	10.249	13.7964	12.189	14.8979	17.907	15.3402	26.0688	19.9025	19.2838	7.42744	20.7902	18.2082	
8.51773	13.0035	3.57941	16.0537	8.10744	14.1746	12.245	0	11.7513	17.0915	9.81134	18.0458	19.9121	14.826	12.8119	7.65747	7.09118	10.5753	8.54516	7.45673	
22.3745	20.9981	25.1288	10.791	17.609	12.6826	10.249	11.7513	0	3.54739	1.94	6.10884	4.70705	5.09117	19.1487	13.9943	17.363	5.31263	16.8833	19.9658	
17.3515	23.7011	25.1709	8.6763	13.3504	11.3137	13.7964	17.0915	3.54739	0	5.48739	2.56144	1.15966	3.20966	24.3313	17.5417	17.4929	8.86002	15.1685	25.1483	
18.3291	19.0581	13.3908	19.0996	17.9188	18.5938	12.189	9.81134	1.94	5.48739	0	8.76001	7.06462	5.01462	20.3831	15.2287	16.9025	7.25263	16.8067	21.2002	
18.7349	21.4536	24.818	12.9488	10.789	13.8752	14.8979	18.0458	6.10884	2.56144	8.76001	0	3.7211	5.93791	29.223	20.8143	19.5208	7.47048	15.062	23.3276	
17.9689	30.3632	23.4189	7.51665	19.6985	12.4734	17.907	19.9121	4.70705	1.15966	7.06462	3.7211	0	2.05	29.4044	20.3365	18.6525	12.995	13.8421	28.2197	
17.2833	21.5719	20.7873	9.56665	16.0651	14.6902	15.3402	14.826	5.09117	3.20966	5.01462	5.93791	2.05	0	31.6311	19.0855	20.8693	10.4038	11.7921	25.6717	
20.58	24.554	15.13	31.9921	18.6367	20.1168	26.0688	12.8119	19.1487	24.3313	20.3831	29.223	29.4044	31.6311	0	5.15442	23.3811	27.4868	19.8391	11.1259	
16.1752	28.3431	9.84878	31.7666	15.7649	21.8321	19.9025	7.65747	13.9943	17.5417	15.2287	20.8143	20.3365	19.0855	5.15442	0	14.7486	18.2328	16.2026	5.97147	
13.7011	17.6751	8.25109	17.5287	15.1986	10.2368	19.2838	7.09118	17.363	17.4929	16.9025	19.5208	18.6525	20.8693	23.3811	14.7486	0	12.0503	15.4826	12.1284	
13.4077	19.7573	14.1547	5.47837	17.8777	7.37	7.42744	10.5753	5.31263	8.86002	7.25263	7.47048	12.995	10.4038	27.4868	18.2328	12.0503	0	17.6314	23.6935	
11.5447	9.77982	8.9952	12.153	4.273	14.7807	20.7902	8.54516	16.8833	15.1685	16.8067	15.062	13.8421	11.7921	19.8391	16.2026	15.4826	17.6314	0	12.8725	
9.32732	13.3014	3.87732	24.5796	12.5386	16.2886	18.2082	7.45673	19.9658	25.1483	21.2002	23.3276	28.2197	25.6717	11.1259	5.97147	12.1284	23.6935	12.8725	0	

0	10.9629	3.4	24.3042	9.43186	11.5566	21.0472	4.44087	14.3539	12.7214	13.3603	23.6091	12.5782	12.6463	10.7301	17.5596	4.67472	14.804	7.43866	3.81895	
10.9629	0	14.3629	26.4015	12.3784	18.9951	13.3997	15.4038	13.0877	23.2432	15.791	28.7723	19.5907	15.793	24.3675	25.7511	15.6376	7.77506	10.6854	14.7818	
3.4	14.3629	0	28.1151	5.73174	10.236	19.7294	4.41715	13.1922	11.4008	12.0396	26.4539	15.9782	16.0463	9.40948	14.1596	3.3541	13.4834	4.03866	5.60057	
24.3042	26.4015	28.1151	0	27.5627	24.6211	9.51271	23.7667	13.8536	15.4595	14.3336	16.2364	11.726	13.626	34.6624	21.0508	24.0885	15.1374	28.8071	29.9427	
9.43186	12.3784	5.73174	27.5627	0	11.639	26.2991	8.00546	14.945	10.9227	13.4427	18.7968	14.6563	13.7178	10.8125	17.0723	4.75714	14.8864	1.69307	14.9262	
11.5566	18.9951	10.236	24.6211	11.639	0	15.1092	17.9126	16.5326	14.9286	15.5674	8.38475	15.4381	13.5381	12.9372	18.8411	6.88186	11.22	20.6718	16.25	
21.0472	13.3997	19.7294	9.51271	26.2991	15.1092	0	18.6324	8.71932	11.1959	9.19932	6.7245	10.3009	8.40086	21.9901	11.5381	15.7539	5.62466	23.7681	21.0418	
4.44087	15.4038	4.41715	23.7667	8.00546	17.9126	18.6324	0	9.91308	14.9936	10.3931	26.6836	14.0985	12.1985	9.67471	14.9959	7.77125	15.2257	8.45581	8.25982	
14.3539	13.0877	13.1922	13.8536	14.945	16.5326	8.71932	9.91308	0	6.28856	0.48	14.1626	9.95711	5.61124	19.5878	12.7292	9.16553	5.31263	21.0425	19.5913	
12.7214	23.2432	11.4008	15.4595	10.9227	14.9286	11.1959	14.9936	6.28856	0	6.76856	7.87407	3.73352	2.79508	14.1021	8.09807	8.04671	10.8131	12.6158	13.3027	
13.3603	15.791	12.0396	14.3336	13.4427	15.5674	9.19932	10.3931	0.48	6.76856	0	15.955	7.03124	5.13124	14.7409	10.4342	8.68553	5.79263	16.1581	18.3128	
23.6091	28.7723	26.4539	16.2364	18.7968	8.38475	6.7245	26.6836	14.1626	7.87407	15.955	0	11.0309	10.6692	26.7443	18.2626	15.2666	12.3492	22.628	21.1768	
12.5782	19.5907	15.9782	11.726	14.6563	15.4381	10.3009	14.0985	9.95711	3.73352	7.03124	11.0309	0	1.9	25.6007	7.20298	11.7802	9.91798	18.4875	16.3972	
12.6463	15.793	16.0463	13.626	13.7178	13.5381	8.40086	12.1985	5.61124	2.79508	5.13124	10.6692	1.9	0	15.755	5.30298	10.8418	8.01798	17.549	16.0978	
10.7301	24.3675	9.40948	34.6624	10.8125	12.9372	21.9901	9.67471	19.5878	14.1021	14.7409	26.7443	25.6007	15.755	0	10.452	6.05538	16.1846	13.6821	9.51346	
17.5596	25.7511	14.1596	21.0508	17.0723	18.8411	11.5381	14.9959	12.7292	8.09807	10.4342	18.2626	7.20298	5.30298	10.452	0	16.5074	13.321	15.3792	19.7602	
4.67472	15.6376	3.3541	24.0885	4.75714	6.88186	15.7539	7.77125	9.16553	8.04671	8.68553	15.2666	11.7802	10.8418	6.05538	16.5074	0	10.1293	6.45022	8.49367	
14.804	7.77506	13.4834	15.1374	14.8864	11.22	5.62466	15.2257	5.31263	10.8131	5.79263	12.3492	9.91798	8.01798	16.1846	13.321	10.1293	0	18.4604	15.4171	
7.43866	10.6854	4.03866	28.8071	1.69307	20.6718	23.7681	8.45581	21.0425	12.6158	16.1581	22.628	18.4875	17.549	13.6821	15.3792	6.45022	18.4604	0	9.63923	
3.81895	14.7818	5.60057	29.9427	14.9262	16.25	21.0418	8.25982	19.5913	13.3027	18.3128	21.1768	16.3972	16.0978	9.51346	19.7602	8.49367	15.4171	9.63923	0	

0	12.6363	4.15	24.9902	7.20907	12.5972	16.0799	4.14966	16.7955	28.0021	13.3663	14.3248	24.079	24.2201	4.60721	15.7373	9.80551	14.9878	11.7213	4.82394	
12.6363	0	10.3461	13.5402	12.6244	12.9035	19.0683	9.47329	25.2852	27.3992	21.0668	17.3132	25.8352	21.1442	17.5677	18.7257	16.0497	21.2635	1.90163	7.81232	
4.15	10.3461	0	19.7849	3.16784	11.4177	12.0688	2.97015	12.1763	19.4085	9.21634	17.6863	12.7263	19.5371	3.57	14.1596	7.78152	9.78249	8.44448	8.18545	
24.9902	13.5402	19.7849	0	16.0061	16.6154	10.3328	19.6765	15.0285	8.94557	17.9247	23.9272	13.2039	7.60393	32.1257	26.1641	17.2504	9.39149	15.4419	21.3526	
7.20907	12.6244	3.16784	16.0061	0	11.5069	8.90097	3.05941	22.6683	25.4336	12.3842	23.0492	27.0045	24.0824	6.73784	17.3274	9.75664	6.61465	10.6311	11.3533	
12.5972	12.9035	11.4177	16.6154	11.5069	0	7.91619	8.44751	21.6835	14.4957	21.1021	20.5803	18.8232	15.8373	19.4767	23.7476	9.6346	8.36	14.8051	19.1722	
16.0799	19.0683	12.0688	10.3328	8.90097	7.91619	0	11.9604	13.7674	16.5326	13.8101	16.5624	17.3201	17.8742	21.0113	15.8314	10.3107	2.45177	18.87	11.256	
4.14966	9.47329	2.97015	19.6765	3.05941	8.44751	11.9604	0	20.9452	22.9432	12.1865	17.6429	30.9316	26.4983	6.54015	17.1298	6.69722	9.67406	7.57166	8.9736	
16.7955	25.2852	12.1763	15.0285	22.6683	21.6835	13.7674	20.9452	0	8.76626	2.96	2.79508	6.47	7.42462	18.6569	21.8102	13.7408	15.7021	29.6596	12.2959	
28.0021	27.3992	19.4085	8.94557	25.4336	14.4957	16.5326	22.9432	8.76626	0	7.83749	8.15868	4.32749	1.34164	29.8635	10.6037	19.1044	18.8094	35.4026	17.6595	
13.3663	21.0668	9.21634	17.9247	12.3842	21.1021	13.8101	12.1865	2.96	7.83749	0	5.75508	3.51	9.11	12.7863	20.7958	16.9979	12.7421	17.6608	13.2544	
14.3248	17.3132	17.6863	23.9272	23.0492	20.5803	16.5624	17.6429	2.79508	8.15868	5.75508	0	6.08112	9.50032	19.2562	18.7624	10.9457	18.8046	17.4438	9.50084	
24.079	25.8352	12.7263	13.2039	27.0045	18.8232	17.3201	30.9316	6.47	4.32749	3.51	6.08112	0	5.6	24.2949	14.9312	17.0268	16.2521	28.5754	15.582	
24.2201	21.1442	19.5371	7.60393	24.0824	15.8373	17.8742	26.4983	7.42462	1.34164	9.11	9.50032	5.6	0	26.0816	11.9453	25.3267	16.9954	27.563	19.6201	
4.60721	17.5677	3.57	32.1257	6.73784	19.4767	21.0113	6.54015	18.6569	29.8635	12.7863	19.2562	24.2949	26.0816	0	17.7296	11.3515	20.0029	12.0145	9.43115	
15.7373	18.7257	14.1596	26.1641	17.3274	23.7476	15.8314	17.1298	21.8102	10.6037	20.7958	18.7624	14.9312	11.9453	17.7296	0	21.4294	18.2831	18.8563	10.9134	
9.80551	16.0497	7.78152	17.2504	9.75664	9.6346	10.3107	6.69722	13.7408	19.1044	16.9979	10.9457	17.0268	25.3267	11.3515	21.4294	0	7.85891	14.2689	10.9888	
14.9878	21.2635	9.78249	9.39149	6.61465	8.36	2.45177	9.67406	15.7021	18.8094	12.7421	18.8046	16.2521	16.9954	20.0029	18.2831	7.85891	0	17.3375	13.7078	
11.7213	1.90163	8.44448	15.4419	10.6311	14.8051	18.87	7.57166	29.6596	35.4026	17.6608	17.4438	28.5754	27.563	12.0145	18.8563	14.2689	17.3375	0	7.94292	
4.82394	7.81232	8.18545	21.3526	11.3533	19.1722	11.256	8.9736	12.2959	17.6595	13.2544	9.50084	15.582	19.6201	9.43115	10.9134	10.9888	13.7078	7.94292	0	

0	13.0021	6.6	17.2639	4.10112	4.90567	9.81989	8.80893	18.6282	11.7876	15.2882	18.4377	14.7292	12.5926	14.6188	16.8276	5.81489	21.8404	6.43918	9.25915	
13.0021	0	14.5929	28.1465	8.90097	20.5135	16.5183	14.9014	22.2075	35.0856	28.2854	27.2216	31.8601	34.2807	10.3618	26.5409	12.5134	26.6403	10.142	12.6192	
6.6	14.5929	0	17.0608	9.95606	10.0797	6.08454	8.60582	15.4154	18.3876	18.7945	11.8377	15.3732	16.3291	9.58126	11.23	2.07954	24.4078	12.2941	5.5238	
17.2639	28.1465	17.0608	0	15.7975	18.5278	7.38055	8.45495	17.7386	13.7655	15.504	14.3595	10.824	18.124	20.7974	17.2186	11.3855	20.1442	13.2143	18.6366	
4.10112	8.90097	9.95606	15.7975	0	9.00679	16.9637	7.09738	32.1981	15.8887	17.5313	17.0151	25.2834	27.1891	19.2627	20.9287	9.91602	17.7393	2.33805	16.4625	
4.90567	20.5135	10.0797	18.5278	9.00679	0	11.1473	13.7146	25.507	16.6933	19.606	21.9293	25.4649	18.7451	8.25743	20.208	8.00016	18.92	16.0781	6	
9.81989	16.5183	6.08454	7.38055	16.9637	11.1473	0	9.62107	11.7987	12.0061	8.45871	18.7133	13.1387	11.2011	13.5134	16.3002	4.005	12.7637	14.3804	7.44925	
8.80893	14.9014	8.60582	8.45495	7.09738	13.7146	9.62107	0	13.2502	15.7944	10.1887	9.6725	13.208	19.7515	22.5458	19.8359	10.6854	22.3847	4.75933	15.9296	
18.6282	22.2075	15.4154	17.7386	32.1981	25.507	11.7987	13.2502	0	8.94568	3.34	3.57771	6.91466	12.5158	11.8457	16.9681	18.286	21.9656	25.7543	14.1031	
11.7876	35.0856	18.3876	13.7655	15.8887	16.6933	12.0061	15.7944	8.94568	0	5.60568	6.4771	2.94156	0.804984	24.9872	5.904	17.6025	10.2547	31.8932	17.3474	
15.2882	28.2854	18.7945	15.504	17.5313	19.606	8.45871	10.1887	3.34	5.60568	0	6.91771	4.68	6.41067	15.1857	14.6618	12.4637	19.0125	14.948	14.5799	
18.4377	27.2216	11.8377	14.3595	17.0151	21.9293	18.7133	9.6725	3.57771	6.4771	6.91771	0	3.53553	10.8355	15.4234	20.5458	13.9172	20.3462	14.4318	18.1525	
14.7292	31.8601	15.3732	10.824	25.2834	25.4649	13.1387	13.208	6.91466	2.94156	4.68	3.53553	0	3.74655	18.7603	12.1916	18.2438	16.7498	25.7122	19.2599	
12.5926	34.2807	16.3291	18.124	27.1891	18.7451	11.2011	19.7515	12.5158	0.804984	6.41067	10.8355	3.74655	0	18.7999	5.09902	15.2061	9.44976	31.0882	16.5424	
14.6188	10.3618	9.58126	20.7974	19.2627	8.25743	13.5134	22.5458	11.8457	24.9872	15.1857	15.4234	18.7603	18.7999	0	16.1791	5.70169	27.1873	20.5038	2.25743	
16.8276	26.5409	11.23	17.2186	20.9287	20.208	16.3002	19.8359	16.9681	5.904	14.6618	20.5458	12.1916	5.09902	16.1791	0	13.3096	14.5488	31.6128	14.208	
5.81489	12.5134	2.07954	11.3855	9.91602	8.00016	4.005	10.6854	18.286	17.6025	12.4637	13.9172	18.2438	15.2061	5.70169	13.3096	0	16.7686	19.5827	3.44426	
21.8404	26.6403	24.4078	20.1442	17.7393	18.92	12.7637	22.3847	21.9656	10.2547	19.0125	20.3462	16.7498	9.44976	27.1873	14.5488	16.7686	0	20.0773	24.0197	
6.43918	10.142	12.2941	13.2143	2.33805	16.0781	14.3804	4.75933	25.7543	31.8932	14.948	14.4318	25.7122	31.0882	20.5038	31.6128	19.5827	20.0773	0	22.0781	
9.25915	12.6192	5.5238	18.6366	16.4625	6	7.44925	15.9296	14.1031	17.3474	14.5799	18.1525	19.2599	16.5424	2.25743	14.208	3.44426	24.0197	22.0781	0	

0	7.64853	2.45	31.4698	10.7569	6.60379	12.2582	3.56725	8.96339	18.7728	17.5295	31.6749	17.31	21.076	7.21	21.004	4.59663	17.1641	11.2148	11.0549	
7.64853	0	10.0985	27.8299	13.8641	14.2523	21.5782	11.2158	18.3147	26.4214	17.4246	33.049	33.1746	18.7657	18.6629	28.0185	18.77	13.4297	8.05929	18.7034	
2.45	10.0985	0	25.0826	14.3651	7.82416	13.9421	6.01725	6.51339	15.7085	8.39339	19.5976	14.86	9.55395	4.76	18.554	2.14663	17.3406	13.6648	7.01743	
31.4698	27.8299	25.0826	0	26.0598	32.8803	22.5488	27.9971	12.2975	11.0712	10.5981	12.7572	10.2226	9.25695	30.8586	20.2226	19.4083	14.4003	20.255	21.6168	
10.7569	13.8641	14.3651	26.0598	0	18.7363	18.829	7.18962	16.0602	18.37	21.1519	27.4927	19.2186	20.6732	6.49842	25.6559	9.48938	11.4575	5.80483	4.24099	
6.60379	14.2523	7.82416	32.8803	18.7363	0	5.65442	10.171	10.2337	23.617	12.1137	30.1347	21.3893	13.2743	13.1946	25.1588	5.67753	13.803	17.8186	10.9259	
12.2582	21.5782	13.9421	22.5488	18.829	5.65442	0	20.1335	15.8881	23.6212	24.016	28.2101	28.8021	17.8847	18.7021	22.7413	11.332	8.14855	19.61	15.3651	
3.56725	11.2158	6.01725	27.9971	7.18962	10.171	20.1335	0	15.8423	22.3401	13.9623	29.5867	26.2862	15.3034	14.5186	24.5562	7.68211	13.5969	12.9944	11.4306	
8.96339	18.3147	6.51339	12.2975	16.0602	10.2337	15.8881	15.8423	0	5.34371	1.88	14.8917	11.1556	3.04056	10.365	12.4739	8.66001	12.7767	10.2554	12.6224	
18.7728	26.4214	15.7085	11.0712	18.37	23.617	23.6212	22.3401	5.34371	0	3.64427	5.58614	0.848528	2.30315	23.7483	10.8485	12.4545	12.0393	23.6387	22.611	
17.5295	17.4246	8.39339	10.5981	21.1519	12.1137	24.016	13.9623	1.88	3.64427	0	13.1923	10.2411	1.34112	12.245	10.5939	11.4925	11.0772	12.1354	14.7559	
31.6749	33.049	19.5976	12.7572	27.4927	30.1347	28.2101	29.5867	14.8917	5.58614	13.1923	0	4.73762	11.8512	30.266	14.7376	22.0025	21.5873	30.1564	32.1072	
17.31	33.1746	14.86	10.2226	19.2186	21.3893	28.8021	26.2862	11.1556	0.848528	10.2411	4.73762	0	3.15168	19.62	10	17.0066	16.3212	21.411	23.8525	
21.076	18.7657	9.55395	9.25695	20.6732	13.2743	17.8847	15.3034	3.04056	2.30315	1.34112	11.8512	3.15168	0	13.4055	11.935	10.1514	9.73612	13.296	15.3997	
7.21	18.6629	4.76	30.8586	6.49842	13.1946	18.7021	14.5186	10.365	23.7483	12.245	30.266	19.62	13.4055	0	18.0405	6.90663	9.47397	10.6036	2.25743	
21.004	28.0185	18.554	20.2226	25.6559	25.1588	22.7413	24.5562	12.4739	10.8485	10.5939	14.7376	10	11.935	18.0405	0	19.4813	14.5927	28.6441	20.2979	
4.59663	18.77	2.14663	19.4083	9.48938	5.67753	11.332	7.68211	8.66001	12.4545	11.4925	22.0025	17.0066	10.1514	6.90663	19.4813	0	12.4649	16.0984	5.24839	
17.1641	13.4297	17.3406	14.4003	11.4575	13.803	8.14855	13.5969	12.7767	12.0393	11.0772	21.5873	16.3212	9.73612	9.47397	14.5927	12.4649	0	21.4889	7.21654	
11.2148	8.05929	13.6648	20.255	5.80483	17.8186	19.61	12.9944	10.2554	23.6387	12.1354	30.1564	21.411	13.296	10.6036	28.6441	16.0984	21.4889	0	10.0458	
11.0549	18.7034	7.01743	21.6168	4.24099	10.9259	15.3651	11.4306	12.6224	22.611	14.7559	32.1072	23.8525	15.3997	2.25743	20.2979	5.24839	7.21654	10.0458	0	

0	7.64853	7	19.5459	8.97097	12.7698	9.3771	8.22652	7.14703	11.8231	9.88703	14.2103	12.0334	9.76332	3.72121	14.4596	6.72704	13.8203	14.259	6.62362	
7.64853	0	12.3126	24.5008	7.53159	16.8213	17.0256	11.4579	14.7956	37.5346	19.1041	21.8588	27.2526	35.0489	11.3697	16.0777	7.61682	14.5043	6.61043	15.8894	
7	12.3126	0	13.9342	8.25058	13.9002	16.3771	2.28473	14.147	17.509	13.9834	20.3308	17.2234	16.6657	7.14	17.8784	4.69574	10.3914	8.81163	7.75464	
19.5459	24.5008	13.9342	0	28.5117	10.125	10.1688	16.219	14.5961	9.92	14.8297	20.1762	11.3342	10.9933	20.3292	17.8273	16.884	18.155	21.1917	21.6889	
8.97097	7.53159	8.25058	28.5117	0	14.3723	15.5155	5.96585	18.3422	21.1353	17.168	27.5699	14.0462	23.671	5.24976	8.54616	9.80691	11.1994	3.30553	8.15217	
12.7698	16.8213	13.9002	10.125	14.3723	0	3.39265	13.0455	15.8828	19.6221	8.05358	19.4902	16.3828	15.825	10.2042	20.9425	9.20449	8.03	11.0667	13.1066	
9.3771	17.0256	16.3771	10.1688	15.5155	3.39265	0	17.6036	7.40092	11.1402	4.66092	11.0083	7.90092	7.34316	13.0983	22.0029	12.5971	9.44654	12.21	17.618	
8.22652	11.4579	2.28473	16.219	5.96585	13.0455	17.6036	0	15.3736	15.2243	15.3284	22.4368	16.6385	16.2976	9.42473	14.512	3.84105	12.6762	9.27138	10.0394	
7.14703	14.7956	14.147	14.5961	18.3422	15.8828	7.40092	15.3736	0	3.68961	2.74	9.08741	4.88636	2.6163	10.8682	9.796	13.8741	17.2835	16.6025	13.0034	
11.8231	37.5346	17.509	9.92	21.1353	19.6221	11.1402	15.2243	3.68961	0	3.75555	9.2631	1.41421	1.07331	18.2207	6.91421	17.9666	12.6074	20.3418	11.4604	
9.88703	19.1041	13.9834	14.8297	17.168	8.05358	4.66092	15.3284	2.74	3.75555	0	6.34741	3.24	2.68224	17.9603	8.74	11.4873	14.1075	13.8625	13.0693	
14.2103	21.8588	20.3308	20.1762	27.5699	19.4902	11.0083	22.4368	9.08741	9.2631	6.34741	0	7.84889	9.02965	17.9315	13.3489	17.8347	24.6556	20.2099	19.4432	
12.0334	27.2526	17.2234	11.3342	14.0462	16.3828	7.90092	16.6385	4.88636	1.41421	3.24	7.84889	0	2.48753	16.2384	5.5	14.7273	14.0216	17.1025	14.3371	
9.76332	35.0489	16.6657	10.9933	23.671	15.825	7.34316	16.2976	2.6163	1.07331	2.68224	9.02965	2.48753	0	13.2895	9.45	14.1696	13.6807	16.5447	10.3871	
3.72121	11.3697	7.14	20.3292	5.24976	10.2042	13.0983	9.42473	10.8682	18.2207	17.9603	17.9315	16.2384	13.2895	0	10.7384	6.47299	17.5314	8.55529	2.90241	
14.4596	16.0777	17.8784	17.8273	8.54616	20.9425	22.0029	14.512	9.796	6.91421	8.74	13.3489	5.5	9.45	10.7384	0	17.2114	21.1741	11.8517	13.5902	
6.72704	7.61682	4.69574	16.884	9.80691	9.20449	12.5971	3.84105	13.8741	17.9666	11.4873	17.8347	14.7273	14.1696	6.47299	17.2114	0	11.3518	13.5074	9.3754	
13.8203	14.5043	10.3914	18.155	11.1994	8.03	9.44654	12.6762	17.2835	12.6074	14.1075	24.6556	14.0216	13.6807	17.5314	21.1741	11.3518	0	7.89383	18.1461	
14.259	6.61043	8.81163	21.1917	3.30553	11.0667	12.21	9.27138	16.6025	20.3418	13.8625	20.2099	17.1025	16.5447	8.55529	11.8517	13.5074	7.89383	0	16.5663	
6.62362	15.8894	7.75464	21.6889	8.15217	13.1066	17.618	10.0394	13.0034	11.4604	13.0693	19.4432	14.3371	10.3871	2.90241	13.5902	9.3754	18.1461	16.5663	0	

0	8.66833	8.85	19.6326	4.61376	12.4468	10.9399	9.24574	20.0033	22.9519	17.845	17.9925	21.1134	23.2134	12.76	17.6482	8.55132	17.1502	12.6992	9.34638	
8.66833	0	17.5183	33.2549	13.2821	14.1938	18.0727	17.9141	25.3052	21.6185	23.1473	34.862	17.1674	32.5358	26.2112	20.5907	17.2196	8.48189	6.24822	14.9854	
8.85	17.5183	0	13.5361	12.0779	6.71612	19.7899	9.67203	13.0268	16.6985	14.4268	17.3619	14.86	15.5016	3.91	21.3777	2.41495	21.451	16.5996	7.86234	
19.6326	33.2549	13.5361	0	27.1126	17.4166	8.69265	23.2081	20.4714	20.73	15.5977	15.7452	24.9118	19.8948	17.4461	9.90069	15.9511	18.2834	27.0067	21.3984	
4.61376	13.2821	12.0779	27.1126	0	7.83304	15.5537	6.32278	15.3895	15.2577	16.7895	21.6505	17.0548	17.8644	14.6993	29.1888	9.66294	18.5829	9.11035	11.7722	
12.4468	14.1938	6.71612	17.4166	7.83304	0	8.72397	7.73162	13.4627	7.42462	13.0303	13.4644	9.22176	10.0185	12.8622	15.4322	4.30116	15.29	16.9434	13.181	
10.9399	18.0727	19.7899	8.69265	15.5537	8.72397	0	16.4556	8.30507	12.5108	6.90507	7.05252	11.2952	14.2536	24.1759	6.7082	13.0251	9.59077	19.0634	17.84	
9.24574	17.9141	9.67203	23.2081	6.32278	7.73162	16.4556	0	17.6264	15.1562	16.2264	27.0339	16.9534	25.1478	13.3504	32.2252	11.5232	19.5545	13.4127	5.4494	
20.0033	25.3052	13.0268	20.4714	15.3895	13.4627	8.30507	17.6264	0	5.06871	1.4	6.26099	4.24099	2.47487	16.9368	12.469	12.3859	12.9265	19.1522	12.3349	
22.9519	21.6185	16.6985	20.73	15.2577	7.42462	12.5108	15.1562	5.06871	0	5.60568	6.08112	1.83848	2.59384	26.53	10.8293	11.7258	10.524	16.7497	16.5406	
17.845	23.1473	14.4268	15.5977	16.7895	13.0303	6.90507	16.2264	1.4	5.60568	0	7.66099	5.64099	3.87487	18.8359	13.6133	13.7859	14.6654	19.6721	10.9349	
17.9925	34.862	17.3619	15.7452	21.6505	13.4644	7.05252	27.0339	6.26099	6.08112	7.66099	0	4.24264	6.34264	21.2719	13.7607	18.6469	12.9282	19.1539	25.2242	
21.1134	17.1674	14.86	24.9118	17.0548	9.22176	11.2952	16.9534	4.24099	1.83848	5.64099	4.24264	0	2.1	18.77	12.0941	13.5229	8.68553	14.9112	22.7223	
23.2134	32.5358	15.5016	19.8948	17.8644	10.0185	14.2536	25.1478	2.47487	2.59384	3.87487	6.34264	2.1	0	27.4618	9.99408	14.8608	10.7855	17.0112	19.8563	
12.76	26.2112	3.91	17.4461	14.6993	12.8622	24.1759	13.3504	16.9368	26.53	18.8359	21.2719	18.77	27.4618	0	17.4677	6.32495	22.0061	16.6382	7.90101	
17.6482	20.5907	21.3777	9.90069	29.1888	15.4322	6.7082	32.2252	12.469	10.8293	13.6133	13.7607	12.0941	9.99408	17.4677	0	26.0288	12.1089	20.0784	25.3688	
8.55132	17.2196	2.41495	15.9511	9.66294	4.30116	13.0251	11.5232	12.3859	11.7258	13.7859	18.6469	13.5229	14.8608	6.32495	26.0288	0	19.036	18.7733	10.2773	
17.1502	8.48189	21.451	18.2834	18.5829	15.29	9.59077	19.5545	12.9265	10.524	14.6654	12.9282	8.68553	10.7855	22.0061	12.1089	19.036	0	9.47259	14.105	
12.6992	6.24822	16.5996	27.0067	9.11035	16.9434	19.0634	13.4127	19.1522	16.7497	19.6721	19.1539	14.9112	17.0112	16.6382	20.0784	18.7733	9.47259	0	8.73721	
9.34638	14.9854	7.86234	21.3984	11.7722	13.181	17.84	5.4494	12.3349	16.5406	10.9349	25.2242	22.7223	19.8563	7.90101	25.3688	10.2773	14.105	8.73721	0	

0	27.8099	5.2	21.1886	3.75936	13.4053	17.2129	10.6072	17.3171	11.351	15.0024	12.6559	12.6521	11.1922	13.36	17.1514	2.39437	24.05	17.304	8.00029	
27.8099	0	25.8792	31.1953	24.1394	18.5294	26.0431	20.472	16.2709	15.3824	19.9584	21.9788	17.76	12.0283	25.9044	32.2788	20.8261	15.1967	10.5948	28.0533	
5.2	25.8792	0	21.5119	8.95936	11.4469	11.4078	5.4072	18.5721	16.551	17.0488	14.9944	23.1261	19.6651	8.16	9.80131	7.59437	25.5269	19.3815	2.80029	
21.1886	31.1953	21.5119	0	22.4555	11.4231	3.28024	12.9013	6.95154	13.6284	8.63167	7.42234	12.3273	17.3728	14.6436	11.3301	17.6839	16.116	19.3577	11.8878	
3.75936	24.1394	8.95936	22.4555	0	14.6524	17.8305	8.20942	21.972	15.1104	21.272	17.5256	30.992	23.8932	15.7073	21.9663	6.15373	31.0834	13.5446	13.9097	
13.4053	18.5294	11.4469	11.4231	14.6524	0	12.945	6.44302	8.2936	16.1998	7.5936	13.2221	17.3136	14.4763	13.9409	19.1807	11.011	14.08	7.93463	12.75	
17.2129	26.0431	11.4078	3.28024	17.8305	12.945	0	9.62107	3.67129	9.63736	4.37129	7.249	15.0714	7.91393	11.3633	8.04984	14.8185	8.09848	26.3869	8.60753	
10.6072	20.472	5.4072	12.9013	8.20942	6.44302	9.62107	0	13.2924	19.0379	14.0366	19.6651	22.4338	15.6838	7.4979	17.6709	13.4601	20.523	14.3777	8.20748	
17.3171	16.2709	18.5721	6.95154	21.972	8.2936	3.67129	13.2924	0	5.96607	0.7	3.57771	7.26715	4.24264	13.2881	11.7211	13.0405	4.42719	18.1683	12.2788	
11.351	15.3824	16.551	13.6284	15.1104	16.1998	9.63736	19.0379	5.96607	0	6.66607	9.4328	1.30108	3.3541	23.0755	20.9818	12.1519	10.3933	23.9441	21.5014	
15.0024	19.9584	17.0488	8.63167	21.272	7.5936	4.37129	14.0366	0.7	6.66607	0	4.27771	9.72	4.94264	12.5881	11.5871	12.608	5.12719	15.5282	13.959	
12.6559	21.9788	14.9944	7.42234	17.5256	13.2221	7.249	19.6651	3.57771	9.4328	4.27771	0	8.13173	7.82035	23.1544	10.0286	10.2616	8.0049	21.1567	17.0296	
12.6521	17.76	23.1261	12.3273	30.992	17.3136	15.0714	22.4338	7.26715	1.30108	9.72	8.13173	0	4.65518	22.3081	18.1603	15.0264	19.8175	22.643	23.9685	
11.1922	12.0283	19.6651	17.3728	23.8932	14.4763	7.91393	15.6838	4.24264	3.3541	4.94264	7.82035	4.65518	0	20.5182	19.5172	8.79784	8.66983	22.6231	22.1786	
13.36	25.9044	8.16	14.6436	15.7073	13.9409	11.3633	7.4979	13.2881	23.0755	12.5881	23.1544	22.3081	20.5182	0	15.9501	19.0273	22.6855	24.2637	8.94911	
17.1514	32.2788	9.80131	11.3301	21.9663	19.1807	8.04984	17.6709	11.7211	20.9818	11.5871	10.0286	18.1603	19.5172	15.9501	0	15.585	20.8856	28.7379	7.00103	
2.39437	20.8261	7.59437	17.6839	6.15373	11.011	14.8185	13.4601	13.0405	12.1519	12.608	10.2616	15.0264	8.79784	19.0273	15.585	0	21.6557	18.9456	12.5447	
24.05	15.1967	25.5269	16.116	31.0834	14.08	8.09848	20.523	4.42719	10.3933	5.12719	8.0049	19.8175	8.66983	22.6855	20.8856	21.6557	0	22.0146	21.4433	
17.304	10.5948	19.3815	19.3577	13.5446	7.93463	26.3869	14.3777	18.1683	23.9441	15.5282	21.1567	22.643	22.6231	24.2637	28.7379	18.9456	22.0146	0	20.6846	
8.00029	28.0533	2.80029	11.8878	13.9097	12.75	8.60753	8.20748	12.2788	21.5014	13.959	17.0296	23.9685	22.1786	8.94911	7.00103	12.5447	21.4433	20.6846	0	

0	18.7225	3.55	16.9005	10.7572	10.3774	17.0011	3.05765	12.6036	21.8219	25.3835	11.1018	16.8035	20.8352	9.39162	19.9868	8.20926	8.86654	7.58866	12.5971	
18.7225	0	14.4524	22.2234	6.50455	26.3231	32.9469	14.2041	22.8224	26.2605	25.0024	31.6323	33.0593	32.7219	23.0696	15.3	26.0947	31.4451	10.4137	10.7455	
3.55	14.4524	0	16.8472	9.68224	13.9274	16.4937	6.60765	11.1658	13.9323	11.0865	11.0485	13.2535	17.2852	12.9416	20.2723	9.39149	5.31654	4.03866	9.04708	
16.9005	22.2234	16.8472	0	15.7189	22.5865	18.6974	23.4184	20.445	12.16	18.4835	5.79871	12.8388	16.0284	14.7135	22.131	15.3762	24.2535	21.3624	19.9598	
10.7572	6.50455	9.68224	15.7189	0	22.5953	30.8871	7.69952	17.2455	21.4904	31.4126	21.5176	31.6949	35.7266	14.9638	21.8046	20.2179	23.7579	5.64358	4.24099	
10.3774	26.3231	13.9274	22.5865	22.5953	0	6.62375	13.435	27.1218	21.9192	16.33	16.4593	18.6928	18.0508	19.769	26.7051	6.88186	10.56	22.0266	23.4422	
17.0011	32.9469	16.4937	18.6974	30.8871	6.62375	0	29.8186	17.3712	12.7478	15.1912	21.7564	12.069	13.786	27.0321	27.3224	13.5056	11.1772	37.308	38.1331	
3.05765	14.2041	6.60765	23.4184	7.69952	13.435	29.8186	0	9.54593	21.8006	11.7259	14.1594	24.5738	19.4454	12.4493	24.5624	11.2669	17.6541	8.32882	11.9405	
12.6036	22.8224	11.1658	20.445	17.2455	27.1218	17.3712	9.54593	0	9.0233	2.18	14.6462	11.36	8.24419	23.561	20.3882	20.5573	7.94999	15.2045	20.2129	
21.8219	26.2605	13.9323	12.16	21.4904	21.9192	12.7478	21.8006	9.0233	0	6.8433	10.3662	0.678823	3.8684	18.8349	25.0515	20.2976	12.6133	15.8468	28.4694	
25.3835	25.0024	11.0865	18.4835	31.4126	16.33	15.1912	11.7259	2.18	6.8433	0	14.2817	7.52213	6.06419	21.0307	18.2082	23.7582	5.76999	22.6902	23.3097	
11.1018	31.6323	11.0485	5.79871	21.5176	16.4593	21.7564	14.1594	14.6462	10.3662	14.2817	0	9.68736	14.5885	8.91475	16.3323	9.57747	16.365	15.0871	19.6376	
16.8035	33.0593	13.2535	12.8388	31.6949	18.6928	12.069	24.5738	11.36	0.678823	7.52213	9.68736	0	4.54722	18.6021	26.0196	19.2648	14.95	16.5257	22.3006	
20.8352	32.7219	17.2852	16.0284	35.7266	18.0508	13.786	19.4454	8.24419	3.8684	6.06419	14.5885	4.54722	0	14.9665	21.4159	24.9327	11.8342	19.7152	25.6893	
9.39162	23.0696	12.9416	14.7135	14.9638	19.769	27.0321	12.4493	23.561	18.8349	21.0307	8.91475	18.6021	14.9665	0	10.5952	17.6009	26.7403	12.6559	10.7228	
19.9868	15.3	20.2723	22.131	21.8046	26.7051	27.3224	24.5624	20.3882	25.0515	18.2082	16.3323	26.0196	21.4159	10.5952	0	25.9097	16.1451	16.2336	21.318	
8.20926	26.0947	9.39149	15.3762	20.2179	6.88186	13.5056	11.2669	20.5573	20.2976	23.7582	9.57747	19.2648	24.9327	17.6009	25.9097	0	14.708	13.4301	18.4386	
8.86654	31.4451	5.31654	24.2535	23.7579	10.56	11.1772	17.6541	7.94999	12.6133	5.76999	16.365	14.95	11.8342	26.7403	16.1451	14.708	0	9.3552	14.3636	
7.58866	10.4137	4.03866	21.3624	5.64358	22.0266	37.308	8.32882	15.2045	15.8468	22.6902	15.0871	16.5257	19.7152	12.6559	16.2336	13.4301	9.3552	0	9.88457	
12.5971	10.7455	9.04708	19.9598	4.24099	23.4422	38.1331	11.9405	20.2129	28.4694	23.3097	19.6376	22.3006	25.6893	10.7228	21.318	18.4386	14.3636	9.88457	0	

0	12.6507	5.65	13.4187	9.43171	6.60379	11.7735	2.54804	12.4611	20.9067	17.5454	17.9539	19.681	28.4126	16.3741	9.93104	2.50839	10.5419	10.2279	14.4718	
12.6507	0	7.00071	15.8748	6.8469	16.5165	21.6862	13.7306	21.2389	16.4184	16.2066	21.1984	14.693	19.2453	17.2696	23.7126	17.5326	20.9782	9.99118	17.6633	
5.65	7.00071	0	22.6589	13.8476	12.2538	24.1983	8.19804	14.5776	23.6073	15.1176	23.6337	21.1235	22.285	24.046	15.581	8.15839	18.5654	16.0402	10.6626	
13.4187	15.8748	22.6589	0	17.7543	23.184	20.8371	10.8706	8.08129	15.04	8.62129	15.3086	14.6272	15.7888	21.4077	22.0756	18.6512	13.7742	18.5505	19.3039	
9.43171	6.8469	13.8476	17.7543	0	13.5846	24.033	6.88368	9.8997	14.9654	9.3597	14.7306	21.5399	16.4152	24.0563	16.9741	13.0821	14.1313	3.14428	20.1666	
6.60379	16.5165	12.2538	23.184	13.5846	0	5.16976	9.15183	22.2264	10.9669	19.843	22.4661	15.9607	22.8107	18.2042	14.4274	9.11217	13.75	10.4403	8.25	
11.7735	21.6862	24.1983	20.8371	24.033	5.16976	0	17.4831	14.8269	5.79715	11.4028	18.5744	7.52249	9.06181	13.0344	19.4774	17.213	10.3119	15.6101	13.4198	
2.54804	13.7306	8.19804	10.8706	6.88368	9.15183	17.4831	0	9.91308	18.3587	10.4531	18.9692	16.459	17.6205	17.1726	12.4791	5.05642	14.8558	7.67982	13.2829	
12.4611	21.2389	14.5776	8.08129	9.8997	22.2264	14.8269	9.91308	0	6.14568	0.54	5.91088	6.54588	7.59545	13.3264	8.15435	17.6937	13.5225	17.5929	17.498	
20.9067	16.4184	23.6073	15.04	14.9654	10.9669	5.79715	18.3587	6.14568	0	5.60568	8.07221	1.72534	3.26466	18.7489	11.4753	13.7642	5.73062	26.0385	21.3569	
17.5454	16.2066	15.1176	8.62129	9.3597	19.843	11.4028	10.4531	0.54	5.60568	0	5.37088	7.08588	7.05545	13.8664	7.61435	21.016	11.3363	12.504	13.7917	
17.9539	21.1984	23.6337	15.3086	14.7306	22.4661	18.5744	18.9692	5.91088	8.07221	5.37088	0	6.50538	4.80755	14.4659	8.02287	26.6801	18.3534	27.3597	14.2002	
19.681	14.693	21.1235	14.6272	21.5399	15.9607	7.52249	16.459	6.54588	1.72534	7.08588	6.50538	0	4.99	16.193	9.75	24.071	7.45596	26.401	15.9274	
28.4126	19.2453	22.285	15.7888	16.4152	22.8107	9.06181	17.6205	7.59545	3.26466	7.05545	4.80755	4.99	0	18.7081	12.8304	31.4877	8.99528	25.7282	25.1457	
16.3741	17.2696	24.046	21.4077	24.0563	18.2042	13.0344	17.1726	13.3264	18.7489	13.8664	14.4659	16.193	18.7081	0	6.44302	17.1221	23.3463	24.8524	12.6204	
9.93104	23.7126	15.581	22.0756	16.9741	14.4274	19.4774	12.4791	8.15435	11.4753	7.61435	8.02287	9.75	12.8304	6.44302	0	12.4394	20.5968	20.3213	6.17738	
2.50839	17.5326	8.15839	18.6512	13.0821	9.11217	17.213	5.05642	17.6937	13.7642	21.016	26.6801	24.071	31.4877	17.1221	12.4394	0	8.03355	12.8986	16.9802	
10.5419	20.9782	18.5654	13.7742	14.1313	13.75	10.3119	14.8558	13.5225	5.73062	11.3363	18.3534	7.45596	8.99528	23.3463	20.5968	8.03355	0	17.2756	22	
10.2279	9.99118	16.0402	18.5505	3.14428	10.4403	15.6101	7.67982	17.5929	26.0385	12.504	27.3597	26.401	25.7282	24.8524	20.3213	12.8986	17.2756	0	18.6903	
14.4718	17.6633	10.6626	19.3039	20.1666	8.25	13.4198	13.2829	17.498	21.3569	13.7917	14.2002	15.9274	25.1457	12.6204	6.17738	16.9802	22	18.6903	0	

0	9.8335	7.2	8.87694	5.21184	16.2927	21.7073	9.02779	20.7264	21.63	21.4064	14.9076	27.3645	18.8217	17.0112	8.82759	15.7344	13.6305	9.32359	14.5723	
9.8335	0	7.90263	20.5438	4.62166	15.7025	14.6642	7.33902	11.1458	21.2237	11.8258	17.8908	17.7839	22.8838	18.5335	21.3579	17.7788	10.6024	8.73341	14.3944	
7.2	7.90263	0	16.0769	3.28098	10.5617	23.0184	1.82779	19.2236	14.43	18.9437	12.3796	17.3998	17.8065	12.75	16.0276	10.5319	11.6996	7.39273	12.6013	
8.87694	20.5438	16.0769	0	14.0888	30.375	14.9251	16.5825	14.3041	21.2096	17.8674	6.03066	9.28335	10.5028	25.8882	17.7045	16.2922	20.6219	26.5566	23.4493	
5.21184	4.62166	3.28098	14.0888	0	11.0809	14.1154	5.10876	15.7675	17.711	25.0362	18.2003	23.1401	25.0273	12.3526	14.0394	13.8129	8.41865	4.11175	9.77272	
16.2927	15.7025	10.5617	30.375	11.0809	0	14.5818	8.73387	11.0635	15.0291	11.7435	15.3119	12.0592	14.6092	23.2053	27.8171	5.1614	15.29	12.1108	20.3184	
21.7073	14.6642	23.0184	14.9251	14.1154	14.5818	0	24.6575	3.51832	8.58836	4.19832	11.7918	10.1564	11.9648	15.6601	12.8798	14.2177	5.69677	28.86	29.3145	
9.02779	7.33902	1.82779	16.5825	5.10876	8.73387	24.6575	0	18.4849	16.2578	29.1782	10.5518	13.8045	15.024	14.5778	18.7285	10.4398	16.0672	11.7603	14.4291	
20.7264	11.1458	19.2236	14.3041	15.7675	11.0635	3.51832	18.4849	0	5.19367	0.68	8.27345	5.27	7.21067	11.8043	13.4258	16.2248	9.21509	23.1742	14.7217	
21.63	21.2237	14.43	21.2096	17.711	15.0291	8.58836	16.2578	5.19367	0	4.51367	6.22254	2.96985	3.37646	15.638	13.3705	22.8061	14.2851	37.4484	17.2862	
21.4064	11.8258	18.9437	17.8674	25.0362	11.7435	4.19832	29.1782	0.68	4.51367	0	7.84269	4.59	6.53067	11.1243	12.7458	24.9359	18.4712	30.2793	13.7043	
14.9076	17.8908	12.3796	6.03066	18.2003	15.3119	11.7918	10.5518	8.27345	6.22254	7.84269	0	3.25269	4.47214	20.4153	14.04	10.2616	16.1082	27.9666	17.5691	
27.3645	17.7839	17.3998	9.28335	23.1401	12.0592	10.1564	13.8045	5.27	2.96985	4.59	3.25269	0	2.55	15.7143	12.5441	13.5143	19.0521	22.5241	14.3164	
18.8217	22.8838	17.8065	10.5028	25.0273	14.6092	11.9648	15.024	7.21067	3.37646	6.53067	4.47214	2.55	0	17.655	9.99408	14.7337	16.6087	31.2901	16.8664	
17.0112	18.5335	12.75	25.8882	12.3526	23.2053	15.6601	14.5778	11.8043	15.638	11.1243	20.4153	15.7143	17.655	0	18.7563	23.2819	22.3305	10.7876	2.57992	
8.82759	21.3579	16.0276	17.7045	14.0394	27.8171	12.8798	18.7285	13.4258	13.3705	12.7458	14.04	12.5441	9.99408	18.7563	0	24.3016	18.5765	20.848	21.3363	
15.7344	17.7788	10.5319	16.2922	13.8129	5.1614	14.2177	10.4398	16.2248	22.8061	24.9359	10.2616	13.5143	14.7337	23.2819	24.3016	0	19.9145	17.2722	23.1332	
13.6305	10.6024	11.6996	20.6219	8.41865	15.29	5.69677	16.0672	9.21509	14.2851	18.4712	16.1082	19.0521	16.6087	22.3305	18.5765	19.9145	0	12.5304	18.1914	
9.32359	8.73341	7.39273	26.5566	4.11175	12.1108	28.86	11.7603	23.1742	37.4484	30.2793	27.9666	22.5241	31.2901	10.7876	20.848	17.2722	12.5304	0	8.20769	
14.5723	14.3944	12.6013	23.4493	9.77272	20.3184	29.3145	14.4291	14.7217	17.2862	13.7043	17.5691	14.3164	16.8664	2.57992	21.3363	23.1332	18.1914	8.20769	0	

-111