10
5
2
2
40

6	11
10	43
1	33
14	23
27	48

12	21
1	2
11	28
2	10
14	5
10	12
23	24
24	11
8	30
11	27

150

1.79769e+308
1.79769e+308
1.79769e+308
1.79769e+308
1.79769e+308

11
15
11
14
17
13
14
15
13
17

0
0
0
0
0

0

0	9.40141	15.6747	4.19914	22.1812	2.33238	2.98573	6.33386	2.30894	10.7	4.45295	16.8372	12.06	7.06884	8.46891	
9.40141	0	4.30516	8.93579	12.2268	7.06903	12.5577	10.8297	14.948	15.9375	13.3383	11.0504	17.115	11.4997	10.0997	
15.6747	4.30516	0	13.4834	16.532	11.3742	17.3178	11.5158	15.5407	23.7922	26.2563	15.3556	21.4201	8.60582	10.0059	
4.19914	8.93579	13.4834	0	7.32628	1.86676	7.35539	4.43	8.74799	10.7352	8.13605	5.16157	18.1121	5.10007	3.7	
22.1812	12.2268	16.532	7.32628	0	9.19304	25.2394	12.0494	16.8312	26.9533	17.5094	12.4879	26.6957	16.9526	11.0263	
2.33238	7.06903	11.3742	1.86676	9.19304	0	5.31811	6.22254	4.64132	8.86848	6.26929	7.02833	14.3924	9.40122	5.56676	
2.98573	12.5577	17.3178	7.35539	25.2394	5.31811	0	11.7112	5.29467	13.6857	7.43869	21.1765	15.0457	9.81299	11.2131	
6.33386	10.8297	11.5158	4.43	12.0494	6.22254	11.7112	0	4.02492	13.6449	9.3025	3.92122	15.9855	2.13007	0.73	
2.30894	14.948	15.5407	8.74799	16.8312	4.64132	5.29467	4.02492	0	9.62	5.27758	7.94615	14.3689	8.17131	4.75492	
10.7	15.9375	23.7922	10.7352	26.9533	8.86848	13.6857	13.6449	9.62	0	8.06226	20.4465	9.796	17.7688	17.141	
4.45295	13.3383	26.2563	8.13605	17.5094	6.26929	7.43869	9.3025	5.27758	8.06226	0	12.3843	15.2989	11.5218	10.2226	
16.8372	11.0504	15.3556	5.16157	12.4879	7.02833	21.1765	3.92122	7.94615	20.4465	12.3843	0	20.9918	8.06761	4.65122	
12.06	17.115	21.4201	18.1121	26.6957	14.3924	15.0457	15.9855	14.3689	9.796	15.2989	20.9918	0	12.9165	14.3166	
7.06884	11.4997	8.60582	5.10007	16.9526	9.40122	9.81299	2.13007	8.17131	17.7688	11.5218	8.06761	12.9165	0	1.40007	
8.46891	10.0997	10.0059	3.7	11.0263	5.56676	11.2131	0.73	4.75492	17.141	10.2226	4.65122	14.3166	1.40007	0	

0	13.0566	7.60846	12.7729	22.2011	7.88933	6.20179	8.67285	4.57665	10.5232	1.89663	13.3049	10.8795	10.0973	6.87285	
13.0566	0	9.68661	8.34546	26.9771	11.7204	15.4652	5.42618	16.8233	17.8221	11.16	13.1652	8.73212	3.5513	6.7757	
7.60846	9.68661	0	16.6748	26.8122	11.7045	8.37	13.7555	7.13674	14.1069	5.71183	20.4118	14.6947	11.8806	12.3265	
12.7729	8.34546	16.6748	0	6.48094	1.83848	9.7421	5.44472	12.9532	15.2255	7.83118	8.56551	11.2108	4.79416	5.06234	
22.2011	26.9771	26.8122	6.48094	0	8.31942	16.8542	12.895	25.3079	27.806	19.005	11.6789	16.112	11.2751	12.3809	
7.88933	11.7204	11.7045	1.83848	8.31942	0	7.90362	3.60624	10.4835	12.5494	5.9927	6.72704	9.3723	5.48113	3.22386	
6.20179	15.4652	8.37	9.7421	16.8542	7.90362	0	11.5099	2.57992	5.73692	4.30516	14.6307	10.6202	15.1674	10.9198	
8.67285	5.42618	13.7555	5.44472	12.895	3.60624	11.5099	0	19.9535	11.1255	8.41465	6.32456	7.27632	1.87489	1.8	
4.57665	16.8233	7.13674	12.9532	25.3079	10.4835	2.57992	19.9535	0	8.31684	6.47328	13.629	13.2001	19.0173	11.4495	
10.5232	17.8221	14.1069	15.2255	27.806	12.5494	5.73692	11.1255	8.31684	0	8.62662	15.7576	16.3571	12.5499	9.32551	
1.89663	11.16	5.71183	7.83118	19.005	5.9927	4.30516	8.41465	6.47328	8.62662	0	12.7197	8.98283	9.83906	6.61465	
13.3049	13.1652	20.4118	8.56551	11.6789	6.72704	14.6307	6.32456	13.629	15.7576	12.7197	0	4.43306	8.19944	6.43204	
10.8795	8.73212	14.6947	11.2108	16.112	9.3723	10.6202	7.27632	13.2001	16.3571	8.98283	4.43306	0	9.1512	9.07632	
10.0973	3.5513	11.8806	4.79416	11.2751	5.48113	15.1674	1.87489	19.0173	12.5499	9.83906	8.19944	9.1512	0	3.22441	
6.87285	6.7757	12.3265	5.06234	12.3809	3.22386	10.9198	1.8	11.4495	9.32551	6.61465	6.43204	9.07632	3.22441	0	

0	23.4427	20.0793	5.33622	12.2011	10.2577	10.8104	15.3655	5.68989	7.46358	5.68989	6.8483	7.38	16.3075	8.43622	
23.4427	0	3.36341	15.4433	24.6309	10.7877	15.4395	7.96939	19.9237	11.4137	16.6756	24.3254	13.6626	4.472	7.14487	
20.0793	3.36341	0	15.3122	27.9943	13.837	13.95	7.83838	19.7926	11.2827	18.6485	22.2144	13.5316	4.34099	7.01385	
5.33622	15.4433	15.3122	0	16.8604	4.92146	13.0164	3.39	4.59987	4.69987	2.92617	8.17142	9.0785	5.77286	3.1	
12.2011	24.6309	27.9943	16.8604	0	23.2536	24.0244	20.6583	19.1042	15.7079	13.9342	5.35283	10.4378	26.9616	10.4243	
10.2577	10.7877	13.837	4.92146	23.2536	0	24.5649	1.76777	9.52133	13.8291	7.84764	8.59942	9.50651	5.26515	2.05777	
10.8104	15.4395	13.95	13.0164	24.0244	24.5649	0	14.4648	12.0934	10.8067	10.0902	17.6587	18.1904	10.9675	13.6403	
15.3655	7.96939	7.83838	3.39	20.6583	1.76777	14.4648	0	14.6291	10.4391	9.30998	5.36142	6.2685	2.96286	0.29	
5.68989	19.9237	19.7926	4.59987	19.1042	9.52133	12.0934	14.6291	0	8.61805	6.84436	12.5382	13.0699	15.4517	7.69987	
7.46358	11.4137	11.2827	4.69987	15.7079	13.8291	10.8067	10.4391	8.61805	0	1.7737	13.8041	16.1323	6.94168	9.61454	
5.68989	16.6756	18.6485	2.92617	13.9342	7.84764	10.0902	9.30998	6.84436	1.7737	0	12.0304	13.0699	8.71538	6.02617	
6.8483	24.3254	22.2144	8.17142	5.35283	8.59942	17.6587	5.36142	12.5382	13.8041	12.0304	0	5.08498	7.74428	5.07142	
7.38	13.6626	13.5316	9.0785	10.4378	9.50651	18.1904	6.2685	13.0699	16.1323	13.0699	5.08498	0	8.65137	5.9785	
16.3075	4.472	4.34099	5.77286	26.9616	5.26515	10.9675	2.96286	15.4517	6.94168	8.71538	7.74428	8.65137	0	2.67286	
8.43622	7.14487	7.01385	3.1	10.4243	2.05777	13.6403	0.29	7.69987	9.61454	6.02617	5.07142	5.9785	2.67286	0	

0	11.9321	21.8738	7.64387	18.3716	12.8281	7.10398	16.0808	6.67943	7.11794	2.84494	10.4524	9.18	14.7981	13.7154	
11.9321	0	11.5	7.65218	16.8125	11.1792	13.6659	7.43218	8.82852	17.576	14.0236	17.7377	7.33498	11.5131	6.25218	
21.8738	11.5	0	6.64786	8.22825	9.62548	15.5	4.04741	15.1943	13.5831	14.1617	20.091	9.78327	2.20857	5.24786	
7.64387	7.65218	6.64786	0	9.92564	1.89505	16.1648	2.56562	9.87942	7.2	4.79893	6.51988	4.37374	4.40445	1.4	
18.3716	16.8125	8.22825	9.92564	0	8.03059	23.8378	7.85851	17.6935	19.7997	15.5267	23.1342	14.7474	6.01968	10.5603	
12.8281	11.1792	9.62548	1.89505	8.03059	0	14.5003	3.25269	9.66294	9.09505	6.69397	8.41492	6.26879	5.09152	3.29505	
7.10398	13.6659	15.5	16.1648	23.8378	14.5003	0	15.9892	4.83735	17.0539	9.94893	9.64494	10.343	17.7086	14.8092	
16.0808	7.43218	4.04741	2.56562	7.85851	3.25269	15.9892	0	12.9156	9.76562	7.36455	9.0855	5.71542	1.83883	1.18	
6.67943	8.82852	15.1943	9.87942	17.6935	9.66294	4.83735	12.9156	0	9.46811	5.19511	12.8026	5.50568	14.6164	10.0411	
7.11794	17.576	13.5831	7.2	19.7997	9.09505	17.0539	9.76562	9.46811	0	4.273	11.8805	11.5737	15.7917	8.6	
2.84494	14.0236	14.1617	4.79893	15.5267	6.69397	9.94893	7.36455	5.19511	4.273	0	7.60748	9.17267	11.9531	6.19893	
10.4524	17.7377	20.091	6.51988	23.1342	8.41492	9.64494	9.0855	12.8026	11.8805	7.60748	0	10.8936	19.5606	7.91988	
9.18	7.33498	9.78327	4.37374	14.7474	6.26879	10.343	5.71542	5.50568	11.5737	9.17267	10.8936	0	9.79629	4.53542	
14.7981	11.5131	2.20857	4.40445	6.01968	5.09152	17.7086	1.83883	14.6164	15.7917	11.9531	19.5606	9.79629	0	3.01883	
13.7154	6.25218	5.24786	1.4	10.5603	3.29505	14.8092	1.18	10.0411	8.6	6.19893	7.91988	4.53542	3.01883	0	

0	11.5265	6.79594	7.72769	23.8247	8.91163	9.16311	13.9668	5.19511	4.96764	2.22648	16.8687	17.28	9.99765	8.69079	
11.5265	0	11.1665	13.0535	22.6817	13.9586	11.3336	15.334	15.9794	12.0412	9.3	15.9205	24.9176	16.726	15.7643	
6.79594	11.1665	0	10.0707	27.021	11.3137	14.7726	9.16788	7.59717	7.31063	4.56946	4.75395	14.6407	5.55951	6.57775	
7.72769	13.0535	10.0707	0	13.8776	0.905097	17.4367	3.09713	4.62161	8.24238	5.50121	8.14985	12.3402	7.10988	3.45986	
23.8247	22.6817	27.021	13.8776	0	12.9725	31.2886	15.1645	16.689	20.215	20.0715	25.3388	35.4462	19.1773	15.5273	
8.91163	13.9586	11.3137	0.905097	12.9725	0	10.8919	2.19203	3.71652	7.43955	6.40631	9.05494	13.2453	3.57299	2.55476	
9.16311	11.3336	14.7726	17.4367	31.2886	10.8919	0	10.0284	7.17541	11.0736	11.3896	18.9787	13.584	11.978	10.5184	
13.9668	15.334	9.16788	3.09713	15.1645	2.19203	10.0284	0	5.90855	5.37479	6.95432	9.68226	20.7368	1.50823	0.49	
5.19511	15.9794	7.59717	4.62161	16.689	3.71652	7.17541	5.90855	0	4.68	6.67943	8.67986	20.7594	4.80254	5.82077	
4.96764	12.0412	7.31063	8.24238	20.215	7.43955	11.0736	5.37479	4.68	0	2.74117	8.61976	19.0089	5.90303	4.88479	
2.22648	9.3	4.56946	5.50121	20.0715	6.40631	11.3896	6.95432	6.67943	2.74117	0	9.32341	17.8414	7.48255	6.46432	
16.8687	15.9205	4.75395	8.14985	25.3388	9.05494	18.9787	9.68226	8.67986	8.61976	9.32341	0	18.5145	3.87732	4.89555	
17.28	24.9176	14.6407	12.3402	35.4462	13.2453	13.584	20.7368	20.7594	19.0089	17.8414	18.5145	0	20.2002	19.2402	
9.99765	16.726	5.55951	7.10988	19.1773	3.57299	11.978	1.50823	4.80254	5.90303	7.48255	3.87732	20.2002	0	1.01823	
8.69079	15.7643	6.57775	3.45986	15.5273	2.55476	10.5184	0.49	5.82077	4.88479	6.46432	4.89555	19.2402	1.01823	0	

0	10.8076	11.9377	7.93221	13.8332	7.347	13.8306	12.2471	1.97909	10.8214	6.22589	9.04597	8.80613	10.1256	9.28854	
10.8076	0	13.0806	9.36249	4.07561	10.5619	17.9906	7.89249	8.82852	17.3339	13.9034	10.1296	15.6556	10.0612	6.41249	
11.9377	13.0806	0	15.8947	9.005	8.56989	16.2057	10.1794	10.9069	10.3073	5.71183	25.7036	22.2739	7.00651	10.6552	
7.93221	9.36249	15.8947	0	7.6459	1.15966	14.5281	4.3149	9.9113	7.44822	4.01771	12.2194	15.7316	6.18257	2.95	
13.8332	4.07561	9.005	7.6459	0	6.48625	14.795	18.8606	12.9041	12.7748	9.34431	14.2052	25.6995	11.5092	10.4881	
7.347	10.5619	8.56989	1.15966	6.48625	0	12.4257	5.47456	8.05317	6.28856	2.85806	11.0597	19.2132	5.02292	4.10966	
13.8306	17.9906	16.2057	14.5281	14.795	12.4257	0	13.0581	11.8515	6.13717	10.4938	18.9184	18.6786	15.2268	11.5781	
12.2471	7.89249	10.1794	4.3149	18.8606	5.47456	13.0581	0	8.78945	18.5349	14.498	14.9626	14.2616	3.17289	1.48	
1.97909	8.82852	10.9069	9.9113	12.9041	8.05317	11.8515	8.78945	0	9.23	5.19511	7.06688	6.82704	10.9581	7.30945	
10.8214	17.3339	10.3073	7.44822	12.7748	6.28856	6.13717	18.5349	9.23	0	4.59549	16.2969	16.057	11.3115	15.4127	
6.22589	13.9034	5.71183	4.01771	9.34431	2.85806	10.4938	14.498	5.19511	4.59549	0	12.262	12.0222	7.88098	11.9822	
9.04597	10.1296	25.7036	12.2194	14.2052	11.0597	18.9184	14.9626	7.06688	16.2969	12.262	0	11.8649	16.0826	13.4826	
8.80613	15.6556	22.2739	15.7316	25.6995	19.2132	18.6786	14.2616	6.82704	16.057	12.0222	11.8649	0	16.4303	12.7816	
10.1256	10.0612	7.00651	6.18257	11.5092	5.02292	15.2268	3.17289	10.9581	11.3115	7.88098	16.0826	16.4303	0	3.64867	
9.28854	6.41249	10.6552	2.95	10.4881	4.10966	11.5781	1.48	7.30945	15.4127	11.9822	13.4826	12.7816	3.64867	0	

0	18.4878	11.0753	7.59858	15.7413	7.11919	10.5015	5.36129	4.49419	15.1402	4.9065	10.8196	7.56	6.1765	4.86129	
18.4878	0	13.8572	13.8296	21.6185	13.7125	15.4227	7.06565	24.7414	13.3283	20.026	15.4246	13.0579	11.7168	7.56565	
11.0753	13.8572	0	8.86086	14.2094	8.38147	16.7423	8.38525	7.90048	12.277	6.16878	6.18013	9.43973	5.25488	6.5701	
7.59858	13.8296	8.86086	0	14.6357	2.68701	9.05381	4.35	4.42379	13.0265	2.69208	7.96874	11.2283	5.16522	3.85	
15.7413	21.6185	14.2094	14.6357	0	14.1563	22.572	20.6784	13.6753	14.1261	11.9436	8.02925	11.2888	21.7614	16.0693	
7.11919	13.7125	8.38147	2.68701	14.1563	0	6.3668	6.46111	3.9444	12.9094	2.21269	10.6557	12.6391	7.27633	5.96111	
10.5015	15.4227	16.7423	9.05381	22.572	6.3668	0	8.35703	6.69167	14.6196	8.42338	18.5667	14.3493	13.0082	8.85703	
5.36129	7.06565	8.38525	4.35	20.6784	6.46111	8.35703	0	14.7342	6.2626	8.85949	8.54006	5.99226	1.81522	0.5	
4.49419	24.7414	7.90048	4.42379	13.6753	3.9444	6.69167	14.7342	0	16.2438	1.7317	13.0545	12.0542	15.5494	9.35547	
15.1402	13.3283	12.277	13.0265	14.1261	12.9094	14.6196	6.2626	16.2438	0	14.5121	6.0969	7.58024	10.9138	6.7626	
4.9065	20.026	6.16878	2.69208	11.9436	2.21269	8.42338	8.85949	1.7317	14.5121	0	10.6608	12.4665	11.4237	6.54208	
10.8196	15.4246	6.18013	7.96874	8.02925	10.6557	18.5667	8.54006	13.0545	6.0969	10.6608	0	3.2596	9.35527	8.04006	
7.56	13.0579	9.43973	11.2283	11.2888	12.6391	14.3493	5.99226	12.0542	7.58024	12.4665	3.2596	0	10.6434	6.49226	
6.1765	11.7168	5.25488	5.16522	21.7614	7.27633	13.0082	1.81522	15.5494	10.9138	11.4237	9.35527	10.6434	0	1.31522	
4.86129	7.56565	6.5701	3.85	16.0693	5.96111	8.85703	0.5	9.35547	6.7626	6.54208	8.04006	6.49226	1.31522	0	

0	21.6984	13.0947	10.6724	13.9511	7.347	7.72093	15.5704	4.57665	5.1	2.80371	15.4422	9.40048	8.23694	14.7724	
21.6984	0	18.5972	9.40799	16.3024	12.9246	11.4742	4.50999	21.2134	29.2868	18.8492	20.1949	31.3004	8.94482	5.28999	
13.0947	18.5972	0	13.0797	20.1112	15.6942	11.6623	9.75967	8.51804	17.878	12.8885	25.3072	15.3451	10.9667	8.97967	
10.6724	9.40799	13.0797	0	17.402	4.41235	9.90097	4.88	12.2914	9	11.7047	11.3192	6.4044	7.49411	4.1	
13.9511	16.3024	20.1112	17.402	0	14.178	17.437	17.1604	15.5179	21.7896	11.1474	6.08276	14.8185	16.5806	17.9404	
7.347	12.9246	15.6942	4.41235	14.178	0	5.48862	8.41457	7.87902	12.447	10.1507	8.09525	10.8168	4.72745	8.12156	
7.72093	11.4742	11.6623	9.90097	17.437	5.48862	0	6.96419	3.14428	12.5043	7.51477	13.5839	9.97132	10.2161	7.74419	
15.5704	4.50999	9.75967	4.88	17.1604	8.41457	6.96419	0	10.1085	13.898	9.86806	15.6849	11.2939	4.17411	0.78	
4.57665	21.2134	8.51804	12.2914	15.5179	7.87902	3.14428	10.1085	0	9.36	4.37049	15.5628	6.82704	9.80372	16.3341	
5.1	29.2868	17.878	9	21.7896	12.447	12.5043	13.898	9.36	0	7.90371	20.3192	15.4044	16.0754	13.1	
2.80371	18.8492	12.8885	11.7047	11.1474	10.1507	7.51477	9.86806	4.37049	7.90371	0	15.3325	6.59676	5.43323	8.82734	
15.4422	20.1949	25.3072	11.3192	6.08276	8.09525	13.5839	15.6849	15.5628	20.3192	15.3325	0	8.73573	12.8227	15.4192	
9.40048	31.3004	15.3451	6.4044	14.8185	10.8168	9.97132	11.2939	6.82704	15.4044	6.59676	8.73573	0	12.03	10.5044	
8.23694	8.94482	10.9667	7.49411	16.5806	4.72745	10.2161	4.17411	9.80372	16.0754	5.43323	12.8227	12.03	0	3.39411	
14.7724	5.28999	8.97967	4.1	17.9404	8.12156	7.74419	0.78	16.3341	13.1	8.82734	15.4192	10.5044	3.39411	0	

0	11.6097	14.7519	10.1643	22.7017	8.97967	14.9032	8.30522	6.84436	9.7	6.18466	18.1338	6.66	7.25989	6.70522	
11.6097	0	14.5299	5.54132	27.2889	7.95266	18.4908	3.90866	10.5263	17.9587	15.4511	7.82739	8.83087	8.23532	5.50866	
14.7519	14.5299	0	12.5467	29.074	10.419	23.0729	9.64671	23.2427	19.3706	20.5243	19.5502	21.2455	10.8893	8.04671	
10.1643	5.54132	12.5467	0	25.8599	2.09304	9.38531	1.63267	17.6683	14.5886	3.9796	8.58968	6.55488	5.95933	3.23267	
22.7017	27.2889	29.074	25.8599	0	21.942	38.6904	19.7684	26.382	39.5726	33.2847	23.1145	24.8808	15.4418	18.2843	
8.97967	7.95266	10.419	2.09304	21.942	0	10.5382	3.7257	15.824	13.6961	6.07263	11.5532	9.51841	5.21485	2.37228	
14.9032	18.4908	23.0729	9.38531	38.6904	10.5382	0	11.018	12.8996	5.20325	10.0902	22.8354	15.1431	17.0384	12.9104	
8.30522	3.90866	9.64671	1.63267	19.7684	3.7257	11.018	0	14.435	12.9238	5.61226	6.95701	4.92221	4.32666	1.6	
6.84436	10.5263	23.2427	17.6683	26.382	15.824	12.8996	14.435	0	16.5444	13.029	18.3537	13.5044	14.1042	13.5496	
9.7	17.9587	19.3706	14.5886	39.5726	13.6961	5.20325	12.9238	16.5444	0	13.7058	22.8273	15.627	14.1664	11.3238	
6.18466	15.4511	20.5243	3.9796	33.2847	6.07263	10.0902	5.61226	13.029	13.7058	0	16.5266	5.05284	13.4445	8.4796	
18.1338	7.82739	19.5502	8.58968	23.1145	11.5532	22.8354	6.95701	18.3537	22.8273	16.5266	0	11.4738	11.2837	8.55701	
6.66	8.83087	21.2455	6.55488	24.8808	9.51841	15.1431	4.92221	13.5044	15.627	5.05284	11.4738	0	9.24888	6.52221	
7.25989	8.23532	10.8893	5.95933	15.4418	5.21485	17.0384	4.32666	14.1042	14.1664	13.4445	11.2837	9.24888	0	2.84257	
6.70522	5.50866	8.04671	3.23267	18.2843	2.37228	12.9104	1.6	13.5496	11.3238	8.4796	8.55701	6.52221	2.84257	0	

0	17.0821	7.72534	5.69692	17.3158	5.13124	2.16208	7.49944	6.55574	10.7007	2.9274	10.7005	11.16	10.1966	5.69944	
17.0821	0	15.0681	11.6122	13.8968	14.6888	18.6692	8.74789	10.5263	13.3735	19.866	9.43891	16.1723	4.99812	9.49532	
7.72534	15.0681	0	18.0242	21.3826	10.3297	15.6987	8.83247	7.59717	17.0526	4.79794	20.9756	15.3051	12.5822	7.95493	
5.69692	11.6122	18.0242	0	15.8163	0.565685	11.2007	4.45477	4.72818	6.37051	6.09741	2.17329	11.6216	7.92881	2.45134	
17.3158	13.8968	21.3826	15.8163	0	13.502	18.617	12.5501	16.2328	23.9581	14.7733	13.8687	19.0379	8.89865	11.6163	
5.13124	14.6888	10.3297	0.565685	13.502	0	7.29332	3.68566	4.1625	5.80483	5.04265	2.73898	8.60368	6.38286	1.88566	
2.16208	18.6692	15.6987	11.2007	18.617	7.29332	0	8.80071	8.14288	8.53867	5.08949	12.8625	11.3375	11.4979	7.00071	
7.49944	8.74789	8.83247	4.45477	12.5501	3.68566	8.80071	0	6.41649	9.69391	4.95699	11.3862	9.22159	3.74977	1.8	
6.55574	10.5263	7.59717	4.72818	16.2328	4.1625	8.14288	6.41649	0	9.96732	7.77348	17.2562	7.70795	9.11369	4.61649	
10.7007	13.3735	17.0526	6.37051	23.9581	5.80483	8.53867	9.69391	9.96732	0	11.3366	22.8124	2.79886	16.9312	7.69048	
2.9274	19.866	4.79794	6.09741	14.7733	5.04265	5.08949	4.95699	7.77348	11.3366	0	13.6279	10.5786	7.65419	3.15699	
10.7005	9.43891	20.9756	2.17329	13.8687	2.73898	12.8625	11.3862	17.2562	22.8124	13.6279	0	15.1383	10.1021	6.37329	
11.16	16.1723	15.3051	11.6216	19.0379	8.60368	11.3375	9.22159	7.70795	2.79886	10.5786	15.1383	0	11.9188	7.42159	
10.1966	4.99812	12.5822	7.92881	8.89865	6.38286	11.4979	3.74977	9.11369	16.9312	7.65419	10.1021	11.9188	0	4.4972	
5.69944	9.49532	7.95493	2.45134	11.6163	1.88566	7.00071	1.8	4.61649	7.69048	3.15699	6.37329	7.42159	4.4972	0	

0	23.9394	13.311	7.50669	24.9856	4.07782	17.3791	8.39764	5.36004	4.91722	1.77294	15.8402	9.18	14.0418	9.74058	
23.9394	0	10.6284	16.3169	25.3397	17.7594	19.002	14.3468	26.5134	31.6643	22.5561	19.7953	23.0528	12.1515	14.5884	
13.311	10.6284	0	7.88464	17.1095	9.50073	8.16135	3.50621	15.885	20.111	13.2117	8.95468	14.4397	1.52315	5.7658	
7.50669	16.3169	7.88464	0	10.7076	1.4425	11.5548	2.449	13.3354	10.2841	3.74738	7.78763	9.09654	4.43205	2.4	
24.9856	25.3397	17.1095	10.7076	0	12.1501	30.2192	13.1566	32.6617	26.5586	17.8475	17.5184	20.788	17.0691	13.1076	
4.07782	17.7594	9.50073	1.4425	12.1501	0	14.6158	2.33345	11.4242	5.44917	2.30489	9.23013	7.65404	4.31651	3.81345	
17.3791	19.002	8.16135	11.5548	30.2192	14.6158	0	8.62125	12.2546	18.7505	15.6062	14.0697	19.5547	6.6382	9.15478	
8.39764	14.3468	3.50621	2.449	13.1566	2.33345	8.62125	0	14.2263	18.6536	4.63834	9.41458	9.9875	1.98305	1.48	
5.36004	26.5134	15.885	13.3354	32.6617	11.4242	12.2546	14.2263	0	12.16	7.13297	15.1433	14.54	17.4081	18.9884	
4.91722	31.6643	20.111	10.2841	26.5586	5.44917	18.7505	18.6536	12.16	0	3.14428	9.04023	8.86305	16.0029	11.1119	
1.77294	22.5561	13.2117	3.74738	17.8475	2.30489	15.6062	4.63834	7.13297	3.14428	0	12.1845	9.95893	10.2825	7.96765	
15.8402	19.7953	8.95468	7.78763	17.5184	9.23013	14.0697	9.41458	15.1433	9.04023	12.1845	0	17.9033	7.43153	10.1876	
9.18	23.0528	14.4397	9.09654	20.788	7.65404	19.5547	9.9875	14.54	8.86305	9.95893	17.9033	0	12.9165	15.0493	
14.0418	12.1515	1.52315	4.43205	17.0691	4.31651	6.6382	1.98305	17.4081	16.0029	10.2825	7.43153	12.9165	0	3.46305	
9.74058	14.5884	5.7658	2.4	13.1076	3.81345	9.15478	1.48	18.9884	11.1119	7.96765	10.1876	15.0493	3.46305	0	

0	17.7386	11.5061	3.46133	14.0396	4.08358	2.88278	6.9599	2.26771	3.7	5.15388	11.0679	7.77339	11.1802	5.51133	
17.7386	0	8.34125	14.2773	22.1489	14.8995	28.5438	15.0681	18.2406	17.2937	17.8049	21.8838	20.4066	18.9345	14.4281	
11.5061	8.34125	0	12.793	13.8077	13.1449	11.8877	10.8449	9.89934	8.9525	11.1952	20.3995	15.405	12.1091	10.9622	
3.46133	14.2773	12.793	0	17.5009	0.622254	6.34411	2.69	5.66138	4.81463	2.74275	7.60652	8.0285	3.87238	2.05	
14.0396	22.1489	13.8077	17.5009	0	21.9696	15.8518	20.49	16.3073	17.7396	19.0807	35.0043	26.3562	25.5738	21.13	
4.08358	14.8995	13.1449	0.622254	21.9696	0	5.34936	4.12083	5.05446	4.19237	2.1205	8.22878	8.74491	3.25012	2.67225	
2.88278	28.5438	11.8877	6.34411	15.8518	5.34936	0	8.35886	5.15048	2.93517	3.22887	17.0285	15.3416	19.2322	21.1185	
6.9599	15.0681	10.8449	2.69	20.49	4.12083	8.35886	0	9.15995	8.85928	5.12999	11.1051	6.6185	5.08383	0.64	
2.26771	18.2406	9.89934	5.66138	16.3073	5.05446	5.15048	9.15995	0	5.96771	6.1022	13.2679	5.50568	8.30459	7.71138	
3.7	17.2937	8.9525	4.81463	17.7396	4.19237	2.93517	8.85928	5.96771	0	6.16404	14.796	12.8281	7.4425	12.6474	
5.15388	17.8049	11.1952	2.74275	19.0807	2.1205	3.22887	5.12999	6.1022	6.16404	0	12.7241	11.6079	5.37062	5.76999	
11.0679	21.8838	20.3995	7.60652	35.0043	8.22878	17.0285	11.1051	13.2679	14.796	12.7241	0	15.7292	13.8538	9.65652	
7.77339	20.4066	15.405	8.0285	26.3562	8.74491	15.3416	6.6185	5.50568	12.8281	11.6079	15.7292	0	12.0031	5.9785	
11.1802	18.9345	12.1091	3.87238	25.5738	3.25012	19.2322	5.08383	8.30459	7.4425	5.37062	13.8538	12.0031	0	5.72383	
5.51133	14.4281	10.9622	2.05	21.13	2.67225	21.1185	0.64	7.71138	12.6474	5.76999	9.65652	5.9785	5.72383	0	

0	11.9321	9.78434	5.19199	11.1094	6.09709	2.47095	10.5494	1.03078	10.3336	2.43263	12.8891	9.54	14.2478	7.94199	
11.9321	0	4.03609	8.62843	15.0956	10.0833	14.4031	9.40655	12.9629	26.1321	14.2092	12.4547	15.114	6.77777	7.1848	
9.78434	4.03609	0	4.59234	10.2769	5.49744	13.9771	4.05871	12.5369	24.808	8.86137	7.1069	10.5281	2.74168	3.14871	
5.19199	8.62843	4.59234	0	5.91738	0.905097	7.66295	3.66	6.10822	19.392	7.62463	6.70818	5.93579	6.65323	2.75	
11.1094	15.0956	10.2769	5.91738	0	6.82248	40.1579	8.0382	14.2325	24.0269	12.8409	11.0864	8.16671	11.0314	7.1282	
6.09709	10.0833	5.49744	0.905097	6.82248	0	9.46809	9.60835	5.20312	20.3474	9.42977	8.60217	6.84089	8.47002	3.6551	
2.47095	14.4031	13.9771	7.66295	40.1579	9.46809	0	8.07847	3.50173	16.671	4.90358	17.0593	12.011	10.4221	8.98847	
10.5494	9.40655	4.05871	3.66	8.0382	9.60835	8.07847	0	16.0219	25.1558	6.62265	4.86818	14.9738	2.34361	0.91	
1.03078	12.9629	12.5369	6.10822	14.2325	5.20312	3.50173	16.0219	0	15.2308	3.46341	14.2105	10.5708	13.6731	11.0651	
10.3336	26.1321	24.808	19.392	24.0269	20.3474	16.671	25.1558	15.2308	0	7.90101	23.0313	15.8602	28.9482	13.6137	
2.43263	14.2092	8.86137	7.62463	12.8409	9.42977	4.90358	6.62265	3.46341	7.90101	0	9.67083	11.9726	9.61588	5.71265	
12.8891	12.4547	7.1069	6.70818	11.0864	8.60217	17.0593	4.86818	14.2105	23.0313	9.67083	0	7.17112	7.86141	3.95818	
9.54	15.114	10.5281	5.93579	8.16671	6.84089	12.011	14.9738	10.5708	15.8602	11.9726	7.17112	0	18.29	8.68579	
14.2478	6.77777	2.74168	6.65323	11.0314	8.47002	10.4221	2.34361	13.6731	28.9482	9.61588	7.86141	18.29	0	3.25361	
7.94199	7.1848	3.14871	2.75	7.1282	3.6551	8.98847	0.91	11.0651	13.6137	5.71265	3.95818	8.68579	3.25361	0	

0	15.8233	9.74469	8.24655	15.3159	8.11627	4.62232	6.20202	3.00987	2.8	7.15362	7.00476	5.59886	11.8999	5.19655	
15.8233	0	12.9155	13.4697	26.7817	11.6719	19.9283	9.62131	27.8647	23.7702	20.5225	25.5592	33.3014	15.7868	10.9913	
9.74469	12.9155	0	7.59814	14.1078	7.46787	26.2949	5.91814	17.6282	25.5866	14.0341	19.0792	18.4398	9.06277	4.54814	
8.24655	13.4697	7.59814	0	21.0088	3.62039	13.466	3.84843	11.8535	7.95362	10.1663	11.3192	5.15476	9.75337	3.05	
15.3159	26.7817	14.1078	21.0088	0	19.211	27.4674	17.1604	18.3257	18.1159	22.6138	33.0983	41.5625	23.1706	18.5304	
8.11627	11.6719	7.46787	3.62039	19.211	0	12.3576	2.05061	12.4831	10.8995	6.54588	13.3401	8.77515	8.2161	2.91973	
4.62232	19.9283	26.2949	13.466	27.4674	12.3576	0	10.307	1.61245	10.5423	6.18867	9.4365	11.5222	10.7999	11.677	
6.20202	9.62131	5.91814	3.84843	17.1604	2.05061	10.307	0	9.21188	9.00202	8.59649	15.1677	9.00319	6.16549	1.37	
3.00987	27.8647	17.6282	11.8535	18.3257	12.4831	1.61245	9.21188	0	5.80987	5.93727	7.82405	11.2708	9.18747	8.20641	
2.8	23.7702	25.5866	7.95362	18.1159	10.8995	10.5423	9.00202	5.80987	0	4.35362	4.20476	2.79886	14.2212	7.99655	
7.15362	20.5225	14.0341	10.1663	22.6138	6.54588	6.18867	8.59649	5.93727	4.35362	0	8.55838	5.33355	15.1247	9.4656	
7.00476	25.5592	19.0792	11.3192	33.0983	13.3401	9.4365	15.1677	7.82405	4.20476	8.55838	0	7.00362	10.0164	14.3692	
5.59886	33.3014	18.4398	5.15476	41.5625	8.77515	11.5222	9.00319	11.2708	2.79886	5.33355	7.00362	0	16.1457	8.20476	
11.8999	15.7868	9.06277	9.75337	23.1706	8.2161	10.7999	6.16549	9.18747	14.2212	15.1247	10.0164	16.1457	0	6.70337	
5.19655	10.9913	4.54814	3.05	18.5304	2.91973	11.677	1.37	8.20641	7.99655	9.4656	14.3692	8.20476	6.70337	0	

0	10.8861	12.9639	11.3935	10.636	10.0292	13.0491	9.97901	1.27816	13.6219	3.46341	12.7219	9.64679	4.96729	12.3071	
10.8861	0	6.18867	5.09902	17.9582	7.19206	15.7192	8.30604	15.2801	12.479	20.8876	7.63453	19.0838	5.91883	10.549	
12.9639	6.18867	0	9.58129	16.9922	7.48826	15.0173	9.41995	17.9569	13.8309	18.6439	8.7948	13.1116	7.99656	8.27995	
11.3935	5.09902	9.58129	0	13.5254	2.09304	8.75805	3.20702	12.6717	7.38	13.2487	2.53551	7.71642	8.21874	4.34702	
10.636	17.9582	16.9922	13.5254	0	15.6185	22.7209	9.85225	11.9142	14.2632	14.0994	16.061	17.5769	12.0394	8.71225	
10.0292	7.19206	7.48826	2.09304	15.6185	0	9.75708	5.30006	11.3074	8.86848	11.1556	3.53454	5.62338	10.9322	7.54304	
13.0491	15.7192	15.0173	8.75805	22.7209	9.75708	0	12.9266	11.7709	18.0002	17.3783	6.22254	19.0176	11.2561	16.0702	
9.97901	8.30604	9.41995	3.20702	9.85225	5.30006	12.9266	0	15.2432	6.6909	11.964	5.74253	10.0047	5.01172	1.14	
1.27816	15.2801	17.9569	12.6717	11.9142	11.3074	11.7709	15.2432	0	15.7659	4.74157	16.0448	8.36863	6.24546	16.4314	
13.6219	12.479	13.8309	7.38	14.2632	8.86848	18.0002	6.6909	15.7659	0	10.1584	9.91551	14.4156	12.8907	5.5509	
3.46341	20.8876	18.6439	13.2487	14.0994	11.1556	17.3783	11.964	4.74157	10.1584	0	14.6902	13.0532	8.4307	10.824	
12.7219	7.63453	8.7948	2.53551	16.061	3.53454	6.22254	5.74253	16.0448	9.91551	14.6902	0	9.15792	7.75464	7.84403	
9.64679	19.0838	13.1116	7.71642	17.5769	5.62338	19.0176	10.0047	8.36863	14.4156	13.0532	9.15792	0	13.1649	8.86468	
4.96729	5.91883	7.99656	8.21874	12.0394	10.9322	11.2561	5.01172	6.24546	12.8907	8.4307	7.75464	13.1649	0	6.15172	
12.3071	10.549	8.27995	4.34702	8.71225	7.54304	16.0702	1.14	16.4314	5.5509	10.824	7.84403	8.86468	6.15172	0	

0	14.4005	19.2829	5.90417	14.5203	6.18081	10.1663	10.2113	1.44309	4.43164	1.69047	12.7938	13.0594	5.31263	11.1687	
14.4005	0	16.1444	11.3546	24.2765	12.2265	21.1858	10.9809	23.9238	15.4512	12.3031	22.7915	11.8757	8.68094	10.7409	
19.2829	16.1444	0	10.1371	22.6648	11.009	26.0682	8.63657	22.7063	17.278	11.0856	20.9384	18.0859	7.46346	8.39657	
5.90417	11.3546	10.1371	0	11.083	2.74357	12.6895	5.26966	10.4382	6.95486	4.21369	7.87819	15.5826	2.67367	7.73144	
14.5203	24.2765	22.6648	11.083	0	8.33946	23.2685	12.37	17.5564	13.0156	17.7391	14.9525	31.1454	11.885	13.3273	
6.18081	12.2265	11.009	2.74357	8.33946	0	14.9291	4.03051	7.6239	4.67611	6.95727	6.61302	14.6772	3.54559	4.27051	
10.1663	21.1858	26.0682	12.6895	23.2685	14.9291	0	11.9784	12.4159	11.217	8.47578	19.3149	19.8447	12.0979	12.2184	
10.2113	10.9809	8.63657	5.26966	12.37	4.03051	11.9784	0	10.2636	8.70662	6.21815	7.33648	9.9293	2.596	0.24	
1.44309	23.9238	22.7063	10.4382	17.5564	7.6239	12.4159	10.2636	0	8.34309	3.13356	15.83	22.996	12.7626	10.5036	
4.43164	15.4512	17.278	6.95486	13.0156	4.67611	11.217	8.70662	8.34309	0	2.74117	11.2891	14.1101	6.36332	8.88144	
1.69047	12.3031	11.0856	4.21369	17.7391	6.95727	8.47578	6.21815	3.13356	2.74117	0	12.0304	11.3689	3.62215	10.7074	
12.7938	22.7915	20.9384	7.87819	14.9525	6.61302	19.3149	7.33648	15.83	11.2891	12.0304	0	13.1688	9.93248	7.57648	
13.0594	11.8757	18.0859	15.5826	31.1454	14.6772	19.8447	9.9293	22.996	14.1101	11.3689	13.1688	0	14.991	9.6893	
5.31263	8.68094	7.46346	2.67367	11.885	3.54559	12.0979	2.596	12.7626	6.36332	3.62215	9.93248	14.991	0	2.836	
11.1687	10.7409	8.39657	7.73144	13.3273	4.27051	12.2184	0.24	10.5036	8.88144	10.7074	7.57648	9.6893	2.836	0	

0	27.7124	14.956	8.41668	34.4607	7.60301	11.5039	9.14574	6.1022	10.5251	1.97909	16.9001	8.01443	14.8428	7.37574	
27.7124	0	8.1338	7.8947	29.9469	8.95643	24.3916	5.56232	22.0645	27.3559	21.7501	25.9317	23.0528	7.29298	7.33232	
14.956	8.1338	0	4.90386	37.3527	4.39528	7.44	2.57148	12.8417	10.8047	10.0192	14.2008	15.0018	4.30214	4.34148	
8.41668	7.8947	4.90386	0	29.3051	4.80833	9.11699	2.33238	3.71528	5.94	6.43758	12.9492	4.84235	4.06305	4.10238	
34.4607	29.9469	37.3527	29.3051	0	33.6499	40.5962	30.7821	33.0204	35.2451	34.2384	23.8444	34.1475	29.0515	33.3688	
7.60301	8.95643	4.39528	4.80833	33.6499	0	11.8353	3.39411	8.52361	10.7483	5.62392	9.80551	9.65068	5.12478	5.16411	
11.5039	24.3916	7.44	9.11699	40.5962	11.8353	0	10.0115	5.40171	14.9427	12.1083	24.515	18.1436	11.5447	15.0202	
9.14574	5.56232	2.57148	2.33238	30.7821	3.39411	10.0115	0	6.04766	6.43276	8.76997	11.2944	7.17474	1.73066	1.77	
6.1022	22.0645	12.8417	3.71528	33.0204	8.52361	5.40171	6.04766	0	9.65528	8.08129	16.6645	8.55763	11.4597	8.06528	
10.5251	27.3559	10.8047	5.94	35.2451	10.7483	14.9427	6.43276	9.65528	0	8.54599	14.1871	9.32952	12.1298	4.66276	
1.97909	21.7501	10.0192	6.43758	34.2384	5.62392	12.1083	8.76997	8.08129	8.54599	0	15.4294	6.03534	14.182	9.35483	
16.9001	25.9317	14.2008	12.9492	23.8444	9.80551	24.515	11.2944	16.6645	14.1871	15.4294	0	11.0826	16.9914	9.52437	
8.01443	23.0528	15.0018	4.84235	34.1475	9.65068	18.1436	7.17474	8.55763	9.32952	6.03534	11.0826	0	12.5868	7.42159	
14.8428	7.29298	4.30214	4.06305	29.0515	5.12478	11.5447	1.73066	11.4597	12.1298	14.182	16.9914	12.5868	0	3.50066	
7.37574	7.33232	4.34148	4.10238	33.3688	5.16411	15.0202	1.77	8.06528	4.66276	9.35483	9.52437	7.42159	3.50066	0	

0	21.124	16.433	5.07684	32.7308	9.18237	3.2946	12.4873	3.46341	11.4587	2.26771	18.6188	15.6016	7.06884	13.5601	
21.124	0	3.76701	7.54844	22.5045	6.10892	12.9511	3.75832	19.2478	7.64199	16.833	7.67955	14.8868	9.27482	4.64905	
16.433	3.76701	0	11.3635	26.2715	9.27334	17.1676	7.52534	14.8947	11.409	14.1653	16.0541	18.6428	10.5098	7.81348	
5.07684	7.54844	11.3635	0	19.6358	4.52548	11.1118	3.79012	8.9947	12.0001	2.80913	5.52378	4.37374	4.60977	3.55	
32.7308	22.5045	26.2715	19.6358	0	19.5849	34.3353	18.0332	30.2649	21.1134	30.3044	14.112	18.9319	30.1097	23.2653	
9.18237	6.10892	9.27334	4.52548	19.5849	0	6.58635	2.55986	7.33959	14.1896	6.91466	5.47284	8.89922	2.95466	1.45986	
3.2946	12.9511	17.1676	11.1118	34.3353	6.58635	0	9.19274	6.75801	20.3575	5.56231	12.0592	20.3212	9.54101	8.04621	
12.4873	3.75832	7.52534	3.79012	18.0332	2.55986	9.19274	0	9.90142	11.4003	6.59925	3.92122	8.16386	5.51649	1.1	
3.46341	19.2478	14.8947	8.9947	30.2649	7.33959	6.75801	9.90142	0	15.99	5.73112	16.1529	15.5627	4.38493	10.8762	
11.4587	7.64199	11.409	12.0001	21.1134	14.1896	20.3575	11.4003	15.99	0	9.19097	19.6624	19.1255	17.1442	12.291	
2.26771	16.833	14.1653	2.80913	30.3044	6.91466	5.56231	6.59925	5.73112	9.19097	0	8.33291	7.18287	7.4189	6.35913	
18.6188	7.67955	16.0541	5.52378	14.112	5.47284	12.0592	3.92122	16.1529	19.6624	8.33291	0	9.89752	8.4275	5.02122	
15.6016	14.8868	18.6428	4.37374	18.9319	8.89922	20.3212	8.16386	15.5627	19.1255	7.18287	9.89752	0	8.98351	7.92374	
7.06884	9.27482	10.5098	4.60977	30.1097	2.95466	9.54101	5.51649	4.38493	17.1442	7.4189	8.4275	8.98351	0	4.41452	
13.5601	4.64905	7.81348	3.55	23.2653	1.45986	8.04621	1.1	10.8762	12.291	6.35913	5.02122	7.92374	4.41452	0	

0	10.6422	14.0007	7.93221	16.8156	4.89785	8.44767	5.13881	7.2979	9.3	1.8554	12.8504	11.9822	4.77624	6.46881	
10.6422	0	9.95568	11.7514	15.2392	10.5578	20.9088	8.71931	17.9401	19.9422	12.4976	20.5459	19.2107	9.07553	10.0493	
14.0007	9.95568	0	6.06845	24.6659	7.87864	11.5021	9.10055	10.1296	25.8685	18.7056	14.1277	20.2831	13.4038	12.6185	
7.93221	11.7514	6.06845	0	18.5975	1.81019	5.4336	3.03209	11.4731	16.8969	4.85264	8.05929	8.99562	8.44042	4.36209	
16.8156	15.2392	24.6659	18.5975	0	19.3275	23.8727	17.4477	31.0407	38.3975	23.0869	23.5098	30.0417	12.0394	19.4215	
4.89785	10.5578	7.87864	1.81019	19.3275	0	7.24379	1.83848	9.66294	9.86767	3.04245	9.86949	7.18543	7.2468	3.16848	
8.44767	20.9088	11.5021	5.4336	23.8727	7.24379	0	8.46569	6.12732	11.6072	6.59228	11.2006	14.2895	11.8333	11.9836	
5.13881	8.71931	9.10055	3.03209	17.4477	1.83848	8.46569	0	11.5014	14.4388	4.88093	11.0914	9.02391	5.40833	1.33	
7.2979	17.9401	10.1296	11.4731	31.0407	9.66294	6.12732	11.5014	0	16.5979	8.57606	5.55255	16.8484	12.0741	14.1034	
9.3	19.9422	25.8685	16.8969	38.3975	9.86767	11.6072	14.4388	16.5979	0	8.94911	22.8078	2.68224	14.0762	20.1178	
1.8554	12.4976	18.7056	4.85264	23.0869	3.04245	6.59228	4.88093	8.57606	8.94911	0	14.1286	10.2279	6.63164	7.48287	
12.8504	20.5459	14.1277	8.05929	23.5098	9.86949	11.2006	11.0914	5.55255	22.8078	14.1286	0	20.7311	11.4704	14.101	
11.9822	19.2107	20.2831	8.99562	30.0417	7.18543	14.2895	9.02391	16.8484	2.68224	10.2279	20.7311	0	14.4736	11.6258	
4.77624	9.07553	13.4038	8.44042	12.0394	7.2468	11.8333	5.40833	12.0741	14.0762	6.63164	11.4704	14.4736	0	6.73833	
6.46881	10.0493	12.6185	4.36209	19.4215	3.16848	11.9836	1.33	14.1034	20.1178	7.48287	14.101	11.6258	6.73833	0	

0	21.2844	10.1525	7.64377	11.5468	7.69686	10.7478	6.91082	6.47328	5.71056	1.1957	14.5259	9.75746	6.99115	7.23082	
21.2844	0	12.2428	14.2773	17.72	16.54	26.0203	13.2458	27.2069	32.8844	17.2385	21.1593	27.8043	11.4431	17.1706	
10.1525	12.2428	0	16.2625	19.0233	13.9998	17.0745	10.9323	14.9641	21.5783	11.3482	25.5792	18.1418	11.9568	10.6123	
7.64377	14.2773	16.2625	0	9.8623	2.26274	14.3377	4.72307	12.7729	9.84126	8.83947	6.88209	10.5416	6.52585	5.04307	
11.5468	17.72	19.0233	9.8623	0	12.125	12.1531	8.86935	20.5764	14.866	10.3511	16.7444	16.3334	7.06658	12.7941	
7.69686	16.54	13.9998	2.26274	12.125	0	12.075	6.95021	14.1701	7.57852	7.19124	9.14483	8.27886	12.3578	6.63021	
10.7478	26.0203	17.0745	14.3377	12.1531	12.075	0	6.7822	13.2496	4.66958	9.18445	21.4291	9.56758	12.1898	6.4622	
6.91082	13.2458	10.9323	4.72307	8.86935	6.95021	6.7822	0	8.04984	16.6298	7.59822	11.6052	8.56621	1.80278	0.32	
6.47328	27.2069	14.9641	12.7729	20.5764	14.1701	13.2496	8.04984	0	8.58	7.66898	19.687	13.478	9.85262	8.36984	
5.71056	32.8844	21.5783	9.84126	14.866	7.57852	4.66958	16.6298	8.58	0	4.51486	17.5453	4.898	10.3103	11.1318	
1.1957	17.2385	11.3482	8.83947	10.3511	7.19124	9.18445	7.59822	7.66898	4.51486	0	21.209	8.56176	5.79545	11.523	
14.5259	21.1593	25.5792	6.88209	16.7444	9.14483	21.4291	11.6052	19.687	17.5453	21.209	0	12.6473	13.44	11.9572	
9.75746	27.8043	18.1418	10.5416	16.3334	8.27886	9.56758	8.56621	13.478	4.898	8.56176	12.6473	0	13.9738	8.24621	
6.99115	11.4431	11.9568	6.52585	7.06658	12.3578	12.1898	1.80278	9.85262	10.3103	5.79545	13.44	13.9738	0	2.12278	
7.23082	17.1706	10.6123	5.04307	12.7941	6.63021	6.4622	0.32	8.36984	11.1318	11.523	11.9572	8.24621	2.12278	0	

0	28.4283	10.9746	15.2502	26.0353	11.0962	8.9572	12.2268	4.98896	11.359	3.62833	17.7628	8.96189	13.5893	12.6168	
28.4283	0	20.1394	15.9792	9.74602	15.3763	14.1354	10.5258	19.6079	13.1534	17.4581	18.0186	28.114	7.49718	14.8794	
10.9746	20.1394	0	8.0366	14.7082	9.54569	9.10842	3.30548	5.98565	12.3556	12.3865	10.4608	19.4195	10.2977	2.91548	
15.2502	15.9792	8.0366	0	20.882	2.65872	7.26917	3.90674	10.2612	13.1397	10.1266	14.9453	17.3894	6.9354	4.29674	
26.0353	9.74602	14.7082	20.882	0	18.2233	22.8337	17.4165	20.6938	28.7042	25.6105	8.27256	25.985	17.2432	15.8178	
11.0962	15.3763	9.54569	2.65872	18.2233	0	4.61044	3.88909	12.92	10.4809	7.46783	14.0242	12.8014	6.91775	4.27909	
8.9572	14.1354	9.10842	7.26917	22.8337	4.61044	0	6.58294	13.2221	11.8741	5.38145	13.7382	10.715	6.6382	6.19294	
12.2268	10.5258	3.30548	3.90674	17.4165	3.88909	6.58294	0	14.168	8.68485	9.86098	7.93528	18.3188	3.02866	0.39	
4.98896	19.6079	5.98565	10.2612	20.6938	12.92	13.2221	14.168	0	6.37	8.61729	12.8718	11.8511	12.0262	8.90113	
11.359	13.1534	12.3556	13.1397	28.7042	10.4809	11.8741	8.68485	6.37	0	8.06226	19.2418	5.48109	5.65618	11.7679	
3.62833	17.4581	12.3865	10.1266	25.6105	7.46783	5.38145	9.86098	8.61729	8.06226	0	17.0163	5.33355	9.96092	9.47098	
17.7628	18.0186	10.4608	14.9453	8.27256	14.0242	13.7382	7.93528	12.8718	19.2418	17.0163	0	20.9918	14.9275	7.54528	
8.96189	28.114	19.4195	17.3894	25.985	12.8014	10.715	18.3188	11.8511	5.48109	5.33355	20.9918	0	11.1373	14.8045	
13.5893	7.49718	10.2977	6.9354	17.2432	6.91775	6.6382	3.02866	12.0262	5.65618	9.96092	14.9275	11.1373	0	3.41866	
12.6168	14.8794	2.91548	4.29674	15.8178	4.27909	6.19294	0.39	8.90113	11.7679	9.47098	7.54528	14.8045	3.41866	0	

0	15.4309	16.6082	10.0194	18.7042	10.1669	4.73599	8.32842	4.9065	8.06549	5.56619	9.98914	12.4437	10.2033	9.8902	
15.4309	0	6.43848	13.2666	21.2641	13.4141	33.8013	4.50548	21.2143	22.7189	9.33157	11.8392	26.2281	2.63059	6.49139	
16.6082	6.43848	0	17.8216	33.4548	16.7099	23.236	5.68277	22.3916	22.2269	10.5089	13.0165	25.0258	3.80789	7.66869	
10.0194	13.2666	17.8216	0	9.01696	0.678823	10.8977	1.69098	11.2337	3.96	6.4593	3.30123	4.37374	3.56586	3.47098	
18.7042	21.2641	33.4548	9.01696	0	9.69578	34.1256	10.7079	27.2338	12.977	13.138	17.5609	13.3907	19.839	14.467	
10.1669	13.4141	16.7099	0.678823	9.69578	0	9.77832	1.83848	10.5549	4.63882	7.04535	2.6224	5.05256	3.71336	3.61848	
4.73599	33.8013	23.236	10.8977	34.1256	9.77832	0	13.0644	3.54739	6.93767	9.43697	7.15592	9.73652	16.3646	14.6262	
8.32842	4.50548	5.68277	1.69098	10.7079	1.83848	13.0644	0	12.3934	5.65098	8.57587	4.46088	6.06472	1.87489	1.78	
4.9065	21.2143	22.3916	11.2337	27.2338	10.5549	3.54739	12.3934	0	10.4851	10.4727	10.7033	12.5529	17.7068	14.7967	
8.06549	22.7189	22.2269	3.96	12.977	4.63882	6.93767	5.65098	10.4851	0	2.4993	6.92225	2.79886	9.20028	9.41	
5.56619	9.33157	10.5089	6.4593	13.138	7.04535	9.43697	8.57587	10.4727	2.4993	0	4.42295	5.29816	6.70099	9.92198	
9.98914	11.8392	13.0165	3.30123	17.5609	2.6224	7.15592	4.46088	10.7033	6.92225	4.42295	0	11.3004	9.20863	10.2867	
12.4437	26.2281	25.0258	4.37374	13.3907	5.05256	9.73652	6.06472	12.5529	2.79886	5.29816	11.3004	0	13.5785	9.82374	
10.2033	2.63059	3.80789	3.56586	19.839	3.71336	16.3646	1.87489	17.7068	9.20028	6.70099	9.20863	13.5785	0	3.65489	
9.8902	6.49139	7.66869	3.47098	14.467	3.61848	14.6262	1.78	14.7967	9.41	9.92198	10.2867	9.82374	3.65489	0	

0	18.8575	11.9917	14.1624	8.93426	12.4782	5.45668	11.9057	4.16434	15.4	7.25667	15.7487	14.7352	14.7435	10.8967	
18.8575	0	5.11238	9.79012	9.92323	11.9397	17.2024	10.0317	12.9398	21.1301	11.7381	16.7628	21.0369	12.1007	11.0901	
11.9917	5.11238	0	6.55202	15.0356	8.52559	12.09	4.91935	7.82739	16.1392	6.62572	8.58759	18.3983	9.59587	6.35935	
14.1624	9.79012	6.55202	0	19.6248	2.1496	14.4937	1.63267	8.03238	11.34	6.28172	5.30091	11.2468	2.44551	1.3	
8.93426	9.92323	15.0356	19.6248	0	21.4125	14.3909	16.3204	13.0986	24.3343	16.1909	12.6521	17.346	17.3372	16.734	
12.4782	11.9397	8.52559	2.1496	21.4125	0	17.0866	3.60624	10.6254	10.6422	8.2553	6.95033	10.7781	2.26524	3.41075	
5.45668	17.2024	12.09	14.4937	14.3909	17.0866	0	14.6337	9.62102	14.6758	12.7133	17.2755	21.6968	14.3392	13.1937	
11.9057	10.0317	4.91935	1.63267	16.3204	3.60624	14.6337	0	8.17238	12.9727	4.64905	3.66824	8.36207	2.58551	1.44	
4.16434	12.9398	7.82739	8.03238	13.0986	10.6254	9.62102	8.17238	0	14.82	9.23576	10.8143	10.5709	7.8779	6.73238	
15.4	21.1301	16.1392	11.34	24.3343	10.6422	14.6758	12.9727	14.82	0	9.51346	15.7404	14.2275	11.0553	12.2008	
7.25667	11.7381	6.62572	6.28172	16.1909	8.2553	12.7133	4.64905	9.23576	9.51346	0	8.3173	13.1859	9.33627	6.08905	
15.7487	16.7628	8.58759	5.30091	12.6521	6.95033	17.2755	3.66824	10.8143	15.7404	8.3173	0	4.69383	4.68509	4.08187	
14.7352	21.0369	18.3983	11.2468	17.346	10.7781	21.6968	8.36207	10.5709	14.2275	13.1859	4.69383	0	9.37892	8.7757	
14.7435	12.1007	9.59587	2.44551	17.3372	2.26524	14.3392	2.58551	7.8779	11.0553	9.33627	4.68509	9.37892	0	1.14551	
10.8967	11.0901	6.35935	1.3	16.734	3.41075	13.1937	1.44	6.73238	12.2008	6.08905	4.08187	8.7757	1.14551	0	

0	22.7946	16.4276	15.58	41.2343	10.9433	11.9587	16.2564	5.60742	10	3.75203	13.6839	10.62	20.0602	20.9278	
22.7946	0	18.0833	7.30996	12.5812	5.30177	18.9136	7.13202	17.5104	17.7177	12.493	14.6128	12.225	6.05036	12.3295	
16.4276	18.0833	0	11.397	24.3135	8.48264	17.05	6.14919	10.8202	18.658	17.4996	10.4587	16.1057	7.23085	6.95919	
15.58	7.30996	11.397	0	20.2882	2.00818	15.62	4.34164	16.0636	5.58	9.19943	8.60262	10.7781	6.32952	6.05786	
41.2343	12.5812	24.3135	20.2882	0	17.883	41.3635	22.8048	28.2712	25.8682	31.8012	20.1948	24.8062	18.6316	27.0882	
10.9433	5.30177	8.48264	2.00818	17.883	0	13.6118	2.33345	13.8707	7.58818	7.19124	9.46346	9.05989	3.41512	3.14345	
11.9587	18.9136	17.05	15.62	41.3635	13.6118	0	12.257	11.3678	14.5759	8.20671	19.4442	12.8431	13.3386	13.067	
16.2564	7.13202	6.14919	4.34164	22.8048	2.33345	12.257	0	14.2885	10.8279	9.5247	9.64408	11.1178	1.08167	0.81	
5.60742	17.5104	10.8202	16.0636	28.2712	13.8707	11.3678	14.2885	0	13.0486	6.67943	8.07643	5.28545	15.3701	15.0985	
10	17.7177	18.658	5.58	25.8682	7.58818	14.5759	10.8279	13.0486	0	6.36918	8.19928	13.761	13.6932	12.38	
3.75203	12.493	17.4996	9.19943	31.8012	7.19124	8.20671	9.5247	6.67943	6.36918	0	14.5685	11.9649	12.1157	13.3144	
13.6839	14.6128	10.4587	8.60262	20.1948	9.46346	19.4442	9.64408	8.07643	8.19928	14.5685	0	12.6473	8.56241	14.2247	
10.62	12.225	16.1057	10.7781	24.8062	9.05989	12.8431	11.1178	5.28545	13.761	11.9649	12.6473	0	13.9843	10.3078	
20.0602	6.05036	7.23085	6.32952	18.6316	3.41512	13.3386	1.08167	15.3701	13.6932	12.1157	8.56241	13.9843	0	1.89167	
20.9278	12.3295	6.95919	6.05786	27.0882	3.14345	13.067	0.81	15.0985	12.38	13.3144	14.2247	10.3078	1.89167	0	

0	29.8728	11.2805	7.2111	19.6094	10.8598	10.6045	9.0187	4.45295	10.823	6.06097	14.0437	8.46	11.1348	8.4611	
29.8728	0	9.21457	11.51	20.9097	12.2196	29.9821	7.00858	11.0223	21.5661	20.182	14.5184	23.4669	4.34047	6.75878	
11.2805	9.21457	0	6.73109	25.2465	7.16268	17.0422	6.88109	11.5559	15.6825	7.53962	10.1271	13.3676	4.87409	5.48109	
7.2111	11.51	6.73109	0	12.3983	3.64867	7.24883	1.8076	6.7806	3.78	2.57503	6.61313	11.7154	3.66831	1.25	
19.6094	20.9097	25.2465	12.3983	0	16.047	33.2888	14.2059	16.9441	16.1783	14.9734	13.3821	11.8789	21.9866	13.6483	
10.8598	12.2196	7.16268	3.64867	16.047	0	9.87952	5.45627	12.1902	7.42867	6.2237	2.96446	14.2147	7.87909	4.89867	
10.6045	29.9821	17.0422	7.24883	33.2888	9.87952	0	9.49949	9.83883	3.46883	11.6117	12.844	19.0645	17.7586	19.3078	
9.0187	7.00858	6.88109	1.8076	14.2059	5.45627	9.49949	0	9.3499	5.5876	4.38263	12.8461	13.523	2.66811	1.4	
4.45295	11.0223	11.5559	6.7806	16.9441	12.1902	9.83883	9.3499	0	6.37	4.20557	9.59077	5.06522	6.6818	9.1001	
10.823	21.5661	15.6825	3.78	16.1783	7.42867	3.46883	5.5876	6.37	0	6.35503	9.88118	11.4352	8.69876	5.03	
6.06097	20.182	7.53962	2.57503	14.9734	6.2237	11.6117	4.38263	4.20557	6.35503	0	13.7963	9.27079	10.8874	3.82503	
14.0437	14.5184	10.1271	6.61313	13.3821	2.96446	12.844	12.8461	9.59077	9.88118	13.7963	0	14.2119	10.178	12.3927	
8.46	23.4669	13.3676	11.7154	11.8789	14.2147	19.0645	13.523	5.06522	11.4352	9.27079	14.2119	0	11.747	12.9654	
11.1348	4.34047	4.87409	3.66831	21.9866	7.87909	17.7586	2.66811	6.6818	8.69876	10.8874	10.178	11.747	0	2.41831	
8.4611	6.75878	5.48109	1.25	13.6483	4.89867	19.3078	1.4	9.1001	5.03	3.82503	12.3927	12.9654	2.41831	0	

0	10.0757	19.023	3.60555	9.80471	7.16937	11.3252	8.43192	6.01973	11.9608	3.87572	16.102	12.1568	6.30464	4.60555	
10.0757	0	19.9114	6.2903	8.50562	12.1638	17.6356	6.9403	11.4456	17.4872	6.2	14.8317	14.481	7.07221	5.2903	
19.023	19.9114	0	14.7962	22.0698	11.2324	18.91	14.8456	18.4174	18.3745	25.0617	22.1058	24.8222	12.7183	14.5003	
3.60555	6.2903	14.7962	0	6.19916	3.56382	14.9307	2.65	7.15532	9.89717	7.48127	12.4964	16.2453	2.78191	1	
9.80471	8.50562	22.0698	6.19916	0	9.76298	13.1561	5.63475	10.6659	13.8946	14.7056	6.32607	13.6276	7.76202	7.19916	
7.16937	12.1638	11.2324	3.56382	9.76298	0	17.9158	8.52352	13.0288	15.6035	13.8293	11.4018	13.5898	7.80481	4.56382	
11.3252	17.6356	18.91	14.9307	13.1561	17.9158	0	7.52133	12.5525	8.53867	11.4356	14.464	7.16247	9.6486	9.17133	
8.43192	6.9403	14.8456	2.65	5.63475	8.52352	7.52133	0	5.03115	7.78346	10.0997	11.9608	14.6838	2.12728	1.65	
6.01973	11.4456	18.4174	7.15532	10.6659	13.0288	12.5525	5.03115	0	11.9204	8.57606	19.4511	16.8571	6.26418	6.15532	
11.9608	17.4872	18.3745	9.89717	13.8946	15.6035	8.53867	7.78346	11.9204	0	11.2872	7.56857	4.3149	5.65618	7.43809	
3.87572	6.2	25.0617	7.48127	14.7056	13.8293	11.4356	10.0997	8.57606	11.2872	0	15.5826	8.28104	10.1804	10.2226	
16.102	14.8317	22.1058	12.4964	6.32607	11.4018	14.464	11.9608	19.4511	7.56857	15.5826	0	7.30151	13.2247	13.4964	
12.1568	14.481	24.8222	16.2453	13.6276	13.5898	7.16247	14.6838	16.8571	4.3149	8.28104	7.30151	0	9.97109	17.2453	
6.30464	7.07221	12.7183	2.78191	7.76202	7.80481	9.6486	2.12728	6.26418	5.65618	10.1804	13.2247	9.97109	0	1.78191	
4.60555	5.2903	14.5003	1	7.19916	4.56382	9.17133	1.65	6.15532	7.43809	10.2226	13.4964	17.2453	1.78191	0	

0	14.4166	13.311	13.0197	20.1178	7.61538	4.93019	5.84761	6.92682	4.38857	1.56678	5.45898	6.90033	12.2294	6.87761	
14.4166	0	14.2608	6.08718	14.5115	8.31008	9.3416	4.71718	16.2988	20.6334	21.7271	11.2253	16.2333	7.10259	3.68718	
13.311	14.2608	0	14.7616	23.1859	16.9845	18.016	13.3916	11.0504	22.6996	14.8778	16.8765	16.8687	10.4336	12.3616	
13.0197	6.08718	14.7616	0	13.2243	2.00818	8.05442	3.43	11.6766	14.1098	7.60491	3.71271	8.27886	7.49117	2.4	
20.1178	14.5115	23.1859	13.2243	0	13.8991	16.4787	11.8543	13.191	29.2174	17.7609	13.8687	26.516	15.9155	10.8243	
7.61538	8.31008	16.9845	2.00818	13.8991	0	10.2773	1.76777	13.6848	15.3183	14.5669	4.42408	10.287	8.14959	2.79777	
4.93019	9.3416	18.016	8.05442	16.4787	10.2773	0	6.68442	14.109	6.13717	3.36341	7.2556	8.69696	10.7456	5.65442	
5.84761	4.71718	13.3916	3.43	11.8543	1.76777	6.68442	0	12.7744	17.0861	6.54851	2.65631	15.3036	6.12117	1.03	
6.92682	16.2988	11.0504	11.6766	13.191	13.6848	14.109	12.7744	0	15.9333	8.4936	15.3893	18.445	20.2542	14.0766	
4.38857	20.6334	22.6996	14.1098	29.2174	15.3183	6.13717	17.0861	15.9333	0	2.82179	6.71399	5.83095	16.9685	11.7916	
1.56678	21.7271	14.8778	7.60491	17.7609	14.5669	3.36341	6.54851	8.4936	2.82179	0	3.8922	5.33355	15.7045	9.01783	
5.45898	11.2253	16.8765	3.71271	13.8687	4.42408	7.2556	2.65631	15.3893	6.71399	3.8922	0	9.22575	9.03814	3.68631	
6.90033	16.2333	16.8687	8.27886	26.516	10.287	8.69696	15.3036	18.445	5.83095	5.33355	9.22575	0	21.3706	10.6789	
12.2294	7.10259	10.4336	7.49117	15.9155	8.14959	10.7456	6.12117	20.2542	16.9685	15.7045	9.03814	21.3706	0	5.09117	
6.87761	3.68718	12.3616	2.4	10.8243	2.79777	5.65442	1.03	14.0766	11.7916	9.01783	3.68631	10.6789	5.09117	0	

0	16.901	9.60898	8.27733	11.0615	6.29743	12.5607	8.4361	1.77294	2.3	6.22589	7.70434	10.1416	3.82099	8.27577	
16.901	0	15.8753	12.5834	26.2257	10.6035	24.3502	13.8306	16.4022	19.7423	14.26	15.2783	8.03355	14.9886	14.3106	
9.60898	15.8753	0	11.4393	17.1095	12.5713	25.3421	2.45967	11.2169	11.5057	10.6356	7.26634	12.743	5.78799	2.93967	
8.27733	12.5834	11.4393	0	15.2924	1.9799	12.6653	1.78	7.02799	8.05737	2.57503	5.25818	10.9964	5.75477	1.3	
11.0615	26.2257	17.1095	15.2924	0	17.3589	23.6221	14.4724	12.8344	13.3615	18.112	17.9506	27.5312	14.8825	13.9924	
6.29743	10.6035	12.5713	1.9799	17.3589	0	15.3169	6.25862	8.07036	8.59743	4.55493	4.67472	9.05989	10.1184	3.2799	
12.5607	24.3502	25.3421	12.6653	23.6221	15.3169	0	18.2661	11.529	14.8607	10.0902	20.1745	18.5116	16.3817	14.637	
8.4361	13.8306	2.45967	1.78	14.4724	6.25862	18.2661	0	10.0441	9.04598	6.19265	4.43818	11.5702	4.61511	0.48	
1.77294	16.4022	11.2169	7.02799	12.8344	8.07036	11.529	10.0441	0	4.07294	4.45295	9.47727	8.36863	5.42896	9.88373	
2.3	19.7423	11.5057	8.05737	13.3615	8.59743	14.8607	9.04598	4.07294	0	5.48234	10.0043	13.9037	6.12099	9.52598	
6.22589	14.26	10.6356	2.57503	18.112	4.55493	10.0902	6.19265	4.45295	5.48234	0	9.67083	8.4214	9.88191	3.87503	
7.70434	15.2783	7.26634	5.25818	17.9506	4.67472	20.1745	4.43818	9.47727	10.0043	9.67083	0	11.213	8.41295	3.95818	
10.1416	8.03355	12.743	10.9964	27.5312	9.05989	18.5116	11.5702	8.36863	13.9037	8.4214	11.213	0	6.95506	11.4098	
3.82099	14.9886	5.78799	5.75477	14.8825	10.1184	16.3817	4.61511	5.42896	6.12099	9.88191	8.41295	6.95506	0	4.45477	
8.27577	14.3106	2.93967	1.3	13.9924	3.2799	14.637	0.48	9.88373	9.52598	3.87503	3.95818	11.4098	4.45477	0	

0	10.8805	10.4592	7.6742	16.2305	3.14871	5.6626	9.58339	5.85481	9.26716	1.60801	6.34121	14.3955	9.17039	9.35313	
10.8805	0	14.2608	11.5378	10.8092	7.73175	18.5622	10.4878	18.7544	26.5652	9.66786	10.8202	15.3837	14.536	9.1378	
10.4592	14.2608	0	10.7966	23.7132	13.8167	9.76419	9.16397	4.60435	17.5963	10.0468	7.21902	18.6897	3.50326	8.39657	
7.6742	11.5378	10.7966	0	17.8068	4.52548	15.0659	3.75	14.104	11.88	6.46159	7.42542	6.71681	8.66637	2.4	
16.2305	10.8092	23.7132	17.8068	0	13.2814	10.5679	17.9287	15.7277	26.8447	15.2175	12.1655	16.729	15.8813	19.2787	
3.14871	7.73175	13.8167	4.52548	13.2814	0	8.81131	6.43467	7.3786	9.59525	1.9361	3.19249	7.75593	6.90825	6.20442	
5.6626	18.5622	9.76419	15.0659	10.5679	8.81131	0	15.6084	5.15984	16.2768	7.27061	15.6776	11.1142	14.833	17.4659	
9.58339	10.4878	9.16397	3.75	17.9287	6.43467	15.6084	0	15.7025	16.3115	8.37078	9.05764	4.4942	5.66072	1.35	
5.85481	18.7544	4.60435	14.104	15.7277	7.3786	5.15984	15.7025	0	13.1016	5.4425	16.126	16.274	8.1076	13.0009	
9.26716	26.5652	17.5963	11.88	26.8447	9.59525	16.2768	16.3115	13.1016	0	7.65914	18.791	14.2275	20.5464	14.28	
1.60801	9.66786	10.0468	6.46159	15.2175	1.9361	7.27061	8.37078	5.4425	7.65914	0	5.1286	13.1829	10.7784	8.14052	
6.34121	10.8202	7.21902	7.42542	12.1655	3.19249	15.6776	9.05764	16.126	18.791	5.1286	0	4.56344	3.71576	9.39691	
14.3955	15.3837	18.6897	6.71681	16.729	7.75593	11.1142	4.4942	16.274	14.2275	13.1829	4.56344	0	8.27921	5.8442	
9.17039	14.536	3.50326	8.66637	15.8813	6.90825	14.833	5.66072	8.1076	20.5464	10.7784	3.71576	8.27921	0	6.83065	
9.35313	9.1378	8.39657	2.4	19.2787	6.20442	17.4659	1.35	13.0009	14.28	8.14052	9.39691	5.8442	6.83065	0	

0	19.3498	16.4693	5.48044	17.8685	7.12093	11.5311	13.0846	6.43204	12.8222	7.2979	15.2603	13.14	10.7356	10.3304	
19.3498	0	6.3232	13.8693	10.8092	14.4626	27.3166	16.9445	20.2384	13.4235	19.4655	4.60435	14.7743	13.8628	17.402	
16.4693	6.3232	0	9.7799	6.90383	8.13941	25.5118	10.6213	17.3579	7.10026	12.0673	7.84401	14.959	7.53962	11.0788	
5.48044	13.8693	9.7799	0	17.8926	1.64049	13.7863	5.92	6.36905	5.83286	9.78283	9.77982	9.68471	5.25514	4.62104	
17.8685	10.8092	6.90383	17.8926	0	15.0432	29.3996	17.5252	24.3006	14.0041	25.1664	14.7478	21.8628	14.4434	17.9826	
7.12093	14.4626	8.13941	1.64049	15.0432	0	16.6962	4.05055	8.00954	4.19237	8.75857	11.4203	10.9343	6.40176	2.98055	
11.5311	27.3166	25.5118	13.7863	29.3996	16.6962	0	16.2721	7.41728	18.4115	7.93764	22.7123	24.6711	12.4653	15.9053	
13.0846	16.9445	10.6213	5.92	17.5252	4.05055	16.2721	0	8.85483	8.64715	8.4938	16.3174	9.52237	3.96611	1.07	
6.43204	20.2384	17.3579	6.36905	24.3006	8.00954	7.41728	8.85483	0	13.26	13.7299	16.1489	16.0538	11.6242	9.92483	
12.8222	13.4235	7.10026	5.83286	14.0041	4.19237	18.4115	8.64715	13.26	0	11.0453	13.4552	15.0439	10.5941	7.17293	
7.2979	19.4655	12.0673	9.78283	25.1664	8.75857	7.93764	8.4938	13.7299	11.0453	0	14.8611	16.42	4.52769	7.96765	
15.2603	4.60435	7.84401	9.77982	14.7478	11.4203	22.7123	16.3174	16.1489	13.4552	14.8611	0	10.17	15.035	14.6298	
13.14	14.7743	14.959	9.68471	21.8628	10.9343	24.6711	9.52237	16.0538	15.0439	16.42	10.17	0	13.6284	8.45237	
10.7356	13.8628	7.53962	5.25514	14.4434	6.40176	12.4653	3.96611	11.6242	10.5941	4.52769	15.035	13.6284	0	5.03611	
10.3304	17.402	11.0788	4.62104	17.9826	2.98055	15.9053	1.07	9.92483	7.17293	7.96765	14.6298	8.45237	5.03611	0	

0	32.7408	12.8516	8.36652	22.2442	4.54814	16.3701	6.38662	7.2979	7	6.22589	11.415	10.3277	7.79827	11.8475	
32.7408	0	20.584	15.568	17.0112	14.3161	16.3707	12.4776	28.1416	19.1489	20.3953	14.7339	30.0264	13.379	13.4476	
12.8516	20.584	0	3.60827	19.811	7.42664	12.09	6.69867	9.67682	14.2042	6.62572	10.6715	17.1869	10.8144	11.6583	
8.36652	15.568	3.60827	0	17.5543	3.81838	15.6983	3.0904	12.4407	11.3969	10.234	7.0632	9.59796	3.99179	4.0604	
22.2442	17.0112	19.811	17.5543	0	16.8036	23.5057	10.4743	21.2379	23.164	26.4367	22.7505	28.6334	13.7045	9.50427	
4.54814	14.3161	7.42664	3.81838	16.8036	0	14.7948	1.83848	8.62232	7.57852	10.774	10.0354	5.77958	2.73987	2.80848	
16.3701	16.3707	12.09	15.6983	23.5057	14.7948	0	12.4461	11.7709	11.4738	14.822	13.0673	21.4874	11.5447	14.0014	
6.38662	12.4776	6.69867	3.0904	10.4743	1.83848	12.4461	0	10.4608	8.10017	15.7522	7.6867	7.61806	0.901388	0.97	
7.2979	28.1416	9.67682	12.4407	21.2379	8.62232	11.7709	10.4608	0	7.28	3.0511	8.71248	14.4019	11.8724	11.7336	
7	19.1489	14.2042	11.3969	23.164	7.57852	11.4738	8.10017	7.28	0	7.57852	4.415	13.3581	7.19878	11.399	
6.22589	20.3953	6.62572	10.234	26.4367	10.774	14.822	15.7522	3.0511	7.57852	0	5.66138	16.4217	12.4467	14.7847	
11.415	14.7339	10.6715	7.0632	22.7505	10.0354	13.0673	7.6867	8.71248	4.415	5.66138	0	18.2927	6.78531	10.9855	
10.3277	30.0264	17.1869	9.59796	28.6334	5.77958	21.4874	7.61806	14.4019	13.3581	16.4217	18.2927	0	9.02971	13.0789	
7.79827	13.379	10.8144	3.99179	13.7045	2.73987	11.5447	0.901388	11.8724	7.19878	12.4467	6.78531	9.02971	0	1.87139	
11.8475	13.4476	11.6583	4.0604	9.50427	2.80848	14.0014	0.97	11.7336	11.399	14.7847	10.9855	13.0789	1.87139	0	

0	14.1715	9.39125	4.47088	8.93426	5.74368	6.5892	10.5005	7.38036	12.7	5.23634	10.2724	11.1313	8.61968	9.62088	
14.1715	0	20.6042	17.7601	19.6693	19.4398	11.2254	10.8161	6.79117	14.1377	19.2429	17.2663	21.7179	17.2304	14.6777	
9.39125	20.6042	0	4.92037	21.794	6.19316	14.2054	5.05138	12.6679	14.995	7.26131	9.98329	11.5845	9.06916	4.78138	
4.47088	17.7601	4.92037	0	13.4051	1.27279	6.54187	3.9598	10.9689	10.62	2.34094	5.37742	6.73997	4.1488	5.15	
8.93426	19.6693	21.794	13.4051	0	16.7477	15.5235	23.9963	16.3146	17.9689	14.1706	19.2067	20.0943	25.6491	26.9288	
5.74368	19.4398	6.19316	1.27279	16.7477	0	5.26908	2.68701	6.71193	11.4484	3.61373	4.10463	5.46717	5.42159	2.95701	
6.5892	11.2254	14.2054	6.54187	15.5235	5.26908	0	7.95609	4.43424	13.2082	11.6306	9.37371	5.92756	12.9878	9.42404	
10.5005	10.8161	5.05138	3.9598	23.9963	2.68701	7.95609	0	4.02492	10.4837	9.04849	5.31263	7.07312	4.72327	0.27	
7.38036	6.79117	12.6679	10.9689	16.3146	6.71193	4.43424	4.02492	0	17.6425	12.4518	9.33755	10.3618	8.74819	4.29492	
12.7	14.1377	14.995	10.62	17.9689	11.4484	13.2082	10.4837	17.6425	0	12.9609	12.6143	7.58024	8.99847	10.2137	
5.23634	19.2429	7.26131	2.34094	14.1706	3.61373	11.6306	9.04849	12.4518	12.9609	0	10.4661	5.89498	5.61434	7.49094	
10.2724	17.2663	9.98329	5.37742	19.2067	4.10463	9.37371	5.31263	9.33755	12.6143	10.4661	0	9.57181	10.0359	5.58263	
11.1313	21.7179	11.5845	6.73997	20.0943	5.46717	5.92756	7.07312	10.3618	7.58024	5.89498	9.57181	0	11.5093	6.80312	
8.61968	17.2304	9.06916	4.1488	25.6491	5.42159	12.9878	4.72327	8.74819	8.99847	5.61434	10.0359	11.5093	0	4.99327	
9.62088	14.6777	4.78138	5.15	26.9288	2.95701	9.42404	0.27	4.29492	10.2137	7.49094	5.58263	6.80312	4.99327	0	

0	17.737	10.497	8.7377	26.597	4.66476	7.77008	6.02482	3.54587	2.3	1.7317	10.4797	15.2447	6.78198	7.08482	
17.737	0	13.4536	7.34259	8.86002	11.4155	17.9628	12.1823	14.601	14.7226	14.3654	15.8547	28.5865	17.8328	11.0426	
10.497	13.4536	0	8.36462	16.8093	12.4376	8.06	4.47214	16.4447	13.5301	15.3874	14.1748	29.6085	5.2293	5.53214	
8.7377	7.34259	8.36462	0	16.2026	4.07294	10.6202	4.76	12.0304	7.38	7.02282	8.51206	20.3247	5.59686	3.7	
26.597	8.86002	16.8093	16.2026	0	21.0923	24.8693	17.1645	23.461	25.2079	27.4703	16.3018	33.5125	19.1059	16.1045	
4.66476	11.4155	12.4376	4.07294	21.0923	0	14.6932	4.89369	8.21063	6.96476	6.39647	5.81489	17.1825	4.13652	4.98787	
7.77008	17.9628	8.06	10.6202	24.8693	14.6932	0	12.5321	8.38475	5.47008	10.5493	15.2452	18.4148	16.742	14.3202	
6.02482	12.1823	4.47214	4.76	17.1645	4.89369	12.5321	0	9.57069	8.32482	7.75652	6.25003	24.7679	0.757166	1.06	
3.54587	14.601	16.4447	12.0304	23.461	8.21063	8.38475	9.57069	0	5.33	5.27758	16.0521	18.2747	23.9236	14.4335	
2.3	14.7226	13.5301	7.38	25.2079	6.96476	5.47008	8.32482	5.33	0	4.0317	10.7221	12.9447	16.215	9.10348	
1.7317	14.3654	15.3874	7.02282	27.4703	6.39647	10.5493	7.75652	5.27758	4.0317	0	14.5073	18.0239	17.0439	10.7228	
10.4797	15.8547	14.1748	8.51206	16.3018	5.81489	15.2452	6.25003	16.0521	10.7221	14.5073	0	17.2107	5.49287	10.8028	
15.2447	28.5865	29.6085	20.3247	33.5125	17.1825	18.4148	24.7679	18.2747	12.9447	18.0239	17.2107	0	21.3191	22.0482	
6.78198	17.8328	5.2293	5.59686	19.1059	4.13652	16.742	0.757166	23.9236	16.215	17.0439	5.49287	21.3191	0	1.81717	
7.08482	11.0426	5.53214	3.7	16.1045	4.98787	14.3202	1.06	14.4335	9.10348	10.7228	10.8028	22.0482	1.81717	0	

0	13.6744	11.7317	8.19846	24.359	6.57345	6.70225	6.42418	5.52496	3.1	4.45295	12.4002	13.5957	6.29756	5.36418	
13.6744	0	7.44233	11.9681	16.6568	7.85112	19.765	8.14506	8.1494	14.9094	11.1777	12.4777	11.5264	3.02518	3.95856	
11.7317	7.44233	0	13.3601	24.0465	9.24309	21.157	9.53703	17.2567	14.8317	16.1847	14.0241	17.2837	4.41715	5.35053	
8.19846	11.9681	13.3601	0	23.6515	4.75765	12.2213	2.56562	9.98317	9.75602	3.7455	6.06711	9.32671	5.08338	3.62562	
24.359	16.6568	24.0465	23.6515	0	19.1499	28.3818	21.3419	24.353	25.4384	19.906	22.5704	25.2426	19.6294	20.5628	
6.57345	7.85112	9.24309	4.75765	19.1499	0	9.89081	2.19203	5.20312	6.28856	2.1205	3.42053	6.68013	4.82594	3.25203	
6.70225	19.765	21.157	12.2213	28.3818	9.89081	0	10.7926	10.3622	3.60225	8.47578	13.3859	10.1263	16.0118	15.0785	
6.42418	8.14506	9.53703	2.56562	21.3419	2.19203	10.7926	0	7.39516	7.1904	4.31253	5.61256	8.98839	1.99338	1.06	
5.52496	8.1494	17.2567	9.98317	24.353	5.20312	10.3622	7.39516	0	6.76	7.32362	8.62365	17.2557	10.0291	9.61769	
3.1	14.9094	14.8317	9.75602	25.4384	6.28856	3.60225	7.1904	6.76	0	7.55295	9.70909	10.4957	11.1145	8.2504	
4.45295	11.1777	16.1847	3.7455	19.906	2.1205	8.47578	4.31253	7.32362	7.55295	0	5.54102	15.5796	6.94644	7.8955	
12.4002	12.4777	14.0241	6.06711	22.5704	3.42053	13.3859	5.61256	8.62365	9.70909	5.54102	0	3.2596	8.24647	10.2171	
13.5957	11.5264	17.2837	9.32671	25.2426	6.68013	10.1263	8.98839	17.2557	10.4957	15.5796	3.2596	0	14.1083	10.0484	
6.29756	3.02518	4.41715	5.08338	19.6294	4.82594	16.0118	1.99338	10.0291	11.1145	6.94644	8.24647	14.1083	0	0.933381	
5.36418	3.95856	5.35053	3.62562	20.5628	3.25203	15.0785	1.06	9.61769	8.2504	7.8955	10.2171	10.0484	0.933381	0	

0	10.4365	7.04981	3.60555	11.7772	4.19829	12.4921	8.72377	1.60801	9.9	4.32926	6.8483	8.91652	6.49569	9.68687	
10.4365	0	6.81555	13.2965	11.518	8.43414	19.7126	3.90866	8.82852	26.1185	11.5498	6.94444	9.08141	8.0233	5.56866	
7.04981	6.81555	0	3.44426	11.6159	6.67432	19.0638	2.90689	8.89003	13.2636	6.16878	5.94267	6.68381	2.05626	4.56689	
3.60555	13.2965	3.44426	0	8.17162	3.73352	19.3579	6.35114	5.21356	13.5056	9.48081	8.06619	5.31097	5.50051	7.55	
11.7772	11.518	11.6159	8.17162	0	11.9051	29.3664	13.9848	15.2221	23.5141	17.6524	10.949	13.4826	19.5413	15.7216	
4.19829	8.43414	6.67432	3.73352	11.9051	0	19.9506	4.52548	5.8063	12.9953	5.90051	4.33267	9.04449	6.79571	6.18548	
12.4921	19.7126	19.0638	19.3579	29.3664	19.9506	0	16.1569	10.884	15.3429	13.6053	18.9787	26.1499	21.9979	17.8169	
8.72377	3.90866	2.90689	6.35114	13.9848	4.52548	16.1569	0	9.73886	21.2408	7.52299	3.03579	8.87543	4.96315	1.66	
1.60801	8.82852	8.89003	5.21356	15.2221	5.8063	10.884	9.73886	0	9.81604	2.72125	8.45631	13.98	8.1037	8.07886	
9.9	26.1185	13.2636	13.5056	23.5141	12.9953	15.3429	21.2408	9.81604	0	7.09479	16.7483	18.659	16.3957	12.9578	
4.32926	11.5498	6.16878	9.48081	17.6524	5.90051	13.6053	7.52299	2.72125	7.09479	0	10.2332	12.8526	8.22503	5.86299	
6.8483	6.94444	5.94267	8.06619	10.949	4.33267	18.9787	3.03579	8.45631	16.7483	10.2332	0	7.17112	8.87678	4.69579	
8.91652	9.08141	6.68381	5.31097	13.4826	9.04449	26.1499	8.87543	13.98	18.659	12.8526	7.17112	0	8.74007	7.21543	
6.49569	8.0233	2.05626	5.50051	19.5413	6.79571	21.9979	4.96315	8.1037	16.3957	8.22503	8.87678	8.74007	0	6.70337	
9.68687	5.56866	4.56689	7.55	15.7216	6.18548	17.8169	1.66	8.07886	12.9578	5.86299	4.69579	7.21543	6.70337	0	

0	7.52987	7.53175	6.86135	13.5678	2.449	5.76555	4.21677	2.9274	8.7	4.7828	9.40407	11.0758	8.56517	11.269	
7.52987	0	5.65052	9.49321	6.55642	5.08087	21.1591	6.84863	7.13073	14.1377	8.37	7.59717	15.2791	10.4433	7.8553	
7.53175	5.65052	0	9.51271	12.2069	10.2535	18.6327	7.94081	4.60435	15.7284	9.717	13.2477	12.7528	8.76882	6.18081	
6.86135	9.49321	9.51271	0	5.6356	4.41235	13.6978	2.68224	10.0615	12.6	7.73138	11.3674	5.31097	4.19657	3.6	
13.5678	6.55642	12.2069	5.6356	0	10.0479	24.9104	8.31784	13.6871	18.2356	14.9264	14.1536	10.9466	14.2098	9.2356	
2.449	5.08087	10.2535	4.41235	10.0479	0	8.21455	1.76777	5.3764	11.149	3.31904	6.95507	9.72332	3.2821	3.52777	
5.76555	21.1591	18.6327	13.6978	24.9104	8.21455	0	14.7641	8.69296	13.8753	10.5484	21.1742	19.7585	14.4309	16.5241	
4.21677	6.84863	7.94081	2.68224	8.31784	1.76777	14.7641	0	7.1521	11.3075	5.0868	8.72284	7.99321	1.51433	1.76	
2.9274	7.13073	4.60435	10.0615	13.6871	5.3764	8.69296	7.1521	0	11.6274	5.11265	12.6042	8.1484	5.63777	8.22578	
8.7	14.1377	15.7284	12.6	18.2356	11.149	13.8753	11.3075	11.6274	0	9.43284	15.1371	10.9622	12.1356	9.54755	
4.7828	8.37	9.717	7.73138	14.9264	3.31904	10.5484	5.0868	5.11265	9.43284	0	10.2741	7.29855	9.36963	9.6153	
9.40407	7.59717	13.2477	11.3674	14.1536	6.95507	21.1742	8.72284	12.6042	15.1371	10.2741	0	17.4715	12.6013	10.5139	
11.0758	15.2791	12.7528	5.31097	10.9466	9.72332	19.7585	7.99321	8.1484	10.9622	7.29855	17.4715	0	13.7862	8.91097	
8.56517	10.4433	8.76882	4.19657	14.2098	3.2821	14.4309	1.51433	5.63777	12.1356	9.36963	12.6013	13.7862	0	2.58801	
11.269	7.8553	6.18081	3.6	9.2356	3.52777	16.5241	1.76	8.22578	9.54755	9.6153	10.5139	8.91097	2.58801	0	

0	12.2168	10.1525	4.75933	28.7628	6.35067	11.4458	12.3538	1.69047	4.4	3.21602	8.7437	5.76	6.69543	10.8593	
12.2168	0	12.8703	4.82975	17.3656	11.9457	20.2816	4.66037	10.5263	13.5941	12.3405	13.9784	10.1008	2.89365	4.32843	
10.1525	12.8703	0	5.69574	18.6103	3.74413	22.8777	5.58261	11.8429	14.5525	6.87877	16.058	14.9909	9.92837	9.30165	
4.75933	4.82975	5.69574	0	17.3664	1.95161	10.6711	3.70282	6.4498	3.6	5.08626	3.98437	10.5193	1.9361	5.66963	
28.7628	17.3656	18.6103	17.3664	0	19.7676	37.65	21.6061	27.892	35.7309	22.5818	13.3821	24.8714	20.2593	21.6941	
6.35067	11.9457	3.74413	1.95161	19.7676	0	23.0344	1.83848	4.94881	5.55161	3.13465	5.93598	9.1148	3.6052	2.97848	
11.4458	20.2816	22.8777	10.6711	37.65	23.0344	0	21.9158	9.75533	7.07108	11.5695	24.2679	19.1995	25.068	21.5407	
12.3538	4.66037	5.58261	3.70282	21.6061	1.83848	21.9158	0	10.952	11.705	4.97312	11.3842	6.91235	1.76672	1.14	
1.69047	10.5263	11.8429	6.4498	27.892	4.94881	9.75533	10.952	0	6.09047	1.81417	11.0139	7.45047	12.3743	14.8547	
4.4	13.5941	14.5525	3.6	35.7309	5.55161	7.07108	11.705	6.09047	0	7.61602	7.58437	10.16	5.5361	9.7	
3.21602	12.3405	6.87877	5.08626	22.5818	3.13465	11.5695	4.97312	1.81417	7.61602	0	9.19974	6.87748	10.9045	10.2778	
8.7437	13.9784	16.058	3.98437	13.3821	5.93598	24.2679	11.3842	11.0139	7.58437	9.19974	0	12.5169	5.92047	10.0844	
5.76	10.1008	14.9909	10.5193	24.8714	9.1148	19.1995	6.91235	7.45047	10.16	6.87748	12.5169	0	9.04304	5.77235	
6.69543	2.89365	9.92837	1.9361	20.2593	3.6052	25.068	1.76672	12.3743	5.5361	10.9045	5.92047	9.04304	0	2.90672	
10.8593	4.32843	9.30165	5.66963	21.6941	2.97848	21.5407	1.14	14.8547	9.7	10.2778	10.0844	5.77235	2.90672	0	

0	19.7919	13.8188	2.88444	18.1006	5.31689	7.61877	10.8145	5.31881	8.5	6.39081	12.406	7.25818	14.3287	5.23444	
19.7919	0	9.82115	13.1059	8.15122	14.8241	12.1731	7.96765	15.1561	12.4719	15.9401	9.0184	8.73212	5.7873	8.31765	
13.8188	9.82115	0	7.94771	13.5075	12.6537	6.2	5.94771	9.18304	12.9249	9.96701	12.0654	18.5533	8.8343	5.59771	
2.88444	13.1059	7.94771	0	15.2161	2.43245	10.5032	2.7	8.20325	9.6216	9.27525	10.8665	4.37374	9.52006	2.35	
18.1006	8.15122	13.5075	15.2161	0	17.6486	14.795	16.1189	17.7781	22.6498	18.562	19.1963	16.8833	13.9385	17.5661	
5.31689	14.8241	12.6537	2.43245	17.6486	0	9.82143	7.406	6.83839	11.3399	9.72457	13.2989	6.09199	14.2261	4.78245	
7.61877	12.1731	6.2	10.5032	14.795	9.82143	0	18.6128	2.98304	10.7812	3.76701	9.78223	18.9898	15.0343	11.7977	
10.8145	7.96765	5.94771	2.7	16.1189	7.406	18.6128	0	18.816	4.87091	11.8851	7.19721	10.1188	3.96611	0.35	
5.31881	15.1561	9.18304	8.20325	17.7781	6.83839	2.98304	18.816	0	9.90034	2.88617	7.57166	12.9304	10.8028	13.8944	
8.5	12.4719	12.9249	9.6216	22.6498	11.3399	10.7812	4.87091	9.90034	0	7.01416	9.91568	5.24786	6.68458	5.22091	
6.39081	15.9401	9.96701	9.27525	18.562	9.72457	3.76701	11.8851	2.88617	7.01416	0	6.01521	12.262	9.24631	12.299	
12.406	9.0184	12.0654	10.8665	19.1963	13.2989	9.78223	7.19721	7.57166	9.91568	6.01521	0	7.82304	3.2311	9.52437	
7.25818	8.73212	18.5533	4.37374	16.8833	6.09199	18.9898	10.1188	12.9304	5.24786	12.262	7.82304	0	11.0541	6.72374	
14.3287	5.7873	8.8343	9.52006	13.9385	14.2261	15.0343	3.96611	10.8028	6.68458	9.24631	3.2311	11.0541	0	4.31611	
5.23444	8.31765	5.59771	2.35	17.5661	4.78245	11.7977	0.35	13.8944	5.22091	12.299	9.52437	6.72374	4.31611	0	

0	19.0269	15.7927	12.1461	16.2315	12.1284	12.4843	20.7031	6.67943	10.4494	6.76189	13.2686	15.8763	15.475	17.7215	
19.0269	0	6.59228	13.9728	17.3983	11.4872	15.6107	9.78686	12.1762	8.40619	13.8885	12.8922	15.4998	13.7905	8.65686	
15.7927	6.59228	0	7.38055	10.806	12.2454	18.6	9.8387	17.7267	14.9985	12.7647	14.1009	22.22	9.90051	10.9687	
12.1461	13.9728	7.38055	0	16.2043	4.86489	13.4563	7.83	13.2181	10.8665	5.38416	10.5619	12.5189	6.36149	6.7	
16.2315	17.3983	10.806	16.2043	0	15.7523	14.2666	10.6343	9.55211	13.3221	17.386	12.6521	15.2598	14.6379	9.50427	
12.1284	11.4872	12.2454	4.86489	15.7523	0	16.3597	8.76812	10.5549	12.5771	10.2491	10.2617	7.65404	11.1292	8.69835	
12.4843	15.6107	18.6	13.4563	14.2666	16.3597	0	14.8622	5.80483	7.2045	8.07217	18.1851	16.3757	18.5169	13.7322	
20.7031	9.78686	9.8387	7.83	10.6343	8.76812	14.8622	0	19.323	10.4555	13.9472	5.58295	15.1303	5.22805	1.13	
6.67943	12.1762	17.7267	13.2181	9.55211	10.5549	5.80483	19.323	0	3.77	7.8339	13.1786	10.5709	15.0824	13.0955	
10.4494	8.40619	14.9985	10.8665	13.3221	12.5771	7.2045	10.4555	3.77	0	5.48234	13.7785	13.5278	11.3124	9.32551	
6.76189	13.8885	12.7647	5.38416	17.386	10.2491	8.07217	13.9472	7.8339	5.48234	0	13.6227	11.2285	11.7456	12.0842	
13.2686	12.8922	14.1009	10.5619	12.6521	10.2617	18.1851	5.58295	13.1786	13.7785	13.6227	0	2.60768	4.20043	4.45295	
15.8763	15.4998	22.22	12.5189	15.2598	7.65404	16.3757	15.1303	10.5709	13.5278	11.2285	2.60768	0	6.80811	7.06064	
15.475	13.7905	9.90051	6.36149	14.6379	11.1292	18.5169	5.22805	15.0824	11.3124	11.7456	4.20043	6.80811	0	5.1336	
17.7215	8.65686	10.9687	6.7	9.50427	8.69835	13.7322	1.13	13.0955	9.32551	12.0842	4.45295	7.06064	5.1336	0	

0	15.3091	12.977	8.22066	17.3411	6.53067	11.5802	11.5511	2.76248	12.1	1.97909	10.4845	8.82	15.9244	8.11218	
15.3091	0	8.61032	4.75624	12.5812	4.78776	9.41372	3.00666	12.0545	25.9695	12.3766	8.52505	19.6994	4.05227	3.20624	
12.977	8.61032	0	4.75635	17.4365	8.2636	14.6356	8.72067	16.256	30.76	21.9403	7.0202	11.9418	9.76627	6.30635	
8.22066	4.75624	4.75635	0	12.6801	3.13152	8.55678	2.48	10.3983	13.9493	10.1997	2.26385	7.18543	7.27756	1.55	
17.3411	12.5812	17.4365	12.6801	0	10.8104	15.8599	15.5879	19.5591	28.5474	21.3207	14.9439	17.371	23.2826	12.3919	
6.53067	4.78776	8.2636	3.13152	10.8104	0	5.04953	2.51152	9.29315	13.3245	8.50976	5.7711	6.56061	6.06607	1.58152	
11.5802	9.41372	14.6356	8.55678	15.8599	5.04953	0	6.40706	11.2872	9.73941	12.9155	12.1431	8.64436	7.45267	6.63105	
11.5511	3.00666	8.72067	2.48	15.5879	2.51152	6.40706	0	9.77828	16.1465	10.1003	6.24881	11.5811	1.04561	0.93	
2.76248	12.0545	16.256	10.3983	19.5591	9.29315	11.2872	9.77828	0	14.8625	3.87572	13.7635	11.5825	14.5758	8.84828	
12.1	25.9695	30.76	13.9493	28.5474	13.3245	9.73941	16.1465	14.8625	0	13.0609	12.5008	6.7639	22.8818	19.3185	
1.97909	12.3766	21.9403	10.1997	21.3207	8.50976	12.9155	10.1003	3.87572	13.0609	0	13.6227	10.7991	13.9453	9.17031	
10.4845	8.52505	7.0202	2.26385	14.9439	5.7711	12.1431	6.24881	13.7635	12.5008	13.6227	0	5.7369	11.0464	3.81385	
8.82	19.6994	11.9418	7.18543	17.371	6.56061	8.64436	11.5811	11.5825	6.7639	10.7991	5.7369	0	17.7383	8.14213	
15.9244	4.05227	9.76627	7.27756	23.2826	6.06607	7.45267	1.04561	14.5758	22.8818	13.9453	11.0464	17.7383	0	1.97561	
8.11218	3.20624	6.30635	1.55	12.3919	1.58152	6.63105	0.93	8.84828	19.3185	9.17031	3.81385	8.14213	1.97561	0	

-111