10
5
3
3
50

6	7
19	44
37	23
35	6
5	8

26	20
20	33
15	46
20	26
17	19
15	12
5	30
13	40
38	5
9	40

70

1.79769e+308
1.79769e+308
1.79769e+308
1.79769e+308
1.79769e+308

16
18
15
11
18
16
15
15
15
16

0
0
0
0
0

0

0	10.3605	12.9588	13.3239	0.29995	7.52642	10.8557	11.8048	14.4439	9.94874	9.5025	7.22848	11.4769	7.23673	13.2418	
10.3605	0	8.83687	3.15636	10.0605	6.64009	3.29871	3.25797	4.15912	4.46777	6.97773	4.14523	3.32775	3.6137	3.86625	
12.9588	8.83687	0	4.55354	9.42325	2.19678	3.20692	15.8829	2.34651	3.20657	3.45633	10.2447	12.8628	4.0962	4.92162	
13.3239	3.15636	4.55354	0	7.39413	5.14213	6.45506	6.41433	9.10256	10.3647	3.82137	7.30159	6.48411	0.457346	4.31391	
0.29995	10.0605	9.42325	7.39413	0	7.22648	13.3593	13.3185	9.04181	8.23627	9.47737	7.52843	13.3883	6.93678	9.95132	
7.52642	6.64009	2.19678	5.14213	7.22648	0	2.67575	2.21958	1.81534	1.00979	3.18691	3.73005	3.26334	4.68478	2.72485	
10.8557	3.29871	3.20692	6.45506	13.3593	2.67575	0	5.9144	0.860412	5.29756	8.28003	3.62726	1.40063	4.71869	0.862132	
11.8048	3.25797	15.8829	6.41433	13.3185	2.21958	5.9144	0	8.58715	1.20979	10.7203	3.93005	1.51938	8.90883	2.05788	
14.4439	4.15912	2.34651	9.10256	9.04181	1.81534	0.860412	8.58715	0	2.82513	5.00225	4.48767	6.25876	6.4427	1.72254	
9.94874	4.46777	3.20657	10.3647	8.23627	1.00979	5.29756	1.20979	2.82513	0	4.1967	2.72026	2.72917	5.69457	3.73464	
9.5025	6.97773	3.45633	3.82137	9.47737	3.18691	8.28003	10.7203	5.00225	4.1967	0	6.78837	11.0368	4.27872	5.91176	
7.22848	4.14523	10.2447	7.30159	7.52843	3.73005	3.62726	3.93005	4.48767	2.72026	6.78837	0	4.24839	9.86987	4.4894	
11.4769	3.32775	12.8628	6.48411	13.3883	3.26334	1.40063	1.51938	6.25876	2.72917	11.0368	4.24839	0	4.39506	0.538496	
7.23673	3.6137	4.0962	0.457346	6.93678	4.68478	4.71869	8.90883	6.4427	5.69457	4.27872	9.86987	4.39506	0	3.85656	
13.2418	3.86625	4.92162	4.31391	9.95132	2.72485	0.862132	2.05788	1.72254	3.73464	5.91176	4.4894	0.538496	3.85656	0	

0	2.36136	15.0061	8.40288	0.726502	6.24223	5.33204	3.48119	7.5132	3.98968	1.55785	2.67289	5.27699	4.59103	4.31729	
2.36136	0	15.8656	8.14692	3.08786	3.99568	3.23976	1.11983	4.5907	4.04811	3.91921	7.6741	2.91166	8.076	1.95593	
15.0061	15.8656	0	11.0128	17.2314	0.353649	3.48642	6.54307	13.9768	4.95353	5.03802	8.03538	1.4337	9.54807	6.34791	
8.40288	8.14692	11.0128	0	9.12938	8.03993	4.90716	10.2317	6.25809	9.70376	4.49793	17.5481	16.6509	1.46476	9.12852	
0.726502	3.08786	17.2314	9.12938	0	7.73831	4.60554	8.50066	5.95647	5.52455	2.28436	1.94639	7.16073	10.0668	8.8269	
6.24223	3.99568	0.353649	8.03993	7.73831	0	3.13277	2.87188	3.10346	4.59988	4.68437	7.68173	1.08005	7.71754	3.68851	
5.33204	3.23976	3.48642	4.90716	4.60554	3.13277	0	4.35959	1.35093	5.92127	7.11497	6.46437	3.37433	6.37192	4.22136	
3.48119	1.11983	6.54307	10.2317	8.50066	2.87188	4.35959	0	3.81523	5.48621	6.16266	6.55427	1.79183	13.7411	3.07576	
7.5132	4.5907	13.9768	6.25809	5.95647	3.10346	1.35093	3.81523	0	4.57034	5.95535	5.11343	2.0234	8.98852	4.63186	
3.98968	4.04811	4.95353	9.70376	5.52455	4.59988	5.92127	5.48621	4.57034	0	2.43182	9.68378	3.69438	5.46499	2.09218	
1.55785	3.91921	5.03802	4.49793	2.28436	4.68437	7.11497	6.16266	5.95535	2.43182	0	8.97997	5.76443	3.03317	4.524	
2.67289	7.6741	8.03538	17.5481	1.94639	7.68173	6.46437	6.55427	5.11343	9.68378	8.97997	0	7.13684	16.0834	13.676	
5.27699	2.91166	1.4337	16.6509	7.16073	1.08005	3.37433	1.79183	2.0234	3.69438	5.76443	7.13684	0	12.3042	2.60845	
4.59103	8.076	9.54807	1.46476	10.0668	7.71754	6.37192	13.7411	8.98852	5.46499	3.03317	16.0834	12.3042	0	15.7891	
4.31729	1.95593	6.34791	9.12852	8.8269	3.68851	4.22136	3.07576	4.63186	2.09218	4.524	13.676	2.60845	15.7891	0	

0	14.0622	14.6515	11.0665	0.657286	6.90252	7.99975	7.59947	7.41286	2.54224	8.08567	9.04364	4.39426	4.16592	1.99984	
14.0622	0	2.82279	3.28017	8.28505	9.26812	4.84695	0.52767	10.881	8.51163	4.62915	3.67118	1.03102	10.1807	6.1273	
14.6515	2.82279	0	11.1614	11.4187	5.17343	9.24494	2.29512	12.6668	12.4681	10.0809	14.2475	2.79847	15.3151	7.89475	
11.0665	3.28017	11.1614	0	9.74943	5.98794	5.40821	3.80784	11.4422	7.86447	10.8954	6.95135	7.82825	6.90054	11.4081	
0.657286	8.28505	11.4187	9.74943	0	6.24523	10.0383	4.24032	9.15095	1.88495	8.74296	5.18619	3.73697	4.8232	2.65712	
6.90252	9.26812	5.17343	5.98794	6.24523	0	11.3961	7.46856	15.7833	8.13018	4.90745	5.86542	9.9822	12.5785	14.3197	
7.99975	4.84695	9.24494	5.40821	10.0383	11.3961	0	5.37462	6.03404	8.15336	11.3761	8.51813	7.45316	12.3088	5.99991	
7.59947	0.52767	2.29512	3.80784	4.24032	7.46856	5.37462	0	11.0126	10.173	7.82492	1.95257	0.503349	15.496	5.59963	
7.41286	10.881	12.6668	11.4422	9.15095	15.7833	6.03404	11.0126	0	7.266	11.3513	12.1064	13.8636	12.5913	5.41302	
2.54224	8.51163	12.4681	7.86447	1.88495	8.13018	8.15336	10.173	7.266	0	5.79842	4.84045	5.62192	14.7367	12.679	
8.08567	4.62915	10.0809	10.8954	8.74296	4.90745	11.3761	7.82492	11.3513	5.79842	0	0.957974	2.4072	7.6711	10.0855	
9.04364	3.67118	14.2475	6.95135	5.18619	5.86542	8.51813	1.95257	12.1064	4.84045	0.957974	0	1.44922	8.62908	9.8998	
4.39426	1.03102	2.79847	7.82825	3.73697	9.9822	7.45316	0.503349	13.8636	5.62192	2.4072	1.44922	0	17.5556	6.10298	
4.16592	10.1807	15.3151	6.90054	4.8232	12.5785	12.3088	15.496	12.5913	14.7367	7.6711	8.62908	17.5556	0	6.16576	
1.99984	6.1273	7.89475	11.4081	2.65712	14.3197	5.99991	5.59963	5.41302	12.679	10.0855	9.8998	6.10298	6.16576	0	

0	5.70434	8.86494	7.55944	1.32416	5.57213	5.9987	9.03136	4.02042	0.970115	4.65145	9.95723	5.02707	7.8585	5.60945	
5.70434	0	4.68791	10.3721	7.05974	6.36632	1.64889	1.60601	4.81461	10.9668	5.09795	5.60742	0.677262	8.65269	1.25964	
8.86494	4.68791	0	13.7761	7.54078	2.61432	2.58724	6.29392	4.16603	11.1255	7.60089	8.2209	3.55886	5.18661	6.17805	
7.55944	10.3721	13.7761	0	6.23528	7.10921	3.30763	14.7239	4.54634	5.4502	1.76887	9.5123	6.18956	0.708257	11.8049	
1.32416	7.05974	7.54078	6.23528	0	7.47863	10.128	8.48866	5.34458	2.29427	7.71702	12.9025	6.15198	6.94353	5.5696	
5.57213	6.36632	2.61432	7.10921	7.47863	0	5.20156	15.3215	1.5517	8.18963	7.24086	9.899	8.7158	5.38978	9.29819	
5.9987	1.64889	2.58724	3.30763	10.128	5.20156	0	8.46756	6.43745	8.69498	5.01365	5.90178	0.971623	2.59937	1.55401	
9.03136	1.60601	6.29392	14.7239	8.48866	15.3215	8.46756	0	6.42062	10.0015	11.9166	9.11309	2.28327	15.3377	3.09615	
4.02042	4.81461	4.16603	4.54634	5.34458	1.5517	6.43745	6.42062	0	4.99054	7.32638	8.34729	5.49187	3.83808	6.30475	
0.970115	10.9668	11.1255	5.4502	2.29427	8.18963	8.69498	10.0015	4.99054	0	3.68133	15.2197	5.99719	13.4259	9.60528	
4.65145	5.09795	7.60089	1.76887	7.71702	7.24086	5.01365	11.9166	7.32638	3.68133	0	9.35085	4.42069	2.47712	5.00307	
9.95723	5.60742	8.2209	9.5123	12.9025	9.899	5.90178	9.11309	8.34729	15.2197	9.35085	0	4.93016	8.80404	5.51254	
5.02707	0.677262	3.55886	6.18956	6.15198	8.7158	0.971623	2.28327	5.49187	5.99719	4.42069	4.93016	0	3.571	0.582382	
7.8585	8.65269	5.18661	0.708257	6.94353	5.38978	2.59937	15.3377	3.83808	13.4259	2.47712	8.80404	3.571	0	7.87362	
5.60945	1.25964	6.17805	11.8049	5.5696	9.29819	1.55401	3.09615	6.30475	9.60528	5.00307	5.51254	0.582382	7.87362	0	

0	6.39873	6.56828	5.69655	0.575552	2.19166	4.2738	12.2103	3.21698	3.69528	1.74093	3.2661	12.57	4.25403	13.2427	
6.39873	0	8.02653	13.5991	5.82317	8.55053	6.17422	2.69411	11.9622	10.7942	7.71727	6.21807	3.52406	10.6504	3.5974	
6.56828	8.02653	0	8.62107	6.72144	5.27809	1.67803	5.43683	6.30341	6.12373	4.21091	6.35253	5.85199	10.0636	4.25485	
5.69655	13.5991	8.62107	0	11.8185	19.5396	7.25057	9.39879	13.7404	11.6963	9.78345	14.2778	10.6725	1.44252	9.82739	
0.575552	5.82317	6.72144	11.8185	0	2.34482	4.42697	8.51729	3.37015	3.84845	1.89409	3.41927	9.34723	4.82958	9.42058	
2.19166	8.55053	5.27809	19.5396	2.34482	0	2.98361	5.85642	1.92679	2.40509	0.450734	1.97591	11.2798	13.8127	8.95934	
4.2738	6.17422	1.67803	7.25057	4.42697	2.98361	0	5.67975	4.00893	4.4457	2.53287	4.05805	4.17395	8.69309	2.57682	
12.2103	2.69411	5.43683	9.39879	8.51729	5.85642	5.67975	0	5.78105	11.6847	5.04913	3.52395	6.20377	7.95627	3.10293	
3.21698	11.9622	6.30341	13.7404	3.37015	1.92679	4.00893	5.78105	0	3.43041	1.47606	2.25709	12.3051	12.2978	5.97207	
3.69528	10.7942	6.12373	11.6963	3.84845	2.40509	4.4457	11.6847	3.43041	0	1.95436	3.47954	8.61965	16.4281	7.02252	
1.74093	7.71727	4.21091	9.78345	1.89409	0.450734	2.53287	5.04913	1.47606	1.95436	0	1.52518	6.70683	5.99495	5.1097	
3.2661	6.21807	6.35253	14.2778	3.41927	1.97591	4.05805	3.52395	2.25709	3.47954	1.52518	0	6.81581	11.4802	3.71497	
12.57	3.52406	5.85199	10.6725	9.34723	11.2798	4.17395	6.20377	12.3051	8.61965	6.70683	6.81581	0	9.22995	3.10084	
4.25403	10.6504	10.0636	1.44252	4.82958	13.8127	8.69309	7.95627	12.2978	16.4281	5.99495	11.4802	9.22995	0	11.0592	
13.2427	3.5974	4.25485	9.82739	9.42058	8.95934	2.57682	3.10293	5.97207	7.02252	5.1097	3.71497	3.10084	11.0592	0	

0	5.89144	7.4396	4.6432	2.11468	9.29438	1.88537	6.44161	4.21007	21.5947	4.98742	13.7992	4.3075	8.40443	9.80888	
5.89144	0	7.7013	4.89328	11.445	2.13355	4.00607	2.29496	6.33078	3.05032	2.66652	12.5223	3.1137	6.78028	6.38505	
7.4396	7.7013	0	10.5003	8.24741	5.56776	4.22406	9.42467	1.89936	8.77935	6.10073	9.79552	8.40582	1.30633	4.14705	
4.6432	4.89328	10.5003	0	6.75788	4.77247	6.52857	7.18825	8.69147	7.9436	4.2395	5.63684	8.00699	8.00639	5.16568	
2.11468	11.445	8.24741	6.75788	0	3.40571	4.00005	8.55629	7.32471	14.4953	2.87274	4.27007	14.4957	8.16161	10.3184	
9.29438	2.13355	5.56776	4.77247	3.40571	0	6.13962	4.42851	4.98494	5.18386	0.53297	1.9303	5.24725	4.64673	7.48745	
1.88537	4.00607	4.22406	6.52857	4.00005	6.13962	0	4.18091	2.3247	7.05639	6.77667	10.1753	2.42213	7.29003	10.8994	
6.44161	2.29496	9.42467	7.18825	8.55629	4.42851	4.18091	0	10.8992	5.34528	15.2569	11.1674	1.75878	6.9308	4.09008	
4.21007	6.33078	1.89936	8.69147	7.32471	4.98494	2.3247	10.8992	0	6.87999	4.45197	5.84931	4.74683	3.20569	7.23395	
21.5947	3.05032	8.77935	7.9436	14.4953	5.18386	7.05639	5.34528	6.87999	0	10.8471	14.7761	6.16402	13.9379	9.94363	
4.98742	2.66652	6.10073	4.2395	2.87274	0.53297	6.77667	15.2569	4.45197	10.8471	0	1.39733	7.88332	5.1797	8.12959	
13.7992	12.5223	9.79552	5.63684	4.27007	1.9303	10.1753	11.1674	5.84931	14.7761	1.39733	0	9.40857	6.68621	10.3223	
4.3075	3.1137	8.40582	8.00699	14.4957	5.24725	2.42213	1.75878	4.74683	6.16402	7.88332	9.40857	0	11.9971	5.84887	
8.40443	6.78028	1.30633	8.00639	8.16161	4.64673	7.29003	6.9308	3.20569	13.9379	5.1797	6.68621	11.9971	0	2.84072	
9.80888	6.38505	4.14705	5.16568	10.3184	7.48745	10.8994	4.09008	7.23395	9.94363	8.12959	10.3223	5.84887	2.84072	0	

0	8.55628	5.46522	10.5633	0.463093	5.80496	5.6999	3.21953	5.52873	9.36234	3.0218	8.46567	6.75342	7.0074	1.04063	
8.55628	0	7.08971	5.62899	8.12734	5.8338	2.85638	0.886537	5.9225	6.51881	13.9473	14.1549	2.63691	5.34954	3.06543	
5.46522	7.08971	0	7.96462	5.92831	7.20748	10.1849	6.20317	11.8509	15.9234	10.491	19.4715	7.95355	8.24407	6.50585	
10.5633	5.62899	7.96462	0	11.4136	8.48705	11.4645	11.2991	9.243	13.0648	6.43947	16.9477	12.7368	0.279445	6.24622	
0.463093	8.12734	5.92831	11.4136	0	6.26805	5.27096	9.99286	5.06563	8.88741	4.97417	14.9441	6.32448	14.3159	1.50372	
5.80496	5.8338	7.20748	8.48705	6.26805	0	2.97742	6.00011	4.64346	6.63986	7.93947	12.3736	4.03094	8.76649	6.84559	
5.6999	2.85638	10.1849	11.4645	5.27096	2.97742	0	2.8039	3.06612	3.66244	6.76573	9.17735	1.05352	8.20592	4.78455	
3.21953	0.886537	6.20317	11.2991	9.99286	6.00011	2.8039	0	8.50561	10.1438	4.16007	9.60394	1.75038	6.23608	2.17889	
5.52873	5.9225	11.8509	9.243	5.06563	4.64346	3.06612	8.50561	0	3.82178	10.0398	15.1545	4.11964	9.52244	7.85068	
9.36234	6.51881	15.9234	13.0648	8.88741	6.63986	3.66244	10.1438	3.82178	0	12.579	15.7508	4.71596	16.3304	8.44699	
3.0218	13.9473	10.491	6.43947	4.97417	7.93947	6.76573	4.16007	10.0398	12.579	0	9.40621	12.1892	6.71891	1.98117	
8.46567	14.1549	19.4715	16.9477	14.9441	12.3736	9.17735	9.60394	15.1545	15.7508	9.40621	0	8.12383	13.3918	7.42504	
6.75342	2.63691	7.95355	12.7368	6.32448	4.03094	1.05352	1.75038	4.11964	4.71596	12.1892	8.12383	0	13.5384	3.92927	
7.0074	5.34954	8.24407	0.279445	14.3159	8.76649	8.20592	6.23608	9.52244	16.3304	6.71891	13.3918	13.5384	0	5.96677	
1.04063	3.06543	6.50585	6.24622	1.50372	6.84559	4.78455	2.17889	7.85068	8.44699	1.98117	7.42504	3.92927	5.96677	0	

0	4.44557	15.6201	11.4763	2.29586	10.6932	4.16462	4.40174	8.63082	7.58949	5.74707	12.6332	3.26915	13.0054	4.79273	
4.44557	0	21.1556	7.69284	9.0674	8.75323	2.22462	2.30901	5.04264	7.10256	5.18828	9.72223	1.17642	17.9469	2.7	
15.6201	21.1556	0	13.5022	17.9159	13.7713	19.7847	17.6211	23.6981	14.9181	19.4446	15.779	18.8892	10.0279	21.5028	
11.4763	7.69284	13.5022	0	14.1839	7.21776	11.3749	10.1243	2.65019	4.71011	4.98205	10.1792	11.2568	3.47432	11.882	
2.29586	9.0674	17.9159	14.1839	0	14.453	6.46048	9.02357	5.78307	4.74174	3.45121	19.4515	5.56501	10.7096	7.4249	
10.6932	8.75323	13.7713	7.21776	14.453	0	6.52861	9.96606	4.57318	6.63309	6.90504	14.9972	15.3799	3.74344	11.0298	
4.16462	2.22462	19.7847	11.3749	6.46048	6.52861	0	3.43746	7.26727	5.40367	5.25066	5.27951	3.40104	10.272	4.50123	
4.40174	2.30901	17.6211	10.1243	9.02357	9.96606	3.43746	0	12.1622	8.64191	5.14445	1.84205	1.13259	13.5986	2.65616	
8.63082	5.04264	23.6981	2.65019	5.78307	4.57318	7.26727	12.1622	0	2.05991	2.33186	8.85977	6.21906	6.12451	6.30554	
7.58949	7.10256	14.9181	4.71011	4.74174	6.63309	5.40367	8.64191	2.05991	0	1.29053	6.79985	5.3024	4.89026	5.26422	
5.74707	5.18828	19.4446	4.98205	3.45121	6.90504	5.25066	5.14445	2.33186	1.29053	0	8.09039	4.01186	6.18079	3.97369	
12.6332	9.72223	15.779	10.1792	19.4515	14.9972	5.27951	1.84205	8.85977	6.79985	8.09039	0	2.97464	11.6901	12.3416	
3.26915	1.17642	18.8892	11.2568	5.56501	15.3799	3.40104	1.13259	6.21906	5.3024	4.01186	2.97464	0	13.4286	1.52358	
13.0054	17.9469	10.0279	3.47432	10.7096	3.74344	10.272	13.5986	6.12451	4.89026	6.18079	11.6901	13.4286	0	13.3904	
4.79273	2.7	21.5028	11.882	7.4249	11.0298	4.50123	2.65616	6.30554	5.26422	3.97369	12.3416	1.52358	13.3904	0	

0	8.77717	4.71371	3.08575	0.425668	4.40707	9.73682	6.14428	5.53268	7.61158	11.5714	7.55021	7.17184	7.48461	6.82656	
8.77717	0	11.1676	9.76292	6.25414	11.9048	6.51224	0.535526	7.85681	9.03775	12.9976	9.64872	2.24944	17.8597	10.0044	
4.71371	11.1676	0	8.5737	4.28804	7.38546	4.24888	9.14012	1.81884	6.20516	6.77326	5.16276	2.04792	5.75667	1.33862	
3.08575	9.76292	8.5737	0	3.51142	1.32132	12.3274	9.2274	6.88793	10.6973	11.9822	5.35086	7.83942	4.39886	11.1447	
0.425668	6.25414	4.28804	3.51142	0	7.80527	8.53692	5.71861	5.10701	8.03725	10.0614	7.97588	6.74617	10.0447	5.62666	
4.40707	11.9048	7.38546	1.32132	7.80527	0	10.027	8.23201	5.56662	12.7332	10.521	4.02955	5.29056	5.72018	7.2274	
9.73682	6.51224	4.24888	12.3274	8.53692	10.027	0	5.97671	4.46042	7.52663	9.41484	5.86488	4.60387	10.0056	5.31317	
6.14428	0.535526	9.14012	9.2274	5.71861	8.23201	5.97671	0	7.32128	9.57327	12.2757	2.97493	1.71391	13.6263	2.42321	
5.53268	7.85681	1.81884	6.88793	5.10701	5.56662	4.46042	7.32128	0	7.16659	4.95442	6.9816	9.03519	7.06234	3.15746	
7.61158	9.03775	6.20516	10.6973	8.03725	12.7332	7.52663	9.57327	7.16659	0	3.95981	10.6751	5.57584	11.5431	4.86654	
11.5714	12.9976	6.77326	11.9822	10.0614	10.521	9.41484	12.2757	4.95442	3.95981	0	9.20215	9.45821	7.58332	8.74891	
7.55021	9.64872	5.16276	5.35086	7.97588	4.02955	5.86488	2.97493	6.9816	10.6751	9.20215	0	1.26102	10.9194	1.97031	
7.17184	2.24944	2.04792	7.83942	6.74617	5.29056	4.60387	1.71391	9.03519	5.57584	9.45821	1.26102	0	15.8001	0.709299	
7.48461	17.8597	5.75667	4.39886	10.0447	5.72018	10.0056	13.6263	7.06234	11.5431	7.58332	10.9194	15.8001	0	7.09529	
6.82656	10.0044	1.33862	11.1447	5.62666	7.2274	5.31317	2.42321	3.15746	4.86654	8.74891	1.97031	0.709299	7.09529	0	

0	14.3022	11.0649	8.89431	4.52679	8.45411	6.88795	7.34171	9.15719	6.18867	11.983	15.6788	9.89648	16.3544	12.8028	
14.3022	0	7.00966	9.42067	14.6003	6.86977	7.4143	0.743353	5.97899	1.8964	9.52662	9.2362	1.38506	13.5903	3.3652	
11.0649	7.00966	0	19.9048	7.69891	2.61076	8.60788	7.75302	3.94315	11.5289	10.0574	7.481	7.1836	13.3551	13.334	
8.89431	9.42067	19.9048	0	13.0796	10.0538	2.00636	15.0761	4.2756	12.1541	6.35978	12.2309	5.01489	0.2274	15.6035	
4.52679	14.6003	7.69891	13.0796	0	10.3097	11.4147	10.8979	13.618	10.7155	16.6558	15.1799	9.52681	12.8522	8.27602	
8.45411	6.86977	2.61076	10.0538	10.3097	0	3.60163	5.21455	1.33239	7.27946	7.44664	3.84023	4.57284	8.58691	5.82364	
6.88795	7.4143	8.60788	2.00636	11.4147	3.60163	0	3.65024	2.26924	9.88266	8.36614	4.77707	3.00853	2.23376	4.25932	
7.34171	0.743353	7.75302	15.0761	10.8979	5.21455	3.65024	0	5.23564	1.15305	6.9474	7.00594	0.641708	6.36758	1.8925	
9.15719	5.97899	3.94315	4.2756	13.618	1.33239	2.26924	5.23564	0	6.38868	8.77903	2.50783	5.27776	7.25452	7.85749	
6.18867	1.8964	11.5289	12.1541	10.7155	7.27946	9.88266	1.15305	6.38868	0	5.79435	9.6459	1.79475	14.8679	3.7749	
11.983	9.52662	10.0574	6.35978	16.6558	7.44664	8.36614	6.9474	8.77903	5.79435	0	16.8329	9.42497	6.58718	9.24373	
15.6788	9.2362	7.481	12.2309	15.1799	3.84023	4.77707	7.00594	2.50783	9.6459	16.8329	0	6.36423	9.76235	7.61502	
9.89648	1.38506	7.1836	5.01489	9.52681	4.57284	3.00853	0.641708	5.27776	1.79475	9.42497	6.36423	0	5.72587	1.25079	
16.3544	13.5903	13.3551	0.2274	12.8522	8.58691	2.23376	6.36758	7.25452	14.8679	6.58718	9.76235	5.72587	0	6.97666	
12.8028	3.3652	13.334	15.6035	8.27602	5.82364	4.25932	1.8925	7.85749	3.7749	9.24373	7.61502	1.25079	6.97666	0	

0	7.71437	4.18753	2.76012	2.77711	6.09634	7.95658	6.99158	8.47482	4.78972	4.95567	2.82724	11.5083	3.41556	4.44383	
7.71437	0	6.38167	4.95425	10.4774	7.15815	3.56465	3.66428	8.60574	9.24135	11.4398	8.57768	1.14885	5.6097	1.73537	
4.18753	6.38167	0	1.42742	7.11473	10.5303	12.367	7.83141	21.9039	3.86854	5.71238	24.3164	11.961	2.08286	10.038	
2.76012	4.95425	1.42742	0	5.53722	6.77722	7.57228	6.40399	17.1107	5.29596	5.24233	5.58736	6.1031	0.655441	16.0727	
2.77711	10.4774	7.11473	5.53722	0	3.31923	6.97635	11.562	6.7142	3.24619	4.07032	5.60435	9.39215	8.65721	9.41565	
6.09634	7.15815	10.5303	6.77722	3.31923	0	7.67674	8.97541	3.39497	6.56542	7.38955	4.81107	8.307	6.12177	5.46062	
7.95658	3.56465	12.367	7.57228	6.97635	7.67674	0	4.93124	4.28177	8.49847	10.3423	5.12933	2.4158	6.91683	3.00233	
6.99158	3.66428	7.83141	6.40399	11.562	8.97541	4.93124	0	9.81191	8.3158	10.1596	4.16434	2.51543	7.05943	3.10196	
8.47482	8.60574	21.9039	17.1107	6.7142	3.39497	4.28177	9.81191	0	8.23511	10.6252	3.68224	2.65218	9.51674	2.06565	
4.78972	9.24135	3.86854	5.29596	3.24619	6.56542	8.49847	8.3158	8.23511	0	1.84385	7.61697	6.75598	6.43074	6.16946	
4.95567	11.4398	5.71238	5.24233	4.07032	7.38955	10.3423	10.1596	10.6252	1.84385	0	7.78291	9.93635	4.58689	8.0133	
2.82724	8.57768	24.3164	5.58736	5.60435	4.81107	5.12933	4.16434	3.68224	7.61697	7.78291	0	2.20311	10.9328	1.61659	
11.5083	1.14885	11.961	6.1031	9.39215	8.307	2.4158	2.51543	2.65218	6.75598	9.93635	2.20311	0	7.24654	0.586525	
3.41556	5.6097	2.08286	0.655441	8.65721	6.12177	6.91683	7.05943	9.51674	6.43074	4.58689	10.9328	7.24654	0	7.83306	
4.44383	1.73537	10.038	16.0727	9.41565	5.46062	3.00233	3.10196	2.06565	6.16946	8.0133	1.61659	0.586525	7.83306	0	

0	6.28764	15.5766	2.44118	1.88744	3.76275	4.47624	11.4048	3.14552	1.27955	9.45538	5.14156	4.30294	3.1062	8.94261	
6.28764	0	4.59023	12.3676	3.67789	2.79025	8.20479	2.80518	6.87406	5.00809	5.7968	4.80256	1.26239	9.33645	5.16792	
15.5766	4.59023	0	15.1268	8.74821	7.38048	13.6711	7.8755	5.01247	6.87844	10.0316	9.39279	5.85262	15.7918	10.3579	
2.44118	12.3676	15.1268	0	4.32861	9.57737	13.2308	20.3101	19.2821	3.72072	11.4804	8.00816	12.3031	0.665028	11.955	
1.88744	3.67789	8.74821	4.32861	0	1.87531	8.78567	3.9583	7.77371	3.16698	4.88185	6.28162	2.41551	7.7714	4.25298	
3.76275	2.79025	7.38048	9.57737	1.87531	0	6.91036	12.973	5.64054	3.77456	3.00654	4.40631	4.05264	8.10292	2.37767	
4.47624	8.20479	13.6711	13.2308	8.78567	6.91036	0	12.5063	5.06267	3.1967	9.91691	6.18192	10.3432	7.52506	9.28803	
11.4048	2.80518	7.8755	20.3101	3.9583	12.973	12.5063	0	10.1858	13.7813	10.9651	7.01276	1.5428	20.9752	10.4431	
3.14552	6.87406	5.01247	19.2821	7.77371	5.64054	5.06267	10.1858	0	1.86597	5.01917	5.72798	8.64299	6.19434	9.52903	
1.27955	5.00809	6.87844	3.72072	3.16698	3.77456	3.1967	13.7813	1.86597	0	6.78111	3.86201	6.27048	4.32836	6.15223	
9.45538	5.7968	10.0316	11.4804	4.88185	3.00654	9.91691	10.9651	5.01917	6.78111	0	6.52446	9.42229	10.8154	5.38421	
5.14156	4.80256	9.39279	8.00816	6.28162	4.40631	6.18192	7.01276	5.72798	3.86201	6.52446	0	5.46997	7.34314	6.78398	
4.30294	1.26239	5.85262	12.3031	2.41551	4.05264	10.3432	1.5428	8.64299	6.27048	9.42229	5.46997	0	12.8131	8.90034	
3.1062	9.33645	15.7918	0.665028	7.7714	8.10292	7.52506	20.9752	6.19434	4.32836	10.8154	7.34314	12.8131	0	11.9914	
8.94261	5.16792	10.3579	11.955	4.25298	2.37767	9.28803	10.4431	9.52903	6.15223	5.38421	6.78398	8.90034	11.9914	0	

0	6.66912	4.44464	7.44551	0.217097	6.16283	2.24069	7.83536	4.8043	2.06217	3.52919	9.17697	3.71059	9.9596	8.67079	
6.66912	0	8.79517	8.10004	11.6742	5.77358	3.91192	4.11162	4.41506	3.43834	3.13994	5.72161	1.8405	12.4676	1.96926	
4.44464	8.79517	0	9.96856	4.17697	4.7917	5.05665	8.04099	1.77165	2.33189	3.04677	14.5813	3.92973	10.6643	7.89809	
7.44551	8.10004	9.96856	0	7.22842	6.34067	8.82942	8.14044	9.1575	7.85739	7.88238	8.01628	6.25955	0.695726	8.86557	
0.217097	11.6742	4.17697	7.22842	0	10.335	2.02359	7.56768	5.3086	1.84507	3.74628	6.74894	3.44291	7.92414	3.96626	
6.16283	5.77358	4.7917	6.34067	10.335	0	6.30505	1.79977	3.02005	7.05302	2.63364	9.45928	5.36562	7.03639	6.01756	
2.24069	3.91192	5.05665	8.82942	2.02359	6.30505	0	6.16045	3.285	3.86867	4.56012	4.72535	4.54869	8.13369	1.94267	
7.83536	4.11162	8.04099	8.14044	7.56768	1.79977	6.16045	0	4.81982	5.72261	4.43342	9.33306	5.45195	15.3286	4.21778	
4.8043	4.41506	1.77165	9.1575	5.3086	3.02005	3.285	4.81982	0	4.03297	1.27512	6.85052	2.9694	11.4187	5.22767	
2.06217	3.43834	2.33189	7.85739	1.84507	7.05302	3.86867	5.72261	4.03297	0	4.32982	5.47895	1.59784	12.1235	4.20387	
3.52919	3.13994	3.04677	7.88238	3.74628	2.63364	4.56012	4.43342	1.27512	4.32982	0	6.61309	2.73198	8.57811	5.1092	
9.17697	5.72161	14.5813	8.01628	6.74894	9.45928	4.72535	9.33306	6.85052	5.47895	6.61309	0	3.88111	8.71201	6.48714	
3.71059	1.8405	3.92973	6.25955	3.44291	5.36562	4.54869	5.45195	2.9694	1.59784	2.73198	3.88111	0	6.95527	2.60603	
9.9596	12.4676	10.6643	0.695726	7.92414	7.03639	8.13369	15.3286	11.4187	12.1235	8.57811	8.71201	6.95527	0	10.0764	
8.67079	1.96926	7.89809	8.86557	3.96626	6.01756	1.94267	4.21778	5.22767	4.20387	5.1092	6.48714	2.60603	10.0764	0	

0	10.7322	8.30348	15.0107	1.16344	2.5777	10.5762	8.66209	5.6799	10.6086	2.8987	3.31696	11.3603	13.0411	7.19949	
10.7322	0	7.94122	7.94502	4.04802	4.01658	4.13037	0.477059	1.98116	3.50429	2.31277	3.05442	2.08425	14.8497	1.93966	
8.30348	7.94122	0	11.222	7.14003	8.55429	2.08341	8.41828	4.23262	8.10731	8.87529	6.28825	6.366	13.4656	5.46009	
15.0107	7.94502	11.222	0	10.4803	7.99928	8.11307	10.0418	5.96386	8.34669	10.532	7.03712	6.60538	1.96956	10.7662	
1.16344	4.04802	7.14003	10.4803	0	1.41426	6.35836	5.90481	3.22678	2.92678	1.73526	2.15352	7.04313	7.59206	8.36293	
2.5777	4.01658	8.55429	7.99928	1.41426	0	4.18463	4.49054	2.03542	7.37018	3.14952	3.10868	5.62887	6.1778	5.95314	
10.5762	4.13037	2.08341	8.11307	6.35836	4.18463	0	4.83928	2.14921	7.58319	8.13754	3.22247	5.99773	11.1081	3.37668	
8.66209	0.477059	8.41828	10.0418	5.90481	4.49054	4.83928	0	2.45821	4.0404	2.78982	3.62569	2.56131	10.6683	1.4626	
5.6799	1.98116	4.23262	5.96386	3.22678	2.03542	2.14921	2.45821	0	6.06425	4.29392	1.07326	4.06541	7.93343	5.51389	
10.6086	3.50429	8.10731	8.34669	2.92678	7.37018	7.58319	4.0404	6.06425	0	1.19152	7.13751	1.74131	8.50163	5.503	
2.8987	2.31277	8.87529	10.532	1.73526	3.14952	8.13754	2.78982	4.29392	1.19152	0	3.88878	2.93283	9.69315	5.8455	
3.31696	3.05442	6.28825	7.03712	2.15352	3.10868	3.22247	3.62569	1.07326	7.13751	3.88878	0	5.23288	14.9198	6.68136	
11.3603	2.08425	6.366	6.60538	7.04313	5.62887	5.99773	2.56131	4.06541	1.74131	2.93283	5.23288	0	8.57494	4.16082	
13.0411	14.8497	13.4656	1.96956	7.59206	6.1778	11.1081	10.6683	7.93343	8.50163	9.69315	14.9198	8.57494	0	13.3517	
7.19949	1.93966	5.46009	10.7662	8.36293	5.95314	3.37668	1.4626	5.51389	5.503	5.8455	6.68136	4.16082	13.3517	0	

0	16.8678	11.8684	9.08105	0.518937	6.72837	11.5683	13.2971	4.166	5.38205	2.94965	9.04313	8.61097	7.27967	9.4027	
16.8678	0	8.46611	8.96629	5.70612	4.94323	5.59084	0.358261	2.05905	7.18583	8.89184	3.52475	4.65121	14.7909	5.72388	
11.8684	8.46611	0	2.78735	13.1727	6.48281	3.82419	12.3126	9.36699	8.60244	10.2615	4.94136	5.1284	6.54521	7.15374	
9.08105	8.96629	2.78735	0	9.59999	3.85317	4.01055	11.8986	6.73735	7.06307	7.63188	6.5577	5.31477	3.75786	9.73162	
0.518937	5.70612	13.1727	9.59999	0	6.53124	12.9529	9.96447	3.64706	5.90099	3.46859	10.426	11.125	7.79861	7.31189	
6.72837	4.94323	6.48281	3.85317	6.53124	0	7.86372	5.47138	2.88418	6.51345	3.77871	8.23218	9.44004	7.61103	6.54901	
11.5683	5.59084	3.82419	4.01055	12.9529	7.86372	0	5.59716	7.64989	6.1862	6.96554	8.76555	1.30422	7.76841	3.43999	
13.2971	0.358261	12.3126	11.8986	9.96447	5.47138	5.59716	0	2.41731	11.844	9.95427	3.88301	4.29295	15.6565	6.42871	
4.166	2.05905	9.36699	6.73735	3.64706	2.88418	7.64989	2.41731	0	10.4137	6.66289	5.5838	5.8006	15.0681	3.66483	
5.38205	7.18583	8.60244	7.06307	5.90099	6.51345	6.1862	11.844	10.4137	0	2.73473	3.66108	7.49042	3.3052	9.18777	
2.94965	8.89184	10.2615	7.63188	3.46859	3.77871	6.96554	9.95427	6.66289	2.73473	0	6.39581	5.66132	6.03994	6.45304	
9.04313	3.52475	4.94136	6.5577	10.426	8.23218	8.76555	3.88301	5.5838	3.66108	6.39581	0	9.01306	6.96629	7.63496	
8.61097	4.65121	5.1284	5.31477	11.125	9.44004	1.30422	4.29295	5.8006	7.49042	5.66132	9.01306	0	11.6731	2.13577	
7.27967	14.7909	6.54521	3.75786	7.79861	7.61103	7.76841	15.6565	15.0681	3.3052	6.03994	6.96629	11.6731	0	13.4895	
9.4027	5.72388	7.15374	9.73162	7.31189	6.54901	3.43999	6.42871	3.66483	9.18777	6.45304	7.63496	2.13577	13.4895	0	

0	8.77496	10.9079	12.3186	1.57335	2.805	6.95658	8.24212	4.49036	6.83355	5.44447	13.0154	3.53079	5.62539	5.52631	
8.77496	0	9.6527	11.2774	8.38206	3.35373	1.25365	1.71329	1.64631	8.05439	10.5025	3.99035	2.73281	8.79034	0.632413	
10.9079	9.6527	0	5.15906	8.98543	8.10287	9.57458	8.36689	9.24067	14.708	12.4964	12.3113	7.02799	5.63662	9.12839	
12.3186	11.2774	5.15906	0	8.24497	3.29795	11.9337	8.6528	8.50022	7.36231	9.76223	10.407	6.28753	0.477562	8.38793	
1.57335	8.38206	8.98543	8.24497	0	4.37835	7.6036	4.3227	4.17012	6.41186	7.01782	13.4838	1.95744	13.1936	4.05783	
2.805	3.35373	8.10287	3.29795	4.37835	0	2.07802	4.17686	1.68536	2.64572	8.24947	6.88827	3.89804	2.82039	2.72131	
6.95658	1.25365	9.57458	11.9337	7.6036	2.07802	0	2.96694	0.392656	1.35301	8.15551	2.73669	2.60534	6.97196	1.88607	
8.24212	1.71329	8.36689	8.6528	4.3227	4.17686	2.96694	0	4.57794	6.3411	7.83363	7.73583	2.36526	12.8253	1.45555	
4.49036	1.64631	9.24067	8.50022	4.17012	1.68536	0.392656	4.57794	0	0.960355	6.61627	3.12935	2.21268	4.50575	3.53328	
6.83355	8.05439	14.708	7.36231	6.41186	2.64572	1.35301	6.3411	0.960355	0	5.65591	7.07193	3.17304	6.88475	6.19703	
5.44447	10.5025	12.4964	9.76223	7.01782	8.24947	8.15551	7.83363	6.61627	5.65591	0	10.8026	5.46837	10.2398	7.56877	
13.0154	3.99035	12.3113	10.407	13.4838	6.88827	2.73669	7.73583	3.12935	7.07193	10.8026	0	8.38286	9.92941	5.87732	
3.53079	2.73281	7.02799	6.28753	1.95744	3.89804	2.60534	2.36526	2.21268	3.17304	5.46837	8.38286	0	6.7651	2.1004	
5.62539	8.79034	5.63662	0.477562	13.1936	2.82039	6.97196	12.8253	4.50575	6.88475	10.2398	9.92941	6.7651	0	5.5417	
5.52631	0.632413	9.12839	8.38793	4.05783	2.72131	1.88607	1.45555	3.53328	6.19703	7.56877	5.87732	2.1004	5.5417	0	

0	5.28034	13.6811	1.38549	0.656249	3.0015	10.4879	7.73694	3.68765	6.13574	6.17384	6.99575	5.79284	5.69289	2.70337	
5.28034	0	17.3201	9.72266	12.9802	13.305	10.3615	7.61054	5.46462	6.00934	5.84219	4.11241	5.66644	14.254	2.57697	
13.6811	17.3201	0	15.2265	18.9669	8.43218	7.91573	14.867	7.74603	9.30926	9.95493	11.6172	15.4892	8.47536	10.6337	
1.38549	9.72266	15.2265	0	2.04174	4.38699	15.4209	17.5394	5.23307	9.70943	7.55933	5.61025	10.15	7.07839	4.08886	
0.656249	12.9802	18.9669	2.04174	0	3.65775	15.4471	15.4368	8.68047	7.11724	6.83009	12.7367	9.32313	6.34914	3.35962	
3.0015	13.305	8.43218	4.38699	3.65775	0	0.855857	8.25543	0.686151	2.24938	2.89505	4.5573	7.3684	8.69439	3.5738	
10.4879	10.3615	7.91573	15.4209	15.4471	0.855857	0	5.21599	0.169706	1.73294	2.37861	4.04086	5.97905	8.32973	3.05735	
7.73694	7.61054	14.867	17.5394	15.4368	8.25543	5.21599	0	5.3857	2.96894	9.05047	5.30284	0.763056	10.7791	3.85252	
3.68765	5.46462	7.74603	5.23307	8.68047	0.686151	0.169706	5.3857	0	1.56323	2.2089	3.87115	3.76912	6.74155	2.88765	
6.13574	6.00934	9.30926	9.70943	7.11724	2.24938	1.73294	2.96894	1.56323	0	2.80687	5.43438	2.20589	5.17832	3.43237	
6.17384	5.84219	9.95493	7.55933	6.83009	2.89505	2.37861	9.05047	2.2089	2.80687	0	6.08005	5.01275	7.98519	4.0169	
6.99575	4.11241	11.6172	5.61025	12.7367	4.5573	4.04086	5.30284	3.87115	5.43438	6.08005	0	4.53978	12.0312	6.68938	
5.79284	5.66644	15.4892	10.15	9.32313	7.3684	5.97905	0.763056	3.76912	2.20589	5.01275	4.53978	0	7.3842	3.08947	
5.69289	14.254	8.47536	7.07839	6.34914	8.69439	8.32973	10.7791	6.74155	5.17832	7.98519	12.0312	7.3842	0	8.39626	
2.70337	2.57697	10.6337	4.08886	3.35962	3.5738	3.05735	3.85252	2.88765	3.43237	4.0169	6.68938	3.08947	8.39626	0	

0	7.65861	8.17932	9.80236	0.626418	6.07077	13.1643	4.3983	6.92895	7.23115	3.67317	10.0837	11.7943	10.8093	10.2497	
7.65861	0	13.2295	10.2522	6.25109	5.33112	3.73643	3.26031	6.02007	11.533	3.20435	10.0544	6.18783	11.8738	0.821794	
8.17932	13.2295	0	8.4948	8.37318	2.10855	18.2145	9.9692	4.99749	2.81864	4.23532	6.12151	6.60624	11.3821	12.3604	
9.80236	10.2522	8.4948	0	10.4288	6.38625	7.81265	8.90449	5.50195	7.54663	8.51303	10.3992	15.3881	1.62158	11.074	
0.626418	6.25109	8.37318	10.4288	0	5.17352	20.0845	5.02472	5.86248	7.42502	3.04675	10.2776	17.433	13.8745	10.8761	
6.07077	5.33112	2.10855	6.38625	5.17352	0	11.5517	10.4691	2.88895	1.16038	2.12677	4.01296	4.94798	6.76932	11.2308	
13.1643	3.73643	18.2145	7.81265	20.0845	11.5517	0	14.1661	8.66276	17.2811	11.4785	8.42333	8.28067	6.19107	2.91463	
4.3983	3.26031	9.9692	8.90449	5.02472	10.4691	14.1661	0	11.3273	12.4049	6.46466	13.3147	9.01565	10.5261	4.0821	
6.92895	6.02007	4.99749	5.50195	5.86248	2.88895	8.66276	11.3273	0	4.04933	2.81573	6.90191	14.9041	3.88037	11.3089	
7.23115	11.533	2.81864	7.54663	7.42502	1.16038	17.2811	12.4049	4.04933	0	3.28715	5.17334	3.7876	12.2968	9.15364	
3.67317	3.20435	4.23532	8.51303	3.04675	2.12677	11.4785	6.46466	2.81573	3.28715	0	6.13973	10.9498	6.6961	4.02614	
10.0837	10.0544	6.12151	10.3992	10.2776	4.01296	8.42333	13.3147	6.90191	5.17334	6.13973	0	17.7998	12.1787	10.8762	
11.7943	6.18783	6.60624	15.3881	17.433	4.94798	8.28067	9.01565	14.9041	3.7876	10.9498	17.7998	0	13.7665	5.36604	
10.8093	11.8738	11.3821	1.62158	13.8745	6.76932	6.19107	10.5261	3.88037	12.2968	6.6961	12.1787	13.7665	0	9.1057	
10.2497	0.821794	12.3604	11.074	10.8761	11.2308	2.91463	4.0821	11.3089	9.15364	4.02614	10.8762	5.36604	9.1057	0	

0	8.85075	10.5913	12.3452	0.194275	15.5286	4.9788	8.49926	4.55357	4.45975	3.17464	4.57908	8.98491	15.4624	7.48583	
8.85075	0	6.61681	11.8474	8.00341	12.6002	3.87194	6.88521	3.64412	5.81226	7.49986	9.27673	4.71515	10.7623	4.27477	
10.5913	6.61681	0	10.5597	10.3971	5.9834	10.4888	5.60491	7.09516	4.92702	6.21212	7.98899	3.5592	8.86256	3.99957	
12.3452	11.8474	10.5597	0	16.7085	5.9378	15.4996	23.6099	7.80081	5.63267	6.91778	8.69464	8.96063	3.05864	15.1148	
0.194275	8.00341	10.3971	16.7085	0	14.5904	5.17308	13.0573	4.35929	6.52744	3.36892	4.77336	13.9563	15.8574	6.98631	
15.5286	12.6002	5.9834	5.9378	14.5904	0	11.6296	18.6896	10.2311	8.81603	10.1011	11.878	8.80194	2.87916	10.6091	
4.9788	3.87194	10.4888	15.4996	5.17308	11.6296	0	3.52046	1.3985	3.56665	8.15345	9.55789	5.56616	12.8966	4.02552	
8.49926	6.88521	5.60491	23.6099	13.0573	18.6896	3.52046	0	4.91896	5.37366	7.85597	6.76111	2.04571	7.96849	2.48608	
4.55357	3.64412	7.09516	7.80081	4.35929	10.2311	1.3985	4.91896	0	2.16814	3.45325	5.23012	3.06739	10.918	2.62702	
4.45975	5.81226	4.92702	5.63267	6.52744	8.81603	3.56665	5.37366	2.16814	0	1.28511	3.06197	3.32796	8.69131	3.76833	
3.17464	7.49986	6.21212	6.91778	3.36892	10.1011	8.15345	7.85597	3.45325	1.28511	0	4.34708	4.61306	10.035	4.31119	
4.57908	9.27673	7.98899	8.69464	4.77336	11.878	9.55789	6.76111	5.23012	3.06197	4.34708	0	6.38993	11.8118	8.71703	
8.98491	4.71515	3.5592	8.96063	13.9563	8.80194	5.56616	2.04571	3.06739	3.32796	4.61306	6.38993	0	5.92278	0.440373	
15.4624	10.7623	8.86256	3.05864	15.8574	2.87916	12.8966	7.96849	10.918	8.69131	10.035	11.8118	5.92278	0	6.36315	
7.48583	4.27477	3.99957	15.1148	6.98631	10.6091	4.02552	2.48608	2.62702	3.76833	4.31119	8.71703	0.440373	6.36315	0	

0	5.94509	3.71565	2.7142	0.419061	7.38409	14.4476	8.03175	2.30241	3.6205	5.99363	1.42102	3.20622	7.7394	4.51122	
5.94509	0	6.5578	12.7472	7.96243	5.28858	5.42962	2.97115	5.68222	9.36583	6.31166	3.12825	1.34306	9.65422	5.97435	
3.71565	6.5578	0	3.71433	3.29659	3.40996	8.8174	5.72739	5.17994	2.80803	4.1501	11.0819	7.90085	3.09642	6.3246	
2.7142	12.7472	3.71433	0	3.13326	5.0576	6.91566	8.365	1.35875	0.906296	2.24836	4.13522	5.69792	8.77887	7.22542	
0.419061	7.96243	3.29659	3.13326	0	6.70655	17.5396	9.28246	1.88335	6.10462	6.41269	1.84009	6.22252	6.39301	4.93028	
7.38409	5.28858	3.40996	5.0576	6.70655	0	4.7759	2.31743	6.21761	4.1513	5.49337	8.76747	9.89713	3.00245	5.83796	
14.4476	5.42962	8.8174	6.91566	17.5396	4.7759	0	2.45847	10.5883	6.00936	5.79899	13.1859	10.0382	14.2883	5.979	
8.03175	2.97115	5.72739	8.365	9.28246	2.31743	2.45847	0	8.53504	4.68258	3.34051	7.49522	4.31421	5.31988	3.52053	
2.30241	5.68222	5.17994	1.35875	1.88335	6.21761	10.5883	8.53504	0	2.26505	5.92103	6.12436	4.33917	9.22006	8.97046	
3.6205	9.36583	2.80803	0.906296	6.10462	4.1513	6.00936	4.68258	2.26505	0	1.34207	9.85925	8.91813	5.04305	5.83972	
5.99363	6.31166	4.1501	2.24836	6.41269	5.49337	5.79899	3.34051	5.92103	1.34207	0	7.41465	9.12896	3.70099	4.49766	
1.42102	3.12825	11.0819	4.13522	1.84009	8.76747	13.1859	7.49522	6.12436	9.85925	7.41465	0	1.7852	9.51313	5.93225	
3.20622	1.34306	7.90085	5.69792	6.22252	9.89713	10.0382	4.31421	4.33917	8.91813	9.12896	1.7852	0	7.85948	4.6313	
7.7394	9.65422	3.09642	8.77887	6.39301	3.00245	14.2883	5.31988	9.22006	5.04305	3.70099	9.51313	7.85948	0	3.22818	
4.51122	5.97435	6.3246	7.22542	4.93028	5.83796	5.979	3.52053	8.97046	5.83972	4.49766	5.93225	4.6313	3.22818	0	

0	11.9391	9.16954	3.18855	8.06986	4.25354	11.2885	9.71637	4.97753	8.58754	1.16207	15.2618	7.52336	4.50381	13.6437	
11.9391	0	11.0893	7.09205	17.4866	9.41263	8.01299	2.22271	5.30306	6.11546	19.441	7.72789	4.50091	11.2085	3.90663	
9.16954	11.0893	0	5.98099	20.3124	7.04598	10.7872	9.8474	5.78624	6.59864	17.3149	15.1368	11.2236	7.29625	14.4938	
3.18855	7.09205	5.98099	0	10.3254	1.06499	6.15309	6.87827	1.78898	2.60138	4.35063	11.1395	10.3584	1.31526	10.4965	
8.06986	17.4866	20.3124	10.3254	0	13.2083	6.81463	16.3607	4.92611	4.11371	6.90778	9.75869	9.71551	17.5929	20.3686	
4.25354	9.41263	7.04598	1.06499	13.2083	0	5.0881	9.66377	2.85397	5.38688	8.54006	13.4156	12.2658	2.38025	9.19445	
11.2885	8.01299	10.7872	6.15309	6.81463	5.0881	0	8.03313	3.51332	2.70092	21.4867	9.37513	7.17774	9.22351	4.10635	
9.71637	2.22271	9.8474	6.87827	16.3607	9.66377	8.03313	0	5.08929	5.90169	10.8784	6.60198	3.76934	11.2583	5.57273	
4.97753	5.30306	5.78624	1.78898	4.92611	2.85397	3.51332	5.08929	0	0.8124	13.1229	7.48661	6.4142	3.10424	8.70755	
8.58754	6.11546	6.59864	2.60138	4.11371	5.38688	2.70092	5.90169	0.8124	0	9.74961	6.67421	5.6018	7.52692	6.80728	
1.16207	19.441	17.3149	4.35063	6.90778	8.54006	21.4867	10.8784	13.1229	9.74961	0	16.6665	8.68543	8.25603	26.7907	
15.2618	7.72789	15.1368	11.1395	9.75869	13.4156	9.37513	6.60198	7.48661	6.67421	16.6665	0	9.79057	18.9364	10.6099	
7.52336	4.50091	11.2236	10.3584	9.71551	12.2658	7.17774	3.76934	6.4142	5.6018	8.68543	9.79057	0	14.6173	6.12031	
4.50381	11.2085	7.29625	1.31526	17.5929	2.38025	9.22351	11.2583	3.10424	7.52692	8.25603	18.9364	14.6173	0	13.3299	
13.6437	3.90663	14.4938	10.4965	20.3686	9.19445	4.10635	5.57273	8.70755	6.80728	26.7907	10.6099	6.12031	13.3299	0	

0	7.93167	14.2123	3.81648	0.0992394	5.60296	12.2451	21.7159	16.3375	9.43352	11.6844	7.89533	13.6546	7.1272	3.97297	
7.93167	0	5.20049	4.11519	10.4068	4.9031	3.54288	0.91058	2.7892	7.47923	5.90725	3.53687	2.81841	7.42591	2.32252	
14.2123	5.20049	0	9.31568	14.1131	10.1036	2.66624	4.33185	7.98969	8.73096	15.3044	6.15967	4.56093	9.97452	5.74379	
3.81648	4.11519	9.31568	0	3.91572	8.05669	7.65808	5.02577	6.90439	5.61704	6.26922	13.8487	6.9336	3.31072	7.28085	
0.0992394	10.4068	14.1131	3.91572	0	5.50372	9.97078	5.28567	8.54377	5.53753	6.50787	7.79609	8.47805	10.2497	3.87373	
5.60296	4.9031	10.1036	8.05669	5.50372	0	4.86901	4.95912	5.65725	1.65632	1.00415	6.40492	2.97432	4.74597	4.23994	
12.2451	3.54288	2.66624	7.65808	9.97078	4.86901	0	3.87948	4.2411	6.06472	6.71689	3.49343	1.89469	10.9039	6.09705	
21.7159	0.91058	4.33185	5.02577	5.28567	4.95912	3.87948	0	3.69978	3.07575	12.0398	10.5682	1.98479	14.3064	1.41194	
16.3375	2.7892	7.98969	6.90439	8.54377	5.65725	4.2411	3.69978	0	6.06823	6.47853	0.747675	5.60761	10.4032	5.06853	
9.43352	7.47923	8.73096	5.61704	5.53753	1.65632	6.06472	3.07575	6.06823	0	0.652174	6.38303	5.55046	6.15506	1.6638	
11.6844	5.90725	15.3044	6.26922	6.50787	1.00415	6.71689	12.0398	6.47853	0.652174	0	5.73086	3.97847	5.50289	2.31598	
7.89533	3.53687	6.15967	13.8487	7.79609	6.40492	3.49343	10.5682	0.747675	6.38303	5.73086	0	5.38812	11.2337	5.81621	
13.6546	2.81841	4.56093	6.9336	8.47805	2.97432	1.89469	1.98479	5.60761	5.55046	3.97847	5.38812	0	7.72029	3.39673	
7.1272	7.42591	9.97452	3.31072	10.2497	4.74597	10.9039	14.3064	10.4032	6.15506	5.50289	11.2337	7.72029	0	14.4495	
3.97297	2.32252	5.74379	7.28085	3.87373	4.23994	6.09705	1.41194	5.06853	1.6638	2.31598	5.81621	3.39673	14.4495	0	

0	9.67117	8.95216	3.53638	0.23882	4.07455	9.56131	13.8037	1.57609	3.14177	4.13538	3.43476	1.305	2.25797	8.20036	
9.67117	0	2.87215	8.23576	6.96128	8.58516	4.63687	2.48288	5.62401	7.65237	8.21306	5.23407	8.36617	13.5243	6.37762	
8.95216	2.87215	0	6.23883	4.96435	6.74318	6.92685	5.35502	3.62708	5.81039	5.34091	8.10621	11.0978	16.3964	10.7241	
3.53638	8.23576	6.23883	0	3.94902	1.24617	6.86936	7.0213	2.61175	2.17896	1.54871	7.8835	17.1113	1.2784	7.22079	
0.23882	6.96128	4.96435	3.94902	0	6.22095	7.58577	5.74682	1.33727	3.38059	4.803	3.19594	1.54382	2.49679	13.1197	
4.07455	8.58516	6.74318	1.24617	6.22095	0	10.2955	8.83303	3.85792	0.932786	1.9264	8.61742	6.22022	2.52457	6.49834	
9.56131	4.63687	6.92685	6.86936	7.58577	10.2955	0	6.15703	9.66157	6.31426	5.32065	4.38983	10.9048	9.7396	3.79721	
13.8037	2.48288	5.35502	7.0213	5.74682	8.83303	6.15703	0	4.40955	10.1352	9.13557	7.71694	10.849	8.86526	3.89474	
1.57609	5.62401	3.62708	2.61175	1.33727	3.85792	9.66157	4.40955	0	6.69705	4.16046	4.53321	13.9902	3.89015	8.30429	
3.14177	7.65237	5.81039	2.17896	3.38059	0.932786	6.31426	10.1352	6.69705	0	0.993614	7.68464	4.44677	5.39974	7.43112	
4.13538	8.21306	5.34091	1.54871	4.803	1.9264	5.32065	9.13557	4.16046	0.993614	0	8.67825	5.86919	2.82711	8.67116	
3.43476	5.23407	8.10621	7.8835	3.19594	8.61742	4.38983	7.71694	4.53321	7.68464	8.67825	0	12.2155	13.1684	8.18703	
1.305	8.36617	11.0978	17.1113	1.54382	6.22022	10.9048	10.849	13.9902	4.44677	5.86919	12.2155	0	3.56298	12.965	
2.25797	13.5243	16.3964	1.2784	2.49679	2.52457	9.7396	8.86526	3.89015	5.39974	2.82711	13.1684	3.56298	0	5.94239	
8.20036	6.37762	10.7241	7.22079	13.1197	6.49834	3.79721	3.89474	8.30429	7.43112	8.67116	8.18703	12.965	5.94239	0	

0	6.78917	12.1196	4.28174	2.01474	15.1814	4.52421	9.06493	10.243	10.7964	2.82984	8.38559	9.94714	5.23647	6.98497	
6.78917	0	5.69737	5.38416	4.77443	5.43724	7.09478	1.53253	4.73542	2.52022	7.76763	2.81386	2.12625	9.63023	6.46719	
12.1196	5.69737	0	6.04108	10.1049	6.71224	8.42022	10.1883	5.39234	3.17715	9.24325	4.28982	5.29328	6.83661	10.0873	
4.28174	5.38416	6.04108	0	2.267	2.78162	4.37397	6.68632	5.07913	2.86394	2.6796	6.78492	4.98007	2.71061	9.77406	
2.01474	4.77443	10.1049	2.267	0	5.04862	13.8551	6.30696	20.9008	5.13094	4.84457	7.58829	8.27944	4.8558	8.9997	
15.1814	5.43724	6.71224	2.78162	5.04862	0	1.70798	3.9047	3.49068	5.64556	3.40235	4.0033	4.14435	5.49223	6.74872	
4.52421	7.09478	8.42022	4.37397	13.8551	1.70798	0	4.18349	5.19866	5.7059	1.69437	5.71128	3.58977	4.10101	6.55195	
9.06493	1.53253	10.1883	6.68632	6.30696	3.9047	4.18349	0	3.26466	2.70985	6.23509	4.3464	0.593721	8.64173	3.5559	
10.243	4.73542	5.39234	5.07913	20.9008	3.49068	5.19866	3.26466	0	2.21519	10.1817	7.49398	2.67094	15.328	3.25804	
10.7964	2.52022	3.17715	2.86394	5.13094	5.64556	5.7059	2.70985	2.21519	0	5.54353	5.33409	2.11613	5.57455	5.07831	
2.82984	7.76763	9.24325	2.6796	4.84457	3.40235	1.69437	6.23509	10.1817	5.54353	0	5.55575	5.28414	2.40663	9.8148	
8.38559	2.81386	4.28982	6.78492	7.58829	4.0033	5.71128	4.3464	7.49398	5.33409	5.55575	0	6.31887	7.96239	10.1982	
9.94714	2.12625	5.29328	4.98007	8.27944	4.14435	3.58977	0.593721	2.67094	2.11613	5.28414	6.31887	0	12.589	2.96218	
5.23647	9.63023	6.83661	2.71061	4.8558	5.49223	4.10101	8.64173	15.328	5.57455	2.40663	7.96239	12.589	0	12.4866	
6.98497	6.46719	10.0873	9.77406	8.9997	6.74872	6.55195	3.5559	3.25804	5.07831	9.8148	10.1982	2.96218	12.4866	0	

0	15.1769	7.72451	7.84599	1.68596	5.88534	8.83633	5.86389	4.37015	2.04205	7.4423	4.1408	9.50697	5.33106	8.25908	
15.1769	0	10.4442	27.8505	5.89957	7.66646	4.39352	1.72164	6.4413	12.0115	12.3584	11.0361	2.13545	12.1784	6.52276	
7.72451	10.4442	0	12.868	6.03855	7.67622	5.22696	7.89884	6.45106	12.0212	11.9537	10.2737	11.4341	16.6714	15.6559	
7.84599	27.8505	12.868	0	15.4791	3.90877	6.35803	9.99915	14.1676	7.75207	4.62617	12.6761	8.31556	2.51493	12.4268	
1.68596	5.89957	6.03855	15.4791	0	10.2683	3.90828	4.17793	2.68419	3.72801	5.91514	4.23512	4.59174	7.01702	8.97028	
5.88534	7.66646	7.67622	3.90877	10.2683	0	2.44926	5.12114	3.67335	3.84329	5.21624	7.06946	6.50419	6.4237	10.0603	
8.83633	4.39352	5.22696	6.35803	3.90828	2.44926	0	2.67188	1.22409	6.29255	7.14125	10.0204	3.08569	9.25249	6.6061	
5.86389	1.72164	7.89884	9.99915	4.17793	5.12114	2.67188	0	3.89598	9.46616	9.81313	5.77999	0.413812	6.21444	0.812777	
4.37015	6.4413	6.45106	14.1676	2.68419	3.67335	1.22409	3.89598	0	8.01837	8.36534	6.9193	3.49427	9.29489	3.89323	
2.04205	12.0115	12.0212	7.75207	3.72801	3.84329	6.29255	9.46616	8.01837	0	9.05953	3.22617	6.616	7.37311	6.21704	
7.4423	12.3584	11.9537	4.62617	5.91514	5.21624	7.14125	9.81313	8.36534	9.05953	0	10.1503	7.91187	2.11124	9.73203	
4.1408	11.0361	10.2737	12.6761	4.23512	7.06946	10.0204	5.77999	6.9193	3.22617	10.1503	0	5.36617	9.47186	5.76514	
9.50697	2.13545	11.4341	8.31556	4.59174	6.50419	3.08569	0.413812	3.49427	6.616	7.91187	5.36617	0	5.80063	0.398965	
5.33106	12.1784	16.6714	2.51493	7.01702	6.4237	9.25249	6.21444	9.29489	7.37311	2.11124	9.47186	5.80063	0	6.19959	
8.25908	6.52276	15.6559	12.4268	8.97028	10.0603	6.6061	0.812777	3.89323	6.21704	9.73203	5.76514	0.398965	6.19959	0	

0	14.5252	3.63535	7.65479	0.437255	2.74075	7.74801	9.53441	3.92532	2.76687	3.10216	9.11119	10.4058	5.64166	8.81271	
14.5252	0	9.82086	12.1579	7.51723	5.21373	9.7104	5.46218	9.93468	8.2548	10.5984	2.35853	8.51656	11.9016	4.0243	
3.63535	9.82086	0	3.50685	3.19809	4.60713	6.07385	6.54743	6.83571	7.47774	5.06628	13.4126	4.88002	3.92952	6.70172	
7.65479	12.1579	3.50685	0	6.70494	8.11398	16.0506	9.4736	3.86451	1.89472	1.55943	18.007	8.38687	0.422669	7.32758	
0.437255	7.51723	3.19809	6.70494	0	2.3035	7.31075	4.2438	3.63762	3.20412	6.33722	12.3462	8.07811	8.87671	8.52501	
2.74075	5.21373	4.60713	8.11398	2.3035	0	7.51835	1.9403	4.72095	3.04108	3.37637	5.23291	6.32452	5.91586	8.14622	
7.74801	9.7104	6.07385	16.0506	7.31075	7.51835	0	11.3832	7.67434	5.37611	5.71141	8.09059	1.19384	8.2509	3.01554	
9.53441	5.46218	6.54743	9.4736	4.2438	1.9403	11.3832	0	5.60909	4.98137	11.3637	3.29261	8.26482	17.2513	4.95838	
3.92532	9.93468	6.83571	3.86451	3.63762	4.72095	7.67434	5.60909	0	4.05072	4.38601	6.55316	6.48051	4.28718	4.88739	
2.76687	8.2548	7.47774	1.89472	3.20412	3.04108	5.37611	4.98137	4.05072	0	0.335292	6.34432	6.56995	2.87479	6.10344	
3.10216	10.5984	5.06628	1.55943	6.33722	3.37637	5.71141	11.3637	4.38601	0.335292	0	6.67961	7.58985	1.9821	5.76815	
9.11119	2.35853	13.4126	18.007	12.3462	5.23291	8.09059	3.29261	6.55316	6.34432	6.67961	0	3.48747	9.2191	1.66577	
10.4058	8.51656	4.88002	8.38687	8.07811	6.32452	1.19384	8.26482	6.48051	6.56995	7.58985	3.48747	0	16.4444	1.8217	
5.64166	11.9016	3.92952	0.422669	8.87671	5.91586	8.2509	17.2513	4.28718	2.87479	1.9821	9.2191	16.4444	0	15.8182	
8.81271	4.0243	6.70172	7.32758	8.52501	8.14622	3.01554	4.95838	4.88739	6.10344	5.76815	1.66577	1.8217	15.8182	0	

0	10.0596	8.43515	6.89014	0.401929	4.13358	4.16827	5.17695	3.69951	2.76208	0.840971	4.3853	8.65315	9.08434	3.62163	
10.0596	0	9.22342	12.9315	6.52998	14.6752	1.28964	1.75496	1.16744	1.58737	4.61694	2.08966	1.4065	15.4114	6.17761	
8.43515	9.22342	0	11.9014	12.5649	9.23528	7.93379	11.9918	5.57551	5.15558	7.07668	9.31202	9.07032	8.24896	9.34523	
6.89014	12.9315	11.9014	0	9.75488	9.34177	9.37647	13.6325	11.1468	7.97027	6.04917	9.5935	11.525	3.65245	12.0603	
0.401929	6.52998	12.5649	9.75488	0	4.6251	11.6801	4.77502	8.47133	3.6815	1.2429	6.39696	6.8826	11.6275	3.2197	
4.13358	14.6752	9.23528	9.34177	4.6251	0	6.61991	11.2395	4.79713	4.3772	3.29261	6.83694	12.8763	11.536	8.21687	
4.16827	1.28964	7.93379	9.37647	11.6801	6.61991	0	3.0446	2.45707	5.24841	3.3273	6.07536	1.13654	11.5707	6.46625	
5.17695	1.75496	11.9918	13.6325	4.77502	11.2395	3.0446	0	2.9224	4.56359	7.94688	5.06588	2.10758	12.8305	4.42265	
3.69951	1.16744	5.57551	11.1468	8.47133	4.79713	2.45707	2.9224	0	0.419934	2.34104	0.922219	2.57394	14.4486	4.09948	
2.76208	1.58737	5.15558	7.97027	3.6815	4.3772	5.24841	4.56359	0.419934	0	1.92111	1.34215	10.9203	10.1645	5.5906	
0.840971	4.61694	7.07668	6.04917	1.2429	3.29261	3.3273	7.94688	2.34104	1.92111	0	3.54433	4.46384	8.24337	6.72159	
4.3853	2.08966	9.31202	9.5935	6.39696	6.83694	6.07536	5.06588	0.922219	1.34215	3.54433	0	7.99388	11.5851	3.17726	
8.65315	1.4065	9.07032	11.525	6.8826	12.8763	1.13654	2.10758	2.57394	10.9203	4.46384	7.99388	0	13.7375	5.32971	
9.08434	15.4114	8.24896	3.65245	11.6275	11.536	11.5707	12.8305	14.4486	10.1645	8.24337	11.5851	13.7375	0	8.40782	
3.62163	6.17761	9.34523	12.0603	3.2197	8.21687	6.46625	4.42265	4.09948	5.5906	6.72159	3.17726	5.32971	8.40782	0	

0	8.58863	2.27342	7.01918	3.19141	11.7344	0.967557	9.46857	4.40424	4.79523	2.4028	7.04304	5.89595	8.3185	6.20291	
8.58863	0	7.49801	7.91309	7.10103	5.18449	7.61264	1.17493	4.47068	2.45317	4.8456	4.96662	3.98794	13.6315	2.37729	
2.27342	7.49801	0	1.93987	3.52972	2.48853	1.30586	13.644	4.74254	5.04484	7.43726	11.0025	10.0238	1.16244	6.54121	
7.01918	7.91309	1.93987	0	6.54624	2.7286	10.9044	11.6821	9.6066	5.60862	4.61637	9.25661	9.8516	0.777431	13.2609	
3.19141	7.10103	3.52972	6.54624	0	10.2468	2.22386	8.99563	3.91894	4.32229	1.92986	5.06863	9.46198	9.84993	7.45921	
11.7344	5.18449	2.48853	2.7286	10.2468	0	3.79439	6.35942	7.46145	5.59891	7.34497	10.8869	13.2959	3.50603	7.56178	
0.967557	7.61264	1.30586	10.9044	2.22386	3.79439	0	9.57735	3.43668	6.3507	3.37036	7.29249	6.84601	2.4683	5.23535	
9.46857	1.17493	13.644	11.6821	8.99563	6.35942	9.57735	0	5.64561	3.6281	7.06577	5.09405	6.84844	21.7108	3.55222	
4.40424	4.47068	4.74254	9.6066	3.91894	7.46145	3.43668	5.64561	0	6.92385	4.99023	8.98757	5.83441	11.9009	6.84796	
4.79523	2.45317	5.04484	5.60862	4.32229	5.59891	6.3507	3.6281	6.92385	0	2.39243	7.03267	12.0314	6.20728	4.83046	
2.4028	4.8456	7.43726	4.61637	1.92986	7.34497	3.37036	7.06577	4.99023	2.39243	0	4.64024	8.29875	5.3938	7.22958	
7.04304	4.96662	11.0025	9.25661	5.06863	10.8869	7.29249	5.09405	8.98757	7.03267	4.64024	0	4.19999	18.5879	2.58934	
5.89595	3.98794	10.0238	9.8516	9.46198	13.2959	6.84601	6.84844	5.83441	12.0314	8.29875	4.19999	0	9.07417	1.61066	
8.3185	13.6315	1.16244	0.777431	9.84993	3.50603	2.4683	21.7108	11.9009	6.20728	5.3938	18.5879	9.07417	0	9.57558	
6.20291	2.37729	6.54121	13.2609	7.45921	7.56178	5.23535	3.55222	6.84796	4.83046	7.22958	2.58934	1.61066	9.57558	0	

0	9.64513	8.32278	6.10012	1.01823	1.94019	8.9801	7.52913	6.63558	2.85079	4.63404	5.17479	13.9883	8.1428	8.95879	
9.64513	0	10.7278	9.51555	8.08287	4.6606	3.88637	1.40381	10.8002	9.5193	4.46706	3.75815	1.66008	17.7668	3.59816	
8.32278	10.7278	0	5.58764	6.33497	5.41301	0.657315	4.71541	3.96055	6.42028	3.75306	9.97392	2.8836	3.54497	12.3753	
6.10012	9.51555	5.58764	0	6.70749	6.42837	7.45292	8.11174	11.5227	5.42111	10.3233	10.4661	11.2956	2.04267	10.3061	
1.01823	8.08287	6.33497	6.70749	0	0.921955	6.71155	4.17875	7.65382	1.92922	2.09738	6.19302	10.287	8.75016	9.73042	
1.94019	4.6606	5.41301	6.42837	0.921955	0	4.27117	3.2568	7.10886	1.00727	1.17542	5.61114	9.34729	8.95798	5.45115	
8.9801	3.88637	0.657315	7.45292	6.71155	4.27117	0	4.05809	3.30323	8.12827	3.09575	6.30129	2.22628	4.20228	6.25245	
7.52913	1.40381	4.71541	8.11174	4.17875	3.2568	4.05809	0	5.35241	4.26406	4.43222	2.35435	3.06389	9.46834	2.19435	
6.63558	10.8002	3.96055	11.5227	7.65382	7.10886	3.30323	5.35241	0	6.10159	6.39898	2.99806	5.52951	8.71348	6.78206	
2.85079	9.5193	6.42028	5.42111	1.92922	1.00727	8.12827	4.26406	6.10159	0	2.18269	8.02558	11.1375	7.46378	11.1668	
4.63404	4.46706	3.75306	10.3233	2.09738	1.17542	3.09575	4.43222	6.39898	2.18269	0	9.89861	5.32203	8.506	6.11461	
5.17479	3.75815	9.97392	10.4661	6.19302	5.61114	6.30129	2.35435	2.99806	8.02558	9.89861	0	9.4622	14.7269	3.784	
13.9883	1.66008	2.8836	11.2956	10.287	9.34729	2.22628	3.06389	5.52951	11.1375	5.32203	9.4622	0	7.63653	5.82387	
8.1428	17.7668	3.54497	2.04267	8.75016	8.95798	4.20228	9.46834	8.71348	7.46378	8.506	14.7269	7.63653	0	15.4987	
8.95879	3.59816	12.3753	10.3061	9.73042	5.45115	6.25245	2.19435	6.78206	11.1668	6.11461	3.784	5.82387	15.4987	0	

0	10.4463	4.56111	7.62778	1.21527	10.2187	6.88201	7.35735	7.9552	5.22659	4.72906	3.57152	4.7209	3.87546	5.34959	
10.4463	0	10.6403	8.74412	6.64688	11.6414	6.30431	4.94228	5.59232	7.48122	9.47847	4.29063	4.04459	6.93971	4.71126	
4.56111	10.6403	0	4.49996	3.34584	12.3493	8.19665	12.5557	7.48465	7.35715	6.85963	5.70209	6.85146	5.76406	7.68759	
7.62778	8.74412	4.49996	0	3.92429	11.9644	3.86379	3.26154	3.1518	15.0724	9.40177	5.07573	13.3177	1.2641	5.75741	
1.21527	6.64688	3.34584	3.92429	0	9.00347	6.96948	4.65762	4.28018	4.01131	3.51379	2.35625	3.50563	2.66019	3.6942	
10.2187	11.6414	12.3493	11.9644	9.00347	0	11.3218	8.76961	10.6098	7.88434	7.17603	10.382	7.59686	10.7003	8.26353	
6.88201	6.30431	8.19665	3.86379	6.96948	11.3218	0	3.54018	0.711995	7.60237	6.96197	2.63592	2.1991	9.62967	1.53242	
7.35735	4.94228	12.5557	3.26154	4.65762	8.76961	3.54018	0	4.61337	4.39104	7.65135	3.34571	1.17275	1.99744	1.83943	
7.9552	5.59232	7.48465	3.1518	4.28018	10.6098	0.711995	4.61337	0	5.11451	6.24997	1.92393	3.27229	4.4159	2.24442	
5.22659	7.48122	7.35715	15.0724	4.01131	7.88434	7.60237	4.39104	5.11451	0	3.26031	3.19058	5.56379	6.38848	4.52854	
4.72906	9.47847	6.85963	9.40177	3.51379	7.17603	6.96197	7.65135	6.24997	3.26031	0	5.18783	7.01942	6.17398	6.52579	
3.57152	4.29063	5.70209	5.07573	2.35625	10.382	2.63592	3.34571	1.92393	3.19058	5.18783	0	2.00463	5.01644	1.33795	
4.7209	4.04459	6.85146	13.3177	3.50563	7.59686	2.1991	1.17275	3.27229	5.56379	7.01942	2.00463	0	3.17019	0.666679	
3.87546	6.93971	5.76406	1.2641	2.66019	10.7003	9.62967	1.99744	4.4159	6.38848	6.17398	5.01644	3.17019	0	4.00519	
5.34959	4.71126	7.68759	5.75741	3.6942	8.26353	1.53242	1.83943	2.24442	4.52854	6.52579	1.33795	0.666679	4.00519	0	

0	9.63192	4.22777	7.922	0.997536	2.684	18.3591	8.40477	3.08863	1.78468	0.923874	8.81739	6.78331	8.28043	6.2302	
9.63192	0	8.4917	10.1826	11.9965	6.94792	1.48121	1.90073	7.35255	14.1203	6.96152	7.78163	1.10208	14.0305	4.77752	
4.22777	8.4917	0	7.7192	5.68149	1.54378	17.2188	7.26455	1.94841	4.89434	6.82978	12.8159	11.521	7.03202	9.45131	
7.922	10.1826	7.7192	0	3.612	5.64431	12.6998	8.28187	5.23968	2.82486	4.76029	10.7464	10.4188	3.07002	10.8147	
0.997536	11.9965	5.68149	3.612	0	3.68153	12.6545	10.0957	3.55184	0.787144	1.04117	8.70867	6.90061	8.39772	7.22774	
2.684	6.94792	1.54378	5.64431	3.68153	0	8.42913	5.72077	0.40463	3.16932	3.60787	10.4947	7.85774	8.5758	5.97968	
18.3591	1.48121	17.2188	12.6998	12.6545	8.42913	0	3.22639	9.85194	14.1077	6.94886	10.2059	1.08942	14.0179	4.76487	
8.40477	1.90073	7.26455	8.28187	10.0957	5.72077	3.22639	0	6.1254	10.8829	7.9964	6.16918	2.13696	11.3519	3.58199	
3.08863	7.35255	1.94841	5.23968	3.55184	0.40463	9.85194	6.1254	0	2.76469	4.52997	8.16224	8.76251	8.30971	5.57505	
1.78468	14.1203	4.89434	2.82486	0.787144	3.16932	14.1077	10.8829	2.76469	0	1.82832	7.92153	7.79487	5.89488	8.33974	
0.923874	6.96152	6.82978	4.76029	1.04117	3.60787	6.94886	7.9964	4.52997	1.82832	0	9.85696	5.85944	7.35655	7.15407	
8.81739	7.78163	12.8159	10.7464	8.70867	10.4947	10.2059	6.16918	8.16224	7.92153	9.85696	0	6.26264	18.856	2.58719	
6.78331	1.10208	11.521	10.4188	6.90061	7.85774	1.08942	2.13696	8.76251	7.79487	5.85944	6.26264	0	12.9284	3.67545	
8.28043	14.0305	7.03202	3.07002	8.39772	8.5758	14.0179	11.3519	8.30971	5.89488	7.35655	18.856	12.9284	0	15.897	
6.2302	4.77752	9.45131	10.8147	7.22774	5.97968	4.76487	3.58199	5.57505	8.33974	7.15407	2.58719	3.67545	15.897	0	

0	6.22556	11.1839	7.67685	0.455541	5.9324	4.85977	7.51821	7.23617	1.15399	2.50897	2.00186	5.26628	14.2639	6.41493	
6.22556	0	3.2352	3.97776	12.9576	6.05554	1.90738	0.811423	2.92916	4.95418	8.50465	4.80585	0.959274	9.76061	4.98254	
11.1839	3.2352	0	8.07299	20.6563	2.82034	1.84596	2.98445	3.30131	3.59296	4.19676	4.95934	2.79406	8.96963	2.30791	
7.67685	3.97776	8.07299	0	4.51696	5.89257	3.96659	5.27041	3.5917	3.81851	12.4424	11.0527	3.01848	1.36506	6.37511	
0.455541	12.9576	20.6563	4.51696	0	2.77251	2.44545	12.3382	5.00041	0.698448	2.96451	2.4574	4.69335	12.0692	3.25504	
5.9324	6.05554	2.82034	5.89257	2.77251	0	1.67943	2.81792	3.13478	2.07406	4.03024	4.79281	2.62754	6.9133	4.63065	
4.85977	1.90738	1.84596	3.96659	2.44545	1.67943	0	1.13849	1.45535	1.747	2.3508	3.11338	0.948105	8.59273	4.15387	
7.51821	0.811423	2.98445	5.27041	12.3382	2.81792	1.13849	0	2.59384	2.88549	3.48929	4.25187	1.7707	10.572	4.17112	
7.23617	2.92916	3.30131	3.5917	5.00041	3.13478	1.45535	2.59384	0	3.20236	3.80616	4.56873	1.96989	4.95675	6.7892	
1.15399	4.95418	3.59296	3.81851	0.698448	2.07406	1.747	2.88549	3.20236	0	4.09781	4.86039	2.69511	5.18357	2.55659	
2.50897	8.50465	4.19676	12.4424	2.96451	4.03024	2.3508	3.48929	3.80616	4.09781	0	4.51083	3.29891	13.1603	13.4796	
2.00186	4.80585	4.95934	11.0527	2.4574	4.79281	3.11338	4.25187	4.56873	4.86039	4.51083	0	4.06149	14.5665	11.1448	
5.26628	0.959274	2.79406	3.01848	4.69335	2.62754	0.948105	1.7707	1.96989	2.69511	3.29891	4.06149	0	4.38354	6.42304	
14.2639	9.76061	8.96963	1.36506	12.0692	6.9133	8.59273	10.572	4.95675	5.18357	13.1603	14.5665	4.38354	0	11.2775	
6.41493	4.98254	2.30791	6.37511	3.25504	4.63065	4.15387	4.17112	6.7892	2.55659	13.4796	11.1448	6.42304	11.2775	0	

0	8.97151	6.12502	4.14882	1.91253	11.5494	11.4375	9.1407	12.1604	8.96203	13.3934	4.44236	5.21837	2.41938	7.44189	
8.97151	0	5.38763	9.79711	3.75329	18.0008	4.47807	1.06407	9.43302	8.20835	5.31677	7.03976	0.44744	11.5265	2.56835	
6.12502	5.38763	0	3.07096	4.21249	3.93716	8.88689	5.55683	11.7557	1.83803	2.13471	3.80012	4.94019	4.8004	7.0611	
4.14882	9.79711	3.07096	0	6.47632	10.2583	5.81593	9.69988	10.7709	4.909	10.7121	8.79597	8.01116	1.72944	13.0586	
1.91253	3.75329	4.21249	6.47632	0	6.58353	6.47123	3.92248	14.0729	4.49192	8.17518	2.52984	3.30585	4.33191	5.19114	
11.5494	18.0008	3.93716	10.2583	6.58353	0	7.99509	8.74173	10.4564	2.09913	2.3958	4.05369	10.646	8.64178	6.71499	
11.4375	4.47807	8.88689	5.81593	6.47123	7.99509	0	3.88395	4.95495	5.90348	7.11791	3.94139	4.50058	7.54536	6.60269	
9.1407	1.06407	5.55683	9.69988	3.92248	8.74173	3.88395	0	8.8389	6.6426	5.48596	7.20895	0.616632	13.1852	2.73754	
12.1604	9.43302	11.7557	10.7709	14.0729	10.4564	4.95495	8.8389	0	9.91764	10.2143	8.89634	10.0562	13.9349	16.9442	
8.96203	8.20835	1.83803	4.909	4.49192	2.09913	5.90348	6.6426	9.91764	0	0.296673	1.96208	5.166	6.54265	4.62339	
13.3934	5.31677	2.13471	10.7121	8.17518	2.3958	7.11791	5.48596	10.2143	0.296673	0	2.25876	4.86933	6.83932	6.99024	
4.44236	7.03976	3.80012	8.79597	2.52984	4.05369	3.94139	7.20895	8.89634	1.96208	2.25876	0	4.78221	7.27672	2.6613	
5.21837	0.44744	4.94019	8.01116	3.30585	10.646	4.50058	0.616632	10.0562	5.166	4.86933	4.78221	0	8.05273	2.12091	
2.41938	11.5265	4.8004	1.72944	4.33191	8.64178	7.54536	13.1852	13.9349	6.54265	6.83932	7.27672	8.05273	0	9.86127	
7.44189	2.56835	7.0611	13.0586	5.19114	6.71499	6.60269	2.73754	16.9442	4.62339	6.99024	2.6613	2.12091	9.86127	0	

0	8.87697	13.631	4.38714	0.496871	4.2848	8.09974	6.45995	12.2332	2.3327	1.25625	9.01337	5.53289	3.32917	7.36521	
8.87697	0	4.75888	10.382	15.1856	3.42147	7.46822	3.9201	10.0443	5.37358	9.12379	5.52629	3.34408	14.0248	3.30941	
13.631	4.75888	0	6.25008	12.839	1.33741	5.38416	5.32368	8.95028	3.28951	10.5274	12.6175	4.79073	9.89287	10.4959	
4.38714	10.382	6.25008	0	6.55933	4.00655	7.82149	11.5738	15.2004	2.05444	5.92483	11.2493	13.7261	3.64279	13.6914	
0.496871	15.1856	12.839	6.55933	0	12.7905	14.7733	9.53621	21.7519	2.82957	1.75313	10.523	6.02976	2.91655	10.4415	
4.2848	3.42147	1.33741	4.00655	12.7905	0	4.04675	4.82664	10.1536	1.9521	5.82249	6.93379	3.45332	14.7094	6.73089	
8.09974	7.46822	5.38416	7.82149	14.7733	4.04675	0	11.6375	13.299	5.76705	9.63743	8.65802	7.50007	17.6056	6.44115	
6.45995	3.9201	5.32368	11.5738	9.53621	4.82664	11.6375	0	8.07359	9.07408	5.2037	4.85379	1.37332	20.9394	7.22951	
12.2332	10.0443	8.95028	15.2004	21.7519	10.1536	13.299	8.07359	0	13.9118	14.9973	10.1807	6.70027	23.2708	8.88834	
2.3327	5.37358	3.28951	2.05444	2.82957	1.9521	5.76705	9.07408	13.9118	0	3.58895	9.27449	5.40542	5.66186	9.97934	
1.25625	9.12379	10.5274	5.92483	1.75313	5.82249	9.63743	5.2037	14.9973	3.58895	0	8.32583	6.57702	4.58542	6.10896	
9.01337	5.52629	12.6175	11.2493	10.523	6.93379	8.65802	4.85379	10.1807	9.27449	8.32583	0	3.48047	7.60647	2.21688	
5.53289	3.34408	4.79073	13.7261	6.02976	3.45332	7.50007	1.37332	6.70027	5.40542	6.57702	3.48047	0	8.86206	5.69735	
3.32917	14.0248	9.89287	3.64279	2.91655	14.7094	17.6056	20.9394	23.2708	5.66186	4.58542	7.60647	8.86206	0	9.82335	
7.36521	3.30941	10.4959	13.6914	10.4415	6.73089	6.44115	7.22951	8.88834	9.97934	6.10896	2.21688	5.69735	9.82335	0	

0	6.79179	4.50181	8.67888	3.42936	5.51252	6.22738	11.0695	10.761	4.80046	5.05585	6.2179	2.69647	8.68074	3.19021	
6.79179	0	17.9502	7.39989	12.1019	15.6207	2.7443	2.35758	7.54647	11.5836	6.70115	0.573892	9.47964	6.85054	3.12444	
4.50181	17.9502	0	10.6926	7.93118	10.7096	9.63016	15.5713	9.64215	7.22337	9.55767	10.7197	7.19829	11.242	10.6745	
8.67888	7.39989	10.6926	0	5.80073	21.3682	9.09236	26.2853	10.0852	8.08639	18.1386	11.2628	5.9824	0.549353	6.47614	
3.42936	12.1019	7.93118	5.80073	0	2.08315	11.8189	14.4988	6.46597	5.56938	2.83558	8.96284	6.12584	5.25138	9.45459	
5.51252	15.6207	10.7096	21.3682	2.08315	0	6.75429	13.0105	4.38282	3.48622	2.93173	9.05899	5.59021	7.33453	9.55074	
6.22738	2.7443	9.63016	9.09236	11.8189	6.75429	0	1.81124	2.37147	3.66157	7.6634	2.1704	1.53813	9.64172	1.04439	
11.0695	2.35758	15.5713	26.2853	14.4988	13.0105	1.81124	0	6.59942	11.0464	7.38587	2.93147	1.2606	9.20811	0.766858	
10.761	7.54647	9.64215	10.0852	6.46597	4.38282	2.37147	6.59942	0	2.41878	7.31455	4.54187	4.52276	9.53588	3.41585	
4.80046	11.5836	7.22337	8.08639	5.56938	3.48622	3.66157	11.0464	2.41878	0	6.41796	5.83198	2.10398	11.9547	2.59772	
5.05585	6.70115	9.55767	18.1386	2.83558	2.93173	7.6634	7.38587	7.31455	6.41796	0	6.12725	7.11275	8.08696	6.61901	
6.2179	0.573892	10.7197	11.2628	8.96284	9.05899	2.1704	2.93147	4.54187	5.83198	6.12725	0	3.81324	7.42443	3.21479	
2.69647	9.47964	7.19829	5.9824	6.12584	5.59021	1.53813	1.2606	4.52276	2.10398	7.11275	3.81324	0	6.53176	0.493739	
8.68074	6.85054	11.242	0.549353	5.25138	7.33453	9.64172	9.20811	9.53588	11.9547	8.08696	7.42443	6.53176	0	15.3684	
3.19021	3.12444	10.6745	6.47614	9.45459	9.55074	1.04439	0.766858	3.41585	2.59772	6.61901	3.21479	0.493739	15.3684	0	

0	7.89544	6.16504	5.80306	0.753242	4.57939	6.01914	8.88175	4.16528	8.79253	7.35726	9.07553	4.36114	10.5937	9.7691	
7.89544	0	8.91522	17.3697	7.13327	7.81375	1.83942	0.986316	8.91894	5.95501	5.9787	12.1574	2.48588	10.9142	1.87367	
6.16504	8.91522	0	4.7455	6.91828	5.96916	8.24671	13.1844	10.3303	8.21567	11.2074	15.2406	7.65377	4.42862	7.04155	
5.80306	17.3697	4.7455	0	14.1719	1.22366	17.798	8.0511	9.68881	6.11869	6.94857	16.8279	16.7048	9.17411	11.7871	
0.753242	7.13327	6.91828	14.1719	0	5.33263	7.82254	6.09599	4.91852	14.8893	11.8976	9.82877	3.6079	18.0052	4.22011	
4.57939	7.81375	5.96916	1.22366	5.33263	0	6.84296	6.82744	8.46515	7.34235	5.72491	12.7071	9.31553	14.0353	11.6962	
6.01914	1.83942	8.24671	17.798	7.82254	6.84296	0	0.853103	1.85385	4.10976	1.11805	6.78609	1.81737	10.5903	1.20516	
8.88175	0.986316	13.1844	8.0511	6.09599	6.82744	0.853103	0	2.70696	4.96869	1.97116	7.7828	2.48809	9.92789	2.05826	
4.16528	8.91894	10.3303	9.68881	4.91852	8.46515	1.85385	2.70696	0	4.62725	2.97191	4.93223	6.0685	8.73646	3.05901	
8.79253	5.95501	8.21567	6.11869	14.8893	7.34235	4.10976	4.96869	4.62725	0	2.99171	9.55948	7.45678	12.6443	13.1638	
7.35726	5.9787	11.2074	6.94857	11.8976	5.72491	1.11805	1.97116	2.97191	2.99171	0	6.98218	5.3327	11.9284	2.32321	
9.07553	12.1574	15.2406	16.8279	9.82877	12.7071	6.78609	7.7828	4.93223	9.55948	6.98218	0	11.1443	13.6687	8.13486	
4.36114	2.48588	7.65377	16.7048	3.6079	9.31553	1.81737	2.48809	6.0685	7.45678	5.3327	11.1443	0	12.416	0.612211	
10.5937	10.9142	4.42862	9.17411	18.0052	14.0353	10.5903	9.92789	8.73646	12.6443	11.9284	13.6687	12.416	0	11.4702	
9.7691	1.87367	7.04155	11.7871	4.22011	11.6962	1.20516	2.05826	3.05901	13.1638	2.32321	8.13486	0.612211	11.4702	0	

0	8.87838	5.36749	9.20205	0.557035	3.00841	3.68388	6.62525	5.39531	4.58798	4.99828	4.12112	5.14354	6.29748	2.50428	
8.87838	0	2.70551	17.0206	12.896	5.06458	7.5537	2.06498	9.26512	5.96818	9.58533	13.1216	4.74651	12.0329	6.18595	
5.36749	2.70551	0	9.44234	6.57716	2.35907	8.97742	4.77048	5.40717	3.26268	6.87983	3.47179	7.45202	5.64815	9.0796	
9.20205	17.0206	9.44234	0	7.36883	4.06879	4.21807	14.7675	2.29577	4.44026	7.51658	4.09589	8.06608	0.779718	5.18679	
0.557035	12.896	6.57716	7.36883	0	3.56545	6.4949	10.4098	5.07306	4.03095	5.55531	5.3308	5.70057	7.50716	3.06132	
3.00841	5.06458	2.35907	4.06879	3.56545	0	6.61835	12.8612	6.68235	4.33092	8.00669	1.11271	8.15195	3.28907	5.51269	
3.68388	7.5537	8.97742	4.21807	6.4949	6.61835	0	5.30058	1.9223	4.0668	7.14311	7.73106	3.89602	9.90742	1.1796	
6.62525	2.06498	4.77048	14.7675	10.4098	12.8612	5.30058	0	7.012	10.7843	14.851	10.8685	6.81149	16.1993	4.12097	
5.39531	9.26512	5.40717	2.29577	5.07306	6.68235	1.9223	7.012	0	2.1445	5.22081	5.36271	5.60744	3.07549	2.89103	
4.58798	5.96818	3.26268	4.44026	4.03095	4.33092	4.0668	10.7843	2.1445	0	7.3653	3.21821	9.75455	5.41504	5.03552	
4.99828	9.58533	6.87983	7.51658	5.55531	8.00669	7.14311	14.851	5.22081	7.3653	0	12.8003	10.1418	13.1858	7.50256	
4.12112	13.1216	3.47179	4.09589	5.3308	1.11271	7.73106	10.8685	5.36271	3.21821	12.8003	0	9.4639	3.31617	6.74748	
5.14354	4.74651	7.45202	8.06608	5.70057	8.15195	3.89602	6.81149	5.60744	9.75455	10.1418	9.4639	0	7.28637	2.71641	
6.29748	12.0329	5.64815	0.779718	7.50716	3.28907	9.90742	16.1993	3.07549	5.41504	13.1858	3.31617	7.28637	0	10.0028	
2.50428	6.18595	9.0796	5.18679	3.06132	5.51269	1.1796	4.12097	2.89103	5.03552	7.50256	6.74748	2.71641	10.0028	0	

0	18.053	17.043	20.551	2.63398	7.35263	10.2736	9.40213	6.37591	4.2172	5.05874	10.7838	16.6822	21.0631	17.5945	
18.053	0	18.163	13.8723	7.8376	8.57864	8.68323	7.70973	4.4556	6.25438	10.5108	11.6464	3.39003	14.7526	5.39545	
17.043	18.163	0	1.93157	15.2645	9.69039	5.83445	11.7399	4.86815	12.0147	11.6443	11.829	19.888	3.85907	16.8217	
20.551	13.8723	1.93157	0	6.67851	6.57489	3.90288	6.8159	2.93657	5.61466	8.11983	9.89742	4.00214	1.92749	6.05736	
2.63398	7.8376	15.2645	6.67851	0	3.90748	10.1965	10.9039	3.74193	1.58322	2.42476	6.9752	4.80751	7.55874	6.40677	
7.35263	8.57864	9.69039	6.57489	3.90748	0	2.921	2.0495	3.63832	2.32426	8.82157	3.43118	4.70389	7.45512	5.07549	
10.2736	8.68323	5.83445	3.90288	10.1965	2.921	0	2.91302	6.45458	5.24526	6.13649	6.35218	4.1599	5.83037	2.15448	
9.40213	7.70973	11.7399	6.8159	10.9039	2.0495	2.91302	0	5.68782	4.37376	13.3287	5.48068	11.0998	18.4919	5.0675	
6.37591	4.4556	4.86815	2.93657	3.74193	3.63832	6.45458	5.68782	0	2.67809	5.18326	7.0695	1.06557	3.8168	3.07099	
4.2172	6.25438	12.0147	5.61466	1.58322	2.32426	5.24526	4.37376	2.67809	0	4.00799	5.39198	3.74366	6.49489	12.5661	
5.05874	10.5108	11.6443	8.11983	2.42476	8.82157	6.13649	13.3287	5.18326	4.00799	0	13.2474	5.98743	9.00006	3.98201	
10.7838	11.6464	11.829	9.89742	6.9752	3.43118	6.35218	5.48068	7.0695	5.39198	13.2474	0	11.2709	11.8249	9.10792	
16.6822	3.39003	19.888	4.00214	4.80751	4.70389	4.1599	11.0998	1.06557	3.74366	5.98743	11.2709	0	4.88237	2.00542	
21.0631	14.7526	3.85907	1.92749	7.55874	7.45512	5.83037	18.4919	3.8168	6.49489	9.00006	11.8249	4.88237	0	8.56503	
17.5945	5.39545	16.8217	6.05736	6.40677	5.07549	2.15448	5.0675	3.07099	12.5661	3.98201	9.10792	2.00542	8.56503	0	

0	2.70289	6.86317	3.39993	0.994832	3.54297	1.89935	7.58753	4.36697	3.47779	9.6242	15.3121	3.80158	2.59631	2.74444	
2.70289	0	13.6598	16.6002	13.6074	10.535	0.803546	6.49173	3.27116	3.40075	17.8398	14.4093	2.70578	9.38402	1.64864	
6.86317	13.6598	0	10.0666	5.01828	3.32019	5.13252	13.761	3.10753	2.53532	10.625	3.5741	6.11103	7.7665	6.30236	
3.39993	16.6002	10.0666	0	4.60761	5.24992	5.76431	6.26369	7.63516	14.3439	13.7164	7.64748	8.23175	0.803616	4.91922	
0.994832	13.6074	5.01828	4.60761	0	4.53781	2.89418	7.32893	3.05518	2.48296	10.619	14.2297	6.05868	3.59115	12.0436	
3.54297	10.535	3.32019	5.24992	4.53781	0	5.44232	8.98585	9.98413	5.85551	7.3048	6.89429	10.9539	4.4463	7.64138	
1.89935	0.803546	5.13252	5.76431	2.89418	5.44232	0	2.18956	2.46762	2.5972	11.5235	3.57335	1.90224	4.49566	0.845094	
7.58753	6.49173	13.761	6.26369	7.32893	8.98585	2.18956	0	2.07379	2.646	15.915	4.07273	0.563971	8.90533	1.34447	
4.36697	3.27116	3.10753	7.63516	3.05518	9.98413	2.46762	2.07379	0	0.572215	13.8412	9.5167	2.63776	6.83154	3.31271	
3.47779	3.40075	2.53532	14.3439	2.48296	5.85551	2.5972	2.646	0.572215	0	14.4134	6.10941	3.57572	6.28695	3.4423	
9.6242	17.8398	10.625	13.7164	10.619	7.3048	11.5235	15.915	13.8412	14.4134	0	9.98601	15.9877	11.7511	12.7143	
15.3121	14.4093	3.5741	7.64748	14.2297	6.89429	3.57335	4.07273	9.5167	6.10941	9.98601	0	6.04079	14.6932	2.72826	
3.80158	2.70578	6.11103	8.23175	6.05868	10.9539	1.90224	0.563971	2.63776	3.57572	15.9877	6.04079	0	10.4827	1.90844	
2.59631	9.38402	7.7665	0.803616	3.59115	4.4463	4.49566	8.90533	6.83154	6.28695	11.7511	14.6932	10.4827	0	5.72283	
2.74444	1.64864	6.30236	4.91922	12.0436	7.64138	0.845094	1.34447	3.31271	3.4423	12.7143	2.72826	1.90844	5.72283	0	

0	1.20076	11.4721	7.78163	0.0973398	5.40315	8.84807	1.79109	9.13002	1.43324	3.27014	5.7006	2.84237	12.6536	13.439	
1.20076	0	3.50655	20.1666	1.2981	4.20239	7.64731	0.590325	5.53902	7.70894	8.1612	6.90136	1.64161	8.18044	7.46418	
11.4721	3.50655	0	6.12314	7.67127	3.67877	6.5064	2.91622	2.34213	13.8002	4.49847	8.83296	10.451	5.86573	9.79008	
7.78163	20.1666	6.12314	0	7.68429	9.08167	7.20022	9.03936	8.46527	4.40847	10.5192	2.70982	13.8983	6.79886	5.19696	
0.0973398	1.2981	7.67127	7.68429	0	4.84246	9.08816	10.5476	7.08456	1.33591	3.1728	3.03456	13.992	6.89312	9.78264	
5.40315	4.20239	3.67877	9.08167	4.84246	0	5.50091	4.79271	1.33664	3.50656	3.95881	5.20521	5.844	4.86024	3.88472	
8.84807	7.64731	6.5064	7.20022	9.08816	5.50091	0	7.64842	4.16427	6.18905	8.07603	4.4904	9.28892	7.68787	13.8498	
1.79109	0.590325	2.91622	9.03936	10.5476	4.79271	7.64842	0	5.25835	8.77233	7.41469	12.1388	2.23194	7.59011	6.87386	
9.13002	5.53902	2.34213	8.46527	7.08456	1.33664	4.16427	5.25835	0	4.8432	3.91176	8.25896	9.43073	3.5236	5.22136	
1.43324	7.70894	13.8002	4.40847	1.33591	3.50656	6.18905	8.77233	4.8432	0	4.50871	1.69865	9.82362	7.69272	7.39128	
3.27014	8.1612	4.49847	10.5192	3.1728	3.95881	8.07603	7.41469	3.91176	4.50871	0	12.1707	12.0529	3.72032	7.84353	
5.7006	6.90136	8.83296	2.70982	3.03456	5.20521	4.4904	12.1388	8.25896	1.69865	12.1707	0	16.2992	9.39137	7.90678	
2.84237	1.64161	10.451	13.8983	13.992	5.844	9.28892	2.23194	9.43073	9.82362	12.0529	16.2992	0	15.1249	8.70135	
12.6536	8.18044	5.86573	6.79886	6.89312	4.86024	7.68787	7.59011	3.5236	7.69272	3.72032	9.39137	15.1249	0	11.9958	
13.439	7.46418	9.79008	5.19696	9.78264	3.88472	13.8498	6.87386	5.22136	7.39128	7.84353	7.90678	8.70135	11.9958	0	

0	8.36096	13.8974	11.5854	3.2979	7.7342	9.49362	7.01075	8.03541	5.7606	9.65533	2.29167	5.95658	14.9811	6.71396	
8.36096	0	7.20631	13.0341	6.42876	4.182	2.80252	3.45855	1.34431	11.5277	2.96423	8.72124	2.40438	8.29001	3.16176	
13.8974	7.20631	0	12.1552	10.9464	5.10211	7.32021	11.0883	5.862	15.7672	7.48192	13.2716	6.87972	12.8077	10.2029	
11.5854	13.0341	12.1552	0	17.1634	11.1242	20.4315	9.51497	10.1234	12.7626	11.6334	9.29372	12.9018	3.1777	18.6579	
3.2979	6.42876	10.9464	17.1634	0	8.55783	6.54266	18.3458	5.08445	5.7516	6.70437	5.58958	9.25448	12.0302	21.436	
7.7342	4.182	5.10211	11.1242	8.55783	0	11.1915	2.83178	10.9641	11.9483	9.7012	8.09447	1.77762	14.3019	2.535	
9.49362	2.80252	7.32021	20.4315	6.54266	11.1915	0	2.81203	1.45821	3.73735	1.49026	8.86784	3.8662	8.40391	5.49096	
7.01075	3.45855	11.0883	9.51497	18.3458	2.83178	2.81203	0	4.27024	10.3029	4.30229	7.37102	1.05417	6.33727	1.81155	
8.03541	1.34431	5.862	10.1234	5.08445	10.9641	1.45821	4.27024	0	3.867	1.61992	7.40963	3.7487	6.9457	6.94917	
5.7606	11.5277	15.7672	12.7626	5.7516	11.9483	3.73735	10.3029	3.867	0	2.24708	3.46893	9.78579	10.7028	9.18932	
9.65533	2.96423	7.48192	11.6334	6.70437	9.7012	1.49026	4.30229	1.61992	2.24708	0	5.71602	7.69962	8.45568	6.94224	
2.29167	8.72124	13.2716	9.29372	5.58958	8.09447	8.86784	7.37102	7.40963	3.46893	5.71602	0	6.31685	12.4714	7.07424	
5.95658	2.40438	6.87972	12.9018	9.25448	1.77762	3.8662	1.05417	3.7487	9.78579	7.69962	6.31685	0	7.39143	0.757383	
14.9811	8.29001	12.8077	3.1777	12.0302	14.3019	8.40391	6.33727	6.9457	10.7028	8.45568	12.4714	7.39143	0	10.753	
6.71396	3.16176	10.2029	18.6579	21.436	2.535	5.49096	1.81155	6.94917	9.18932	6.94224	7.07424	0.757383	10.753	0	

0	7.85774	5.13092	2.02369	0.156727	10.2276	13.6501	13.7541	4.79306	5.74791	0.663457	5.03049	8.50281	0.216965	3.17604	
7.85774	0	6.52895	5.82453	11.5031	8.80123	4.30556	5.442	2.96299	5.8475	16.3311	7.76671	6.73576	7.53908	10.5998	
5.13092	6.52895	0	12.2543	4.97419	7.88085	6.34674	7.48318	9.49194	10.9652	5.48092	6.39521	9.77503	8.49383	12.0701	
2.02369	5.82453	12.2543	0	7.75058	8.6177	10.2592	11.0098	2.86154	5.74605	7.24385	8.62365	6.63431	1.80672	4.76579	
0.156727	11.5031	4.97419	7.75058	0	1.88057	11.3209	14.6298	6.55639	3.69157	0.50673	4.87377	5.02097	0.373692	8.92587	
10.2276	8.80123	7.88085	8.6177	1.88057	0	13.2359	12.7066	5.83824	4.55868	1.37384	5.03209	4.76906	7.14835	4.18928	
13.6501	4.30556	6.34674	10.2592	11.3209	13.2359	0	1.13644	7.26855	10.2822	14.0001	12.0723	8.67996	11.9463	9.6538	
13.7541	5.442	7.48318	11.0098	14.6298	12.7066	1.13644	0	8.53414	11.687	12.0578	10.9233	7.54352	11.4764	8.1233	
4.79306	2.96299	9.49194	2.86154	6.55639	5.83824	7.26855	8.53414	0	2.88451	6.06935	5.76212	3.77277	4.57609	4.35255	
5.74791	5.8475	10.9652	5.74605	3.69157	4.55868	10.2822	11.687	2.88451	0	3.18484	4.56999	3.74939	5.53095	3.16961	
0.663457	16.3311	5.48092	7.24385	0.50673	1.37384	14.0001	12.0578	6.06935	3.18484	0	5.3805	4.51424	8.71579	5.09402	
5.03049	7.76671	6.39521	8.62365	4.87377	5.03209	12.0723	10.9233	5.76212	4.56999	5.3805	0	3.37982	7.95747	3.9596	
8.50281	6.73576	9.77503	6.63431	5.02097	4.76906	8.67996	7.54352	3.77277	3.74939	4.51424	3.37982	0	3.53885	0.57978	
0.216965	7.53908	8.49383	1.80672	0.373692	7.14835	11.9463	11.4764	4.57609	5.53095	8.71579	7.95747	3.53885	0	2.95907	
3.17604	10.5998	12.0701	4.76579	8.92587	4.18928	9.6538	8.1233	4.35255	3.16961	5.09402	3.9596	0.57978	2.95907	0	

0	9.46995	16.8643	8.63918	1.15273	13.3227	5.08956	6.98337	15.4394	4.44485	4.61256	5.99672	5.41015	16.3289	8.04278	
9.46995	0	15.6096	13.2155	8.31722	5.0418	8.59245	4.06966	15.7207	10.238	6.91562	6.60394	5.64288	11.8843	6.6216	
16.8643	15.6096	0	10.2447	6.39907	4.81306	12.5478	6.29525	0.437692	7.36929	2.93924	12.11	6.37593	9.49669	3.74331	
8.63918	13.2155	10.2447	0	7.98271	8.17374	9.88482	10.1924	12.9353	11.2748	7.30547	12.8267	8.61922	7.68971	11.2518	
1.15273	8.31722	6.39907	7.98271	0	5.33365	6.24229	7.52689	9.08968	3.29213	3.45983	4.84399	6.31938	15.6724	7.86038	
13.3227	5.0418	4.81306	8.17374	5.33365	0	16.8687	5.94088	7.50367	6.30387	1.87382	11.6457	8.64687	6.84248	6.01425	
5.08956	8.59245	12.5478	9.88482	6.24229	16.8687	0	4.52279	12.994	4.07183	8.50188	7.70584	5.60077	16.6733	7.07474	
6.98337	4.06966	6.29525	10.1924	7.52689	5.94088	4.52279	0	9.69691	7.75124	4.06706	10.6736	1.57322	15.0944	2.55194	
15.4394	15.7207	0.437692	12.9353	9.08968	7.50367	12.994	9.69691	0	8.91364	3.37693	13.7226	10.0292	9.059	4.181	
4.44485	10.238	7.36929	11.2748	3.29213	6.30387	4.07183	7.75124	8.91364	0	4.43005	3.63402	9.32445	12.6015	7.77973	
4.61256	6.91562	2.93924	7.30547	3.45983	1.87382	8.50188	4.06706	3.37693	4.43005	0	8.06406	5.64028	8.7163	6.619	
5.99672	6.60394	12.11	12.8267	4.84399	11.6457	7.70584	10.6736	13.7226	3.63402	8.06406	0	9.22418	16.2355	10.7055	
5.41015	5.64288	6.37593	8.61922	6.31938	8.64687	5.60077	1.57322	10.0292	9.32445	5.64028	9.22418	0	15.1751	2.63263	
16.3289	11.8843	9.49669	7.68971	15.6724	6.84248	16.6733	15.0944	9.059	12.6015	8.7163	16.2355	15.1751	0	12.5425	
8.04278	6.6216	3.74331	11.2518	7.86038	6.01425	7.07474	2.55194	4.181	7.77973	6.619	10.7055	2.63263	12.5425	0	

0	5.38687	5.24368	7.69746	0.239215	6.47962	5.81139	9.61447	2.51753	7.00463	2.31048	13.7538	9.9328	10.1897	6.71182	
5.38687	0	6.53909	12.6059	5.14765	8.56236	5.82793	1.77806	3.92988	9.02793	4.80524	6.65824	4.13169	9.62216	4.32127	
5.24368	6.53909	0	4.62053	6.78687	2.02327	5.76811	8.31714	2.72615	2.48884	3.60151	6.40248	6.34368	3.08307	2.81221	
7.69746	12.6059	4.62053	0	7.45825	12.5549	4.88071	21.2955	9.20961	15.3026	6.99208	12.3075	14.8341	1.53746	13.9309	
0.239215	5.14765	6.78687	7.45825	0	6.71883	9.38614	6.92571	2.75674	5.40124	2.07126	4.82858	3.69934	7.52588	6.47261	
6.47962	8.56236	2.02327	12.5549	6.71883	0	13.9607	3.33216	4.74942	4.51211	6.73887	7.0624	6.35278	5.10634	0.788946	
5.81139	5.82793	5.76811	4.88071	9.38614	13.9607	0	5.84386	3.29387	3.27926	3.32431	4.22277	1.69623	3.34325	7.26006	
9.61447	1.77806	8.31714	21.2955	6.92571	3.33216	5.84386	0	5.70793	12.8427	5.77571	6.67417	4.14763	14.7691	2.54321	
2.51753	3.92988	2.72615	9.20961	2.75674	4.74942	3.29387	5.70793	0	4.20534	0.875363	3.63268	2.50344	5.80922	7.09966	
7.00463	9.02793	2.48884	15.3026	5.40124	4.51211	3.27926	12.8427	4.20534	0	3.32998	6.0873	4.95805	5.57191	10.2995	
2.31048	4.80524	3.60151	6.99208	2.07126	6.73887	3.32431	5.77571	0.875363	3.32998	0	2.75732	1.62808	5.45462	7.19191	
13.7538	6.65824	6.40248	12.3075	4.82858	7.0624	4.22277	6.67417	3.63268	6.0873	2.75732	0	2.52654	8.21194	6.27345	
9.9328	4.13169	6.34368	14.8341	3.69934	6.35278	1.69623	4.14763	2.50344	4.95805	1.62808	2.52654	0	5.03948	5.56383	
10.1897	9.62216	3.08307	1.53746	7.52588	5.10634	3.34325	14.7691	5.80922	5.57191	5.45462	8.21194	5.03948	0	11.8064	
6.71182	4.32127	2.81221	13.9309	6.47261	0.788946	7.26006	2.54321	7.09966	10.2995	7.19191	6.27345	5.56383	11.8064	0	

0	12.1177	14.2171	9.01507	1.70145	12.8322	10.028	16.0129	10.2757	10.9806	2.55177	8.76409	12.7775	15.4817	13.7318	
12.1177	0	2.95396	6.93362	9.96612	4.7673	5.00664	8.2402	3.13756	2.62893	3.45243	2.90348	0.635759	7.13674	5.15935	
14.2171	2.95396	0	9.88758	11.4396	2.42957	3.11305	7.9181	10.5368	4.35197	6.69581	5.85744	3.58972	4.18278	10.1992	
9.01507	6.93362	9.88758	0	7.31362	7.97368	8.92362	10.7854	3.73498	6.05128	6.41967	9.8371	6.23678	13.598	9.5204	
1.70145	9.96612	11.4396	7.31362	0	5.11656	8.32659	7.05129	3.53501	3.61718	0.850319	7.06264	3.66699	5.092	5.43887	
12.8322	4.7673	2.42957	7.97368	5.11656	0	5.54263	10.3477	6.63334	1.9224	4.26624	3.61804	3.91557	6.61235	8.65514	
10.028	5.00664	3.11305	8.92362	8.32659	5.54263	0	7.75362	8.65556	3.82635	6.59322	7.81814	5.64239	7.29583	10.0347	
16.0129	8.2402	7.9181	10.7854	7.05129	10.3477	7.75362	0	8.88566	8.96783	6.20097	8.81118	6.80471	9.40081	2.28112	
10.2757	3.13756	10.5368	3.73498	3.53501	6.63334	8.65556	8.88566	0	4.49497	2.68469	11.9923	2.5018	6.92637	7.02539	
10.9806	2.62893	4.35197	6.05128	3.61718	1.9224	3.82635	8.96783	4.49497	0	2.76686	5.54044	1.99317	7.00855	6.51677	
2.55177	3.45243	6.69581	6.41967	0.850319	4.26624	6.59322	6.20097	2.68469	2.76686	0	7.88427	2.81668	4.24168	4.58855	
8.76409	2.90348	5.85744	9.8371	7.06264	3.61804	7.81814	8.81118	11.9923	5.54044	7.88427	0	3.53924	10.5617	6.53006	
12.7775	0.635759	3.58972	6.23678	3.66699	3.91557	5.64239	6.80471	2.5018	1.99317	2.81668	3.53924	0	7.05836	4.5236	
15.4817	7.13674	4.18278	13.598	5.092	6.61235	7.29583	9.40081	6.92637	7.00855	4.24168	10.5617	7.05836	0	7.11969	
13.7318	5.15935	10.1992	9.5204	5.43887	8.65514	10.0347	2.28112	7.02539	6.51677	4.58855	6.53006	4.5236	7.11969	0	

0	8.49242	7.38123	6.25203	0.394761	11.25	5.37232	7.29455	7.49539	7.80015	5.39684	5.99708	7.72924	5.42381	7.75041	
8.49242	0	9.98291	9.57539	13.9368	11.0523	3.12009	3.83358	5.24315	8.10854	6.85555	3.73627	2.00411	11.8474	3.47363	
7.38123	9.98291	0	4.63313	7.77599	5.11039	5.46637	10.6072	3.34331	6.34432	8.74764	9.81454	8.15603	10.4602	9.62555	
6.25203	9.57539	4.63313	0	5.85727	8.36944	6.4553	12.8323	7.97643	9.85623	7.45292	8.12637	9.85853	5.82706	9.87969	
0.394761	13.9368	7.77599	5.85727	0	11.6067	5.76708	7.68931	13.9501	8.09959	5.69628	6.39184	8.828	5.81857	7.35848	
11.25	11.0523	5.11039	8.36944	11.6067	0	9.17179	7.21877	8.4537	8.3137	5.91039	5.25287	6.98503	13.8926	7.00619	
5.37232	3.12009	5.46637	6.4553	5.76708	9.17179	0	6.95367	2.12306	4.98845	3.73546	8.5943	5.12421	10.7961	9.94847	
7.29455	3.83358	10.6072	12.8323	7.68931	7.21877	6.95367	0	9.22504	12.0648	10.8374	4.59982	4.31601	12.7184	2.84649	
7.49539	5.24315	3.34331	7.97643	13.9501	8.4537	2.12306	9.22504	0	7.11151	5.85853	6.47123	8.20339	14.2239	8.22456	
7.80015	8.10854	6.34432	9.85623	8.09959	8.3137	4.98845	12.0648	7.11151	0	2.40331	14.1479	10.2353	10.3856	15.2818	
5.39684	6.85555	8.74764	7.45292	5.69628	5.91039	3.73546	10.8374	5.85853	2.40331	0	11.1633	12.6255	7.98225	12.8785	
5.99708	3.73627	9.81454	8.12637	6.39184	5.25287	8.5943	4.59982	6.47123	14.1479	11.1633	0	1.73216	11.4209	1.75332	
7.72924	2.00411	8.15603	9.85853	8.828	6.98503	5.12421	4.31601	8.20339	10.2353	12.6255	1.73216	0	13.5156	1.46952	
5.42381	11.8474	10.4602	5.82706	5.81857	13.8926	10.7961	12.7184	14.2239	10.3856	7.98225	11.4209	13.5156	0	12.046	
7.75041	3.47363	9.62555	9.87969	7.35848	7.00619	9.94847	2.84649	8.22456	15.2818	12.8785	1.75332	1.46952	12.046	0	

0	8.71735	11.8889	15.6209	2.10476	3.69523	8.87805	15.4038	7.75936	4.84642	2.0711	7.70514	13.5032	7.65483	6.57248	
8.71735	0	8.55983	12.2918	6.61258	12.3699	5.69876	0.511106	4.43029	9.35424	7.88621	9.14868	9.63013	17.1664	9.70621	
11.8889	8.55983	0	11.1363	17.116	13.52	5.398	11.0145	4.12953	13.6913	11.9426	12.4476	3.71205	10.2336	8.34386	
15.6209	12.2918	11.1363	0	13.611	11.1779	5.99505	15.5059	7.26352	4.36051	6.4865	7.95661	8.43805	0.902772	11.4829	
2.10476	6.61258	17.116	13.611	0	3.93329	7.56193	7.12369	9.08668	2.74166	1.27363	5.60037	14.3359	6.1994	5.77501	
3.69523	12.3699	13.52	11.1779	3.93329	0	5.18282	16.5293	6.45128	1.19163	3.74972	7.14437	7.62582	4.64937	8.2511	
8.87805	5.69876	5.398	5.99505	7.56193	5.18282	0	7.69823	1.26846	6.37445	8.93254	1.96155	2.443	6.89783	3.93244	
15.4038	0.511106	11.0145	15.5059	7.12369	16.5293	7.69823	0	4.9414	17.721	13.6965	11.166	12.09	17.6775	9.19511	
7.75936	4.43029	4.12953	7.26352	9.08668	6.45128	1.26846	4.9414	0	12.4224	7.81305	3.23002	3.71146	8.76427	11.1275	
4.84642	9.35424	13.6913	4.36051	2.74166	1.19163	6.37445	17.721	12.4224	0	4.01529	6.22092	10.9996	3.45774	8.1918	
2.0711	7.88621	11.9426	6.4865	1.27363	3.74972	8.93254	13.6965	7.81305	4.01529	0	6.47226	9.13319	5.58372	4.50138	
7.70514	9.14868	12.4476	7.95661	5.60037	7.14437	1.96155	11.166	3.23002	6.22092	6.47226	0	4.40455	9.67866	1.97089	
13.5032	9.63013	3.71205	8.43805	14.3359	7.62582	2.443	12.09	3.71146	10.9996	9.13319	4.40455	0	13.9456	4.63181	
7.65483	17.1664	10.2336	0.902772	6.1994	4.64937	6.89783	17.6775	8.76427	3.45774	5.58372	9.67866	13.9456	0	10.0851	
6.57248	9.70621	8.34386	11.4829	5.77501	8.2511	3.93244	9.19511	11.1275	8.1918	4.50138	1.97089	4.63181	10.0851	0	

0	10.7412	5.45138	3.65999	0.175876	4.30349	8.05266	13.6149	5.47499	1.25728	3.48904	6.10208	7.02454	3.25796	11.8075	
10.7412	0	5.34511	6.45655	11.3146	5.01896	4.31625	1.56637	6.01546	9.54476	10.5004	5.9278	3.71666	11.4756	1.86061	
5.45138	5.34511	0	3.13675	12.1169	1.73156	1.02886	16.2972	4.47734	9.77051	8.80375	5.21078	2.05698	2.19342	3.84557	
3.65999	6.45655	3.13675	0	3.48411	2.843	2.14029	16.9231	5.58877	4.56551	3.01553	6.32222	3.16841	0.943331	4.95701	
0.175876	11.3146	12.1169	3.48411	0	2.60079	5.6244	13.439	5.29911	1.0814	3.31317	4.39938	7.20042	3.43383	10.1048	
4.30349	5.01896	1.73156	2.843	2.60079	0	0.702703	9.59174	4.15118	1.51939	5.94524	4.83736	1.73082	4.37283	3.51942	
8.05266	4.31625	1.02886	2.14029	5.6244	0.702703	0	5.88262	3.44848	2.22209	5.15582	4.18192	1.02812	3.08362	2.81672	
13.6149	1.56637	16.2972	16.9231	13.439	9.59174	5.88262	0	7.58182	12.8392	15.0344	7.88297	5.28303	13.042	3.42698	
5.47499	6.01546	4.47734	5.58877	5.29911	4.15118	3.44848	7.58182	0	5.49706	4.48491	7.63041	4.4766	10.0883	6.2652	
1.25728	9.54476	9.77051	4.56551	1.0814	1.51939	2.22209	12.8392	5.49706	0	4.39457	3.31797	9.80865	5.89221	7.38516	
3.48904	10.5004	8.80375	3.01553	3.31317	5.94524	5.15582	15.0344	4.48491	4.39457	0	5.16945	8.85083	3.95886	9.23664	
6.10208	5.9278	5.21078	6.32222	4.39938	4.83736	4.18192	7.88297	7.63041	3.31797	5.16945	0	5.21004	10.0039	4.06719	
7.02454	3.71666	2.05698	3.16841	7.20042	1.73082	1.02812	5.28303	4.4766	9.80865	8.85083	5.21004	0	10.2825	3.84483	
3.25796	11.4756	2.19342	0.943331	3.43383	4.37283	3.08362	13.042	10.0883	5.89221	3.95886	10.0039	10.2825	0	11.9693	
11.8075	1.86061	3.84557	4.95701	10.1048	3.51942	2.81672	3.42698	6.2652	7.38516	9.23664	4.06719	3.84483	11.9693	0	

0	8.73806	10.2857	7.75355	0.994742	14.1638	13.086	4.74092	6.55763	7.25681	13.1784	9.37278	8.8047	10.4618	6.14398	
8.73806	0	5.63368	9.37334	16.1044	10.5744	7.71262	3.99714	6.37743	7.15058	7.32665	15.4021	4.13037	9.73562	5.4002	
10.2857	5.63368	0	8.08405	7.77897	4.94068	7.25758	8.95478	5.43711	1.5169	12.9603	15.0967	6.03705	4.10194	8.84676	
7.75355	9.37334	8.08405	0	9.12287	5.4673	11.3674	11.1729	1.19591	5.11612	7.05873	8.42059	3.44298	5.92664	5.74786	
0.994742	16.1044	7.77897	9.12287	0	15.5331	12.0027	5.73567	7.55238	6.26207	14.1731	9.50652	10.174	9.46708	12.4789	
14.1638	10.5744	4.94068	5.4673	15.5331	0	11.9924	14.2949	6.66322	6.45758	12.526	10.156	8.41018	9.04261	11.2199	
13.086	7.71262	7.25758	11.3674	12.0027	11.9924	0	2.77518	5.82932	5.74068	4.30865	3.71325	3.58225	13.7492	1.37212	
4.74092	3.99714	8.95478	11.1729	5.73567	14.2949	2.77518	0	5.955	7.43788	11.3238	14.1137	4.21276	15.4464	1.40306	
6.55763	6.37743	5.43711	1.19591	7.55238	6.66322	5.82932	5.955	0	3.92021	7.04204	7.22467	2.24707	7.12255	4.55194	
7.25681	7.15058	1.5169	5.11612	6.26207	6.45758	5.74068	7.43788	3.92021	0	10.0493	9.45393	5.12902	5.61884	7.1128	
13.1784	7.32665	12.9603	7.05873	14.1731	12.526	4.30865	11.3238	7.04204	10.0493	0	8.02189	7.8909	12.9854	5.68077	
9.37278	15.4021	15.0967	8.42059	9.50652	10.156	3.71325	14.1137	7.22467	9.45393	8.02189	0	7.2955	18.4797	5.08537	
8.8047	4.13037	6.03705	3.44298	10.174	8.41018	3.58225	4.21276	2.24707	5.12902	7.8909	7.2955	0	10.139	2.8097	
10.4618	9.73562	4.10194	5.92664	9.46708	9.04261	13.7492	15.4464	7.12255	5.61884	12.9854	18.4797	10.139	0	18.065	
6.14398	5.4002	8.84676	5.74786	12.4789	11.2199	1.37212	1.40306	4.55194	7.1128	5.68077	5.08537	2.8097	18.065	0	

0	5.44476	7.82012	15.675	1.41367	6.03923	7.54885	4.01978	4.52873	2.79688	5.90786	3.28823	2.07231	7.41863	0.881004	
5.44476	0	12.7605	7.5941	6.85843	2.18097	4.79218	1.66499	3.19049	3.96737	4.84376	6.17447	4.03174	7.18436	4.80377	
7.82012	12.7605	0	9.86594	10.5379	3.79994	3.35439	6.48158	2.79041	8.58816	5.456	7.33745	9.34043	5.57611	6.43814	
15.675	7.5941	9.86594	0	10.2948	5.41314	9.29759	11.8998	6.42266	7.42447	9.76709	13.2807	13.4596	4.28983	14.0629	
1.41367	6.85843	10.5379	10.2948	0	20.0145	11.2951	7.76601	6.44338	6.5431	5.88554	7.03445	5.81853	6.00496	2.29468	
6.03923	2.18097	3.79994	5.41314	20.0145	0	6.60321	3.84596	1.00953	3.734	3.67512	6.6132	6.2127	6.86865	4.65725	
7.54885	4.79218	3.35439	9.29759	11.2951	6.60321	0	3.12719	6.1448	5.42957	8.89444	3.98306	6.12579	5.95638	6.26597	
4.01978	1.66499	6.48158	11.8998	7.76601	3.84596	3.12719	0	6.7865	2.30238	6.50875	5.18158	4.33008	5.43702	3.13878	
4.52873	3.19049	2.79041	6.42266	6.44338	1.00953	6.1448	6.7865	0	4.74353	2.66559	6.05495	4.83903	8.36652	3.64772	
2.79688	3.96737	8.58816	7.42447	6.5431	3.734	5.42957	2.30238	4.74353	0	8.18794	2.8792	2.97952	3.13464	1.91587	
5.90786	4.84376	5.456	9.76709	5.88554	3.67512	8.89444	6.50875	2.66559	8.18794	0	10.6532	8.8755	6.68454	6.31331	
3.28823	6.17447	7.33745	13.2807	7.03445	6.6132	3.98306	5.18158	6.05495	2.8792	10.6532	0	2.14273	6.01385	2.40723	
2.07231	4.03174	9.34043	13.4596	5.81853	6.2127	6.12579	4.33008	4.83903	2.97952	8.8755	2.14273	0	6.11417	1.1913	
7.41863	7.18436	5.57611	4.28983	6.00496	6.86865	5.95638	5.43702	8.36652	3.13464	6.68454	6.01385	6.11417	0	5.05052	
0.881004	4.80377	6.43814	14.0629	2.29468	4.65725	6.26597	3.13878	3.64772	1.91587	6.31331	2.40723	1.1913	5.05052	0	

-111