10
5
2
2
50

6	11
10	43
1	33
14	23
27	48

12	21
1	2
11	28
2	10
14	5
10	12
23	24
24	11
8	30
11	27

150

1.79769e+308
1.79769e+308
1.79769e+308
1.79769e+308
1.79769e+308

11
15
11
14
17
13
14
15
13
17

0
0
0
0
0

0

0	8.21496	1.49502	2.06917	12.1611	1.37693	6.14832	5.1304	3.97465	3.02694	0.383367	3.6075	6.32244	7.285	2.3382
8.21496	0	6.71994	6.45719	11.0277	6.12344	6.23604	7.99032	6.68021	4.69505	6.95665	3.96043	1.39956	5.73133	5.00182
1.49502	6.71994	0	1.40355	6.82966	2.09579	9.0415	3.58284	5.46967	4.52197	1.87839	2.98888	5.54975	1.95357	3.14843
2.06917	6.45719	1.40355	0	5.42611	0.692236	9.02072	2.17929	8.36715	3.21759	3.69971	4.39243	7.31494	0.550015	1.27952
12.1611	11.0277	6.82966	5.42611	0	6.11834	9.29786	7.60539	13.2623	9.49378	12.3833	16.055	13.4509	5.12049	5.85
1.37693	6.12344	2.09579	0.692236	6.11834	0	5.64673	2.87152	5.35158	2.52535	1.7603	6.49828	5.82084	1.24225	1.12162
6.14832	6.23604	9.0415	9.02072	9.29786	5.64673	0	6.22487	4.88646	3.12138	7.92985	7.39735	4.83648	7.49467	9.82994
5.1304	7.99032	3.58284	2.17929	7.60539	2.87152	6.22487	0	8.70917	3.10349	4.74704	6.67288	6.39898	2.7293	2.9885
3.97465	6.68021	5.46967	8.36715	13.2623	5.35158	4.88646	8.70917	0	7.00159	4.35801	7.84152	5.28064	7.49119	6.76169
3.02694	4.69505	4.52197	3.21759	9.49378	2.52535	3.12138	3.10349	7.00159	0	3.41031	5.85636	3.29549	4.37329	3.64698
0.383367	6.95665	1.87839	3.69971	12.3833	1.7603	7.92985	4.74704	4.35801	3.41031	0	3.22413	5.785	2.68434	1.95483
3.6075	3.96043	2.98888	4.39243	16.055	6.49828	7.39735	6.67288	7.84152	5.85636	3.22413	0	2.56087	9.9356	5.17896
6.32244	1.39956	5.54975	7.31494	13.4509	5.82084	4.83648	6.39898	5.28064	3.29549	5.785	2.56087	0	6.29957	5.57006
7.285	5.73133	1.95357	0.550015	5.12049	1.24225	7.49467	2.7293	7.49119	4.37329	2.68434	9.9356	6.29957	0	0.729505
2.3382	5.00182	3.14843	1.27952	5.85	1.12162	9.82994	2.9885	6.76169	3.64698	1.95483	5.17896	5.57006	0.729505	0
														
0	3.89893	3.99199	10.8861	9.88058	6.93172	11.7584	5.97654	3.01315	5.44017	1.40945	4.64324	3.58287	5.41009	5.43939
3.89893	0	6.09766	4.10206	9.55272	3.03279	7.80315	2.84468	6.91208	1.54124	3.88073	6.22274	3.56945	1.51116	1.54046
3.99199	6.09766	0	7.54098	12.0896	6.66704	16.4071	7.46943	7.00514	10.1452	5.40144	10.8168	6.64479	4.5865	6.89242
10.8861	4.10206	7.54098	0	2.31457	1.06927	10.2754	0.727091	5.50327	4.01349	4.49024	1.25645	4.19423	2.95448	2.03131
9.88058	9.55272	12.0896	2.31457	0	1.97996	14.4732	1.58748	11.509	6.70531	6.15457	3.94827	6.2977	4.47041	2.8917
6.93172	3.03279	6.66704	1.06927	1.97996	0	14.1263	0.39248	8.96906	4.57403	4.95957	2.32573	4.13883	2.08054	1.6967
11.7584	7.80315	16.4071	10.2754	14.4732	14.1263	0	14.2688	14.9545	6.26191	15.1958	10.9434	8.17554	10.2338	12.9646
5.97654	2.84468	7.46943	0.727091	1.58748	0.39248	14.2688	0	7.62088	4.74059	4.56709	1.98354	4.94122	2.47302	1.30421
3.01315	6.91208	7.00514	5.50327	11.509	8.96906	14.9545	7.62088	0	8.69261	3.05379	4.24682	6.59603	9.79134	10.6889
5.44017	1.54124	10.1452	4.01349	6.70531	4.57403	6.26191	4.74059	8.69261	0	5.42197	4.6815	7.61929	3.0524	3.0817
1.40945	3.88073	5.40144	4.49024	6.15457	4.95957	15.1958	4.56709	3.05379	5.42197	0	3.23379	4.99233	5.39189	5.42119
4.64324	6.22274	10.8168	1.25645	3.94827	2.32573	10.9434	1.98354	4.24682	4.6815	3.23379	0	2.93778	4.21093	5.35327
3.58287	3.56945	6.64479	4.19423	6.2977	4.13883	8.17554	4.94122	6.59603	7.61929	4.99233	2.93778	0	2.05829	6.45794
5.41009	1.51116	4.5865	2.95448	4.47041	2.08054	10.2338	2.47302	9.79134	3.0524	5.39189	4.21093	2.05829	0	3.05162
5.43939	1.54046	6.89242	2.03131	2.8917	1.6967	12.9646	1.30421	10.6889	3.0817	5.42119	5.35327	6.45794	3.05162	0
														
0	3.48422	5.2352	3.4657	7.32803	5.71786	1.64897	2.92128	1.6239	4.71394	3.17919	3.87547	14.8322	5.12274	5.69185
3.48422	0	5.83171	4.06221	7.51431	9.13528	1.83525	3.51779	2.22041	9.4422	3.7757	4.47198	13.7433	4.03384	7.17056
5.2352	5.83171	0	2.82179	11.2476	1.76724	5.56854	4.90868	3.6113	12.0787	5.16658	3.6319	2.28912	3.30039	3.40197
3.4657	4.06221	2.82179	0	11.1082	1.05455	5.07232	3.13917	1.8418	10.5435	3.39708	3.73509	4.29067	9.78605	2.68928
7.32803	7.51431	11.2476	11.1082	0	9.03333	5.67906	1.40604	2.70341	8.66288	5.35311	8.84656	8.17601	3.40094	7.7028
5.71786	9.13528	1.76724	1.05455	9.03333	0	6.97004	7.6273	2.89635	6.77134	6.28948	3.32194	3.23612	5.06763	1.63473
1.64897	1.83525	5.56854	5.07232	5.67906	6.97004	0	4.5279	3.23052	7.52915	4.7858	5.48209	7.85766	5.86909	5.33531
2.92128	3.51779	4.90868	3.13917	1.40604	7.6273	4.5279	0	1.29738	4.42893	2.85266	3.54895	6.76997	1.99491	6.29677
1.6239	2.22041	3.6113	1.8418	2.70341	2.89635	3.23052	1.29738	0	2.03714	1.55528	2.25157	5.90042	3.29228	3.93878
4.71394	9.4422	12.0787	10.5435	8.66288	6.77134	7.52915	4.42893	2.03714	0	0.481855	8.38643	14.0031	9.25175	6.69921
3.17919	3.7757	5.16658	3.39708	5.35311	6.28948	4.7858	2.85266	1.55528	0.481855	0	3.80685	9.5256	5.94198	7.18107
3.87547	4.47198	3.6319	3.73509	8.84656	3.32194	5.48209	3.54895	2.25157	8.38643	3.80685	0	5.92102	6.34825	1.68722
14.8322	13.7433	2.28912	4.29067	8.17601	3.23612	7.85766	6.76997	5.90042	14.0031	9.5256	5.92102	0	5.58951	4.87085
5.12274	4.03384	3.30039	9.78605	3.40094	5.06763	5.86909	1.99491	3.29228	9.25175	5.94198	6.34825	5.58951	0	4.66103
5.69185	7.17056	3.40197	2.68928	7.7028	1.63473	5.33531	6.29677	3.93878	6.69921	7.18107	1.68722	4.87085	4.66103	0
														
0	13.0235	7.28981	2.9174	10.3901	6.37902	3.56897	4.12231	2.80335	1.02286	3.22514	5.63381	1.60507	2.31405	9.09193
13.0235	0	4.73495	5.68789	21.2057	12.2911	9.87018	3.86631	19.8401	18.6056	4.69157	7.67488	7.00022	6.98948	5.43284
7.28981	4.73495	0	4.35819	5.00338	4.13447	6.87251	0.868642	10.2419	2.96948	1.6939	11.0231	3.29199	1.67829	2.43518
2.9174	5.68789	4.35819	0	9.73284	7.41041	7.21732	3.32289	4.36999	6.24542	4.31481	1.98699	1.31233	2.92603	1.75635
10.3901	21.2057	5.00338	9.73284	0	7.2348	17.4811	5.87202	14.009	6.06981	9.42917	8.06284	6.39231	4.77862	9.19356
6.37902	12.2911	4.13447	7.41041	7.2348	0	7.61449	5.57935	6.84888	3.74737	7.10673	9.67211	4.06988	2.45618	6.87112
3.56897	9.87018	6.87251	7.21732	17.4811	7.61449	0	6.00387	0.765613	2.84971	6.82913	6.7118	3.82327	7.51869	7.57041
4.12231	3.86631	0.868642	3.32289	5.87202	5.57935	6.00387	0	6.42233	3.02755	0.82526	5.47654	3.36467	2.54693	1.56654
2.80335	19.8401	10.2419	4.36999	14.009	6.84888	0.765613	6.42233	0	2.0841	4.28639	5.94619	3.05766	3.37529	12.5907
1.02286	18.6056	2.96948	6.24542	6.06981	3.74737	2.84971	3.02755	2.0841	0	2.20229	7.90318	2.62793	1.29119	5.70613
3.22514	4.69157	1.6939	4.31481	9.42917	7.10673	6.82913	0.82526	4.28639	2.20229	0	10.1774	4.18993	3.49348	2.3918
5.63381	7.67488	11.0231	1.98699	8.06284	9.67211	6.7118	5.47654	5.94619	7.90318	10.1774	0	3.29932	5.64244	3.74334
1.60507	7.00022	3.29199	1.31233	6.39231	4.06988	3.82327	3.36467	3.05766	2.62793	4.18993	3.29932	0	1.6137	3.06868
2.31405	6.98948	1.67829	2.92603	4.77862	2.45618	7.51869	2.54693	3.37529	1.29119	3.49348	5.64244	1.6137	0	4.41494
9.09193	5.43284	2.43518	1.75635	9.19356	6.87112	7.57041	1.56654	12.5907	5.70613	2.3918	3.74334	3.06868	4.41494	0
														
0	10.2547	9.99806	3.25939	7.115	2.19125	8.07736	5.18746	4.64935	0.773968	4.68449	5.5466	4.9061	6.11727	3.56336
10.2547	0	13.2896	7.49582	9.89099	8.06349	14.9805	5.6255	16.2053	16.523	11.6395	5.20861	12.3909	7.66995	9.18673
9.99806	13.2896	0	3.91272	7.01084	6.95512	9.61974	6.32813	5.40861	8.62457	2.48762	8.08095	5.24561	4.28367	4.58738
3.25939	7.49582	3.91272	0	2.72743	2.6717	11.1654	2.99061	4.34609	4.03336	1.4251	2.28721	4.18309	1.53748	0.303969
7.115	9.89099	7.01084	2.72743	0	4.79119	5.89366	5.38578	2.46565	6.43696	5.38664	4.68238	13.6021	3.65697	2.42346
2.19125	8.06349	6.95512	2.6717	4.79119	0	6.91701	2.99621	6.8406	2.96522	6.72632	3.69961	6.94344	3.60125	2.36773
8.07736	14.9805	9.61974	11.1654	5.89366	6.91701	0	7.38053	3.42801	7.39931	6.349	10.7823	12.9205	5.33607	6.56959
5.18746	5.6255	6.32813	2.99061	5.38578	2.99621	7.38053	0	9.55133	7.38776	6.82834	0.7034	9.93965	2.04446	3.27797
4.64935	16.2053	5.40861	4.34609	2.46565	6.8406	3.42801	9.55133	0	3.97131	2.92099	7.14803	5.67898	7.22361	4.88911
0.773968	16.523	8.62457	4.03336	6.43696	2.96522	7.39931	7.38776	3.97131	0	6.89012	9.94051	4.13213	5.2707	4.03718
4.68449	11.6395	2.48762	1.4251	5.38664	6.72632	6.349	6.82834	2.92099	6.89012	0	3.71231	2.75799	6.77129	1.72907
5.5466	5.20861	8.08095	2.28721	4.68238	3.69961	10.7823	0.7034	7.14803	9.94051	3.71231	0	7.90842	2.74786	2.59118
4.9061	12.3909	5.24561	4.18309	13.6021	6.94344	12.9205	9.93965	5.67898	4.13213	2.75799	7.90842	0	9.47543	5.92517
6.11727	7.66995	4.28367	1.53748	3.65697	3.60125	5.33607	2.04446	7.22361	5.2707	6.77129	2.74786	9.47543	0	1.23352
3.56336	9.18673	4.58738	0.303969	2.42346	2.36773	6.56959	3.27797	4.88911	4.03718	1.72907	2.59118	5.92517	1.23352	0
														
0	9.95109	3.02699	3.63946	11.4165	3.41734	7.2691	4.24275	1.99617	5.28759	4.1004	7.05116	10.0497	4.7611	6.46353
9.95109	0	3.03217	7.52411	7.52977	5.7721	9.40566	8.1274	4.06298	6.22067	5.1917	9.2749	15.9871	4.21169	11.575
3.02699	3.03217	0	2.34781	4.4976	2.73993	6.37349	3.56535	1.03082	7.8548	2.15954	5.37578	7.01994	1.17952	6.0168
3.63946	7.52411	2.34781	0	7.44393	0.222124	4.48667	1.04754	2.37398	3.38766	2.98695	4.47196	4.92159	1.16829	3.88433
11.4165	7.52977	4.4976	7.44393	0	7.23754	10.8711	9.70748	5.52842	11.5577	6.65714	3.95736	2.52234	5.67712	9.09107
3.41734	5.7721	2.73993	0.222124	7.23754	0	3.16594	0.825412	2.5961	3.60978	3.20907	5.93988	5.14371	1.39042	4.05253
7.2691	9.40566	6.37349	4.48667	10.8711	3.16594	0	2.34053	5.9546	7.21132	6.33445	11.5338	13.7968	6.44316	5.56764
4.24275	8.1274	3.56535	1.04754	9.70748	0.825412	2.34053	0	4.52012	4.8708	5.13309	3.81474	7.06773	2.56903	3.22711
1.99617	4.06298	1.03082	2.37398	5.52842	2.5961	5.9546	4.52012	0	5.76164	3.19035	13.4118	7.29557	2.21033	6.25831
5.28759	6.22067	7.8548	3.38766	11.5577	3.60978	7.21132	4.8708	5.76164	0	6.3746	3.05423	4.48925	4.55595	3.64186
4.1004	5.1917	2.15954	2.98695	6.65714	3.20907	6.33445	5.13309	3.19035	6.3746	0	5.9825	7.90854	3.33906	5.39487
7.05116	9.2749	5.37578	4.47196	3.95736	5.93988	11.5338	3.81474	13.4118	3.05423	5.9825	0	1.43502	4.19626	0.587628
10.0497	15.9871	7.01994	4.92159	2.52234	5.14371	13.7968	7.06773	7.29557	4.48925	7.90854	1.43502	0	5.63127	2.02265
4.7611	4.21169	1.17952	1.16829	5.67712	1.39042	6.44316	2.56903	2.21033	4.55595	3.33906	4.19626	5.63127	0	4.78388
6.46353	11.575	6.0168	3.88433	9.09107	4.05253	5.56764	3.22711	6.25831	3.64186	5.39487	0.587628	2.02265	4.78388	0
														
0	3.38342	3.03035	3.07903	2.83419	1.15653	3.54121	1.66755	5.95499	0.541649	0.608942	2.90538	5.08661	2.73595	2.76762
3.38342	0	2.32285	2.37152	4.37644	4.13096	2.83371	1.33796	13.5349	4.84497	2.39656	2.19788	4.37911	2.02845	2.06012
3.03035	2.32285	0	2.01845	10.8128	3.77789	2.48064	0.984888	5.76167	4.4919	2.04349	1.84481	3.32365	1.19025	1.70704
3.07903	2.37152	2.01845	0	9.66043	3.82656	2.52931	1.03356	0.501973	4.54058	2.09217	1.89348	3.25319	1.72405	1.75572
2.83419	4.37644	10.8128	9.66043	0	12.8892	11.3348	5.7144	7.70588	2.29254	7.95273	7.28716	11.9097	6.62931	7.51701
1.15653	4.13096	3.77789	3.82656	12.8892	0	4.28875	2.793	8.30288	1.69818	1.76547	3.65292	5.83415	3.26664	3.51515
3.54121	2.83371	2.48064	2.52931	11.3348	4.28875	0	1.49575	3.2838	5.00276	2.55435	2.35567	4.5369	2.18624	2.2179
1.66755	1.33796	0.984888	1.03356	5.7144	2.793	1.49575	0	1.53554	2.58711	1.0586	0.859921	3.04115	0.690489	0.722156
5.95499	13.5349	5.76167	0.501973	7.70588	8.30288	3.2838	1.53554	0	5.41334	5.68372	2.96157	2.75122	5.9233	2.85639
0.541649	4.84497	4.4919	4.54058	2.29254	1.69818	5.00276	2.58711	5.41334	0	1.15059	4.36693	6.54816	4.1975	4.22917
0.608942	2.39656	2.04349	2.09217	7.95273	1.76547	2.55435	1.0586	5.68372	1.15059	0	1.91852	4.09975	1.74909	1.78076
2.90538	2.19788	1.84481	1.89348	7.28716	3.65292	2.35567	0.859921	2.96157	4.36693	1.91852	0	3.90107	1.55041	1.58208
5.08661	4.37911	3.32365	3.25319	11.9097	5.83415	4.5369	3.04115	2.75122	6.54816	4.09975	3.90107	0	3.73164	3.76331
2.73595	2.02845	1.19025	1.72405	6.62931	3.26664	2.18624	0.690489	5.9233	4.1975	1.74909	1.55041	3.73164	0	1.41265
2.76762	2.06012	1.70704	1.75572	7.51701	3.51515	2.2179	0.722156	2.85639	4.22917	1.78076	1.58208	3.76331	1.41265	0
														
0	7.44063	5.11748	2.28213	3.08292	4.59511	0.457702	2.64489	3.86845	6.02692	1.81006	5.42944	3.91334	3.25716	2.99427
7.44063	0	0.835656	3.671	3.40826	3.97189	6.87049	2.79551	5.36696	6.98815	4.00518	4.25173	7.90341	2.55808	2.44613
5.11748	0.835656	0	2.83534	4.24392	4.10488	11.9002	10.3209	5.96954	11.449	6.59713	5.09138	8.73906	3.39374	3.28179
2.28213	3.671	2.83534	0	2.51567	2.42471	2.73983	1.92185	4.28937	6.1145	3.76178	3.14731	5.86506	3.83852	1.57248
3.08292	3.40826	4.24392	2.51567	0	4.05791	10.8536	12.1619	4.03688	6.19535	1.27286	4.65049	3.37614	2.71995	4.08815
4.59511	3.97189	4.10488	2.42471	4.05791	0	5.62325	2.30722	1.86466	4.02313	2.78505	2.37062	4.88833	1.41381	3.99719
0.457702	6.87049	11.9002	2.73983	10.8536	5.62325	0	3.1026	4.32615	6.48093	2.26776	6.20307	8.03319	5.34024	4.42436
2.64489	2.79551	10.3209	1.92185	12.1619	2.30722	3.1026	0	6.51334	4.8914	2.34051	2.58705	14.0799	0.893413	0.349373
3.86845	5.36696	5.96954	4.28937	4.03688	1.86466	4.32615	6.51334	0	2.15847	2.81909	4.02092	3.71074	3.27847	6.70049
6.02692	6.98815	11.449	6.1145	6.19535	4.02313	6.48093	4.8914	2.15847	0	3.65555	6.1794	1.55227	7.53174	4.54202
1.81006	4.00518	6.59713	3.76178	1.27286	2.78505	2.26776	2.34051	2.81909	3.65555	0	3.14074	2.10328	1.4471	4.43682
5.42944	4.25173	5.09138	3.14731	4.65049	2.37062	6.20307	2.58705	4.02092	6.1794	3.14074	0	6.5685	1.69364	4.68336
3.91334	7.90341	8.73906	5.86506	3.37614	4.88833	8.03319	14.0799	3.71074	1.55227	2.10328	6.5685	0	3.55038	6.09429
3.25716	2.55808	3.39374	3.83852	2.71995	1.41381	5.34024	0.893413	3.27847	7.53174	1.4471	1.69364	3.55038	0	1.24279
2.99427	2.44613	3.28179	1.57248	4.08815	3.99719	4.42436	0.349373	6.70049	4.54202	4.43682	4.68336	6.09429	1.24279	0
														
0	15.1625	3.02925	5.91748	10.1224	1.59718	1.83903	4.03517	2.41434	10.8221	0.722846	5.91307	3.15821	5.05443	3.22888
15.1625	0	8.734	13.7678	12.4279	11.6731	14.0522	11.8092	14.1726	16.4123	11.0404	11.2789	12.6445	12.4222	11.5708
3.02925	8.734	0	5.21143	3.69394	2.93912	8.2675	5.37711	3.9979	7.67829	2.30641	8.58964	4.74177	7.21226	4.81244
5.91748	13.7678	5.21143	0	4.02876	4.53515	9.29698	3.73529	5.18174	8.79923	4.70304	4.80685	5.48509	5.95017	2.19701
10.1224	12.4279	3.69394	4.02876	0	5.40574	6.73372	3.37004	9.13252	7.47878	4.33779	4.66164	5.11984	3.51832	1.83176
1.59718	11.6731	2.93912	4.53515	5.40574	0	3.43622	2.43798	4.32823	10.1762	2.32003	7.27113	5.0721	5.75146	3.57398
1.83903	14.0522	8.2675	9.29698	6.73372	3.43622	0	6.52888	6.34085	7.17586	2.56188	4.35872	6.38652	3.2154	8.9718
4.03517	11.8092	5.37711	3.73529	3.37004	2.43798	6.52888	0	9.08443	7.27394	4.04432	4.4568	4.18571	3.31348	1.53829
2.41434	14.1726	3.9979	5.18174	9.13252	4.32823	6.34085	9.08443	0	13.1169	1.69149	9.98859	4.12686	8.41713	4.19753
10.8221	16.4123	7.67829	8.79923	7.47878	10.1762	7.17586	7.27394	13.1169	0	9.10826	5.10378	6.87872	3.96046	6.60222
0.722846	11.0404	2.30641	4.70304	4.33779	2.32003	2.56188	4.04432	1.69149	9.10826	0	3.80095	2.43537	6.72563	2.50604
5.91307	11.2789	8.58964	4.80685	4.66164	7.27113	4.35872	4.4568	9.98859	5.10378	3.80095	0	1.36558	1.14332	4.65367
3.15821	12.6445	4.74177	5.48509	5.11984	5.0721	6.38652	4.18571	4.12686	6.87872	2.43537	1.36558	0	2.5089	3.28808
5.05443	12.4222	7.21226	5.95017	3.51832	5.75146	3.2154	3.31348	8.41713	3.96046	6.72563	1.14332	2.5089	0	4.85177
3.22888	11.5708	4.81244	2.19701	1.83176	3.57398	8.9718	1.53829	4.19753	6.60222	2.50604	4.65367	3.28808	4.85177	0
														
0	7.7423	4.80501	3.94433	14.6902	1.87834	5.16075	4.03579	0.565782	3.30931	1.7148	7.61321	4.42771	2.53433	2.84039
7.7423	0	6.08482	4.93948	11.4348	5.16705	7.89671	4.06023	7.69012	7.94939	10.8932	5.23601	8.86708	4.51105	5.39034
4.80501	6.08482	0	7.20232	21.1119	2.22976	15.6708	2.3783	4.75283	7.28658	8.52154	9.00951	5.92979	1.57376	2.76363
3.94433	4.93948	7.20232	0	13.0464	2.14206	9.36604	3.2197	3.37855	8.68999	4.91257	2.23252	9.98459	2.79805	1.88959
14.6902	11.4348	21.1119	13.0464	0	15.1885	15.0895	15.495	14.1244	13.2381	15.6584	15.2789	14.3565	15.9459	14.936
1.87834	5.16705	2.22976	2.14206	15.1885	0	7.97496	1.46053	2.44412	5.18765	3.59314	4.37458	5.01202	0.655996	0.962056
5.16075	7.89671	15.6708	9.36604	15.0895	7.97496	0	5.7406	6.6624	1.85144	7.81142	11.4991	2.96985	8.66632	7.47645
4.03579	4.06023	2.3783	3.2197	15.495	1.46053	5.7406	0	3.98361	3.88916	9.63283	5.61208	5.00756	0.804536	1.33011
0.565782	7.69012	4.75283	3.37855	14.1244	2.44412	6.6624	3.98361	0	3.87509	1.53402	5.61107	6.85297	3.17907	4.36894
3.30931	7.94939	7.28658	8.68999	13.2381	5.18765	1.85144	3.88916	3.87509	0	5.02411	9.50124	1.11841	4.69369	5.21927
1.7148	10.8932	8.52154	4.91257	15.6584	3.59314	7.81142	9.63283	1.53402	5.02411	0	16.1292	5.31895	4.71309	8.30272
7.61321	5.23601	9.00951	2.23252	15.2789	4.37458	11.4991	5.61208	5.61107	9.50124	16.1292	0	10.766	6.41662	4.12211
4.42771	8.86708	5.92979	9.98459	14.3565	5.01202	2.96985	5.00756	6.85297	1.11841	5.31895	10.766	0	4.35603	5.54589
2.53433	4.51105	1.57376	2.79805	15.9459	0.655996	8.66632	0.804536	3.17907	4.69369	4.71309	6.41662	4.35603	0	1.18987
2.84039	5.39034	2.76363	1.88959	14.936	0.962056	7.47645	1.33011	4.36894	5.21927	8.30272	4.12211	5.54589	1.18987	0
														
0	3.81472	5.30233	3.99312	28.5693	6.01353	6.14333	6.7685	1.55563	8.23357	6.56842	4.24066	12.0281	3.08331	2.64522
3.81472	0	2.80486	5.35177	11.4412	4.62331	8.88436	8.00757	2.25909	8.92802	8.43189	6.34967	6.39065	3.60264	4.04072
5.30233	2.80486	0	2.54692	18.3434	4.71121	9.86289	5.20272	5.06395	9.58548	5.84737	7.81715	9.19551	6.40749	5.21227
3.99312	5.35177	2.54692	0	19.6397	4.02795	6.52316	3.26629	5.54874	4.9656	3.30045	4.26079	8.76009	3.10343	2.66535
28.5693	11.4412	18.3434	19.6397	0	10.8412	17.3729	16.815	11.8041	14.2267	22.1736	10.5856	19.0046	7.83853	8.27662
6.01353	4.62331	4.71121	4.02795	10.8412	0	7.03128	7.29424	6.88241	5.47372	3.80857	3.10594	4.46954	3.00263	3.36831
6.14333	8.88436	9.86289	6.52316	17.3729	7.03128	0	6.84126	6.62527	4.88786	3.22271	7.74362	6.38003	9.53434	8.78855
6.7685	8.00757	5.20272	3.26629	16.815	7.29424	6.84126	0	9.19949	4.38276	5.96188	5.71871	6.92013	4.56136	4.12328
1.55563	2.25909	5.06395	5.54874	11.8041	6.88241	6.62527	9.19949	0	8.53312	8.12405	6.71261	8.64975	3.96558	4.20085
8.23357	8.92802	9.58548	4.9656	14.2267	5.47372	4.88786	4.38276	8.53312	0	1.66515	2.59474	2.53737	5.34178	4.19018
6.56842	8.43189	5.84737	3.30045	22.1736	3.80857	3.22271	5.96188	8.12405	1.66515	0	4.25989	4.20252	6.8112	5.9658
4.24066	6.34967	7.81715	4.26079	10.5856	3.10594	7.74362	5.71871	6.71261	2.59474	4.25989	0	1.36359	2.03352	1.59544
12.0281	6.39065	9.19551	8.76009	19.0046	4.46954	6.38003	6.92013	8.64975	2.53737	4.20252	1.36359	0	4.11063	2.95903
3.08331	3.60264	6.40749	3.10343	7.83853	3.00263	9.53434	4.56136	3.96558	5.34178	6.8112	2.03352	4.11063	0	0.438085
2.64522	4.04072	5.21227	2.66535	8.27662	3.36831	8.78855	4.12328	4.20085	4.19018	5.9658	1.59544	2.95903	0.438085	0
														
0	3.75165	4.87822	5.78668	2.37153	4.15557	12.4204	1.56653	3.75452	3.13712	0.846892	4.1532	9.81713	5.33442	5.74433
3.75165	0	1.2986	6.12014	6.49961	6.42203	17.6264	8.68641	9.91254	7.76162	4.59854	3.53208	12.0138	3.53859	11.2588
4.87822	1.2986	0	4.82154	5.20102	5.12343	16.3278	4.75097	6.93896	6.32156	4.03133	4.11631	8.76826	2.24	3.9529
5.78668	6.12014	4.82154	0	6.01216	1.63111	10.5898	4.0013	7.60296	6.54938	6.36673	5.84485	3.94672	4.90464	3.19174
2.37153	6.49961	5.20102	6.01216	0	6.26026	10.2185	2.24427	4.43226	3.81486	1.52464	4.60641	11.52	4.53333	2.82042
4.15557	6.42203	5.12343	1.63111	6.26026	0	12.1952	3.8536	7.64325	7.02585	4.57323	4.21374	5.57783	6.09006	4.66316
12.4204	17.6264	16.3278	10.5898	10.2185	12.1952	0	8.20764	6.25947	8.89347	9.1671	13.123	9.91571	9.11098	7.39807
1.56653	8.68641	4.75097	4.0013	2.24427	3.8536	8.20764	0	3.62726	3.00986	0.719634	4.35978	9.50917	2.52247	0.809565
3.75452	9.91254	6.93896	7.60296	4.43226	7.64325	6.25947	3.62726	0	4.62008	2.90762	6.54777	3.65624	7.39516	9.13591
3.13712	7.76162	6.32156	6.54938	3.81486	7.02585	8.89347	3.00986	4.62008	0	2.29023	4.22954	8.27632	6.10585	5.00437
0.846892	4.59854	4.03133	6.36673	1.52464	4.57323	9.1671	0.719634	2.90762	2.29023	0	3.64015	6.56386	4.48753	1.5292
4.1532	3.53208	4.11631	5.84485	4.60641	4.21374	13.123	4.35978	6.54777	4.22954	3.64015	0	10.0599	1.87631	3.58922
9.81713	12.0138	8.76826	3.94672	11.52	5.57783	9.91571	9.50917	3.65624	8.27632	6.56386	10.0599	0	10.4125	7.13846
5.33442	3.53859	2.24	4.90464	4.53333	6.09006	9.11098	2.52247	7.39516	6.10585	4.48753	1.87631	10.4125	0	1.71291
5.74433	11.2588	3.9529	3.19174	2.82042	4.66316	7.39807	0.809565	9.13591	5.00437	1.5292	3.58922	7.13846	1.71291	0
														
0	1.96351	5.22501	3.79682	4.76281	0.700097	0.28793	3.51563	1.55681	0.973972	2.264	7.3989	6.02584	5.18429	3.36195
1.96351	0	8.44499	5.71751	1.35782	3.92008	1.67559	8.21475	7.53535	4.60219	8.57878	7.87833	9.24582	11.0486	8.36844
5.22501	8.44499	0	3.45367	10.143	4.52491	10.148	6.62246	9.19842	5.20702	5.47482	12.4325	9.85066	2.26338	5.37125
3.79682	5.71751	3.45367	0	4.35969	3.09672	4.28193	1.33396	3.68129	2.78392	1.4939	8.3057	5.86097	1.1903	1.18027
4.76281	1.35782	10.143	4.35969	0	4.47095	3.03341	7.9916	6.58033	3.78884	5.07886	6.52051	11.3334	5.54998	5.53996
0.700097	3.92008	4.52491	3.09672	4.47095	0	0.988027	7.81822	2.25691	0.682112	1.97214	10.8938	5.32575	4.28702	4.06204
0.28793	1.67559	10.148	4.28193	3.03341	0.988027	0	9.02878	1.84474	1.2619	2.88817	7.11097	13.2257	7.17187	3.64988
3.51563	8.21475	6.62246	1.33396	7.9916	7.81822	9.02878	0	5.71023	8.6429	6.03436	5.81009	3.49504	3.26156	0.153686
1.55681	7.53535	9.19842	3.68129	6.58033	2.25691	1.84474	5.71023	0	2.53079	2.1874	11.5203	6.55447	5.39884	4.91876
0.973972	4.60219	5.20702	2.78392	3.78884	0.682112	1.2619	8.6429	2.53079	0	1.29002	10.3093	5.6571	4.50147	4.33592
2.264	8.57878	5.47482	1.4939	5.07886	1.97214	2.88817	6.03436	2.1874	1.29002	0	9.7996	4.36707	2.68419	2.67417
7.3989	7.87833	12.4325	8.3057	6.52051	10.8938	7.11097	5.81009	11.5203	10.3093	9.7996	0	8.25915	9.496	5.96377
6.02584	9.24582	9.85066	5.86097	11.3334	5.32575	13.2257	3.49504	6.55447	5.6571	4.36707	8.25915	0	7.57852	3.64873
5.18429	11.0486	2.26338	1.1903	5.54998	4.28702	7.17187	3.26156	5.39884	4.50147	2.68419	9.496	7.57852	0	2.37057
3.36195	8.36844	5.37125	1.18027	5.53996	4.06204	3.64988	0.153686	4.91876	4.33592	2.67417	5.96377	3.64873	2.37057	0
														
0	10.1018	5.58905	4.81988	2.83316	1.23305	9.87631	2.59761	2.39807	3.42723	0.680959	1.60778	2.87491	4.94038	2.08992
10.1018	0	7.02867	4.51125	3.47114	5.07125	9.01087	6.34768	16.4156	11.0803	16.7229	7.33751	15.6838	8.26998	7.43775
5.58905	7.02867	0	3.19519	3.55753	4.356	12.966	4.34976	4.96977	7.4445	8.46638	7.70432	8.22828	2.42745	5.21287
4.81988	4.51125	3.19519	0	1.04011	2.64023	9.77085	4.38284	9.96847	4.35543	5.37732	6.58458	9.08442	5.62264	3.29277
2.83316	3.47114	3.55753	1.04011	0	1.60011	10.811	3.06731	10.426	11.4667	8.04814	5.78454	7.0977	5.98498	2.45699
1.23305	5.07125	4.356	2.64023	1.60011	0	8.05195	1.46719	3.63112	1.91953	1.91401	2.45702	5.49759	3.3895	0.856873
9.87631	9.01087	12.966	9.77085	10.811	8.05195	0	8.28515	7.47824	8.25774	9.27962	10.9619	12.7153	10.0206	7.19508
2.59761	6.34768	4.34976	4.38284	3.06731	1.46719	8.28515	0	4.46462	2.15273	3.17461	0.98983	6.96478	1.92231	1.09007
2.39807	16.4156	4.96977	9.96847	10.426	3.63112	7.47824	4.46462	0	7.58684	3.07903	4.00584	5.23703	2.54232	5.72885
3.42723	11.0803	7.4445	4.35543	11.4667	1.91953	8.25774	2.15273	7.58684	0	2.74627	5.72246	4.94022	4.2492	1.06266
0.680959	16.7229	8.46638	5.37732	8.04814	1.91401	9.27962	3.17461	3.07903	2.74627	0	2.28874	2.19395	5.27108	2.08455
1.60778	7.33751	7.70432	6.58458	5.78454	2.45702	10.9619	0.98983	4.00584	5.72246	2.28874	0	9.68202	2.91214	2.0799
2.87491	15.6838	8.22828	9.08442	7.0977	5.49759	12.7153	6.96478	5.23703	4.94022	2.19395	9.68202	0	5.80083	4.2785
4.94038	8.26998	2.42745	5.62264	5.98498	3.3895	10.0206	1.92231	2.54232	4.2492	5.27108	2.91214	5.80083	0	3.01238
2.08992	7.43775	5.21287	3.29277	2.45699	0.856873	7.19508	1.09007	5.72885	1.06266	2.08455	2.0799	4.2785	3.01238	0
														
0	6.66506	12.2531	2.97358	7.92966	5.80477	3.05737	4.07745	3.18554	5.91124	2.03143	6.96977	6.27717	6.20844	3.94268
6.66506	0	10.5701	8.05028	7.42753	8.36727	9.72243	7.56664	7.08544	9.14046	8.23955	10.0851	12.9422	8.77414	8.53222
12.2531	10.5701	0	4.32207	5.34305	3.8041	8.5492	3.00347	4.53662	8.58142	5.04948	4.17229	8.40432	2.4381	3.96905
2.97358	8.05028	4.32207	0	4.41494	2.51916	6.11757	2.98817	2.09626	4.45726	0.942153	2.79791	4.24483	1.88397	2.11414
7.92966	7.42753	5.34305	4.41494	0	3.21881	13.918	3.26638	4.73655	9.77804	4.21204	9.67547	13.7474	5.57967	2.3008
5.80477	8.36727	3.8041	2.51916	3.21881	0	3.5984	0.80063	3.35376	6.88776	2.82926	1.90336	3.35028	2.00813	0.918011
3.05737	9.72243	8.5492	6.11757	13.918	3.5984	0	4.39903	8.20961	10.4862	5.0888	5.50176	9.33454	5.82007	4.51641
4.07745	7.56664	3.00347	2.98817	3.26638	0.80063	4.39903	0	3.20012	5.92582	2.04601	2.70399	4.60554	1.2075	0.965584
3.18554	7.08544	4.53662	2.09626	4.73655	3.35376	8.20961	3.20012	0	2.17276	1.15411	2.99969	4.44661	2.09852	2.43575
5.91124	9.14046	8.58142	4.45726	9.77804	6.88776	10.4862	5.92582	2.17276	0	3.32687	5.17245	9.50098	4.27127	4.60851
2.03143	8.23955	5.04948	0.942153	4.21204	2.82926	5.0888	2.04601	1.15411	3.32687	0	3.74006	5.98587	2.82612	1.91124
6.96977	10.0851	4.17229	2.79791	9.67547	1.90336	5.50176	2.70399	2.99969	5.17245	3.74006	0	1.44692	1.73419	2.82137
6.27717	12.9422	8.40432	4.24483	13.7474	3.35028	9.33454	4.60554	4.44661	9.50098	5.98587	1.44692	0	3.18111	7.15786
6.20844	8.77414	2.4381	1.88397	5.57967	2.00813	5.82007	1.2075	2.09852	4.27127	2.82612	1.73419	3.18111	0	2.17308
3.94268	8.53222	3.96905	2.11414	2.3008	0.918011	4.51641	0.965584	2.43575	4.60851	1.91124	2.82137	7.15786	2.17308	0
														
0	18.2261	8.80594	7.51851	5.67006	2.58411	5.01859	9.23151	2.5949	3.99948	2.59304	8.58045	3.46477	9.67375	3.65906
18.2261	0	2.76309	2.52751	5.39464	13.7914	6.55044	2.17782	10.8629	23.5401	9.32651	4.60724	9.05091	1.08969	2.39286
8.80594	2.76309	0	4.79751	7.59357	9.73191	3.78735	5.97382	6.70085	10.4857	10.615	4.10823	15.6653	3.85277	5.90839
7.51851	2.52751	4.79751	0	5.74278	2.98972	6.04128	1.17631	6.24318	8.61718	9.67465	3.71494	8.80289	1.43783	1.91477
5.67006	5.39464	7.59357	5.74278	0	9.48168	10.6585	5.39309	8.33749	4.48345	3.07701	3.48534	11.1938	4.30495	5.2855
2.58411	13.7914	9.73191	2.98972	9.48168	0	7.39692	2.06999	4.48343	7.77735	5.17716	2.87511	6.04889	2.37813	1.07495
5.01859	6.55044	3.78735	6.04128	10.6585	7.39692	0	7.21759	2.91349	6.69837	7.61163	7.89559	8.48336	6.35353	7.2419
9.23151	2.17782	5.97382	1.17631	5.39309	2.06999	7.21759	0	5.32345	7.69744	9.32495	2.7952	7.62659	1.08813	0.995039
2.5949	10.8629	6.70085	6.24318	8.33749	4.48343	2.91349	5.32345	0	6.66691	5.18795	6.12857	6.05968	5.63159	4.32841
3.99948	23.5401	10.4857	8.61718	4.48345	7.77735	6.69837	7.69744	6.66691	0	1.40644	7.91324	9.266	8.00558	6.7024
2.59304	9.32651	10.615	9.67465	3.07701	5.17716	7.61163	9.32495	5.18795	1.40644	0	6.5068	6.05782	7.38197	8.10884
8.58045	4.60724	4.10823	3.71494	3.48534	2.87511	7.89559	2.7952	6.12857	7.91324	6.5068	0	10.7518	3.10334	1.80016
3.46477	9.05091	15.6653	8.80289	11.1938	6.04889	8.48336	7.62659	6.05968	9.266	6.05782	10.7518	0	7.96122	8.62163
9.67375	1.08969	3.85277	1.43783	4.30495	2.37813	6.35353	1.08813	5.63159	8.00558	7.38197	3.10334	7.96122	0	1.30318
3.65906	2.39286	5.90839	1.91477	5.2855	1.07495	7.2419	0.995039	4.32841	6.7024	8.10884	1.80016	8.62163	1.30318	0
														
0	7.76441	8.73105	4.49225	7.48798	6.75709	7.21431	3.33317	2.62317	7.42701	3.32146	5.44837	6.32356	8.01029	3.65971
7.76441	0	7.7035	5.59032	7.19232	8.57822	13.4834	4.43124	14.1964	19.845	11.3588	6.54644	12.7535	13.3323	4.75778
8.73105	7.7035	0	6.55695	6.95765	5.20084	5.77988	5.39788	10.371	9.17793	6.07166	7.51308	7.01009	5.62879	5.72442
4.49225	5.59032	6.55695	0	11.1946	3.4305	6.75846	1.15907	8.32291	1.72726	7.02813	3.27427	2.70829	2.31054	1.48562
7.48798	7.19232	6.95765	11.1946	0	7.77363	10.2123	11.6236	7.51753	13.7658	4.16652	13.8657	9.01702	12.5864	12.4189
6.75709	8.57822	5.20084	3.4305	7.77363	0	5.85942	4.04031	7.20015	3.89156	3.60711	5.36951	1.80925	5.74105	3.71377
7.21431	13.4834	5.77988	6.75846	10.2123	5.85942	0	7.35901	4.59114	6.13247	6.04579	5.24381	4.05016	9.33685	13.0612
3.33317	4.43124	5.39788	1.15907	11.6236	4.04031	7.35901	0	5.95634	2.88634	6.65463	2.1152	3.86737	3.05911	0.326542
2.62317	14.1964	10.371	8.32291	7.51753	7.20015	4.59114	5.95634	0	11.1772	5.94463	9.30284	8.6413	9.88847	8.47007
7.42701	19.845	9.17793	1.72726	13.7658	3.89156	6.13247	2.88634	11.1772	0	6.9328	5.64256	2.08231	4.03781	6.07166
3.32146	11.3588	6.07166	7.02813	4.16652	3.60711	6.04579	6.65463	5.94463	6.9328	0	8.41075	4.8505	9.33867	7.32088
5.44837	6.54644	7.51308	3.27427	13.8657	5.36951	5.24381	2.1152	9.30284	5.64256	8.41075	0	3.56025	4.09304	2.44174
6.32356	12.7535	7.01009	2.70829	9.01702	1.80925	4.05016	3.86737	8.6413	2.08231	4.8505	3.56025	0	5.01884	5.52302
8.01029	13.3323	5.62879	2.31054	12.5864	5.74105	9.33685	3.05911	9.88847	4.03781	9.33867	4.09304	5.01884	0	2.73257
3.65971	4.75778	5.72442	1.48562	12.4189	3.71377	13.0612	0.326542	8.47007	6.07166	7.32088	2.44174	5.52302	2.73257	0
														
0	6.84864	3.67657	4.28448	12.674	7.6235	2.13334	2.041	1.95846	5.46336	1.55998	2.47191	4.32575	6.39815	13.6137
6.84864	0	12.6067	9.62544	2.36696	5.67086	6.30372	7.89077	4.89018	7.04748	15.2731	11.5574	26.8036	7.65577	8.18485
3.67657	12.6067	0	4.52864	8.75897	5.45507	6.96183	6.85622	7.71654	6.92815	7.85853	1.20466	9.15423	5.1309	6.47196
4.28448	9.62544	4.52864	0	3.44737	0.143471	5.99259	1.21068	5.80852	2.6393	2.7245	3.32398	14.0601	1.57105	1.04197
12.674	2.36696	8.75897	3.44737	0	3.3039	13.5948	4.70506	7.25714	4.68052	6.00483	10.404	17.1801	5.83507	5.64529
7.6235	5.67086	5.45507	0.143471	3.3039	0	7.07858	1.40115	5.66505	2.49583	1.88218	3.46745	13.9167	2.53117	1.18544
2.13334	6.30372	6.96183	5.99259	13.5948	7.07858	0	3.74911	1.41354	4.91844	3.26809	4.60525	2.1924	12.9047	9.76406
2.041	7.89077	6.85622	1.21068	4.70506	1.40115	3.74911	0	7.0662	3.89699	0.48102	6.6133	11.7878	0.697783	0.168706
1.95846	4.89018	7.71654	5.80852	7.25714	5.66505	1.41354	7.0662	0	3.5049	3.51844	4.43036	3.60594	8.19621	8.00644
5.46336	7.04748	6.92815	2.6393	4.68052	2.49583	4.91844	3.89699	3.5049	0	6.35961	5.72349	11.1066	5.027	4.83722
1.55998	15.2731	7.85853	2.7245	6.00483	1.88218	3.26809	0.48102	3.51844	6.35961	0	4.03189	5.46049	4.2625	0.649726
2.47191	11.5574	1.20466	3.32398	10.404	3.46745	4.60525	6.6133	4.43036	5.72349	4.03189	0	12.8013	3.92624	4.36595
4.32575	26.8036	9.15423	14.0601	17.1801	13.9167	2.1924	11.7878	3.60594	11.1066	5.46049	12.8013	0	16.4478	16.258
6.39815	7.65577	5.1309	1.57105	5.83507	2.53117	12.9047	0.697783	8.19621	5.027	4.2625	3.92624	16.4478	0	0.529078
13.6137	8.18485	6.47196	1.04197	5.64529	1.18544	9.76406	0.168706	8.00644	4.83722	0.649726	4.36595	16.258	0.529078	0
														
0	9.70428	5.77667	6.69882	16.4764	7.16337	3.13828	5.35911	1.10372	3.92164	2.34201	3.24862	5.87146	5.11142	3.72747
9.70428	0	11.2405	3.32881	10.1977	5.3832	15.9927	4.94734	7.03558	10.589	7.12102	3.982	8.09614	5.70929	4.41183
5.77667	11.2405	0	4.21004	16.512	4.46215	4.89986	0.912938	7.84167	3.22025	4.23528	4.49068	1.42528	0.665249	1.96271
6.69882	3.32881	4.21004	0	13.5265	3.48916	7.74953	1.61853	2.7981	4.80724	3.79221	0.653192	3.15781	1.86622	3.07692
16.4764	10.1977	16.512	13.5265	0	15.5809	14.9714	21.2555	17.5801	13.2917	14.3068	22.6808	20.2014	19.3292	14.6095
7.16337	5.3832	4.46215	3.48916	15.5809	0	10.9443	1.87063	5.49506	5.2718	4.25677	5.33053	4.17048	2.11832	3.32903
3.13828	15.9927	4.89986	7.74953	14.9714	10.9443	0	7.28472	2.03456	1.67962	2.69465	4.17946	9.24682	9.00615	4.65831
5.35911	4.94734	0.912938	1.61853	21.2555	1.87063	7.28472	0	4.08214	5.81176	5.41074	2.27172	1.00772	0.247689	1.45839
1.10372	7.03558	7.84167	2.7981	17.5801	5.49506	2.03456	4.08214	0	2.25332	1.23829	2.1449	4.64952	3.92121	2.62375
3.92164	10.589	3.22025	4.80724	13.2917	5.2718	1.67962	5.81176	2.25332	0	1.01503	6.87867	7.51566	3.8855	7.35752
2.34201	7.12102	4.23528	3.79221	14.3068	4.25677	2.69465	5.41074	1.23829	1.01503	0	3.3832	6.50063	7.26066	3.86205
3.24862	3.982	4.49068	0.653192	22.6808	5.33053	4.17946	2.27172	2.1449	6.87867	3.3832	0	2.50461	3.26465	4.76866
5.87146	8.09614	1.42528	3.15781	20.2014	4.17048	9.24682	1.00772	4.64952	7.51566	6.50063	2.50461	0	0.760034	2.0575
5.11142	5.70929	0.665249	1.86622	19.3292	2.11832	9.00615	0.247689	3.92121	3.8855	7.26066	3.26465	0.760034	0	1.29746
3.72747	4.41183	1.96271	3.07692	14.6095	3.32903	4.65831	1.45839	2.62375	7.35752	3.86205	4.76866	2.0575	1.29746	0
														
0	7.45305	10.8631	3.33925	10.7279	2.59322	2.615	3.23866	6.39244	0.171854	1.81434	14.0099	1.28531	4.78028	3.02806
7.45305	0	7.9066	5.74574	7.00888	6.67112	11.9198	5.64515	14.131	7.6249	9.26739	11.8973	15.3363	5.22989	5.43455
10.8631	7.9066	0	3.90614	7.50949	6.25288	11.9744	2.22087	15.2586	5.34619	6.32762	6.54057	4.23274	2.67671	2.43147
3.33925	5.74574	3.90614	0	3.90139	0.819004	6.54056	0.521789	5.22657	12.278	1.59788	6.00499	7.34241	2.06341	0.311189
10.7279	7.00888	7.50949	3.90139	0	4.72039	9.71426	5.58667	11.2605	10.9826	8.9136	7.29243	11.7422	8.03488	4.21258
2.59322	6.67112	6.25288	0.819004	4.72039	0	1.57954	1.44716	4.40757	2.84792	0.778877	6.85799	11.4956	2.98878	1.13019
2.615	11.9198	11.9744	6.54056	9.71426	1.57954	0	4.90742	1.92567	2.86971	0.800665	12.5795	12.3501	10.7115	6.85175
3.23866	5.64515	2.22087	0.521789	5.58667	1.44716	4.90742	0	12.0153	6.1758	4.10675	4.31971	5.65714	1.96282	0.2106
6.39244	14.131	15.2586	5.22657	11.2605	4.40757	1.92567	12.0153	0	6.84981	2.72634	15.8219	14.5613	11.6399	5.64413
0.171854	7.6249	5.34619	12.278	10.9826	2.84792	2.86971	6.1758	6.84981	0	1.98619	14.9124	1.11345	19.3824	3.19991
1.81434	9.26739	6.32762	1.59788	8.9136	0.778877	0.800665	4.10675	2.72634	1.98619	0	8.42646	3.1825	8.01125	2.01544
14.0099	11.8973	6.54057	6.00499	7.29243	6.85799	12.5795	4.31971	15.8219	14.9124	8.42646	0	9.97684	8.50544	4.53031
1.28531	15.3363	4.23274	7.34241	11.7422	11.4956	12.3501	5.65714	14.5613	1.11345	3.1825	9.97684	0	6.90945	5.86774
4.78028	5.22989	2.67671	2.06341	8.03488	2.98878	10.7115	1.96282	11.6399	19.3824	8.01125	8.50544	6.90945	0	1.75222
3.02806	5.43455	2.43147	0.311189	4.21258	1.13019	6.85175	0.2106	5.64413	3.19991	2.01544	4.53031	5.86774	1.75222	0
														
0	5.66566	4.83728	5.64882	8.98241	6.25935	8.04698	9.9985	0.581586	2.62044	1.80724	4.22303	4.64476	7.04039	3.10389
5.66566	0	1.09204	5.67055	2.33697	2.86993	10.0982	4.32835	5.34773	4.67162	3.85842	7.17676	11.6226	3.39052	9.40397
4.83728	1.09204	0	3.02342	2.46308	1.77789	15.0322	3.23632	4.2557	4.26203	4.95045	7.45238	14.0182	2.29849	4.51023
5.64882	5.67055	3.02342	0	3.33359	1.24553	11.2694	3.4837	3.58994	3.99154	4.80474	4.42286	8.76517	3.27938	1.06763
8.98241	2.33697	2.46308	3.33359	0	4.24097	13.6345	5.6994	6.71878	7.32513	6.19538	6.78802	11.3491	4.76157	4.40122
6.25935	2.86993	1.77789	1.24553	4.24097	0	10.6918	5.01421	6.03359	5.23707	4.45211	5.66839	10.0107	4.07638	2.31316
8.04698	10.0982	15.0322	11.2694	13.6345	10.6918	0	11.0626	10.488	7.05294	6.23974	6.84652	9.61736	12.3483	13.2988
9.9985	4.32835	3.23632	3.4837	5.6994	5.01421	11.0626	0	4.93837	1.02572	1.83891	4.21606	8.77717	2.95811	2.41607
0.581586	5.34773	4.2557	3.58994	6.71878	6.03359	10.488	4.93837	0	7.74551	2.38883	3.64144	5.22635	4.73405	2.52231
2.62044	4.67162	4.26203	3.99154	7.32513	5.23707	7.05294	1.02572	7.74551	0	0.813198	4.10407	8.66518	3.93964	3.44178
1.80724	3.85842	4.95045	4.80474	6.19538	4.45211	6.23974	1.83891	2.38883	0.813198	0	3.31835	6.452	4.75284	8.32031
4.22303	7.17676	7.45238	4.42286	6.78802	5.66839	6.84652	4.21606	3.64144	4.10407	3.31835	0	4.56111	7.17417	5.49049
4.64476	11.6226	14.0182	8.76517	11.3491	10.0107	9.61736	8.77717	5.22635	8.66518	6.452	4.56111	0	11.6851	9.8328
7.04039	3.39052	2.29849	3.27938	4.76157	4.07638	12.3483	2.95811	4.73405	3.93964	4.75284	7.17417	11.6851	0	2.21175
3.10389	9.40397	4.51023	1.06763	4.40122	2.31316	13.2988	2.41607	2.52231	3.44178	8.32031	5.49049	9.8328	2.21175	0
														
0	5.72967	5.82523	4.26138	14.0095	4.47378	6.67493	3.87301	0.582469	2.44432	1.87225	10.6064	7.09324	13.3543	5.14803
5.72967	0	3.80887	4.13749	6.21259	1.7899	8.77274	1.85666	15.2106	2.84567	4.39143	5.18667	6.30358	5.2841	3.13167
5.82523	3.80887	0	3.85186	7.95948	3.08813	8.86829	1.95221	14.675	2.94122	6.24099	12.2594	6.01795	6.58988	3.22722
4.26138	4.13749	3.85186	0	9.07172	3.12053	7.19181	3.96977	5.50961	2.9612	2.38913	5.39203	2.1661	4.68818	5.24478
14.0095	6.21259	7.95948	9.07172	0	8.00249	17.0526	8.06925	18.9756	9.65529	13.4648	10.1315	6.90562	9.4277	11.4115
4.47378	1.7899	3.08813	3.12053	8.00249	0	7.40421	1.13591	8.76797	2.12492	2.60153	4.30285	5.28663	3.54441	2.41092
6.67493	8.77274	8.86829	7.19181	17.0526	7.40421	0	6.91608	10.4426	5.37475	4.80268	15.3741	10.181	9.70457	7.7581
3.87301	1.85666	1.95221	3.96977	8.06925	1.13591	6.91608	0	4.45548	0.989008	1.56108	5.43876	3.73869	3.22148	1.27501
0.582469	15.2106	14.675	5.50961	18.9756	8.76797	10.4426	4.45548	0	4.03892	2.45472	10.0239	6.7886	15.3901	14.7559
2.44432	2.84567	2.94122	2.9612	9.65529	2.12492	5.37475	0.989008	4.03892	0	0.572068	5.9756	2.74968	5.27176	2.26402
1.87225	4.39143	6.24099	2.38913	13.4648	2.60153	4.80268	1.56108	2.45472	0.572068	0	6.90438	3.32174	6.14594	5.70717
10.6064	5.18667	12.2594	5.39203	10.1315	4.30285	15.3741	5.43876	10.0239	5.9756	6.90438	0	3.22593	5.36611	7.31258
7.09324	6.30358	6.01795	2.1661	6.90562	5.28663	10.181	3.73869	6.7886	2.74968	3.32174	3.22593	0	2.52208	4.46856
13.3543	5.2841	6.58988	4.68818	9.4277	3.54441	9.70457	3.22148	15.3901	5.27176	6.14594	5.36611	2.52208	0	1.94647
5.14803	3.13167	3.22722	5.24478	11.4115	2.41092	7.7581	1.27501	14.7559	2.26402	5.70717	7.31258	4.46856	1.94647	0
														
0	13.1914	4.22533	4.74555	11.3089	3.36552	5.32971	8.54159	8.4356	2.25047	1.98476	2.95476	3.65059	6.77774	7.54553
13.1914	0	4.51135	5.2097	9.27402	9.01445	9.15594	2.46686	9.29684	7.47364	10.3952	11.2059	9.98937	1.95894	2.99926
4.22533	4.51135	0	5.80317	11.9118	5.08905	7.58239	3.06033	6.27259	6.47581	6.2101	7.18009	9.0485	2.55241	3.59273
4.74555	5.2097	5.80317	0	9.49024	1.8339	0.778165	2.92034	3.01744	3.99541	2.76079	3.04803	3.00452	3.25076	2.64993
11.3089	9.27402	11.9118	9.49024	0	7.41255	24.011	7.19872	6.22901	12.2865	8.15155	10.9485	6.48571	7.70664	7.46914
3.36552	9.01445	5.08905	1.8339	7.41255	0	2.61206	4.48772	1.18354	2.39827	1.38075	3.34565	3.04658	5.08466	4.2173
5.32971	9.15594	7.58239	0.778165	24.011	2.61206	0	4.42414	7.30377	5.01049	3.53896	3.8262	3.78269	4.02892	3.42809
8.54159	2.46686	3.06033	2.92034	7.19872	4.48772	4.42414	0	7.6044	6.02262	6.40677	6.69401	5.03508	0.507921	0.270418
8.4356	9.29684	6.27259	3.01744	6.22901	1.18354	7.30377	7.6044	0	3.58181	2.56429	7.83726	7.96699	7.3379	5.40084
2.25047	7.47364	6.47581	3.99541	12.2865	2.39827	5.01049	6.02262	3.58181	0	1.92299	0.947378	3.58882	5.5147	6.55502
1.98476	10.3952	6.2101	2.76079	8.15155	1.38075	3.53896	6.40677	2.56429	1.92299	0	2.87036	1.66583	6.01155	5.41072
2.95476	11.2059	7.18009	3.04803	10.9485	3.34565	3.8262	6.69401	7.83726	0.947378	2.87036	0	4.46274	6.29879	5.69796
3.65059	9.98937	9.0485	3.00452	6.48571	3.04658	3.78269	5.03508	7.96699	3.58882	1.66583	4.46274	0	5.543	5.3055
6.77774	1.95894	2.55241	3.25076	7.70664	5.08466	4.02892	0.507921	7.3379	5.5147	6.01155	6.29879	5.543	0	0.778338
7.54553	2.99926	3.59273	2.64993	7.46914	4.2173	3.42809	0.270418	5.40084	6.55502	5.41072	5.69796	5.3055	0.778338	0
														
0	5.57097	5.8269	1.76487	5.64413	1.11396	2.24769	2.89843	3.50774	0.916152	0.744281	4.33375	2.98104	5.9431	3.18121
5.57097	0	14.0711	4.23058	4.02	6.58859	6.36334	8.97175	12.4201	7.57327	4.82669	2.60475	14.3206	5.92707	4.38507
5.8269	14.0711	0	11.5808	21.4389	16.406	8.69661	2.92847	14.031	8.45178	8.17451	9.54341	25.6309	5.97314	3.80547
1.76487	4.23058	11.5808	0	3.04108	0.65091	3.10897	4.69475	3.04469	8.71155	2.41281	1.62583	10.1707	6.13176	3.40615
5.64413	4.02	21.4389	3.04108	0	6.66175	8.3914	10.1459	12.4932	5.54282	4.89985	1.41525	3.47793	10.0936	3.19557
1.11396	6.58859	16.406	0.65091	6.66175	0	3.36165	4.01239	2.39378	2.03012	1.7619	2.27674	14.8815	7.50025	4.46866
2.24769	6.36334	8.69661	3.10897	8.3914	3.36165	0	1.81052	6.49204	3.16384	2.99197	2.71384	7.897	3.24753	0.93352
2.89843	8.97175	2.92847	4.69475	10.1459	4.01239	1.81052	0	7.14495	3.81458	3.64271	2.65732	7.5882	3.04467	0.876997
3.50774	12.4201	14.031	3.04469	12.4932	2.39378	6.49204	7.14495	0	7.94263	4.15568	8.04827	12.7886	7.08031	6.26795
0.916152	7.57327	8.45178	8.71155	5.54282	2.03012	3.16384	3.81458	7.94263	0	1.66043	5.2499	2.06489	7.30244	5.89262
0.744281	4.82669	8.17451	2.41281	4.89985	1.7619	2.99197	3.64271	4.15568	1.66043	0	5.07803	4.81146	7.13057	5.72075
4.33375	2.60475	9.54341	1.62583	1.41525	2.27674	2.71384	2.65732	8.04827	5.2499	5.07803	0	4.89318	4.09433	1.78032
2.98104	14.3206	25.6309	10.1707	3.47793	14.8815	7.897	7.5882	12.7886	2.06489	4.81146	4.89318	0	8.49092	10.8049
5.9431	5.92707	5.97314	6.13176	10.0936	7.50025	3.24753	3.04467	7.08031	7.30244	7.13057	4.09433	8.49092	0	2.31401
3.18121	4.38507	3.80547	3.40615	3.19557	4.46866	0.93352	0.876997	6.26795	5.89262	5.72075	1.78032	10.8049	2.31401	0
														
0	7.01006	5.39227	5.33589	4.31802	4.71001	5.09015	4.99966	1.63494	7.18727	4.09882	4.30481	3.21541	3.17302	4.40308
7.01006	0	4.27038	7.01656	9.82524	5.68431	11.088	3.20356	18.3504	13.1851	5.68216	8.43298	11.4371	10.4882	2.60698
5.39227	4.27038	0	9.52238	5.55486	7.41534	4.85696	5.32852	6.83247	6.95408	3.86563	4.1626	7.67673	4.81886	6.87736
5.33589	7.01656	9.52238	0	12.4067	0.62588	7.04553	3.60331	6.97315	3.47249	4.17559	6.39448	6.33992	2.28079	3.70321
4.31802	9.82524	5.55486	12.4067	0	11.0744	6.5716	6.27714	2.68307	8.96678	9.42048	5.35294	12.6045	5.73737	7.99708
4.71001	5.68431	7.41534	0.62588	11.0744	0	4.54105	2.97743	4.70921	4.09837	2.60815	7.02036	6.03964	1.65491	3.07733
5.09015	11.088	4.85696	7.04553	6.5716	4.54105	0	2.45423	3.88852	4.07978	0.991333	6.55839	4.80244	1.94457	4.06651
4.99966	3.20356	5.32852	3.60331	6.27714	2.97743	2.45423	0	3.59407	4.55135	1.4629	6.26393	3.0622	2.41613	0.59658
1.63494	18.3504	6.83247	6.97315	2.68307	4.70921	3.88852	3.59407	0	6.2837	4.00753	2.66986	4.85035	3.0543	4.19065
7.18727	13.1851	6.95408	3.47249	8.96678	4.09837	4.07978	4.55135	6.2837	0	3.08845	8.95356	6.89955	4.04168	6.16363
4.09882	5.68216	3.86563	4.17559	9.42048	2.60815	0.991333	1.4629	4.00753	3.08845	0	8.02823	3.8111	0.953232	2.05948
4.30481	8.43298	4.1626	6.39448	5.35294	7.02036	6.55839	6.26393	2.66986	8.95356	8.02823	0	11.2036	5.72416	8.738
3.21541	11.4371	7.67673	6.33992	12.6045	6.03964	4.80244	3.0622	4.85035	6.89955	3.8111	11.2036	0	4.76434	3.65878
3.17302	10.4882	4.81886	2.28079	5.73737	1.65491	1.94457	2.41613	3.0543	4.04168	0.953232	5.72416	4.76434	0	4.02841
4.40308	2.60698	6.87736	3.70321	7.99708	3.07733	4.06651	0.59658	4.19065	6.16363	2.05948	8.738	3.65878	4.02841	0
														
0	14.0813	2.30259	2.73126	16.0454	2.10695	5.86652	1.31355	6.22175	8.36547	3.61815	7.17075	6.84094	4.90269	2.06662
14.0813	0	2.94334	8.32252	17.4131	4.88537	12.6447	3.93239	8.95046	13.4274	7.78099	15.6688	6.06005	4.4666	4.03411
2.30259	2.94334	0	2.40676	13.7349	1.78245	11.2939	0.989049	5.49849	10.7735	3.92027	6.84626	8.06044	1.52325	1.09077
2.73126	8.32252	2.40676	0	12.9982	2.05321	10.6105	1.41771	5.60968	9.78727	5.0951	7.27492	3.56364	3.05942	2.17079
16.0454	17.4131	13.7349	12.9982	0	12.0191	12.1569	8.98989	8.46261	12.9395	11.0662	3.13268	15.088	11.8992	13.0055
2.10695	4.88537	1.78245	2.05321	12.0191	0	7.25072	0.793401	3.55647	8.03338	5.06178	6.65061	5.61685	3.02611	1.54648
5.86652	12.6447	11.2939	10.6105	12.1569	7.25072	0	7.18006	3.69425	7.19412	6.29785	17.1649	17.1776	8.47235	12.3847
1.31355	3.93239	0.989049	1.41771	8.98989	0.793401	7.18006	0	4.34987	9.67901	3.58258	5.85721	4.98135	1.54691	0.75308
6.22175	8.95046	5.49849	5.60968	8.46261	3.55647	3.69425	4.34987	0	4.47691	2.60359	11.5953	5.82639	4.7781	5.4331
8.36547	13.4274	10.7735	9.78727	12.9395	8.03338	7.19412	9.67901	4.47691	0	5.93583	9.97082	9.15862	9.25501	8.76533
3.61815	7.78099	3.92027	5.0951	11.0662	5.06178	6.29785	3.58258	2.60359	5.93583	0	12.5148	3.22279	3.62333	2.8295
7.17075	15.6688	6.84626	7.27492	3.13268	6.65061	17.1649	5.85721	11.5953	9.97082	12.5148	0	11.9553	8.76656	6.61029
6.84094	6.06005	8.06044	3.56364	15.088	5.61685	17.1776	4.98135	5.82639	9.15862	3.22279	11.9553	0	6.97105	5.82923
4.90269	4.4666	1.52325	3.05942	11.8992	3.02611	8.47235	1.54691	4.7781	9.25501	3.62333	8.76656	6.97105	0	0.793828
2.06662	4.03411	1.09077	2.17079	13.0055	1.54648	12.3847	0.75308	5.4331	8.76533	2.8295	6.61029	5.82923	0.793828	0
														
0	4.70234	2.08595	6.0326	8.80614	5.50165	10.244	4.74083	5.63931	5.02482	3.37055	3.74649	6.39074	6.70532	3.54112
4.70234	0	2.61639	7.69359	5.96676	2.73757	3.71002	3.4984	5.89197	6.37958	5.79468	4.27694	8.78264	2.36561	3.99175
2.08595	2.61639	0	3.90923	4.5036	5.35396	5.96378	2.71464	6.97344	3.94808	5.28337	1.66055	6.24606	4.61937	1.45517
6.0326	7.69359	3.90923	0	5.09174	4.13474	9.13148	3.37392	4.9308	4.72387	2.66204	2.24868	4.56772	6.09112	4.07968
8.80614	5.96676	4.5036	5.09174	0	8.70433	11.71	4.78584	16.5348	15.5483	7.29636	2.84306	14.1453	8.33237	6.87221
5.50165	2.73757	5.35396	4.13474	8.70433	0	5.1874	0.760823	2.49754	2.11077	5.42315	2.70361	9.52373	3.84298	2.02029
10.244	3.71002	5.96378	9.13148	11.71	5.1874	0	5.5094	15.8717	6.65084	4.77349	8.86693	10.1629	1.34441	9.4259
4.74083	3.4984	2.71464	3.37392	4.78584	0.760823	5.5094	0	1.73672	1.34995	4.00547	1.94278	6.05036	4.16499	1.25947
5.63931	5.89197	6.97344	4.9308	16.5348	2.49754	15.8717	1.73672	0	3.08666	2.26875	3.6795	13.2239	5.69783	2.99619
5.02482	6.37958	3.94808	4.72387	15.5483	2.11077	6.65084	1.34995	3.08666	0	8.39538	3.29273	11.4156	5.51493	2.60941
3.37055	5.79468	5.28337	2.66204	7.29636	5.42315	4.77349	4.00547	2.26875	8.39538	0	4.45331	7.22977	3.42908	3.8282
3.74649	4.27694	1.66055	2.24868	2.84306	2.70361	8.86693	1.94278	3.6795	3.29273	4.45331	0	6.81641	6.10777	3.11572
6.39074	8.78264	6.24606	4.56772	14.1453	9.52373	10.1629	6.05036	13.2239	11.4156	7.22977	6.81641	0	8.81848	4.79089
6.70532	2.36561	4.61937	6.09112	8.33237	3.84298	1.34441	4.16499	5.69783	5.51493	3.42908	6.10777	8.81848	0	5.42446
3.54112	3.99175	1.45517	4.07968	6.87221	2.02029	9.4259	1.25947	2.99619	2.60941	3.8282	3.11572	4.79089	5.42446	0
														
0	2.285	8.48536	8.68846	5.53185	6.85052	0.721645	5.07076	2.3305	2.90889	3.69752	4.14517	4.62612	4.85439	5.17548
2.285	0	6.20037	8.48372	3.24685	9.30537	3.00664	11.4221	7.70458	5.19389	8.19573	1.86017	4.22117	7.13939	5.03122
8.48536	6.20037	0	11.4444	5.90675	11.316	9.35071	7.07439	10.9596	14.0373	12.8695	8.06054	10.4215	7.29077	7.57081
8.68846	8.48372	11.4444	0	5.53762	0.602789	8.16703	4.45048	7.74596	5.94593	5.70584	7.1251	4.26255	5.02387	2.27783
5.53185	3.24685	5.90675	5.53762	0	6.14041	15.2575	8.22043	16.2795	11.4836	11.4426	5.10702	7.46802	8.4368	8.71685
6.85052	9.30537	11.316	0.602789	6.14041	0	9.75762	2.17146	7.34615	5.89168	5.10306	4.84609	4.86534	4.45796	1.67504
0.721645	3.00664	9.35071	8.16703	15.2575	9.75762	0	7.59379	1.60885	3.63054	7.90977	9.50772	3.90448	5.57603	5.89713
5.07076	11.4221	7.07439	4.45048	8.22043	2.17146	7.59379	0	6.16754	6.35934	5.79512	3.66747	9.07005	0.216374	0.496422
2.3305	7.70458	10.9596	7.74596	16.2795	7.34615	1.60885	6.16754	0	2.88444	3.67306	8.84216	3.48341	9.09176	5.67111
2.90889	5.19389	14.0373	5.94593	11.4836	5.89168	3.63054	6.35934	2.88444	0	0.788625	6.96224	2.27883	7.76328	5.86291
3.69752	8.19573	12.8695	5.70584	11.4426	5.10306	7.90977	5.79512	3.67306	0.788625	0	7.75087	3.06745	6.01149	6.29154
4.14517	1.86017	8.06054	7.1251	5.10702	4.84609	9.50772	3.66747	8.84216	6.96224	7.75087	0	5.60325	6.5917	3.17105
4.62612	4.22117	10.4215	4.26255	7.46802	4.86534	3.90448	9.07005	3.48341	2.27883	3.06745	5.60325	0	12.8764	7.52818
4.85439	7.13939	7.29077	5.02387	8.4368	4.45796	5.57603	0.216374	9.09176	7.76328	6.01149	6.5917	12.8764	0	0.712796
5.17548	5.03122	7.57081	2.27783	8.71685	1.67504	5.89713	0.496422	5.67111	5.86291	6.29154	3.17105	7.52818	0.712796	0
														
0	18.5494	6.00386	3.57371	10.5879	7.39226	3.62353	6.24465	4.37836	5.11661	0.793509	2.68809	5.91171	14.1875	8.64436
18.5494	0	8.45085	13.1319	9.32328	11.9093	14.0872	4.32692	14.196	9.89306	14.2162	19.4716	12.7548	3.91197	7.96065
6.00386	8.45085	0	5.9757	9.36297	7.19825	8.04038	4.58693	3.82424	9.53345	5.21035	5.85297	10.3286	4.53888	7.80489
3.57371	13.1319	5.9757	0	6.47108	1.22255	3.40039	1.69504	6.09518	3.90912	2.7802	4.79366	5.82981	2.10999	1.82919
10.5879	9.32328	9.36297	6.47108	0	8.06545	11.8829	4.77603	11.0728	14.7656	11.1456	8.33258	12.9119	5.19098	6.80681
7.39226	11.9093	7.19825	1.22255	8.06545	0	2.17784	2.91759	7.28371	5.13167	4.00275	6.84596	4.60726	3.70436	3.05174
3.62353	14.0872	8.04038	3.40039	11.8829	2.17784	0	5.46725	5.10587	4.61759	2.83003	4.84349	6.7851	7.52177	6.13767
6.24465	4.32692	4.58693	1.69504	4.77603	2.91759	5.46725	0	8.41117	5.60417	4.47524	3.55655	7.89667	0.414952	3.52423
4.37836	14.196	3.82424	6.09518	11.0728	7.28371	5.10587	8.41117	0	9.72347	5.17187	7.06646	12.3433	8.31467	4.266
5.11661	9.89306	9.53345	3.90912	14.7656	5.13167	4.61759	5.60417	9.72347	0	4.3231	6.33656	2.86173	11.5273	5.73831
0.793509	14.2162	5.21035	2.7802	11.1456	4.00275	2.83003	4.47524	5.17187	4.3231	0	2.01346	5.11821	6.78448	4.60939
2.68809	19.4716	5.85297	4.79366	8.33258	6.84596	4.84349	3.55655	7.06646	6.33656	2.01346	0	7.13167	3.9715	5.99704
5.91171	12.7548	10.3286	5.82981	12.9119	4.60726	6.7851	7.89667	12.3433	2.86173	5.11821	7.13167	0	8.5508	8.56709
14.1875	3.91197	4.53888	2.10999	5.19098	3.70436	7.52177	0.414952	8.31467	11.5273	6.78448	3.9715	8.5508	0	4.04868
8.64436	7.96065	7.80489	1.82919	6.80681	3.05174	6.13767	3.52423	4.266	5.73831	4.60939	5.99704	8.56709	4.04868	0
														
0	5.42197	5.10356	2.2571	10.6165	3.6503	4.08293	2.89402	1.4464	4.64315	2.76968	5.11899	5.61287	8.12111	4.30889
5.42197	0	4.24265	3.17364	3.12857	1.77167	5.61379	1.83775	8.25032	4.9566	5.55819	10.2786	3.22553	1.2251	2.47306
5.10356	4.24265	0	4.62741	5.78116	3.49343	9.90874	3.63021	6.54996	3.40259	4.33125	7.4893	5.01799	3.01756	2.79204
2.2571	3.17364	4.62741	0	5.26092	1.40197	7.06228	0.636916	3.7035	2.88234	3.811	2.86189	3.35577	1.24957	1.65329
10.6165	3.12857	5.78116	5.26092	0	3.69052	8.74236	3.96596	9.17014	3.59968	4.52834	7.38685	4.04382	3.35331	2.98912
3.6503	1.77167	3.49343	1.40197	3.69052	0	7.38546	1.71776	5.09671	1.31194	2.24061	4.26386	4.45912	2.99676	0.701394
4.08293	5.61379	9.90874	7.06228	8.74236	7.38546	0	9.56156	2.63653	5.83327	7.57486	7.40421	8.51721	6.83889	9.95984
2.89402	1.83775	3.63021	0.636916	3.96596	1.71776	9.56156	0	9.30877	1.62692	2.55558	3.4988	2.61309	0.612654	1.01637
1.4464	8.25032	6.54996	3.7035	9.17014	5.09671	2.63653	9.30877	0	3.19675	4.21608	4.76769	8.11072	10.2996	3.8073
4.64315	4.9566	3.40259	2.88234	3.59968	1.31194	5.83327	1.62692	3.19675	0	2.14976	7.96443	6.38017	11.6743	0.610551
2.76968	5.55819	4.33125	3.811	4.52834	2.24061	7.57486	2.55558	4.21608	2.14976	0	10.52	7.30883	6.78328	1.53921
5.11899	10.2786	7.4893	2.86189	7.38685	4.26386	7.40421	3.4988	4.76769	7.96443	10.52	0	3.34303	5.34347	5.13368
5.61287	3.22553	5.01799	3.35577	4.04382	4.45912	8.51721	2.61309	8.11072	6.38017	7.30883	3.34303	0	2.00044	5.16051
8.12111	1.2251	3.01756	1.24957	3.35331	2.99676	6.83889	0.612654	10.2996	11.6743	6.78328	5.34347	2.00044	0	1.62902
4.30889	2.47306	2.79204	1.65329	2.98912	0.701394	9.95984	1.01637	3.8073	0.610551	1.53921	5.13368	5.16051	1.62902	0
														
0	6.29679	9.20838	3.29897	10.1849	5.9683	9.64978	4.99795	5.51256	10.6819	0.718184	2.90501	5.38098	3.66409	4.60128
6.29679	0	3.61643	3.02637	4.05669	5.79565	15.6171	1.84922	7.84418	10.0719	5.57861	6.65403	8.46956	5.14682	1.72406
9.20838	3.61643	0	3.19468	5.83351	6.24673	12.6341	2.01753	14.1114	10.0941	13.1224	6.82234	8.63787	5.31513	1.89237
3.29897	3.02637	3.19468	0	9.77538	2.65299	8.69989	1.42747	8.81153	5.19423	4.01715	6.20398	4.88697	2.56412	1.30231
10.1849	4.05669	5.83351	9.77538	0	8.23588	11.5604	8.59823	11.9009	9.87228	9.63529	7.27991	14.2847	9.53198	5.78075
5.9683	5.79565	6.24673	2.65299	8.23588	0	12.9972	0.954008	10.2555	4.44925	5.25012	6.93098	5.32249	1.81914	1.07917
9.64978	15.6171	12.6341	8.69989	11.5604	12.9972	0	10.3989	8.37434	8.90981	10.368	12.5548	11.5444	13.5439	10.0022
4.99795	1.84922	2.01753	1.42747	8.59823	0.954008	10.3989	0	6.44172	3.49524	3.81103	3.1172	3.16235	0.865131	0.125163
5.51256	7.84418	14.1114	8.81153	11.9009	10.2555	8.37434	6.44172	0	10.6323	6.10542	5.86984	6.21995	5.57659	8.99935
10.6819	10.0719	10.0941	5.19423	9.87228	4.44925	8.90981	3.49524	10.6323	0	9.07517	7.77686	4.41238	4.36037	3.62041
0.718184	5.57861	13.1224	4.01715	9.63529	5.25012	10.368	3.81103	6.10542	9.07517	0	3.62319	4.66279	2.9459	6.36866
2.90501	6.65403	6.82234	6.20398	7.27991	6.93098	12.5548	3.1172	5.86984	7.77686	3.62319	0	4.54928	2.25206	4.92997
5.38098	8.46956	8.63787	4.88697	14.2847	5.32249	11.5444	3.16235	6.21995	4.41238	4.66279	4.54928	0	2.29722	4.49364
3.66409	5.14682	5.31513	2.56412	9.53198	1.81914	13.5439	0.865131	5.57659	4.36037	2.9459	2.25206	2.29722	0	0.990294
4.60128	1.72406	1.89237	1.30231	5.78075	1.07917	10.0022	0.125163	8.99935	3.62041	6.36866	4.92997	4.49364	0.990294	0
														
0	11.9644	9.38369	4.55728	7.88446	8.6935	5.57984	4.47722	3.40578	6.76112	1.7238	9.35017	9.56544	6.69834	5.57575
11.9644	0	6.31601	0.70727	8.69731	2.52578	5.18758	6.52891	9.78239	5.46124	3.54075	1.65597	2.22272	2.99451	6.3886
9.38369	6.31601	0	5.60874	7.62847	7.42725	10.6857	4.90647	10.11	7.19037	8.44222	9.77942	7.12419	6.22066	5.31976
4.55728	0.70727	5.60874	0	8.90943	1.81851	7.08883	7.44002	9.07512	5.66316	2.83348	2.36324	1.51545	2.28724	5.89092
7.88446	8.69731	7.62847	8.90943	0	12.3895	10.8043	3.61546	9.19763	12.5449	15.1876	8.73958	15.0628	5.91238	2.30871
8.6935	2.52578	7.42725	1.81851	12.3895	0	11.225	9.03607	10.8936	6.75217	4.652	8.39228	3.33397	4.10576	7.75931
5.57984	5.18758	10.6857	7.08883	10.8043	11.225	0	5.77928	2.17406	6.60852	4.25534	3.53161	9.85481	7.76825	7.08603
4.47722	6.52891	4.90647	7.44002	3.61546	9.03607	5.77928	0	5.20352	2.2839	6.20102	4.87295	8.95548	4.91042	1.30675
3.40578	9.78239	10.11	9.07512	9.19763	10.8936	2.17406	5.20352	0	7.48742	5.12958	5.70567	10.5906	10.4926	6.51027
6.76112	5.46124	7.19037	5.66316	12.5449	6.75217	6.60852	2.2839	7.48742	0	6.86149	3.80527	7.17861	7.9504	3.59065
1.7238	3.54075	8.44222	2.83348	15.1876	4.652	4.25534	6.20102	5.12958	6.86149	0	7.78695	4.34893	4.97454	7.29955
9.35017	1.65597	9.77942	2.36324	8.73958	8.39228	3.53161	4.87295	5.70567	3.80527	7.78695	0	6.3232	4.23664	6.1797
9.56544	2.22272	7.12419	1.51545	15.0628	3.33397	9.85481	8.95548	10.5906	7.17861	4.34893	6.3232	0	3.8027	8.11617
6.69834	2.99451	6.22066	2.28724	5.91238	4.10576	7.76825	4.91042	10.4926	7.9504	4.97454	4.23664	3.8027	0	3.60367
5.57575	6.3886	5.31976	5.89092	2.30871	7.75931	7.08603	1.30675	6.51027	3.59065	7.29955	6.1797	8.11617	3.60367	0
														
0	12.0652	2.84259	6.09373	12.4563	7.45128	4.07077	4.64117	7.78478	5.73742	6.66729	4.86072	1.23039	8.75585	7.06237
12.0652	0	6.16552	1.98528	6.59741	1.84334	7.9944	1.16023	9.90231	6.80923	8.55595	2.7149	4.57102	4.62597	1.57171
2.84259	6.16552	0	3.9011	8.47251	5.23019	6.91335	3.5728	8.44067	5.85371	9.009	2.01813	4.07297	6.56321	4.21978
6.09373	1.98528	3.9011	0	4.24895	1.35755	9.21682	0.825049	6.03739	6.10497	5.10791	2.37972	4.23584	2.66211	1.23653
12.4563	6.59741	8.47251	4.24895	0	3.17385	14.9232	5.05258	11.7365	5.02969	6.61074	6.45437	11.5026	1.58684	7.51561
7.45128	1.84334	5.23019	1.35755	3.17385	0	10.5744	0.683111	7.08341	5.02987	4.55411	2.23778	4.0939	1.58702	1.09459
4.07077	7.9944	6.91335	9.21682	14.9232	10.5744	0	7.31565	9.67045	1.66666	10.1368	5.50223	5.30115	5.10951	11.0333
4.64117	1.16023	3.5728	0.825049	5.05258	0.683111	7.31565	0	4.63236	5.39024	5.23722	1.55467	3.41079	2.27013	0.411479
7.78478	9.90231	8.44067	6.03739	11.7365	7.08341	9.67045	4.63236	0	9.02623	2.5293	7.45353	6.55439	7.55321	4.22089
5.73742	6.80923	5.85371	6.10497	5.02969	5.02987	1.66666	5.39024	9.02623	0	8.46676	3.83558	6.5481	3.44286	6.06048
6.66729	8.55595	9.009	5.10791	6.61074	4.55411	10.1368	5.23722	2.5293	8.46676	0	8.2593	5.4369	5.02391	5.02665
4.86072	2.7149	2.01813	2.37972	6.45437	2.23778	5.50223	1.55467	7.45353	3.83558	8.2593	0	4.96546	5.02041	1.96615
1.23039	4.57102	4.07297	4.23584	11.5026	4.0939	5.30115	3.41079	6.55439	6.5481	5.4369	4.96546	0	6.87653	3.82227
8.75585	4.62597	6.56321	2.66211	1.58684	1.58702	5.10951	2.27013	7.55321	3.44286	5.02391	5.02041	6.87653	0	3.87722
7.06237	1.57171	4.21978	1.23653	7.51561	1.09459	11.0333	0.411479	4.22089	6.06048	5.02665	1.96615	3.82227	3.87722	0
														
0	7.95591	6.13966	3.8601	6.73817	1.37881	2.05675	4.57172	1.01391	4.03321	2.02403	4.43638	7.0693	4.03522	3.57783
7.95591	0	4.91443	2.96562	3.47431	5.4469	10.5642	5.68992	6.11963	7.91452	14.8112	2.69716	7.26759	7.01739	4.65526
6.13966	4.91443	0	1.94881	6.20492	4.4301	6.7087	4.19373	9.11873	7.44291	5.40606	5.69626	7.99719	3.51964	2.55421
3.8601	2.96562	1.94881	0	4.25611	2.48129	7.04705	4.99809	6.00421	5.49409	3.12651	4.89687	8.17178	2.65508	1.68964
6.73817	3.47431	6.20492	4.25611	0	5.35936	7.89645	8.41256	7.45951	4.44021	6.00457	6.17146	11.0499	10.2494	5.94575
1.37881	5.4469	4.4301	2.48129	5.35936	0	3.43556	4.39925	2.39272	3.02286	0.645217	3.28424	5.69049	3.16445	2.19902
2.05675	10.5642	6.7087	7.04705	7.89645	3.43556	0	2.51496	2.6324	3.45624	4.89424	5.50773	6.31843	1.97846	2.9439
4.57172	5.68992	4.19373	4.99809	8.41256	4.39925	2.51496	0	5.14736	5.9712	5.04446	2.99277	3.80346	1.83686	2.80229
1.01391	6.11963	9.11873	6.00421	7.45951	2.39272	2.6324	5.14736	0	3.0193	3.8514	3.42247	7.99291	4.61086	6.70826
4.03321	7.91452	7.44291	5.49409	4.44021	3.02286	3.45624	5.9712	3.0193	0	2.37764	6.44177	19.2222	5.4347	7.18374
2.02403	14.8112	5.40606	3.12651	6.00457	0.645217	4.89424	5.04446	3.8514	2.37764	0	3.92946	6.33571	6.50372	2.84424
4.43638	2.69716	5.69626	4.89687	6.17146	3.28424	5.50773	2.99277	3.42247	6.44177	3.92946	0	4.57044	4.32023	5.28566
7.0693	7.26759	7.99719	8.17178	11.0499	5.69049	6.31843	3.80346	7.99291	19.2222	6.33571	4.57044	0	5.64032	7.1119
4.03522	7.01739	3.51964	2.65508	10.2494	3.16445	1.97846	1.83686	4.61086	5.4347	6.50372	4.32023	5.64032	0	0.965432
3.57783	4.65526	2.55421	1.68964	5.94575	2.19902	2.9439	2.80229	6.70826	7.18374	2.84424	5.28566	7.1119	0.965432	0
														
0	5.87591	12.488	3.20071	11.4088	2.79524	4.49689	3.82523	1.06664	2.4559	2.38049	9.46888	3.20926	3.2716	1.77857
5.87591	0	7.64166	5.19768	2.38072	5.35814	6.81567	5.26825	4.92503	9.11993	9.81625	2.72786	7.09513	5.59037	4.09734
12.488	7.64166	0	5.63233	6.91222	3.82175	12.9434	2.23761	7.94806	10.0321	3.56891	4.9138	10.7854	0.77054	2.26357
3.20071	5.19768	5.63233	0	3.91583	0.617441	4.14047	1.64016	2.34605	6.44473	3.13468	2.46982	4.41994	2.91517	1.42214
11.4088	2.38072	6.91222	3.91583	0	4.53327	9.226	2.97906	7.30575	9.88652	8.94006	5.10858	8.82709	4.44613	5.02572
2.79524	5.35814	3.82175	0.617441	4.53327	0	6.69817	2.02663	1.72861	3.48211	2.51724	2.63028	5.52822	3.05121	2.03959
4.49689	6.81567	12.9434	4.14047	9.226	6.69817	0	4.76498	4.96957	7.20508	7.12967	9.57314	5.71612	4.21135	2.71832
3.82523	5.26825	2.23761	1.64016	2.97906	2.02663	4.76498	0	3.75524	6.6014	4.26545	2.54039	5.04445	1.46707	2.04666
1.06664	4.92503	7.94806	2.34605	7.30575	1.72861	4.96957	3.75524	0	3.52254	3.44713	4.35889	7.25683	4.77981	2.84521
2.4559	9.11993	10.0321	6.44473	9.88652	3.48211	7.20508	6.6014	3.52254	0	0.964868	7.1177	0.753363	3.76324	3.75116
2.38049	9.81625	3.56891	3.13468	8.94006	2.51724	7.12967	4.26545	3.44713	0.964868	0	5.14752	1.71823	2.79837	4.15906
9.46888	2.72786	4.9138	2.46982	5.10858	2.63028	9.57314	2.54039	4.35889	7.1177	5.14752	0	7.87107	4.00747	3.89197
3.20926	7.09513	10.7854	4.41994	8.82709	5.52822	5.71612	5.04445	7.25683	0.753363	1.71823	7.87107	0	4.49082	2.99779
3.2716	5.59037	0.77054	2.91517	4.44613	3.05121	4.21135	1.46707	4.77981	3.76324	2.79837	4.00747	4.49082	0	1.49303
1.77857	4.09734	2.26357	1.42214	5.02572	2.03959	2.71832	2.04666	2.84521	3.75116	4.15906	3.89197	2.99779	1.49303	0
														
0	9.53634	9.31317	7.30161	16.0182	6.17812	5.15175	7.52306	7.23471	10.1153	5.55476	4.81906	11.144	10.8797	8.33772
9.53634	0	12.1579	7.19231	7.77144	11.8786	14.6881	5.49342	6.71638	4.63837	6.56036	14.3554	1.60763	4.31982	3.77739
9.31317	12.1579	0	1.53658	13.2616	2.66007	10.5806	3.67474	3.47863	4.30303	5.31232	4.49411	7.12127	1.74274	2.28516
7.30161	7.19231	1.53658	0	10.6333	1.12349	14.4887	2.13816	5.01521	4.84961	3.77574	3.98384	5.58469	3.27932	4.23477
16.0182	7.77144	13.2616	10.6333	0	10.2571	16.6429	8.4951	12.1311	9.19456	13.5395	16.9216	6.16381	11.5189	10.5917
6.17812	11.8786	2.66007	1.12349	10.2571	0	11.3299	1.76202	6.5471	5.9731	4.89923	5.10733	5.64782	4.70154	3.85863
5.15175	14.6881	10.5806	14.4887	16.6429	11.3299	0	11.8871	7.10198	11.0714	10.5552	9.97081	13.0692	18.0667	10.041
7.52306	5.49342	3.67474	2.13816	8.4951	1.76202	11.8871	0	4.78508	6.1885	4.87958	6.122	3.8858	2.63903	2.09661
7.23471	6.71638	3.47863	5.01521	12.1311	6.5471	7.10198	4.78508	0	3.96937	3.45325	4.93429	5.96726	3.48141	2.93898
10.1153	4.63837	4.30303	4.84961	9.19456	5.9731	11.0714	6.1885	3.96937	0	6.87486	8.83344	3.03075	2.56029	3.10272
5.55476	6.56036	5.31232	3.77574	13.5395	4.89923	10.5552	4.87958	3.45325	6.87486	0	6.41997	8.93023	3.32539	2.78297
4.81906	14.3554	4.49411	3.98384	16.9216	5.10733	9.97081	6.122	4.93429	8.83344	6.41997	0	9.56852	6.23685	7.87327
11.144	1.60763	7.12127	5.58469	6.16381	5.64782	13.0692	3.8858	5.96726	3.03075	8.93023	9.56852	0	5.59104	5.38502
10.8797	4.31982	1.74274	3.27932	11.5189	4.70154	18.0667	2.63903	3.48141	2.56029	3.32539	6.23685	5.59104	0	0.542426
8.33772	3.77739	2.28516	4.23477	10.5917	3.85863	10.041	2.09661	2.93898	3.10272	2.78297	7.87327	5.38502	0.542426	0
														
0	2.80292	9.86489	3.04222	12.0069	5.83404	2.65977	3.01651	1.23415	9.9495	2.93198	5.96417	6.37321	10.1965	1.96756
2.80292	0	8.73268	1.91001	10.8747	6.38363	11.2226	1.88431	8.76332	15.5911	6.36443	4.83196	8.21732	12.1215	0.835359
9.86489	8.73268	0	3.52458	17.9366	3.1124	19.895	4.98205	7.7123	10.5825	6.65001	6.80415	3.20878	1.74146	7.89733
3.04222	1.91001	3.52458	0	11.114	0.412173	10.9813	2.1236	5.01207	8.16141	3.33937	3.98846	4.86357	6.2382	1.07465
12.0069	10.8747	17.9366	11.114	0	15.5876	15.1765	11.0883	13.7509	22.4662	15.5684	14.0359	20.8395	18.0621	10.0393
5.83404	6.38363	3.1124	0.412173	15.5876	0	6.02552	1.86965	4.5999	7.74924	3.26121	4.40064	5.27574	4.85386	1.48683
2.65977	11.2226	19.895	10.9813	15.1765	6.02552	0	10.3761	1.42562	8.28995	5.78677	15.2231	12.4257	16.249	9.82383
3.01651	1.88431	4.98205	2.1236	11.0883	1.86965	10.3761	0	5.7527	9.61888	1.39156	5.04556	4.83279	8.65606	1.04895
1.23415	8.76332	7.7123	5.01207	13.7509	4.5999	1.42562	5.7527	0	8.71535	4.16613	10.5997	7.80238	11.6257	3.20171
9.9495	15.5911	10.5825	8.16141	22.4662	7.74924	8.28995	9.61888	8.71535	0	10.0177	14.3093	7.37373	9.78455	11.3684
2.93198	6.36443	6.65001	3.33937	15.5684	3.26121	5.78677	1.39156	4.16613	10.0177	0	6.2386	3.44123	7.26451	2.44051
5.96417	4.83196	6.80415	3.98846	14.0359	4.40064	15.2231	5.04556	10.5997	14.3093	6.2386	0	6.9356	6.65463	3.99661
6.37321	8.21732	3.20878	4.86357	20.8395	5.27574	12.4257	4.83279	7.80238	7.37373	3.44123	6.9356	0	4.95024	5.93822
10.1965	12.1215	1.74146	6.2382	18.0621	4.85386	16.249	8.65606	11.6257	9.78455	7.26451	6.65463	4.95024	0	7.31286
1.96756	0.835359	7.89733	1.07465	10.0393	1.48683	9.82383	1.04895	3.20171	11.3684	2.44051	3.99661	5.93822	7.31286	0
														
0	7.187	5.02491	5.32594	4.99539	4.974	3.70071	4.16714	2.3288	5.97216	1.34857	4.0099	6.64799	3.21325	4.05579
7.187	0	10.6432	13.2023	1.89014	12.1172	11.1523	10.4276	5.35836	7.63258	5.53696	5.86884	9.67755	10.7117	9.24577
5.02491	10.6432	0	8.18523	8.16286	3.57241	11.6827	1.39887	5.8887	9.56389	3.51446	15.5191	5.80585	1.81166	0.807236
5.32594	13.2023	8.18523	0	10.4784	2.38805	9.02665	5.39398	7.65474	10.3817	6.67451	6.49974	4.31833	4.1488	6.44458
4.99539	1.89014	8.16286	10.4784	0	10.1213	8.99757	7.94725	6.82373	5.74243	3.64682	3.97869	6.26524	8.51012	6.35404
4.974	12.1172	3.57241	2.38805	10.1213	0	7.93277	2.71464	6.24948	7.51881	6.47452	4.21683	1.93028	1.76075	2.9244
3.70071	11.1523	11.6827	9.02665	8.99757	7.93277	0	10.9387	5.79398	5.52377	5.04928	9.40574	9.86306	6.91397	8.93461
4.16714	10.4276	1.39887	5.39398	7.94725	2.71464	10.9387	0	6.3072	8.70612	3.29885	17.5204	4.93621	0.95389	0.59163
2.3288	5.35836	5.8887	7.65474	6.82373	6.24948	5.79398	6.3072	0	7.80051	3.17692	5.83824	4.31919	5.35331	5.88414
5.97216	7.63258	9.56389	10.3817	5.74243	7.51881	5.52377	8.70612	7.80051	0	4.62359	3.88197	5.58852	7.75223	7.33081
1.34857	5.53696	3.51446	6.67451	3.64682	6.47452	5.04928	3.29885	3.17692	4.62359	0	2.66133	4.94787	3.87087	2.70722
4.0099	5.86884	15.5191	6.49974	3.97869	4.21683	9.40574	17.5204	5.83824	3.88197	2.66133	0	2.28655	10.9582	5.36854
6.64799	9.67755	5.80585	4.31833	6.26524	1.93028	9.86306	4.93621	4.31919	5.58852	4.94787	2.28655	0	3.69103	4.99861
3.21325	10.7117	1.81166	4.1488	8.51012	1.76075	6.91397	0.95389	5.35331	7.75223	3.87087	10.9582	3.69103	0	1.16366
4.05579	9.24577	0.807236	6.44458	6.35404	2.9244	8.93461	0.59163	5.88414	7.33081	2.70722	5.36854	4.99861	1.16366	0
														
0	10.5906	5.9966	3.63713	4.27076	2.21839	2.74738	2.8918	0.481115	4.91486	2.19301	4.25648	7.33788	4.69498	3.93744
10.5906	0	14.1402	16.0608	4.13153	14.1058	7.84323	12.0499	7.92117	8.40377	14.0026	18.4789	13.6282	11.2853	12.0673
5.9966	14.1402	0	5.68428	13.4982	8.83108	9.60064	5.32226	6.38698	14.0225	3.80359	4.51961	8.94847	6.34442	5.37662
3.63713	16.0608	5.68428	0	13.2108	1.955	5.26387	1.05719	4.11824	8.55199	2.57585	1.16467	8.39924	5.93633	2.10284
4.27076	4.13153	13.4982	13.2108	0	8.07318	10.8614	12.1461	3.78964	5.39759	6.37302	14.0264	9.49672	7.15382	8.40012
2.21839	14.1058	8.83108	1.955	8.07318	0	4.96577	3.0122	2.6995	7.13325	4.41139	3.11968	10.1724	6.84094	5.9966
2.74738	7.84323	9.60064	5.26387	10.8614	4.96577	0	4.20668	3.2285	5.46384	4.94039	7.00386	11.3042	5.47032	4.22402
2.8918	12.0499	5.32226	1.05719	12.1461	3.0122	4.20668	0	3.37291	7.80666	1.51866	2.22186	6.66353	2.29194	1.04564
0.481115	7.92117	6.38698	4.11824	3.78964	2.6995	3.2285	3.37291	0	5.39598	2.58338	4.73759	7.72825	4.21387	5.46016
4.91486	8.40377	14.0225	8.55199	5.39759	7.13325	5.46384	7.80666	5.39598	0	7.10787	9.17134	6.70634	10.1722	8.9259
2.19301	14.0026	3.80359	2.57585	6.37302	4.41139	4.94039	1.51866	2.58338	7.10787	0	6.44948	5.14487	6.79725	2.56431
4.25648	18.4789	4.51961	1.16467	14.0264	3.11968	7.00386	2.22186	4.73759	9.17134	6.44948	0	7.23457	4.47504	3.22874
7.33788	13.6282	8.94847	8.39924	9.49672	10.1724	11.3042	6.66353	7.72825	6.70634	5.14487	7.23457	0	14.1071	10.4633
4.69498	11.2853	6.34442	5.93633	7.15382	6.84094	5.47032	2.29194	4.21387	10.1722	6.79725	4.47504	14.1071	0	1.2463
3.93744	12.0673	5.37662	2.10284	8.40012	5.9966	4.22402	1.04564	5.46016	8.9259	2.56431	3.22874	10.4633	1.2463	0
														
0	3.31715	2.47572	1.02869	7.60537	4.52859	0.395579	4.19135	0.847467	2.93937	0.742922	4.52719	2.42227	2.71662	2.86211
3.31715	0	6.17331	2.28846	8.37163	8.20946	17.5413	6.09145	7.80157	7.23653	6.61261	5.78696	4.93326	11.3108	4.76221
2.47572	6.17331	0	6.79354	2.19832	6.51248	2.77647	4.72388	1.62826	16.3862	3.52925	8.67909	10.3185	6.94749	5.66347
1.02869	2.28846	6.79354	0	8.99185	8.15098	1.42427	5.77994	1.87616	9.52673	1.77162	3.49849	7.22172	8.28003	3.8908
7.60537	8.37163	2.19832	8.99185	0	4.31417	7.20979	6.9222	3.82657	10.6694	8.09984	10.8774	7.59037	5.50116	7.86178
4.52859	8.20946	6.51248	8.15098	4.31417	0	4.96146	3.41059	5.68667	5.57947	3.16068	8.03003	3.2762	1.18699	5.31225
0.395579	17.5413	2.77647	1.42427	7.20979	4.96146	0	7.04669	1.14821	3.61654	1.1385	7.14508	3.60291	3.89726	3.25769
4.19135	6.09145	4.72388	5.77994	6.9222	3.41059	7.04669	0	6.35214	7.31957	4.1973	9.55492	6.29811	2.22361	1.32924
0.847467	7.80157	1.62826	1.87616	3.82657	5.68667	1.14821	6.35214	0	4.09744	1.59039	7.59697	3.58034	3.87469	3.70958
2.93937	7.23653	16.3862	9.52673	10.6694	5.57947	3.61654	7.31957	4.09744	0	2.19645	8.22842	2.30327	4.17014	7.27213
0.742922	6.61261	3.52925	1.77162	8.09984	3.16068	1.1385	4.1973	1.59039	2.19645	0	6.03198	1.67935	1.97369	3.60503
4.52719	5.78696	8.67909	3.49849	10.8774	8.03003	7.14508	9.55492	7.59697	8.22842	6.03198	0	7.71133	8.00567	7.94919
2.42227	4.93326	10.3185	7.22172	7.59037	3.2762	3.60291	6.29811	3.58034	2.30327	1.67935	7.71133	0	3.65304	4.96886
2.71662	11.3108	6.94749	8.28003	5.50116	1.18699	3.89726	2.22361	3.87469	4.17014	1.97369	8.00567	3.65304	0	3.55285
2.86211	4.76221	5.66347	3.8908	7.86178	5.31225	3.25769	1.32924	3.70958	7.27213	3.60503	7.94919	4.96886	3.55285	0
														
0	8.75166	7.36083	1.33425	4.86962	5.28348	1.70563	5.12169	3.14205	1.67462	0.569344	3.15747	11.4764	4.11193	4.02873
8.75166	0	1.63081	6.85308	3.88204	3.76087	8.74818	4.05303	8.02368	9.25733	10.4874	5.26402	7.4403	2.79477	4.96291
7.36083	1.63081	0	3.20991	5.51285	2.13006	5.60257	2.42222	7.09068	7.81122	6.84419	2.11842	4.2947	1.16396	2.64124
1.33425	6.85308	3.20991	0	9.91699	1.07985	1.90119	2.94338	3.33761	2.14189	0.764901	2.25858	7.43412	3.21304	2.28142
4.86962	3.88204	5.51285	9.91699	0	9.65527	7.74536	10.7643	9.30465	5.37529	5.43897	7.65841	15.1771	8.1916	8.89835
5.28348	3.76087	2.13006	1.07985	9.65527	0	3.9158	1.86352	4.96062	6.09112	1.84476	3.33843	8.51398	3.29402	2.31085
1.70563	8.74818	5.60257	1.90119	7.74536	3.9158	0	6.1707	3.709	2.37007	1.13629	5.09452	7.56935	4.43861	5.11736
5.12169	4.05303	2.42222	2.94338	10.7643	1.86352	6.1707	0	6.82414	5.38901	4.09965	2.44134	4.9624	1.83166	1.09296
3.14205	8.02368	7.09068	3.33761	9.30465	4.96062	3.709	6.82414	0	3.9497	2.57271	7.5925	12.7342	9.38965	7.27147
1.67462	9.25733	7.81122	2.14189	5.37529	6.09112	2.37007	5.38901	3.9497	0	1.37699	4.83209	9.80176	6.80868	5.70335
0.569344	10.4874	6.84419	0.764901	5.43897	1.84476	1.13629	4.09965	2.57271	1.37699	0	3.02348	8.19903	5.5749	3.04632
3.15747	5.26402	2.11842	2.25858	7.65841	3.33843	5.09452	2.44134	7.5925	4.83209	3.02348	0	4.0852	0.954459	1.34838
11.4764	7.4403	4.2947	7.43412	15.1771	8.51398	7.56935	4.9624	12.7342	9.80176	8.19903	4.0852	0	3.13074	4.60802
4.11193	2.79477	1.16396	3.21304	8.1916	3.29402	4.43861	1.83166	9.38965	6.80868	5.5749	0.954459	3.13074	0	1.47728
4.02873	4.96291	2.64124	2.28142	8.89835	2.31085	5.11736	1.09296	7.27147	5.70335	3.04632	1.34838	4.60802	1.47728	0
														
0	9.8081	4.89817	2.81837	7.99842	1.23387	5.16964	4.65887	3.39872	4.29886	1.67823	4.19653	7.29473	4.97727	2.48482
9.8081	0	2.63783	4.24868	7.69253	6.30213	19.3434	0.63717	12.7278	16.6641	6.72815	5.15787	2.58078	3.42055	0.978226
4.89817	2.63783	0	2.79497	10.3882	3.66429	10.6257	3.275	10.3439	7.94639	4.10865	5.45094	5.84024	0.782718	1.44217
2.81837	4.24868	2.79497	0	4.76337	1.5845	12.7277	1.42383	3.7986	6.99703	2.02886	3.29119	5.2857	1.74222	1.08277
7.99842	7.69253	10.3882	4.76337	0	4.93155	15.6981	4.02166	6.39643	10.3201	9.50329	5.88901	8.99897	4.34005	3.6806
1.23387	6.30213	3.66429	1.5845	4.93155	0	4.79627	1.592	3.96678	2.11697	0.44436	2.01464	5.11284	1.9104	1.25095
5.16964	19.3434	10.6257	12.7277	15.6981	4.79627	0	9.38556	1.77092	1.8413	3.51391	5.92219	5.90654	12.677	4.48675
4.65887	0.63717	3.275	1.42383	4.02166	1.592	9.38556	0	3.05689	6.98052	6.4283	2.54947	1.94361	1.00051	0.341056
3.39872	12.7278	10.3439	3.7986	6.39643	3.96678	1.77092	3.05689	0	3.61222	5.06139	4.92424	4.13562	3.37528	2.71583
4.29886	16.6641	7.94639	6.99703	10.3201	2.11697	1.8413	6.98052	3.61222	0	1.67261	3.24289	6.34109	7.29891	6.63946
1.67823	6.72815	4.10865	2.02886	9.50329	0.44436	3.51391	6.4283	5.06139	1.67261	0	1.57028	4.55711	7.0565	1.69531
4.19653	5.15787	5.45094	3.29119	5.88901	2.01464	5.92219	2.54947	4.92424	3.24289	1.57028	0	2.98683	2.86786	2.20841
7.29473	2.58078	5.84024	5.2857	8.99897	5.11284	5.90654	1.94361	4.13562	6.34109	4.55711	2.98683	0	7.29795	2.28466
4.97727	3.42055	0.782718	1.74222	4.34005	1.9104	12.677	1.00051	3.37528	7.29891	7.0565	2.86786	7.29795	0	0.659451
2.48482	0.978226	1.44217	1.08277	3.6806	1.25095	4.48675	0.341056	2.71583	6.63946	1.69531	2.20841	2.28466	0.659451	0
														
0	5.47464	7.41101	1.3705	8.24342	3.82231	3.62403	7.7954	7.09337	7.16972	4.02607	5.37637	3.61155	2.61853	2.33261
5.47464	0	5.24864	6.84514	2.76877	8.36796	9.09867	9.62847	5.87597	4.66619	7.9856	9.95982	11.0489	5.60163	6.38105
7.41101	5.24864	0	8.7815	8.01741	15.8313	11.035	8.65358	13.11	9.89056	9.81663	10.4024	12.597	8.90129	8.12186
1.3705	6.84514	8.7815	0	11.9486	2.45181	4.99452	1.49383	4.60038	2.73081	2.65688	4.00587	2.24106	1.24803	0.962112
8.24342	2.76877	8.01741	11.9486	0	9.49682	21.049	19.6081	17.5796	7.43497	15.9624	13.291	14.4681	8.3704	18.7428
3.82231	8.36796	15.8313	2.45181	9.49682	0	11.8558	8.87672	4.91155	3.70177	7.02118	6.45768	4.69287	3.69985	3.41393
3.62403	9.09867	11.035	4.99452	21.049	11.8558	0	5.76992	3.46935	4.67913	7.25641	8.97626	8.75068	6.8217	6.30164
7.7954	9.62847	8.65358	1.49383	19.6081	8.87672	5.76992	0	5.5199	2.30041	2.22648	3.20634	8.66596	1.31114	0.531714
7.09337	5.87597	13.11	4.60038	17.5796	4.91155	3.46935	5.5199	0	1.20978	4.52919	7.71055	8.21272	3.35235	2.97848
7.16972	4.66619	9.89056	2.73081	7.43497	3.70177	4.67913	2.30041	1.20978	0	3.31941	9.8051	4.81367	2.54812	1.7687
4.02607	7.9856	9.81663	2.65688	15.9624	7.02118	7.25641	2.22648	4.52919	3.31941	0	12.0092	1.49426	2.47419	1.69477
5.37637	9.95982	10.4024	4.00587	13.291	6.45768	8.97626	3.20634	7.71055	9.8051	12.0092	0	6.24693	4.3582	3.73806
3.61155	11.0489	12.597	2.24106	14.4681	4.69287	8.75068	8.66596	8.21272	4.81367	1.49426	6.24693	0	3.48909	3.18903
2.61853	5.60163	8.90129	1.24803	8.3704	3.69985	6.8217	1.31114	3.35235	2.54812	2.47419	4.3582	3.48909	0	0.779426
2.33261	6.38105	8.12186	0.962112	18.7428	3.41393	6.30164	0.531714	2.97848	1.7687	1.69477	3.73806	3.18903	0.779426	0
														
0	9.04637	9.81038	5.82314	14.0699	3.73635	4.17479	1.85359	0.559899	5.93128	1.54279	4.2856	4.63928	3.4309	3.25459
9.04637	0	5.49667	5.28407	5.85373	5.50951	9.70178	4.45243	7.16018	9.5824	8.03442	8.77602	11.5846	2.87512	3.90777
9.81038	5.49667	0	6.94861	6.03773	6.3129	6.90428	7.95678	11.443	11.0992	8.50645	9.24805	10.8095	7.15789	7.82447
5.82314	5.28407	6.94861	0	4.69223	0.63571	8.33756	2.7478	5.56239	4.27975	2.82927	3.57087	1.18386	2.40895	3.4416
14.0699	5.85373	6.03773	4.69223	0	5.32794	12.942	11.7128	10.2546	14.554	9.34396	9.28077	5.87609	7.10118	12.1096
3.73635	5.50951	6.3129	0.63571	5.32794	0	6.04349	2.11209	6.1981	7.79998	2.19356	2.93516	1.81957	2.63439	3.66704
4.17479	9.70178	6.90428	8.33756	12.942	6.04349	0	4.4364	11.1117	3.59688	16.9185	4.05962	10.454	1.95285	0.920195
1.85359	4.45243	7.95678	2.7478	11.7128	2.11209	4.4364	0	2.41349	6.19289	3.39639	2.432	6.49287	1.57731	2.60996
0.559899	7.16018	11.443	5.56239	10.2546	6.1981	11.1117	2.41349	0	7.83724	2.10269	5.50365	4.74136	4.28506	3.81449
5.93128	9.5824	11.0992	4.27975	14.554	7.79998	3.59688	6.19289	7.83724	0	10.6035	5.81611	3.09588	3.70934	2.67669
1.54279	8.03442	8.50645	2.82927	9.34396	2.19356	16.9185	3.39639	2.10269	10.6035	0	5.12871	5.8356	4.82794	4.79738
4.2856	8.77602	9.24805	3.57087	9.28077	2.93516	4.05962	2.432	5.50365	5.81611	5.12871	0	6.33035	4.00931	3.13943
4.63928	11.5846	10.8095	1.18386	5.87609	1.81957	10.454	6.49287	4.74136	3.09588	5.8356	6.33035	0	3.59281	5.77257
3.4309	2.87512	7.15789	2.40895	7.10118	2.63439	1.95285	1.57731	4.28506	3.70934	4.82794	4.00931	3.59281	0	1.03265
3.25459	3.90777	7.82447	3.4416	12.1096	3.66704	0.920195	2.60996	3.81449	2.67669	4.79738	3.13943	5.77257	1.03265	0
														
0	5.09359	5.65099	4.08294	8.57204	4.1418	2.94729	5.99148	5.68344	4.46782	1.86158	4.90812	1.93857	4.03174	6.59549
5.09359	0	2.89447	1.01065	8.61391	1.80161	12.3353	1.32657	10.8963	8.39908	6.68388	4.26892	5.25556	3.02502	2.42309
5.65099	2.89447	0	3.90512	7.8547	4.41487	13.9765	4.22104	11.0023	5.50461	3.78941	6.48436	8.70028	3.64585	5.46593
4.08294	1.01065	3.90512	0	7.14816	0.790963	7.03023	1.87029	7.37838	11.3538	3.07118	2.86046	4.24491	2.0913	2.27454
8.57204	8.61391	7.8547	7.14816	0	5.73341	12.4396	7.05536	12.3345	3.96776	6.574	3.66392	11.6182	9.24708	5.35128
4.1418	1.80161	4.41487	0.790963	5.73341	0	12.0602	1.07932	6.58742	4.88646	2.28022	2.0695	5.03587	2.88226	1.48357
2.94729	12.3353	13.9765	7.03023	12.4396	12.0602	0	12.4207	5.47283	8.47187	4.80887	7.85542	4.88586	6.97903	17.9243
5.99148	1.32657	4.22104	1.87029	7.05536	1.07932	12.4207	0	7.66674	8.87431	3.35954	2.78389	4.33087	1.95974	1.09652
5.68344	10.8963	11.0023	7.37838	12.3345	6.58742	5.47283	7.66674	0	8.36679	7.54502	8.65692	6.75128	9.71518	8.07099
4.46782	8.39908	5.50461	11.3538	3.96776	4.88646	8.47187	8.87431	8.36679	0	2.60624	7.63167	9.93684	6.38099	9.97084
1.86158	6.68388	3.78941	3.07118	6.574	2.28022	4.80887	3.35954	7.54502	2.60624	0	4.34972	3.80015	3.77475	3.76379
4.90812	4.26892	6.48436	2.86046	3.66392	2.0695	7.85542	2.78389	8.65692	7.63167	4.34972	0	6.8467	5.35119	1.68737
1.93857	5.25556	8.70028	4.24491	11.6182	5.03587	4.88586	4.33087	6.75128	9.93684	3.80015	6.8467	0	5.97031	5.4274
4.03174	3.02502	3.64585	2.0913	9.24708	2.88226	6.97903	1.95974	9.71518	6.38099	3.77475	5.35119	5.97031	0	3.05626
6.59549	2.42309	5.46593	2.27454	5.35128	1.48357	17.9243	1.09652	8.07099	9.97084	3.76379	1.68737	5.4274	3.05626	0
														
0	10.2599	10.4738	7.79812	12.6263	6.76209	3.93453	4.14236	0.359189	4.48166	1.26317	5.88899	5.92803	5.68147	3.71273
10.2599	0	3.33058	5.7875	9.23903	8.03404	16.2906	4.12462	15.4511	5.66588	13.5329	7.35339	9.90133	4.03119	4.55425
10.4738	3.33058	0	9.08821	5.90845	3.46982	15.937	1.39862	11.44	4.17569	14.5242	5.20322	7.21914	0.700607	2.66934
7.79812	5.7875	9.08821	0	11.4244	4.23902	9.73844	1.66288	12.8257	2.53086	5.74935	3.12945	5.08567	2.36089	2.09251
12.6263	9.23903	5.90845	11.4244	0	10.31	16.1011	10.4348	18.2701	8.89351	12.112	8.65453	6.69831	6.60906	10.1403
6.76209	8.03404	3.46982	4.23902	10.31	0	10.9923	3.46723	10.756	5.9797	5.49891	5.56795	3.61173	2.76921	3.66636
3.93453	16.2906	15.937	9.73844	16.1011	10.9923	0	8.74884	3.57534	7.20758	10.4261	13.2716	14.604	10.6827	9.52092
4.14236	4.12462	1.39862	1.66288	10.4348	3.46723	8.74884	0	6.49443	1.54126	4.75975	2.60589	5.18498	0.69801	0.429631
0.359189	15.4511	11.44	12.8257	18.2701	10.756	3.57534	6.49443	0	7.81868	1.62236	9.69625	6.28722	10.1324	4.07192
4.48166	5.66588	4.17569	2.53086	8.89351	5.9797	7.20758	1.54126	7.81868	0	3.21849	4.48959	8.72869	2.23927	1.97089
1.26317	13.5329	14.5242	5.74935	12.112	5.49891	10.4261	4.75975	1.62236	3.21849	0	9.95058	7.1912	6.69357	4.97591
5.88899	7.35339	5.20322	3.12945	8.65453	5.56795	13.2716	2.60589	9.69625	4.48959	9.95058	0	1.95622	3.92677	2.17626
5.92803	9.90133	7.21914	5.08567	6.69831	3.61173	14.604	5.18498	6.28722	8.72869	7.1912	1.95622	0	6.38095	4.13248
5.68147	4.03119	0.700607	2.36089	6.60906	2.76921	10.6827	0.69801	10.1324	2.23927	6.69357	3.92677	6.38095	0	1.12764
3.71273	4.55425	2.66934	2.09251	10.1403	3.66636	9.52092	0.429631	4.07192	1.97089	4.97591	2.17626	4.13248	1.12764	0
														
0	8.35212	6.9332	3.72985	10.4009	4.02298	1.30234	3.5802	3.74612	0.901774	1.36297	3.52071	2.05398	2.568	6.28391
8.35212	0	5.3887	8.60528	11.8529	2.70699	7.70852	8.03108	9.57711	10.3375	5.367	5.49015	15.0342	8.19417	8.79593
6.9332	5.3887	0	4.37269	12.3217	2.6817	9.78329	3.79849	5.34452	6.47692	5.09486	12.3524	15.795	3.88983	4.56334
3.72985	8.60528	4.37269	0	11.4223	5.02688	6.72862	0.574206	2.12024	3.25263	2.36687	5.05947	5.14842	2.25344	1.33906
10.4009	11.8529	12.3217	11.4223	0	16.3701	8.58117	10.1111	12.2482	18.8468	9.63685	6.36279	12.7892	8.43183	12.0344
4.02298	2.70699	2.6817	5.02688	16.3701	0	7.10158	6.48019	9.87305	6.00837	2.66001	8.19714	10.2652	3.86503	9.09187
1.30234	7.70852	9.78329	6.72862	8.58117	7.10158	0	6.15442	6.17899	2.20411	2.66531	2.21838	3.35632	4.34571	6.91927
3.5802	8.03108	3.79849	0.574206	10.1111	6.48019	6.15442	0	1.54603	2.67843	2.88426	5.63368	3.23817	1.67924	0.76485
3.74612	9.57711	5.34452	2.12024	12.2482	9.87305	6.17899	1.54603	0	4.22446	5.82316	8.39737	1.69214	3.22527	2.31088
0.901774	10.3375	6.47692	3.25263	18.8468	6.00837	2.20411	2.67843	4.22446	0	2.26475	4.9399	2.95575	3.94514	3.44328
1.36297	5.367	5.09486	2.36687	9.63685	2.66001	2.66531	2.88426	5.82316	2.26475	0	5.4011	3.41696	1.20502	4.15251
3.52071	5.49015	12.3524	5.05947	6.36279	8.19714	2.21838	5.63368	8.39737	4.9399	5.4011	0	6.0921	7.08149	6.84511
2.05398	15.0342	15.795	5.14842	12.7892	10.2652	3.35632	3.23817	1.69214	2.95575	3.41696	6.0921	0	5.09735	7.01826
2.568	8.19417	3.88983	2.25344	8.43183	3.86503	4.34571	1.67924	3.22527	3.94514	1.20502	7.08149	5.09735	0	2.44409
6.28391	8.79593	4.56334	1.33906	12.0344	9.09187	6.91927	0.76485	2.31088	3.44328	4.15251	6.84511	7.01826	2.44409	0
														
0	2.04291	5.37128	1.97514	2.46521	2.42168	4.45487	0.682931	0.798156	2.80229	1.71852	3.99178	5.75951	8.57714	0.43336
2.04291	0	6.27722	1.57822	3.64139	2.19688	5.63106	1.85912	8.69663	5.91895	2.8521	3.59486	5.53471	6.9351	1.60955
5.37128	6.27722	0	7.06142	6.75305	4.34602	8.24323	5.35811	9.4502	2.56899	6.4887	2.61505	5.39551	0.657881	5.10854
1.97514	1.57822	7.06142	0	3.98473	2.94797	5.97439	0.764848	2.77329	4.77742	1.27388	1.42716	6.28579	3.97381	1.01442
2.46521	3.64139	6.75305	3.98473	0	2.40703	6.05336	2.28142	11.6518	6.34125	4.54971	10.6278	5.74486	10.1756	2.03185
2.42168	2.19688	4.34602	2.94797	2.40703	0	7.50053	3.71281	3.21984	5.22397	2.14268	4.9646	3.33783	5.0039	2.85504
4.45487	5.63106	8.24323	5.97439	6.05336	7.50053	0	4.27108	4.00127	5.67424	5.35785	9.61248	12.763	8.72775	4.02151
0.682931	1.85912	5.35811	0.764848	2.28142	3.71281	4.27108	0	6.53582	4.55898	2.03873	0.662309	8.99104	2.61948	0.249571
0.798156	8.69663	9.4502	2.77329	11.6518	3.21984	4.00127	6.53582	0	3.60044	2.51668	5.87351	10.685	7.83068	1.23152
2.80229	5.91895	2.56899	4.77742	6.34125	5.22397	5.67424	4.55898	3.60044	0	4.52081	5.21842	13.0509	3.22687	3.23565
1.71852	2.8521	6.4887	1.27388	4.54971	2.14268	5.35785	2.03873	2.51668	4.52081	0	3.29052	5.48051	10.0058	2.15188
3.99178	3.59486	2.61505	1.42716	10.6278	4.9646	9.61248	0.662309	5.87351	5.21842	3.29052	0	6.6948	1.95717	0.911881
5.75951	5.53471	5.39551	6.28579	5.74486	3.33783	12.763	8.99104	10.685	13.0509	5.48051	6.6948	0	4.73762	8.72264
8.57714	6.9351	0.657881	3.97381	10.1756	5.0039	8.72775	2.61948	7.83068	3.22687	10.0058	1.95717	4.73762	0	5.76642
0.43336	1.60955	5.10854	1.01442	2.03185	2.85504	4.02151	0.249571	1.23152	3.23565	2.15188	0.911881	8.72264	5.76642	0
														
0	9.29281	12.6042	5.50064	12.2816	2.09125	5.40498	3.57419	2.45485	4.92399	1.37859	7.12996	4.98133	5.25564	3.43465
9.29281	0	5.32057	5.47526	8.16629	2.82636	12.814	1.34342	11.2588	8.78969	8.99728	13.1783	9.29718	7.52479	2.06366
12.6042	5.32057	0	6.71513	14.5628	8.01085	8.4927	6.664	15.0371	11.4522	7.57935	13.3791	3.97661	5.58983	7.21263
5.50064	5.47526	6.71513	0	10.9547	3.40939	2.5251	1.36835	5.47523	6.98768	2.70417	5.86973	3.89019	1.12529	0.648108
12.2816	8.16629	14.5628	10.9547	0	8.3058	21.1927	6.82286	14.7144	13.8835	14.4767	23.2092	14.2246	13.0042	7.5431
2.09125	2.82636	8.01085	3.40939	8.3058	0	5.93449	1.48294	4.52407	3.69321	3.46984	8.08178	4.03424	4.53468	2.20318
5.40498	12.814	8.4927	2.5251	21.1927	5.93449	0	6.65694	2.95013	5.41927	4.73737	6.55424	4.51609	3.65039	3.17321
3.57419	1.34342	6.664	1.36835	6.82286	1.48294	6.65694	0	6.00701	5.17615	2.7763	5.94186	3.96232	2.34303	0.720238
2.45485	11.2588	15.0371	5.47523	14.7144	4.52407	2.95013	6.00701	0	2.46914	3.70847	5.81292	7.31121	7.58552	5.76453
4.92399	8.78969	11.4522	6.98768	13.8835	3.69321	5.41927	5.17615	2.46914	0	6.17761	4.38857	7.72745	5.86239	7.48518
1.37859	8.99728	7.57935	2.70417	14.4767	3.46984	4.73737	2.7763	3.70847	6.17761	0	7.27769	3.60274	3.67885	2.05606
7.12996	13.1783	13.3791	5.86973	23.2092	8.08178	6.55424	5.94186	5.81292	4.38857	7.27769	0	8.46371	6.84441	5.22162
4.98133	9.29718	3.97661	3.89019	14.2246	4.03424	4.51609	3.96232	7.31121	7.72745	3.60274	8.46371	0	4.86488	3.24209
5.25564	7.52479	5.58983	1.12529	13.0042	4.53468	3.65039	2.34303	7.58552	5.86239	3.67885	6.84441	4.86488	0	1.62279
3.43465	2.06366	7.21263	0.648108	7.5431	2.20318	3.17321	0.720238	5.76453	7.48518	2.05606	5.22162	3.24209	1.62279	0
														
0	9.42909	4.7034	5.44225	12.9682	5.26048	5.85006	3.10301	0.710643	5.4792	3.81763	4.74586	6.88769	3.76634	2.99106
9.42909	0	6.16021	10.628	16.0936	7.31692	10.3626	7.64028	7.48569	10.9445	8.62535	7.00995	16.7249	4.42999	7.75223
4.7034	6.16021	0	3.29664	15.1906	3.82273	3.09726	6.03934	3.99276	8.24473	9.7554	4.31017	10.8609	1.73022	5.92739
5.44225	10.628	3.29664	0	11.807	0.52609	6.3939	3.48816	4.7316	6.03044	4.47323	3.8739	1.56596	3.41302	2.79552
12.9682	16.0936	15.1906	11.807	0	11.2809	19.393	20.269	13.6789	18.4474	16.3855	16.0403	12.3027	13.4604	13.5503
5.26048	7.31692	3.82273	0.52609	11.2809	0	8.81953	2.38137	5.2577	6.55653	5.10459	4.02423	1.03987	2.88692	2.26943
5.85006	10.3626	3.09726	6.3939	19.393	8.81953	0	8.29469	5.13942	12.4471	15.3461	8.51257	14.5135	4.82748	9.02466
3.10301	7.64028	6.03934	3.48816	20.269	2.38137	8.29469	0	3.15527	9.5186	0.985068	1.86675	8.43865	6.21096	0.111949
0.710643	7.48569	3.99276	4.7316	13.6789	5.2577	5.13942	3.15527	0	6.18984	4.14034	5.63565	10.3093	3.0557	3.26722
5.4792	10.9445	8.24473	6.03044	18.4474	6.55653	12.4471	9.5186	6.18984	0	9.29683	9.09447	18.3124	6.51451	8.47026
3.81763	8.62535	9.7554	4.47323	16.3855	5.10459	15.3461	0.985068	4.14034	9.29683	0	1.53015	6.14446	4.1101	1.09702
4.74586	7.00995	4.31017	3.8739	16.0403	4.02423	8.51257	1.86675	5.63565	9.09447	1.53015	0	7.68345	2.57996	1.7548
6.88769	16.7249	10.8609	1.56596	12.3027	1.03987	14.5135	8.43865	10.3093	18.3124	6.14446	7.68345	0	3.92679	3.30929
3.76634	4.42999	1.73022	3.41302	13.4604	2.88692	4.82748	6.21096	3.0557	6.51451	4.1101	2.57996	3.92679	0	4.33476
2.99106	7.75223	5.92739	2.79552	13.5503	2.26943	9.02466	0.111949	3.26722	8.47026	1.09702	1.7548	3.30929	4.33476	0
														
-111
