20
5
2
3
20

6	11
10	43
1	33
14	23
27	48

12	21
1	2
11	28
2	10
14	5
10	12
23	24
24	11
8	30
11	27
29	42
26	47
30	36
37	28
31	27
42	35
42	47
41	23
36	45
43	34

150

1.79769e+308
1.79769e+308
1.79769e+308
1.79769e+308
1.79769e+308

11
15
11
14
17
13
14
15
13
17
16
18
12
19
18
15
16
14
20
14

0
0
0
0
0

0
																								
0	16.4448	6.31709	4.61511	13.8428	5.36448	2.16208	5.35687	3.38095	7.90577	2.02032	9.81116	14.76	4.20309	7.55478	13.47	13.7023	12.8623	21.9705	8.2826	15.8864	10.1823	15.8293	16.1907	12.0876
16.4448	0	14.2844	10.7712	23.8623	14.3479	22.203	6.99124	13.273	25.7766	16.2945	13.5828	18.127	9.12293	5.77124	13.7139	13.1947	14.8327	21.4628	15.4972	17.9547	9.67471	17.5748	15.683	16.9762
6.31709	14.2844	0	6.7245	17.7983	10.3732	8.47917	8.41548	9.69803	17.6171	8.33741	15.8704	21.0771	10.5202	8.51319	16.4701	17.0132	20.1806	25.3492	10.392	17.9958	16.4994	20.3167	18.0694	15.0989
4.61511	10.7712	6.7245	0	8.15678	3.64867	6.77719	1.69098	7.99605	11.2696	5.38416	8.09536	15.4044	2.84475	2.91098	11.7542	13.5	10.2779	11.3318	3.66749	9.633	14.7974	14.1135	14.5098	8.37435
13.8428	23.8623	17.7983	8.15678	0	9.43371	14.5112	18.0314	10.4618	11.2305	17.116	6.64078	10.1203	14.927	10.791	1.32816	2.29103	5.03864	8.72067	4.48929	5.95483	5.36739	12.4573	2.92747	7.21348
5.36448	14.3479	10.3732	3.64867	9.43371	0	7.52656	5.33965	8.74542	9.67471	7.3848	4.44668	10.7051	7.52088	8.5767	8.10555	16.2764	7.49784	14.3011	7.31616	7.98174	12.1448	10.4648	9.70487	6.72309
2.16208	22.203	8.47917	6.77719	14.5112	7.52656	0	12.0642	5.54303	13.4621	4.1824	13.6676	15.0659	6.36518	15.3732	13.1831	19.728	15.6407	22.444	14.0407	21.6446	12.3444	19.6857	14.7824	15.944
5.35687	6.99124	8.41548	1.69098	18.0314	5.33965	12.0642	0	8.7218	15.0232	7.07514	10.8369	18.6546	1.15378	1.22	15.9544	9.72	13.9237	15.2594	5.35847	9.72364	15.7665	13.0235	17.8526	8.46499
3.38095	13.273	9.69803	7.99605	10.4618	8.74542	5.54303	8.7218	0	14.6809	5.40127	17.5288	18.1409	7.58404	7.5018	11.79	12.7529	17.8235	19.1825	14.9511	16.4167	13.5633	13.5662	23.9433	19.8052
7.90577	25.7766	17.6171	11.2696	11.2305	9.67471	13.4621	15.0232	14.6809	0	5.88545	12.1938	17.7261	15.5031	16.2966	12.5587	13.5216	17.1725	19.9512	15.7198	17.1854	17.1624	20.1395	20.5359	16.3978
2.02032	16.2945	8.33741	5.38416	17.116	7.3848	4.1824	7.07514	5.40127	5.88545	0	14.5301	16.7803	6.22342	10.3578	20.1737	19.0233	20.0364	29.4229	9.05165	16.6555	12.2027	22.3268	23.3997	13.7585
9.81116	13.5828	15.8704	8.09536	6.64078	4.44668	13.6676	10.8369	17.5288	12.1938	14.5301	0	6.25843	10.9857	13.0234	5.31263	15.8083	9.02311	17.9091	11.6198	20.4173	9.35186	14.9115	6.91194	11.1698
14.76	18.127	21.0771	15.4044	10.1203	10.7051	15.0659	18.6546	18.1409	17.7261	16.7803	6.25843	0	17.2442	21.5964	8.79218	11.9723	12.5027	20.2405	17.8783	16.7323	8.45234	21.4329	10.3915	15.7538
4.20309	9.12293	10.5202	2.84475	14.927	7.52088	6.36518	1.15378	7.58404	15.5031	6.22342	10.9857	17.2442	0	2.37378	15.9846	11.8517	12.77	18.102	7.5397	13.2304	14.3854	15.1552	18.7402	9.61876
7.55478	5.77124	8.51319	2.91098	10.791	8.5767	15.3732	1.22	7.5018	16.2966	10.3578	13.0234	21.5964	2.37378	0	16.6822	8.5	16.0609	20.0636	8.66749	13.2966	12.02	11.8035	18.2901	9.68499
13.47	13.7139	16.4701	11.7542	1.32816	8.10555	13.1831	15.9544	11.79	12.5587	20.1737	5.31263	8.79218	15.9846	16.6822	0	3.61918	3.71049	10.0488	5.81744	7.28299	4.03923	7.96783	1.59931	10.987
13.7023	13.1947	17.0132	13.5	2.29103	16.2764	19.728	9.72	12.7529	13.5216	19.0233	15.8083	11.9723	11.8517	8.5	3.61918	0	8.77852	11.0117	6.78031	8.24586	3.52	13.0359	9.52833	9.63042
12.8623	14.8327	20.1806	10.2779	5.03864	7.49784	15.6407	13.9237	17.8235	17.1725	20.0364	9.02311	12.5027	12.77	16.0609	3.71049	8.77852	0	6.80329	6.61043	9.98615	7.74972	4.25735	5.3098	13.8724
21.9705	21.4628	25.3492	11.3318	8.72067	14.3011	22.444	15.2594	19.1825	19.9512	29.4229	17.9091	20.2405	18.102	20.0636	10.0488	11.0117	6.80329	0	7.66428	3.18286	11.4629	8.26003	17.4487	4.44151
8.2826	15.4972	10.392	3.66749	4.48929	7.31616	14.0407	5.35847	14.9511	15.7198	9.05165	11.6198	17.8783	7.5397	8.66749	5.81744	6.78031	6.61043	7.66428	0	10.4441	16.0521	10.4472	21.4707	12.0418
15.8864	17.9547	17.9958	9.633	5.95483	7.98174	21.6446	9.72364	16.4167	17.1854	16.6555	20.4173	16.7323	13.2304	13.2966	7.28299	8.24586	9.98615	3.18286	10.4441	0	8.28	6.50246	10.6463	1.25865
10.1823	9.67471	16.4994	14.7974	5.36739	12.1448	12.3444	15.7665	13.5633	17.1624	12.2027	9.35186	8.45234	14.3854	12.02	4.03923	3.52	7.74972	11.4629	16.0521	8.28	0	13.6991	5.63854	7.30151
15.8293	17.5748	20.3167	14.1135	12.4573	10.4648	19.6857	13.0235	13.5662	20.1395	22.3268	14.9115	21.4329	15.1552	11.8035	7.96783	13.0359	4.25735	8.26003	10.4472	6.50246	13.6991	0	12.4086	7.76111
16.1907	15.683	18.0694	14.5098	2.92747	9.70487	14.7824	17.8526	23.9433	20.5359	23.3997	6.91194	10.3915	18.7402	18.2901	1.59931	9.52833	5.3098	17.4487	21.4707	10.6463	5.63854	12.4086	0	9.38765
12.0876	16.9762	15.0989	8.37435	7.21348	6.72309	15.944	8.46499	19.8052	16.3978	13.7585	11.1698	15.7538	9.61876	9.68499	10.987	9.63042	13.8724	4.44151	12.0418	1.25865	7.30151	7.76111	9.38765	0
																								
0	21.4251	25.2684	15.727	16.5922	14.2275	11.4281	11.172	0.865852	4.2	2.51509	13.9901	18.3109	7.94833	11.0841	19.6921	17.2145	17.286	19.3638	9.74105	17.3066	12.7279	22.4845	18.5465	17.9829
21.4251	0	9.68661	10.6977	14.3532	9.0572	29.6652	7.66698	19.6079	26.7743	12.9304	14.4406	17.6814	7.49718	9.30698	17.7578	14.1835	18.2801	17.027	18.7445	16.8833	20.8176	14.7567	18.5507	18.4462
25.2684	9.68661	0	15.7371	14.3757	15.6981	30.8886	8.27345	17.8782	19.6808	13.4298	4.75395	17.01	7.99656	9.91345	16.2655	13.7535	13.4112	17.6335	10.0512	9.03073	17.9693	14.2086	12.8792	10.2469
15.727	10.6977	15.7371	0	8.73518	1.64049	27.7038	7.46362	14.8611	21.96	13.2263	11.0476	11.403	9.30245	8.05	14.1743	9.35744	22.0252	16.8236	16.3449	14.7733	15.1995	20.4589	16.2352	21.3335
16.5922	14.3532	14.3757	8.73518	0	9.18585	28.0203	8.12656	17.458	15.4737	19.1073	14.0753	20.1381	8.29749	10.8723	5.43912	0.622254	4.7189	10.5095	13.1251	12.6739	6.46432	16.6565	11.7602	13.3401
14.2275	9.0572	15.6981	1.64049	9.18585	0	25.6557	7.42462	15.0934	18.4275	12.1698	12.0859	13.0435	8.76548	8.5767	14.9193	8.5636	12.6602	16.7846	17.3831	15.3	20.4133	20.9855	14.5947	22.0462
11.4281	29.6652	30.8886	27.7038	28.0203	25.6557	0	24.4914	12.294	9.73941	13.9432	18.5747	16.3008	21.9812	25.1169	24.0631	24.5908	21.4273	15.893	13.2774	20.0864	23.5606	14.9086	17.742	18.5981
11.172	7.66698	8.27345	7.46362	8.12656	7.42462	24.4914	0	12.78	20.1859	7.27206	13.0274	12.023	1.83883	1.64	9.13784	7.50431	11.601	9.36	11.214	8.36328	16.7023	14.0489	10.8837	10.4326
0.865852	19.6079	17.8782	14.8611	17.458	15.0934	12.294	12.78	0	5.06585	3.38095	13.1242	20.2641	9.55634	12.6921	26.3628	19.786	26.5109	18.4979	11.3491	18.1725	13.5938	24.6449	21.47	19.5909
4.2	26.7743	19.6808	21.96	15.4737	18.4275	9.73941	20.1859	5.06585	0	6.71509	14.9269	14.1109	16.9623	20.098	21.2072	14.8514	18.9481	31.6349	18.755	21.5066	16.9279	24.648	25.5471	25.1491
2.51509	12.9304	13.4298	13.2263	19.1073	12.1698	13.9432	7.27206	3.38095	6.71509	0	12.5232	15.6174	5.43323	8.56898	16.0668	13.1085	15.3758	9.84154	7.22595	15.2923	15.243	19.1573	19.5405	15.4678
13.9901	14.4406	4.75395	11.0476	14.0753	12.0859	18.5747	13.0274	13.1242	14.9269	12.5232	0	12.2561	12.7505	16.3275	16.9413	13.453	13.4471	7.91287	5.29728	11.5021	16.4388	13.9754	10.6202	10.2859
18.3109	17.6814	17.01	11.403	20.1381	13.0435	16.3008	12.023	20.2641	14.1109	15.6174	12.2561	0	10.1842	14.9086	18.9392	17.8594	16.8255	14.6659	12.0503	12.2544	24.3373	14.7277	22.8763	11.0382
7.94833	7.49718	7.99656	9.30245	8.29749	8.76548	21.9812	1.83883	9.55634	16.9623	5.43323	12.7505	10.1842	0	3.47883	14.031	7.67524	11.7719	11.1988	12.6592	10.3097	20.4304	15.4876	12.7225	11.5259
11.0841	9.30698	9.91345	8.05	10.8723	8.5767	25.1169	1.64	12.6921	20.098	8.56898	16.3275	14.9086	3.47883	0	7.49784	9.14431	13.3373	11	12.854	6.72328	14.462	11.9012	10.5717	7.9395
19.6921	17.7578	16.2655	14.1743	5.43912	14.9193	24.0631	9.13784	26.3628	21.2072	16.0668	16.9413	18.9392	14.031	7.49784	0	6.06137	5.83945	14.4499	13.9893	7.23476	6.96419	11.5905	6.32109	7.90101
17.2145	14.1835	13.7535	9.35744	0.622254	8.5636	24.5908	7.50431	19.786	14.8514	13.1085	13.453	17.8594	7.67524	9.14431	6.06137	0	4.09664	11.1318	12.2465	13.5905	7.08657	17.1721	11.0193	9.88394
17.286	18.2801	13.4112	22.0252	4.7189	12.6602	21.4273	11.601	26.5109	18.9481	15.3758	13.4471	16.8255	11.7719	13.3373	5.83945	4.09664	0	8.61042	8.14985	7.00352	4.55807	9.47681	6.92266	5.7873
19.3638	17.027	17.6335	16.8236	10.5095	16.7846	15.893	9.36	18.4979	31.6349	9.84154	7.91287	14.6659	11.1988	11	14.4499	11.1318	8.61042	0	2.61559	11.0485	13.1685	6.147	15.0315	9.83651
9.74105	18.7445	10.0512	16.3449	13.1251	17.3831	13.2774	11.214	11.3491	18.755	7.22595	5.29728	12.0503	12.6592	12.854	13.9893	12.2465	8.14985	2.61559	0	8.43291	12.7079	8.76259	12.2813	9.64914
17.3066	16.8833	9.03073	14.7733	12.6739	15.3	20.0864	8.36328	18.1725	21.5066	15.2923	11.5021	12.2544	10.3097	6.72328	7.23476	13.5905	7.00352	11.0485	8.43291	0	9.66702	4.90574	3.84843	1.21622
12.7279	20.8176	17.9693	15.1995	6.46432	20.4133	23.5606	16.7023	13.5938	16.9279	15.243	16.4388	24.3373	20.4304	14.462	6.96419	7.08657	4.55807	13.1685	12.7079	9.66702	0	15.5198	5.81859	10.3454
22.4845	14.7567	14.2086	20.4589	16.6565	20.9855	14.9086	14.0489	24.6449	24.648	19.1573	13.9754	14.7277	15.4876	11.9012	11.5905	17.1721	9.47681	6.147	8.76259	4.90574	15.5198	0	9.02631	3.68951
18.5465	18.5507	12.8792	16.2352	11.7602	14.5947	17.742	10.8837	21.47	25.5471	19.5405	10.6202	22.8763	12.7225	10.5717	6.32109	11.0193	6.92266	15.0315	12.2813	3.84843	5.81859	9.02631	0	5.06465
17.9829	18.4462	10.2469	21.3335	13.3401	22.0462	18.5981	10.4326	19.5909	25.1491	15.4678	10.2859	11.0382	11.5259	7.9395	7.90101	9.88394	5.7873	9.83651	9.64914	1.21622	10.3454	3.68951	5.06465	0
																								
0	10.1644	14.2709	15.9442	19.9668	13.0613	8.13216	6.55642	3.13356	9	5.23634	11.3425	7.92	7.89047	7.13642	17.9833	22.46	14.3475	12.4142	14.2475	13.118	22.8968	24.813	16.7761	21.9414
10.1644	0	11.3224	7.13863	18.3401	5.96449	11.4531	3.60799	15.7107	21.5771	14.9996	9.95511	20.2598	4.94205	4.18799	16.4039	17.1521	26.2851	14.008	12.3059	13.4599	10.3197	19.928	13.6717	20.4896
14.2709	11.3224	0	17.1023	17.2337	10.8838	19.2721	7.71443	14.2735	21.1635	19.1006	6.89322	13.944	9.04849	8.29443	13.534	16.0457	13.5616	9.44985	9.79818	12.8048	21.482	17.6458	12.3268	18.2972
15.9442	7.13863	17.1023	0	13.7994	4.07294	9.56156	8.78	16.6303	22.4507	13.1081	8.06355	13.1212	9.86491	8.2	18.6397	12.6114	19.5487	17.6154	15.1997	19.2398	17.4583	25.3814	16.2095	25.2587
19.9668	18.3401	17.2337	13.7994	0	16.9878	21.7792	18.1331	20.9151	26.3487	14.7305	14.541	15.3334	20.1846	17.1169	10.7517	1.18794	8.90591	15.4584	15.3918	15.4826	12.4594	17.4934	5.26716	17.8302
13.0613	5.96449	10.8838	4.07294	16.9878	0	5.48862	6.2978	10.4872	22.0613	9.03515	3.99061	17.1942	11.106	5.7178	10.6314	16.6844	10.659	20.0198	6.89558	16.9168	16.2842	18.0523	9.42421	15.3946
8.13216	11.4531	19.2721	9.56156	21.7792	5.48862	0	16.955	4.9986	11.8886	11.1833	9.47924	18.3186	21.1483	11.2064	28.5131	20.5913	26.68	16.5126	19.2784	13.1577	16.6377	23.5135	24.6705	15.5053
6.55642	3.60799	7.71443	8.78	18.1331	6.2978	16.955	0	9.68998	15.5564	11.7928	12.4813	14.4764	1.33405	0.58	10.7669	16.9452	22.6771	10.4	6.66886	9.85195	13.332	18.596	8.58952	12.1995
3.13356	15.7107	14.2735	16.6303	20.9151	10.4872	4.9986	9.68998	0	6.89	6.18466	14.4761	11.0536	24.7832	18.3616	32.1074	25.5899	24.3328	17.1693	23.0157	14.0663	30.1895	31.2536	26.8375	28.8375
9	21.5771	21.1635	22.4507	26.3487	22.0613	11.8886	15.5564	6.89	0	13.0747	19.0306	9.32952	21.4605	18.207	25.1679	28.7963	15.757	13.8237	16.1257	21.9906	26.8536	28.0573	21.2278	20.5713
5.23634	14.9996	19.1006	13.1081	14.7305	9.03515	11.1833	11.7928	6.18466	13.0747	0	12.2073	13.1563	17.5651	12.177	18.8481	15.9184	18.8757	10.9846	14.0023	7.88162	11.3616	18.2374	17.6409	10.2292
11.3425	9.95511	6.89322	8.06355	14.541	3.99061	9.47924	12.4813	14.4761	19.0306	12.2073	0	13.0959	8.23977	9.70841	6.64078	9.51281	6.66837	7.22372	2.90496	9.02562	8.78561	13.3824	5.4336	7.35054
7.92	20.2598	13.944	13.1212	15.3334	17.1942	18.3186	14.4764	11.0536	9.32952	13.1563	13.0959	0	22.9861	19.9078	14.1526	15.9775	6.42748	4.4942	8.81296	7.8491	15.2503	12.6902	11.8983	14.0214
7.89047	4.94205	9.04849	9.86491	20.1846	11.106	21.1483	1.33405	24.7832	21.4605	17.5651	8.23977	22.9861	0	1.91405	9.43284	18.2793	15.0241	9.65357	5.33481	10.3097	13.7897	16.1745	13.3977	9.78039
7.13642	4.18799	8.29443	8.2	17.1169	5.7178	11.2064	0.58	18.3616	18.207	12.177	9.70841	19.9078	1.91405	0	14.821	12.0887	23.2571	10.98	10.723	10.432	11.3615	18.1593	8.00952	21.5134
17.9833	16.4039	13.534	18.6397	10.7517	10.6314	28.5131	10.7669	32.1074	25.1679	18.8481	6.64078	14.1526	9.43284	14.821	0	10.1459	7.72511	14.9377	9.54574	12.3942	8.91417	6.74166	12.0744	10.0958
22.46	17.1521	16.0457	12.6114	1.18794	16.6844	20.5913	16.9452	25.5899	28.7963	15.9184	9.51281	15.9775	18.2793	12.0887	10.1459	0	10.0938	14.2704	13.0464	16.6705	7.43123	16.8875	4.07922	18.1607
14.3475	26.2851	13.5616	19.5487	8.90591	10.659	26.68	22.6771	24.3328	15.757	18.8757	6.66837	6.42748	15.0241	23.2571	7.72511	10.0938	0	10.9217	9.57333	15.8099	16.6393	14.4668	12.102	14.1348
12.4142	14.008	9.44985	17.6154	15.4584	20.0198	16.5126	10.4	17.1693	13.8237	10.9846	7.22372	4.4942	9.65357	10.98	14.9377	14.2704	10.9217	0	4.31876	3.35491	6.83491	8.196	13.2859	5.7025
14.2475	12.3059	9.79818	15.1997	15.3918	6.89558	19.2784	6.66886	23.0157	16.1257	14.0023	2.90496	8.81296	5.33481	10.723	9.54574	13.0464	9.57333	4.31876	0	6.12066	9.60066	7.79968	8.33856	4.44558
13.118	13.4599	12.8048	19.2398	15.4826	16.9168	13.1577	9.85195	14.0663	21.9906	7.88162	9.02562	7.8491	10.3097	10.432	12.3942	16.6705	15.8099	3.35491	6.12066	0	3.48	5.7017	6.83201	2.34759
22.8968	10.3197	21.482	17.4583	12.4594	16.2842	16.6377	13.332	30.1895	26.8536	11.3616	8.78561	15.2503	13.7897	11.3615	8.91417	7.43123	16.6393	6.83491	9.60066	3.48	0	9.60833	3.35201	5.82759
24.813	19.928	17.6458	25.3814	17.4934	18.0523	23.5135	18.596	31.2536	28.0573	18.2374	13.3824	12.6902	16.1745	18.1593	6.74166	16.8875	14.4668	8.196	7.79968	5.7017	9.60833	0	12.9603	3.3541
16.7761	13.6717	12.3268	16.2095	5.26716	9.42421	24.6705	8.58952	26.8375	21.2278	17.6409	5.4336	11.8983	13.3977	8.00952	12.0744	4.07922	12.102	13.2859	8.33856	6.83201	3.35201	12.9603	0	13.4127
21.9414	20.4896	18.2972	25.2587	17.8302	15.3946	15.5053	12.1995	28.8375	20.5713	10.2292	7.35054	14.0214	9.78039	21.5134	10.0958	18.1607	14.1348	5.7025	4.44558	2.34759	5.82759	3.3541	13.4127	0
																								
0	13.7667	9.80982	6.20155	11.1484	5.06966	6.297	3.54401	2.18525	9.01901	3.13356	6.83278	10.4321	8.87522	5.30401	8.49211	16.5971	9.52251	18.0312	19.3877	16.1698	18.7834	11.2294	16.9456	27.5058
13.7667	0	18.6636	19.5094	9.71679	16.4354	29.303	10.2226	20.9514	30.0314	18.7251	13.5114	24.7992	16.5684	11.9826	16.846	8.74098	16.2011	16.3701	22.1766	20.4506	21.061	19.8918	18.1232	21.9638
9.80982	18.6636	0	3.60827	22.0675	4.29	19.2959	8.17356	12.1121	21.9269	13.0604	11.3595	12.512	1.82779	3.48242	18.419	14.6097	16.5961	10.9037	18.1036	20.0583	25.2459	14.4254	19.6869	22.9528
6.20155	19.5094	3.60827	0	11.9773	4.58205	14.373	9.01944	8.38679	15.6676	6.51816	7.20446	8.90368	2.67367	4.3283	14.6937	11.0015	12.9878	14.5119	14.4953	16.4501	16.9535	10.6865	18.674	17.9633
11.1484	9.71679	22.0675	11.9773	0	20.1701	34.4438	10.245	21.7038	24.1266	23.6812	6.54257	19.6744	16.5908	12.005	2.65631	0.975807	5.57604	9.31852	13.5519	10.334	13.2958	17.6089	10.358	21.6832
5.06966	16.4354	4.29	4.58205	20.1701	0	8.27425	5.91117	4.1625	7.82155	1.9361	2.6224	9.23465	2.46221	4.11684	18.75	8.18916	14.5699	9.62618	12.6744	21.0321	12.1689	6.10447	14.0008	12.4611
6.297	29.303	19.2959	14.373	34.4438	8.27425	0	12.913	4.11175	11.5218	12.5026	13.1977	21.789	14.9763	14.4989	17.8611	24.8398	22.5381	27.014	29.8494	28.9469	28.7906	13.1559	31.3886	30.4601
3.54401	10.2226	8.17356	9.01944	10.245	5.91117	12.913	0	5.72926	15.544	6.67757	3.28877	15.964	3.41463	1.76	8.89823	8.85553	5.9785	14.9078	13.8833	15.0097	12.8353	13.5635	12.234	13.1275
2.18525	20.9514	12.1121	8.38679	21.7038	4.1625	4.11175	5.72926	0	7.41	5.31881	6.7849	14.1739	6.62471	10.3871	10.6774	14.6527	15.3543	12.5658	15.614	26.7113	18.6325	9.04411	16.9405	18.9247
9.01901	30.0314	21.9269	15.6676	24.1266	7.82155	11.5218	15.544	7.41	0	5.88545	16.496	6.7639	19.3119	17.7971	20.4921	22.004	19.8848	13.6613	23.7042	25.9626	14.8137	16.4541	17.9411	25.7104
3.13356	18.7251	13.0604	6.51816	23.6812	1.9361	12.5026	6.67757	5.31881	5.88545	0	4.55851	7.29855	4.39832	11.851	11.6257	21.1304	14.0584	17.8893	23.6139	23.0896	15.3484	8.04057	18.4758	28.3952
6.83278	13.5114	11.3595	7.20446	6.54257	2.6224	13.1977	3.28877	6.7849	16.496	4.55851	0	14.4726	5.08462	5.04877	13.6718	5.56676	9.26727	13.9095	10.5946	11.3519	9.54652	8.72687	14.6694	9.8387
10.4321	24.7992	12.512	8.90368	19.6744	9.23465	21.789	15.964	14.1739	6.7639	7.29855	14.4726	0	11.5774	17.1037	19.6307	19.9051	21.0821	12.8406	16.9403	19.0898	8.04984	16.3623	11.1772	23.2696
8.87522	16.5684	1.82779	2.67367	16.5908	2.46221	14.9763	3.41463	6.62471	19.3119	4.39832	5.08462	11.5774	0	1.65463	21.239	13.6751	12.3243	12.7315	15.0546	19.1237	18.7387	8.56668	12.1286	19.3704
5.30401	11.9826	3.48242	4.3283	12.005	4.11684	14.4989	1.76	10.3871	17.7971	11.851	5.04877	17.1037	1.65463	0	15.1135	15.3385	7.7385	15.3253	13.4	19.8035	15.5969	11.8035	10.474	19.6105
8.49211	16.846	18.419	14.6937	2.65631	18.75	17.8611	8.89823	10.6774	20.4921	11.6257	13.6718	19.6307	21.239	15.1135	0	3.63212	2.91973	11.849	10.8956	7.67771	13.5764	16.3499	8.45351	9.19092
16.5971	8.74098	14.6097	11.0015	0.975807	8.18916	24.8398	8.85553	14.6527	22.004	21.1304	5.56676	19.9051	13.6751	15.3385	3.63212	0	11.0247	8.34271	16.1613	15.7827	12.32	11.8644	9.3822	15.4055
9.52251	16.2011	16.5961	12.9878	5.57604	14.5699	22.5381	5.9785	15.3543	19.8848	14.0584	9.26727	21.0821	12.3243	7.7385	2.91973	11.0247	0	8.92932	13.6736	9.0312	16.3722	12.451	11.2493	10.5444
18.0312	16.3701	10.9037	14.5119	9.31852	9.62618	27.014	14.9078	12.5658	13.6613	17.8893	13.9095	12.8406	12.7315	15.3253	11.849	8.34271	8.92932	0	10.0916	12.3013	14.3422	3.52172	11.4181	12.0491
19.3877	22.1766	18.1036	14.4953	13.5519	12.6744	29.8494	13.8833	15.614	23.7042	23.6139	10.5946	16.9403	15.0546	13.4	10.8956	16.1613	13.6736	10.0916	0	12.6272	20.1411	6.5699	14.4663	11.114
16.1698	20.4506	20.0583	16.4501	10.334	21.0321	28.9469	15.0097	26.7113	25.9626	23.0896	11.3519	19.0898	19.1237	19.8035	7.67771	15.7827	9.0312	12.3013	12.6272	0	11.04	15.823	9.32952	1.51321
18.7834	21.061	25.2459	16.9535	13.2958	12.1689	28.7906	12.8353	18.6325	14.8137	15.3484	9.54652	8.04984	18.7387	15.5969	13.5764	12.32	16.3722	14.3422	20.1411	11.04	0	13.0192	5.12289	12.5532
11.2294	19.8918	14.4254	10.6865	17.6089	6.10447	13.1559	13.5635	9.04411	16.4541	8.04057	8.72687	16.3623	8.56668	11.8035	16.3499	11.8644	12.451	3.52172	6.5699	15.823	13.0192	0	7.89636	15.5708
16.9456	18.1232	19.6869	18.674	10.358	14.0008	31.3886	12.234	16.9405	17.9411	18.4758	14.6694	11.1772	12.1286	10.474	8.45351	9.3822	11.2493	11.4181	14.4663	9.32952	5.12289	7.89636	0	10.8427
27.5058	21.9638	22.9528	17.9633	21.6832	12.4611	30.4601	13.1275	18.9247	25.7104	28.3952	9.8387	23.2696	19.3704	19.6105	9.19092	15.4055	10.5444	12.0491	11.114	1.51321	12.5532	15.5708	10.8427	0
																								
0	14.7227	10.9525	12.26	17.6078	7.23215	6.07442	10.3501	1.7317	2	5.11265	21.1257	9	12.1354	9.8902	18.7939	17.2967	16.9812	12.4086	22.4144	25.8	13.1051	19.5752	28.7498	19.7172
14.7227	0	12.0105	8.97999	16.834	12.3583	12.3007	3.30733	20.5775	11.6575	9.61	12.8922	14.3207	7.27343	4.98733	14.0337	17.1452	16.9136	17.1146	24.7683	20.3342	23.1755	9.39009	15.4003	14.957
10.9525	12.0105	0	10.7305	10.2057	10.2557	8.8788	6.78394	10.59	8.9525	13.6455	15.7285	10.5031	2.81784	6.88052	15.7842	10.5168	9.32952	12.5186	14.7628	22.1738	19.358	16.5655	13.2415	14.0907
12.26	8.97999	10.7305	0	16.0455	3.13955	10.767	5.53	8.64	10.26	8.07624	8.6124	14.2147	9.40394	3.85	12.7537	18.6399	5.77235	8.96139	9.95462	8.64499	13.3605	10.1161	12.5782	7.75403
17.6078	16.834	10.2057	16.0455	0	19.8282	20.208	15.0777	19.2751	18.2348	12.6259	7.26958	16.1726	13.0235	16.6196	7.71596	0.311127	11.0153	7.80401	11.4425	9.18247	9.77164	10.0297	3.03579	7.86
7.23215	12.3583	10.2557	3.13955	19.8282	0	8.68343	9.05097	5.50045	12.2006	5.9927	5.47284	12.184	12.5435	6.98955	15.3391	12.4313	5.62338	8.81242	11.0566	10.7094	19.7456	6.97653	13.9705	10.8936
6.07442	12.3007	8.8788	10.767	20.208	8.68343	0	10.0271	7.80613	8.07442	2.69072	17.7674	14.078	6.06097	9.45571	19.0422	15.0055	17.9179	19.7478	18.3542	24.1236	16.4436	19.2711	18.7669	17.3339
10.3501	3.30733	6.78394	5.53	15.0777	9.05097	10.0271	0	14.5514	8.35014	8.44498	14.5238	12.6266	3.96611	1.68	10.5837	14.7665	13.6062	16.776	16.0929	9.81566	17.1124	6.08276	12.093	11.507
1.7317	20.5775	10.59	8.64	19.2751	5.50045	7.80613	14.5514	0	3.7317	6.84436	10.9733	10.7317	13.4078	11.6219	20.4225	18.9639	11.1238	18.4812	22.7008	17.4186	14.7119	12.477	23.1236	20.3184
2	11.6575	8.9525	10.26	18.2348	12.2006	8.07442	8.35014	3.7317	0	6.20794	14.6311	7.69686	11.7703	10.0301	16.8157	18.5227	13.5977	10.4086	19.094	14.3657	11.1051	14.4329	15.1768	16.7116
5.11265	9.61	13.6455	8.07624	12.6259	5.9927	2.69072	8.44498	6.84436	6.20794	0	11.4655	13.9048	8.75169	6.76498	15.6687	12.3148	11.6161	16.6166	18.0309	17.9108	13.7529	12.9692	20.5531	15.8303
21.1257	12.8922	15.7285	8.6124	7.26958	5.47284	17.7674	14.5238	10.9733	14.6311	11.4655	0	12.1257	18.6391	13.3589	9.86631	6.95845	7.41151	4.22246	11.8762	8.17953	15.5769	12.4494	8.99069	12.5268
9	14.3207	10.5031	14.2147	16.1726	12.184	14.078	12.6266	10.7317	7.69686	13.9048	12.1257	0	9.19061	12.1632	14.5655	19.0842	11.5354	8.34636	16.8437	12.3034	8.85483	18.7093	13.1146	14.4613
12.1354	7.27343	2.81784	9.40394	13.0235	12.5435	6.06097	3.96611	13.4078	11.7703	8.75169	18.6391	9.19061	0	5.64611	15.2252	13.9925	12.1474	17.4741	12.2933	12.1639	16.8794	10.0489	12.7059	11.2729
9.8902	4.98733	6.88052	3.85	16.6196	6.98955	9.45571	1.68	11.6219	10.0301	6.76498	13.3589	12.1632	5.64611	0	8.90368	16.4465	9.62235	15.8033	13.5948	10.718	14.6143	7.76276	13.773	9.827
18.7939	14.0337	15.7842	12.7537	7.71596	15.3391	19.0422	10.5837	20.4225	16.8157	15.6687	9.86631	14.5655	15.2252	8.90368	0	8.02708	10.1244	9.5677	4.69115	5.61063	5.71064	9.34353	7.84425	6.50159
17.2967	17.1452	10.5168	18.6399	0.311127	12.4313	15.0055	14.7665	18.9639	18.5227	12.3148	6.95845	19.0842	13.9925	16.4465	8.02708	0	17.9993	8.13736	13.7874	14.4876	10.0828	10.7547	3.34691	8.60264
16.9812	16.9136	9.32952	5.77235	11.0153	5.62338	17.9179	13.6062	11.1238	13.5977	11.6161	7.41151	11.5354	12.1474	9.62235	10.1244	17.9993	0	3.18904	5.43323	7.14611	13.4221	12.5999	7.95727	13.5264
12.4086	17.1146	12.5186	8.96139	7.80401	8.81242	19.7478	16.776	18.4812	10.4086	16.6166	4.22246	8.34636	17.4741	15.8033	9.5677	8.13736	3.18904	0	8.62227	3.95707	13.1799	7.68996	4.76823	4.84802
22.4144	24.7683	14.7628	9.95462	11.4425	11.0566	18.3542	16.0929	22.7008	19.094	18.0309	11.8762	16.8437	12.2933	13.5948	4.69115	13.7874	5.43323	8.62227	0	9.65704	7.9889	13.3899	8.40669	10.4193
25.8	20.3342	22.1738	8.64499	9.18247	10.7094	24.1236	9.81566	17.4186	14.3657	17.9108	8.17953	12.3034	12.1639	10.718	5.61063	14.4876	7.14611	3.95707	9.65704	0	6.49747	3.73289	5.71516	0.890955
13.1051	23.1755	19.358	13.3605	9.77164	19.7456	16.4436	17.1124	14.7119	11.1051	13.7529	15.5769	8.85483	16.8794	14.6143	5.71064	10.0828	13.4221	13.1799	7.9889	6.49747	0	15.4056	8.41166	5.60651
19.5752	9.39009	16.5655	10.1161	10.0297	6.97653	19.2711	6.08276	12.477	14.4329	12.9692	12.4494	18.7093	10.0489	7.76276	9.34353	10.7547	12.5999	7.68996	13.3899	3.73289	15.4056	0	6.99392	4.62385
28.7498	15.4003	13.2415	12.5782	3.03579	13.9705	18.7669	12.093	23.1236	15.1768	20.5531	8.99069	13.1146	12.7059	13.773	7.84425	3.34691	7.95727	4.76823	8.40669	5.71516	8.41166	6.99392	0	4.82421
19.7172	14.957	14.0907	7.75403	7.86	10.8936	17.3339	11.507	20.3184	16.7116	15.8303	12.5268	14.4613	11.2729	9.827	6.50159	8.60264	13.5264	4.84802	10.4193	0.890955	5.60651	4.62385	4.82421	0
																								
0	10.9049	14.4391	8.1568	14.3904	6.99714	5.55964	9.61344	6.88559	5.7	2.84494	11.6719	6.2135	8.45928	9.61273	14.5623	21.8895	18.6076	26.7279	16.2646	29.1781	15.3339	24.9321	30.4165	28.2641
10.9049	0	13.2355	6.95624	7.21027	5.82183	11.0147	3.73624	15.8939	13.3005	8.06	12.7306	11.4286	10.7157	3.20624	13.7225	5.4425	15.2969	10.4701	15.9564	14.2425	10.6422	8.4851	7.58409	15.9813
14.4391	13.2355	0	13.7792	13.8021	12.6044	17.8377	10.5592	14.5037	20.1391	15.3625	16.8566	18.6878	9.74819	10.0292	15.553	12.0343	25.9629	19.6316	19.49	20.8343	17.3508	16.6876	14.1759	22.8043
8.1568	6.95624	13.7792	0	19.3887	1.15966	10.161	2.74055	9.03867	12.9811	11.335	5.83437	7.96645	4.01582	3.27055	8.72484	16.9632	16.6986	13.9205	12.3176	17.364	9.49642	10.4084	23.8762	16.5251
14.3904	7.21027	13.8021	19.3887	0	13.194	17.3471	16.6481	19.3794	16.172	11.5455	21.8979	14.9141	10.4334	17.1099	5.22537	1.76777	3.33972	13.5299	11.9846	10.5678	10.5024	10.1515	3.90936	12.1522
6.99714	5.82183	12.6044	1.15966	13.194	0	9.00134	2.6163	7.87902	12.6971	8.47051	4.67472	9.12611	2.85617	2.61559	7.56518	11.5218	9.45084	12.7396	11.1579	15.2429	8.33676	9.274	13.0802	15.3907
5.55964	11.0147	17.8377	10.161	17.3471	9.00134	0	8.33849	5.40171	11.2596	8.40458	13.0673	16.467	11.8575	7.80849	11.7183	19.9982	13.6039	19.6193	18.074	19.396	17.3381	14.4669	18.7248	20.5836
9.61344	3.73624	10.5592	2.74055	16.6481	2.6163	8.33849	0	10.4953	16.8059	9.18383	7.29101	9.18852	3.5695	0.53	9.37432	12.2351	17.1525	11.18	13.3113	15.2231	10.9531	7.18841	21.478	13.3051
6.88559	15.8939	14.5037	9.03867	19.3794	7.87902	5.40171	10.4953	0	11.83	7.8339	12.5537	11.2025	10.7352	10.4946	15.4442	26.538	17.5766	26.894	19.0369	23.1887	16.2158	24.3883	31.2056	21.3786
5.7	13.3005	20.1391	12.9811	16.172	12.6971	11.2596	16.8059	11.83	0	5.24047	14.4023	5.01462	10.8548	13.6731	14.7933	17.9397	12.9076	19.5673	13.2228	15.2146	14.6744	18.1241	26.5366	21.7201
2.84494	8.06	15.3625	11.335	11.5455	8.47051	8.40458	9.18383	7.8339	5.24047	0	12.7228	3.36856	5.61434	11.2662	11.4192	13.3133	14.8852	15.4978	11.5768	13.5686	13.0284	16.478	26.7244	27.9469
11.6719	12.7306	16.8566	5.83437	21.8979	4.67472	13.0673	7.29101	12.5537	14.4023	12.7228	0	9.38765	7.10842	7.29031	12.2399	15.774	17.0075	15.1426	10.5091	17.9899	9.84485	16.1828	14.5883	16.7705
6.2135	11.4286	18.6878	7.96645	14.9141	9.12611	16.467	9.18852	11.2025	5.01462	3.36856	9.38765	0	8.9829	8.65852	14.564	18.7221	16.8225	14.2431	8.2082	10.2	9.65981	13.1095	14.4032	12.0102
8.45928	10.7157	9.74819	4.01582	10.4334	2.85617	11.8575	3.5695	10.7352	10.8548	5.61434	7.10842	8.9829	0	4.0995	5.80483	8.66559	7.69048	9.88342	9.74183	13.4825	7.60263	11.8684	10.8072	15.3989
9.61273	3.20624	10.0292	3.27055	17.1099	2.61559	7.80849	0.53	10.4946	13.6731	11.2662	7.29031	8.65852	4.0995	0	10.1808	8.64874	13.3667	8.64338	13.7735	14.5853	10.6986	6.65841	15.442	12.7751
14.5623	13.7225	15.553	8.72484	5.22537	7.56518	11.7183	9.37432	15.4442	14.7933	11.4192	12.2399	14.564	5.80483	10.1808	0	7.39662	1.88566	7.90101	6.35575	7.67771	6.96419	8.69741	7.00651	9.4879
21.8895	5.4425	12.0343	16.9632	1.76777	11.5218	19.9982	12.2351	26.538	17.9397	13.3133	15.774	18.7221	8.66559	8.64874	7.39662	0	5.10748	12.8431	10.5139	8.8	6.885	13.9276	2.14159	10.6102
18.6076	15.2969	25.9629	16.6986	3.33972	9.45084	13.6039	17.1525	17.5766	12.9076	14.8852	17.0075	16.8225	7.69048	13.3667	1.88566	5.10748	0	8.79672	8.24141	9.56336	7.16268	6.81175	8.89217	8.81247
26.7279	10.4701	19.6316	13.9205	13.5299	12.7396	19.6193	11.18	26.894	19.5673	15.4978	15.1426	14.2431	9.88342	8.64338	7.90101	12.8431	8.79672	0	6.26525	4.04309	14.8652	1.98497	12.772	5.51543
16.2646	15.9564	19.49	12.3176	11.9846	11.1579	18.074	13.3113	19.0369	13.2228	11.5768	10.5091	8.2082	9.74183	13.7735	6.35575	10.5139	8.24141	6.26525	0	7.48081	13.3199	8.25021	12.6555	9.291
29.1781	14.2425	20.8343	17.364	10.5678	15.2429	19.396	15.2231	23.1887	15.2146	13.5686	17.9899	10.2	13.4825	14.5853	7.67771	8.8	9.56336	4.04309	7.48081	0	14.6419	6.02806	10.9416	1.81019
15.3339	10.6422	17.3508	9.49642	10.5024	8.33676	17.3381	10.9531	16.2158	14.6744	13.0284	9.84485	9.65981	7.60263	10.6986	6.96419	6.885	7.16268	14.8652	13.3199	14.6419	0	13.9744	4.74342	15.6461
24.9321	8.4851	16.6876	10.4084	10.1515	9.274	14.4669	7.18841	24.3883	18.1241	16.478	16.1828	13.1095	11.8684	6.65841	8.69741	13.9276	6.81175	1.98497	8.25021	6.02806	13.9744	0	14.757	7.5004
30.4165	7.58409	14.1759	23.8762	3.90936	13.0802	18.7248	21.478	31.2056	26.5366	26.7244	14.5883	14.4032	10.8072	15.442	7.00651	2.14159	8.89217	12.772	12.6555	10.9416	4.74342	14.757	0	13.822
28.2641	15.9813	22.8043	16.5251	12.1522	15.3907	20.5836	13.3051	21.3786	21.7201	27.9469	16.7705	12.0102	15.3989	12.7751	9.4879	10.6102	8.81247	5.51543	9.291	1.81019	15.6461	7.5004	13.822	0
																								
0	18.7799	17.0915	14.2351	25.2546	4.87969	11.3752	5.13881	0.865852	13.0633	4.41172	10.9145	15.7605	9.64575	6.39881	20.478	14.1286	11.9467	13.0666	14.4175	15.1433	18.0233	20.6824	14.5286	17.1656
18.7799	0	9.283	19.7512	7.79682	14.0643	21.8276	12.1612	19.0121	30.2407	21.3921	20.5195	24.5603	12.7863	10.9012	10.0839	8.92819	13.6119	14.2814	15.947	12.968	13.5534	20.3372	14.3427	10.9457
17.0915	9.283	0	9.49596	15.7959	8.92013	16.1452	8.01019	13.9436	15.3298	12.1091	12.8293	15.2773	3.50326	9.2129	14.7054	15.4629	17.7952	15.0056	17.3227	8.20975	11.0898	13.7489	9.25	10.2321
14.2351	19.7512	9.49596	0	20.6025	0.876812	13.868	6.03869	4.89065	15.5562	5.94756	3.61323	18.2533	5.9927	4.03985	13.0111	15.1	9.48314	16.0053	14.3731	14.3122	11.4322	20.382	16.5551	14.0399
25.2546	7.79682	15.7959	20.6025	0	18.3083	21.9515	19.2869	17.4492	16.8932	17.9154	12.0541	13.5469	17.7198	7.38137	6.83052	1.13137	10.3585	6.4846	8.55102	12.0503	9.17031	17.9462	6.54591	11.778
4.87969	14.0643	8.92013	0.876812	18.3083	0	9.10684	4.42304	4.01384	10.795	5.07075	2.73642	13.4922	5.41687	3.16304	13.1719	9.41304	10.36	16.2146	6.23946	15.2287	12.309	17.8797	10.1459	17.251
11.3752	21.8276	16.1452	13.868	21.9515	9.10684	0	12.5326	7.58196	9.76029	4.03609	10.5783	12.4575	20.1101	21.4689	17.175	27.9744	21.6923	26.3097	14.0814	22.2548	15.892	16.7156	17.9878	24.6598
5.13881	12.1612	8.01019	6.03869	19.2869	4.42304	12.5326	0	5.03115	14.2207	8.49655	7.8983	16.9179	4.50694	1.26	18.4708	7.51	16.112	17.2319	12.1044	15.504	20.3525	16.9981	9.57758	24.9266
0.865852	19.0121	13.9436	4.89065	17.4492	4.01384	7.58196	5.03115	0	9.27007	3.54587	6.75026	11.9673	9.43071	6.29115	14.6089	16.3178	11.0809	12.2008	15.9708	16.0092	15.4018	21.9797	13.6627	19.6604
13.0633	30.2407	15.3298	15.5562	16.8932	10.795	9.76029	14.2207	9.27007	0	5.7242	12.2702	13.4112	11.8266	17.9976	18.8631	26.6773	23.2711	10.4086	17.2821	17.2044	16.1529	21.8702	21.2758	18.7606
4.41172	21.3921	12.1091	5.94756	17.9154	5.07075	4.03609	8.49655	3.54587	5.7242	0	6.54597	8.4214	10.4876	8.23379	13.1389	19.0468	14.6268	15.4837	10.049	14.7359	11.8559	18.8257	13.9554	14.4636
10.9145	20.5195	12.8293	3.61323	12.0541	2.73642	10.5783	7.8983	6.75026	12.2702	6.54597	0	14.9674	8.15329	5.89946	10.4355	15.058	8.39295	10.3766	3.50304	12.616	12.5323	15.1433	7.40945	8.50432
15.7605	24.5603	15.2773	18.2533	13.5469	13.4922	12.4575	16.9179	11.9673	13.4112	8.4214	14.9674	0	18.6296	23.303	21.5603	21.2728	19.9248	7.06231	13.9358	13.8581	18.18	10.4043	19.1532	16.7355
9.64575	12.7863	3.50326	5.9927	17.7198	5.41687	20.1101	4.50694	9.43071	11.8266	10.4876	8.15329	18.6296	0	5.76694	14.5121	12.614	15.4758	17.7929	13.0348	10.997	13.877	16.5362	12.7533	13.0193
6.39881	10.9012	9.2129	4.03985	7.38137	3.16304	21.4689	1.26	6.29115	17.9976	8.23379	5.89946	23.303	5.76694	0	14.9964	6.25	16.1883	20.4084	18.841	16.1311	13.4405	15.7381	8.31758	14.3152
20.478	10.0839	14.7054	13.0111	6.83052	13.1719	17.175	18.4708	14.6089	18.8631	13.1389	10.4355	21.5603	14.5121	14.9964	0	7.96189	3.528	13.3151	8.41791	7.75494	4.87494	14.4268	9.99783	7.48262
14.1286	8.92819	15.4629	15.1	1.13137	9.41304	27.9744	7.51	16.3178	26.6773	19.0468	15.058	21.2728	12.614	6.25	7.96189	0	11.7047	7.61597	9.68239	15.462	10.3017	19.8315	7.64853	13.6462
11.9467	13.6119	17.7952	9.48314	10.3585	10.36	21.6923	16.112	11.0809	23.2711	14.6268	8.39295	19.9248	15.4758	16.1883	3.528	11.7047	0	11.7634	4.88991	14.0029	8.40294	10.8988	8.54516	9.89119
13.0666	14.2814	15.0056	16.0053	6.4846	16.2146	26.3097	17.2319	12.2008	10.4086	15.4837	10.3766	7.06231	17.7929	20.4084	13.3151	7.61597	11.7634	0	6.87352	6.79584	9.67584	11.4616	12.0909	8.81816
14.4175	15.947	17.3227	14.3731	8.55102	6.23946	14.0814	12.1044	15.9708	17.2821	10.049	3.50304	13.9358	13.0348	18.841	8.41791	9.68239	4.88991	6.87352	0	7.02361	7.60896	13.8937	10.9125	5.00128
15.1433	12.968	8.20975	14.3122	12.0503	15.2287	22.2548	15.504	16.0092	17.2044	14.7359	12.616	13.8581	10.997	16.1311	7.75494	15.462	14.0029	6.79584	7.02361	0	2.88	5.53913	7.81348	2.02233
18.0233	13.5534	11.0898	11.4322	9.17031	12.309	15.892	20.3525	15.4018	16.1529	11.8559	12.5323	18.18	13.877	13.4405	4.87494	10.3017	8.40294	9.67584	7.60896	2.88	0	8.41913	5.12289	2.60768
20.6824	20.3372	13.7489	20.382	17.9462	17.8797	16.7156	16.9981	21.9797	21.8702	18.8257	15.1433	10.4043	16.5362	15.7381	14.4268	19.8315	10.8988	11.4616	13.8937	5.53913	8.41913	0	12.183	7.56146
14.5286	14.3427	9.25	16.5551	6.54591	10.1459	17.9878	9.57758	13.6627	21.2758	13.9554	7.40945	19.1532	12.7533	8.31758	9.99783	7.64853	8.54516	12.0909	10.9125	7.81348	5.12289	12.183	0	5.99767
17.1656	10.9457	10.2321	14.0399	11.778	17.251	24.6598	24.9266	19.6604	18.7606	14.4636	8.50432	16.7355	13.0193	14.3152	7.48262	13.6462	9.89119	8.81816	5.00128	2.02233	2.60768	7.56146	5.99767	0
																								
0	13.5921	10.6751	6.43317	9.75158	3.26533	8.81025	13.9426	4.61788	11.2	1.60801	6.42028	4.86	6.31681	8.43568	15.5362	16.2584	12.1294	12.1363	8.47084	14.2186	23.6621	11.1472	17.5345	10.8924
13.5921	0	20.2283	13.1059	12.9356	19.4219	22.2474	15.8597	24.913	27.5078	13.6446	11.6079	8.73212	11.5028	15.2297	15.0024	13.3232	4.66172	16.0084	11.1816	8.24621	14.4862	15.9011	14.7769	8.68462
10.6751	20.2283	0	3.60827	20.2333	6.77611	11.4482	5.14296	13.1224	14.5092	8.36437	10.6715	7.98201	3.65557	5.77296	14.0175	12.9998	10.4966	12.423	10.402	18.173	20.2034	11.1324	14.43	16.3376
6.43317	13.1059	3.60827	0	9.65409	3.16784	10.3741	4.58	9.26293	15.84	7.29027	7.0632	4.37374	2.58147	3.95	10.4092	9.39149	9.42252	11.6501	9.11376	14.5915	16.5952	14.7407	16.8826	11.5353
9.75158	12.9356	20.2333	9.65409	0	6.48625	30.3263	15.8522	12.5813	20.6642	14.5073	14.6955	19.3409	19.2065	11.6566	3.96047	1.56978	10.2313	25.5002	13.3206	6.76978	3.15699	20.3502	12.0746	13.7181
3.26533	19.4219	6.77611	3.16784	6.48625	0	10.2875	5.80035	6.09509	14.4653	4.87334	8.20926	7.54158	5.74931	5.17035	13.577	8.05602	13.8921	14.9148	7.3722	18.193	9.64324	17.5602	12.7898	12.6814
8.81025	22.2474	11.4482	10.3741	30.3263	10.2875	0	13.5616	4.19237	14.6758	12.5015	9.64494	20.4064	7.79267	15.387	20.1025	26.6845	14.6337	21.767	11.6955	26.1108	33.6162	15.8121	20.7591	14.1171
13.9426	15.8597	5.14296	4.58	15.8522	5.80035	13.5616	0	16.7724	11.8294	10.4777	15.9262	13.2368	5.76888	0.63	16.6731	14.2824	12.6099	7.28	10.43	13.03	19.27	13.2349	19.5607	13.4684
4.61788	24.913	13.1224	9.26293	12.5813	6.09509	4.19237	16.7724	0	15.8179	6.22589	11.0382	9.47788	11.985	11.2654	15.9102	18.3009	16.7473	18.6989	13.4673	26.4642	27.61	12.744	22.3836	23.5889
11.2	27.5078	14.5092	15.84	20.6642	14.4653	14.6758	11.8294	15.8179	0	10.7228	17.6203	15.6353	15.4316	12.4594	26.2492	22.234	23.3294	19.1094	24.9112	23.3334	23.8212	20.262	28.9392	29.9389
1.60801	13.6446	8.36437	7.29027	14.5073	4.87334	12.5015	10.4777	6.22589	10.7228	0	8.02829	4.91248	4.7088	12.3031	15.5887	17.8106	11.5499	12.1888	12.8426	12.6106	18.8506	9.53919	19.1413	13.049
6.42028	11.6079	10.6715	7.0632	14.6955	8.20926	9.64494	15.9262	11.0382	17.6203	8.02829	0	11.2803	9.64467	11.0132	17.1833	13.8014	6.94622	9.59319	2.05056	4.91054	14.8328	15.3171	7.46821	4.47214
4.86	8.73212	7.98201	4.37374	19.3409	7.54158	20.4064	13.2368	9.47788	15.6353	4.91248	11.2803	0	6.95521	8.32374	10.6762	13.0669	13.3938	7.27632	14.8189	16.9783	19.3196	13.2312	17.1496	18.5536
6.31681	11.5028	3.65557	2.58147	19.2065	5.74931	7.79267	5.76888	11.985	15.4316	4.7088	9.64467	6.95521	0	6.39888	12.9907	11.973	6.84105	13.0489	13.3609	13.1204	19.1767	14.248	18.0856	12.682
8.43568	15.2297	5.77296	3.95	11.6566	5.17035	15.387	0.63	11.2654	12.4594	12.3031	11.0132	8.32374	6.39888	0	14.3592	13.3415	14.4354	7.91	9.8	13.66	20.5452	21.0073	15.2176	13.7578
15.5362	15.0024	14.0175	10.4092	3.96047	13.577	20.1025	16.6731	15.9102	26.2492	15.5887	17.1833	10.6762	12.9907	14.3592	0	2.39069	10.3407	17.6405	11.8911	7.59069	11.6998	11.6855	6.47341	20.7955
16.2584	13.3232	12.9998	9.39149	1.56978	8.05602	26.6845	14.2824	18.3009	22.234	17.8106	13.8014	13.0669	11.973	13.3415	2.39069	0	8.66148	16.297	11.7509	5.2	4.72677	14.0762	8.8641	5.63841
12.1294	4.66172	10.4966	9.42252	10.2313	13.8921	14.6337	12.6099	16.7473	23.3294	11.5499	6.94622	13.3938	6.84105	14.4354	10.3407	8.66148	0	13.9255	6.51988	12.9079	18.2323	11.2394	11.9375	11.4184
12.1363	16.0084	12.423	11.6501	25.5002	14.9148	21.767	7.28	18.6989	19.1094	12.1888	9.59319	7.27632	13.0489	7.91	17.6405	16.297	13.9255	0	7.54263	11.097	17.337	5.95491	12.9603	11.5354
8.47084	11.1816	10.402	9.11376	13.3206	7.3722	11.6955	10.43	13.4673	24.9112	12.8426	2.05056	14.8189	13.3609	9.8	11.8911	11.7509	6.51988	7.54263	0	11.9483	12.7822	13.3552	5.41765	6.5227
14.2186	8.24621	18.173	14.5915	6.76978	18.193	26.1108	13.03	26.4642	23.3334	12.6106	4.91054	16.9783	13.1204	13.66	7.59069	5.2	12.9079	11.097	11.9483	0	6.24	11.2833	6.53067	0.438406
23.6621	14.4862	20.2034	16.5952	3.15699	9.64324	33.6162	19.27	27.61	23.8212	18.8506	14.8328	19.3196	19.1767	20.5452	11.6998	4.72677	18.2323	17.337	12.7822	6.24	0	20.9307	8.91762	6.67841
11.1472	15.9011	11.1324	14.7407	20.3502	17.5602	15.8121	13.2349	12.744	20.262	9.53919	15.3171	13.2312	14.248	21.0073	11.6855	14.0762	11.2394	5.95491	13.3552	11.2833	20.9307	0	18.159	10.8449
17.5345	14.7769	14.43	16.8826	12.0746	12.7898	20.7591	19.5607	22.3836	28.9392	19.1413	7.46821	17.1496	18.0856	15.2176	6.47341	8.8641	11.9375	12.9603	5.41765	6.53067	8.91762	18.159	0	6.96907
10.8924	8.68462	16.3376	11.5353	13.7181	12.6814	14.1171	13.4684	23.5889	29.9389	13.049	4.47214	18.5536	12.682	13.7578	20.7955	5.63841	11.4184	11.5354	6.5227	0.438406	6.67841	10.8449	6.96907	0
																								
0	26.1303	23.9894	12.003	22.5804	7.93009	5.04486	16.0618	5.4425	9.3425	2.51509	12.0687	12.1476	17.9128	17.5409	15.0542	16.7263	9.70353	13.1224	17.7628	15.1222	22.5752	26.8565	16.4099	14.81
26.1303	0	12.6202	13.8693	3.89841	16.4425	25.0394	12.9274	20.3303	16.19	23.5827	17.2663	12.225	10.2593	14.3322	11.4246	5.73689	17.2066	14.8257	16.2418	9.65475	18.0297	13.0674	8.83156	11.2877
23.9894	12.6202	0	12.0759	17.083	10.7032	21.5141	2.57148	20.2811	13.6733	18.2984	10.4139	10.8063	2.36089	3.53148	16.9377	21.3087	10.5702	18.7505	11.3825	19.7045	24.3345	18.554	20.35	9.75873
12.003	13.8693	12.0759	0	12.3033	4.07294	16.3675	8.16	12.72	8.82	14.03	9.96092	8.29047	11.2729	7.2	18.7447	10.4648	13.9138	9.26524	12.0115	16.6859	10.3259	16.5713	14.3104	18.458
22.5804	3.89841	17.083	12.3033	0	20.7214	25.4473	21.8924	13.305	15.7228	28.6224	15.5234	16.1234	14.1577	10.5885	7.52622	1.83848	8.8613	15.477	11.5385	5.75634	8.91762	9.16899	4.93315	8.23121
7.93009	16.4425	10.7032	4.07294	20.7214	0	12.2945	8.13173	8.8986	4.9986	9.95711	6.15695	4.21753	10.7998	8.95911	15.0746	14.5377	9.65696	5.1923	8.20751	14.9129	14.3988	11.9796	16.5472	13.5079
5.04486	25.0394	21.5141	16.3675	25.4473	12.2945	0	18.9426	10.4874	14.7449	7.55995	13.0673	16.5121	20.7805	19.9026	20.0991	23.7212	14.6783	10.2137	15.1179	17.2593	24.4986	17.001	20.5142	14.7844
16.0618	12.9274	2.57148	8.16	21.8924	8.13173	18.9426	0	17.7097	13.1303	17.396	7.84245	5.70157	2.66811	0.96	14.3662	9.71	10.8774	13.324	7.56	17.5159	15.2021	11.1805	20.8396	10.066
5.4425	20.3303	20.2811	12.72	13.305	8.8986	10.4874	17.7097	0	3.9	6.26712	15.8207	7.86505	15.2124	18.6697	19.7465	11.4666	15.146	22.4683	11.9628	24.8036	22.3466	27.4717	24.0332	18.5621
9.3425	16.19	13.6733	8.82	15.7228	4.9986	14.7449	13.1303	3.9	0	10.1671	10.1134	3.96505	11.3124	8.70662	21.6823	15.3666	14.8395	10.1909	7.98182	16.7678	14.454	10.4323	20.6559	18.7102
2.51509	23.5827	18.2984	14.03	28.6224	9.95711	7.55995	17.396	6.26712	10.1671	0	9.55358	14.1746	15.9375	18.2121	17.5693	17.7337	12.2186	15.1494	11.6041	14.7698	28.7715	17.4379	21.1058	12.2949
12.0687	17.2663	10.4139	9.96092	15.5234	6.15695	13.0673	7.84245	15.8207	10.1134	9.55358	0	6.06734	10.5106	8.65056	8.91762	13.6849	6.66837	11.133	2.05056	10.7555	8.44168	4.42003	13.3747	8.49706
12.1476	12.225	10.8063	8.29047	16.1234	4.21753	16.5121	5.70157	7.86505	3.96505	14.1746	6.06734	0	8.44542	4.74157	17.6362	13.4916	14.0584	9.40984	4.01678	12.7217	10.4079	6.38625	22.8851	15.8433
17.9128	10.2593	2.36089	11.2729	14.1577	10.7998	20.7805	2.66811	15.2124	11.3124	15.9375	10.5106	8.44542	0	3.62811	14.4137	12.8229	8.20926	12.6739	10.6729	9.87272	21.8835	12.5408	14.9156	7.39784
17.5409	14.3322	3.53148	7.2	10.5885	8.95911	19.9026	0.96	18.6697	8.70662	18.2121	8.65056	4.74157	3.62811	0	15.3262	8.75	12.2822	14.8031	6.6	15.3049	12.9911	8.96947	21.8721	11.4708
15.0542	11.4246	16.9377	18.7447	7.52622	15.0746	20.0991	14.3662	19.7465	21.6823	17.5693	8.91762	17.6362	14.4137	15.3262	0	8.27995	6.20442	10.6691	10.9682	11.6231	10.4579	15.9889	6.47341	12.1232
16.7263	5.73689	21.3087	10.4648	1.83848	14.5377	23.7212	9.71	11.4666	15.3666	17.7337	13.6849	13.4916	12.8229	8.75	8.27995	0	7.02282	11.4875	15.35	7.59481	10.88	11.0075	6.77163	12.9416
9.70353	17.2066	10.5702	13.9138	8.8613	9.65696	14.6783	10.8774	15.146	14.8395	12.2186	6.66837	14.0584	8.20926	12.2822	6.20442	7.02282	0	4.46466	8.71893	5.41872	10.6908	11.0618	6.70633	5.91883
13.1224	14.8257	18.7505	9.26524	15.477	5.1923	10.2137	13.324	22.4683	10.1909	15.1494	11.133	9.40984	12.6739	14.8031	10.6691	11.4875	4.46466	0	9.15678	9.72063	13.0327	6.78731	11.171	8.31558
17.7628	16.2418	11.3825	12.0115	11.5385	8.20751	15.1179	7.56	11.9628	7.98182	11.6041	2.05056	4.01678	10.6729	6.6	10.9682	15.35	8.71893	9.15678	0	8.70494	6.39112	2.36947	10.3756	7.51243
15.1222	9.65475	19.7045	16.6859	5.75634	14.9129	17.2593	17.5159	24.8036	16.7678	14.7698	10.7555	12.7217	9.87272	15.3049	11.6231	7.59481	5.41872	9.72063	8.70494	0	6.36	7.61783	5.71433	2.47487
22.5752	18.0297	24.3345	10.3259	8.91762	14.3988	24.4986	15.2021	22.3466	14.454	28.7715	8.44168	10.4079	21.8835	12.9911	10.4579	10.88	10.6908	13.0327	6.39112	6.36	0	6.24541	3.98447	8.83487
26.8565	13.0674	18.554	16.5713	9.16899	11.9796	17.001	11.1805	27.4717	10.4323	17.4379	4.42003	6.38625	12.5408	8.96947	15.9889	11.0075	11.0618	6.78731	2.36947	7.61783	6.24541	0	10.2299	5.14296
16.4099	8.83156	20.35	14.3104	4.93315	16.5472	20.5142	20.8396	24.0332	20.6559	21.1058	13.3747	22.8851	14.9156	21.8721	6.47341	6.77163	6.70633	11.171	10.3756	5.71433	3.98447	10.2299	0	8.18921
14.81	11.2877	9.75873	18.458	8.23121	13.5079	14.7844	10.066	18.5621	18.7102	12.2949	8.49706	15.8433	7.39784	11.4708	12.1232	12.9416	5.91883	8.31558	7.51243	2.47487	8.83487	5.14296	8.18921	0
																								
0	21.028	13.2598	7.35532	13.8429	9.64635	4.32416	10.7202	6.51451	2.1	4.28803	8.56037	9.9	12.9875	9.8902	24.7043	20.0664	13.0355	16.2635	13.1741	18.6594	22.3773	19.1778	25.4039	16.0441
21.028	0	3.63248	9.53692	16.6568	11.929	17.8925	8.66363	14.9131	23.2704	16.74	21.7345	25.0502	12.3638	19.6611	10.9852	17.3639	23.8533	14.5168	20.0982	16.8223	24.8712	17.651	17.4715	17.5435
13.2598	3.63248	0	5.90444	15.7644	8.19546	14.1831	5.03115	11.2806	14.1844	11.8738	18.0387	17.776	6.9421	5.86115	7.35272	17.382	8.93424	16.2212	17.4651	20.4547	18.8227	14.0186	13.75	17.9949
7.35532	9.53692	5.90444	0	15.5243	2.29103	9.63229	5.18	12.5347	8.28	5.9694	12.0965	11.8716	5.44266	4.35	13.2572	21.7477	14.7169	23.6188	10.4602	15.8756	19.9142	19.151	20.9129	20.7283
13.8429	16.6568	15.7644	15.5243	0	15.0866	20.2774	14.4309	17.2918	16.0853	9.55489	13.6254	14.6078	11.601	16.9659	8.41166	0.707107	8.65852	6.41528	13.9115	5.18591	9.0281	15.9288	10.4623	4.46466
9.64635	11.929	8.19546	2.29103	15.0866	0	11.9233	5.06258	9.62462	10.571	5.53173	9.80551	13.1212	3.15163	6.64103	20.6887	14.0455	12.0656	17.05	8.16919	19.9046	17.5966	11.6157	17.1769	17.6161
4.32416	17.8925	14.1831	9.63229	20.2774	11.9233	0	10.751	2.90241	2.66833	8.61219	9.81642	12.8142	9.3754	13.9823	13.2003	28.7882	11.6188	20.5876	18.3541	17.6177	21.4599	20.985	18.0007	15.7295
10.7202	8.66363	5.03115	5.18	14.4309	5.06258	10.751	0	7.8486	16.0386	9.09831	16.0988	18.8018	1.91094	0.83	7.35387	12.8048	5.77235	15.2332	12.8125	12.3556	16.3559	15.1385	10.8837	12.2173
6.51451	14.9131	11.2806	12.5347	17.2918	9.62462	2.90241	7.8486	0	5.57075	10.8025	15.0749	11.0114	6.47299	8.6786	18.6334	17.3669	13.6209	22.778	17.3746	13.5484	17.3906	25.2992	18.7323	12.8271
2.1	23.2704	14.1844	8.28	16.0853	10.571	2.66833	16.0386	5.57075	0	6.38803	7.14809	10.1459	14.663	11.9902	24.5863	22.3088	14.2872	18.3635	11.7619	14.6654	18.5076	22.6305	19.9418	13.9441
4.28803	16.74	11.8738	5.9694	9.55489	5.53173	8.61219	9.09831	10.8025	6.38803	0	12.8484	8.4214	8.68336	8.26831	10.329	10.262	8.74748	18.2083	13.7009	19.7939	20.6795	18.1136	15.1293	14.0196
8.56037	21.7345	18.0387	12.0965	13.6254	9.80551	9.81642	16.0988	15.0749	7.14809	12.8484	0	5.47613	12.9571	16.4842	20.892	14.3325	13.3069	13.4946	4.61376	10.0991	17.9534	8.06027	20.4931	10.8203
9.9	25.0502	17.776	11.8716	14.6078	13.1212	12.8142	18.8018	11.0114	10.1459	8.4214	5.47613	0	16.2729	16.2216	17.7788	18.7627	16.1972	13.0546	10.0899	10.8644	12.4773	17.2814	15.5039	10.1432
12.9875	12.3638	6.9421	5.44266	11.601	3.15163	9.3754	1.91094	6.47299	14.663	8.68336	12.9571	16.2729	0	2.74094	19.9187	10.8939	7.68329	16.6021	10.9016	18.823	14.445	14.3481	12.7946	18.5153
9.8902	19.6611	5.86115	4.35	16.9659	6.64103	13.9823	0.83	8.6786	11.9902	8.26831	16.4842	16.2216	2.74094	0	22.7477	18.1912	6.60235	21.5043	16.85	11.5256	20.9418	16.3434	11.7137	12.2469
24.7043	10.9852	7.35272	13.2572	8.41166	20.6887	13.2003	7.35387	18.6334	24.5863	10.329	20.892	17.7788	19.9187	22.7477	0	9.11877	1.58152	8.86848	10.2747	11.3634	12.6694	7.86527	6.39725	8.02646
20.0664	17.3639	17.382	21.7477	0.707107	14.0455	28.7882	12.8048	17.3669	22.3088	10.262	14.3325	18.7627	10.8939	18.1912	9.11877	0	9.36563	5.70817	14.589	15.6869	11.8317	11.2149	10.7079	5.17177
13.0355	23.8533	8.93424	14.7169	8.65852	12.0656	11.6188	5.77235	13.6209	14.2872	8.74748	13.3069	16.1972	7.68329	6.60235	1.58152	9.36563	0	9.46083	8.69317	7.16619	11.0084	9.36616	6.38183	6.44494
16.2635	14.5168	16.2212	23.6188	6.41528	17.05	20.5876	15.2332	22.778	18.3635	18.2083	13.4946	13.0546	16.6021	21.5043	8.86848	5.70817	9.46083	0	8.88083	9.9787	10.3109	5.50669	14.9823	10.2672
13.1741	20.0982	17.4651	10.4602	13.9115	8.16919	18.3541	12.8125	17.3746	11.7619	13.7009	4.61376	10.0899	10.9016	16.85	10.2747	14.589	8.69317	8.88083	0	10.1681	8.25067	3.44651	12.9221	9.44686
18.6594	16.8223	20.4547	15.8756	5.18591	19.9046	17.6177	12.3556	13.5484	14.6654	19.7939	10.0991	10.8644	18.823	11.5256	11.3634	15.6869	7.16619	9.9787	10.1681	0	5.28469	9.99452	6.71892	0.721249
22.3773	24.8712	18.8227	19.9142	9.0281	17.5966	21.4599	16.3559	17.3906	18.5076	20.6795	17.9534	12.4773	14.445	20.9418	12.6694	11.8317	11.0084	10.3109	8.25067	5.28469	0	4.80416	7.39973	4.56344
19.1778	17.651	14.0186	19.151	15.9288	11.6157	20.985	15.1385	25.2992	22.6305	18.1136	8.06027	17.2814	14.3481	16.3434	7.86527	11.2149	9.36616	5.50669	3.44651	9.99452	4.80416	0	9.47563	9.36761
25.4039	17.4715	13.75	20.9129	10.4623	17.1769	18.0007	10.8837	18.7323	19.9418	15.1293	20.4931	15.5039	12.7946	11.7137	6.39725	10.7079	6.38183	14.9823	12.9221	6.71892	7.39973	9.47563	0	5.99767
16.0441	17.5435	17.9949	20.7283	4.46466	17.6161	15.7295	12.2173	12.8271	13.9441	14.0196	10.8203	10.1432	18.5153	12.2469	8.02646	5.17177	6.44494	10.2672	9.44686	0.721249	4.56344	9.36761	5.99767	0
																								
0	12.2546	12.4086	16.0508	14.465	11.7452	8.03059	9.47049	6.14343	11.2	5.40127	9.74087	11.4289	5.54044	6.64353	20.5998	16.3459	15.346	14.4957	15.1376	15.8501	22.7124	18.0814	19.0441	19.7221
12.2546	0	18.8351	6.93467	7.08802	7.69834	16.3707	10.1165	16.4626	19.105	12.9628	12.0922	11.1771	7.89177	8.49655	12.3962	8.96892	9.11154	12.4398	12.6724	7.91636	12.3673	8.85402	11.1817	8.38305
12.4086	18.8351	0	16.5837	12.4826	17.1715	16.1898	12.9149	6.6763	18.1163	16.0377	15.1671	11.9618	10.9667	12.0698	20.5143	10.6016	15.4006	15.8707	15.603	14.7776	22.8176	19.4803	18.0429	15.2442
16.0508	6.93467	16.5837	0	12.9752	0.763675	14.3474	3.49857	9.7372	15.48	11.3536	7.26268	8.4785	3.60309	2.5	21.0573	10.5	10.714	11.6857	10.7261	14.851	18.9094	8.1	15.3195	15.6027
14.465	7.08802	12.4826	12.9752	0	12.6586	14.7504	9.47662	15.7153	16.8118	19.8663	19.4317	11.8789	13.4067	9.8809	6.13482	1.8809	6.67983	7.14998	9.60794	6.9473	10.5936	5.73062	6.92539	7.41399
11.7452	7.69834	17.1715	0.763675	12.6586	0	15.5877	3.18198	9.42061	16.2437	11.2758	6.499	9.3723	5.66516	3.26368	20.7407	12.5621	10.3974	20.5464	9.96243	16.5145	19.0555	8.86368	20.6109	14.5469
8.03059	16.3707	16.1898	14.3474	14.7504	15.5877	0	13.4674	9.51346	5.87033	8.87939	11.2006	14.7989	12.9504	11.8474	22.7822	12.8695	17.6685	15.3031	14.449	23.1539	26.9546	18.3263	23.1696	19.0335
9.47049	10.1165	12.9149	3.49857	9.47662	3.18198	13.4674	0	6.23863	17.6786	9.00107	8.13048	7.5985	2.72309	1.62	10.5001	9.62	7.21543	12.3179	12.1053	14.2398	10.4712	11.5986	16.402	14.7227
6.14343	16.4626	6.6763	9.7372	15.7153	9.42061	9.51346	6.23863	0	11.44	10.2253	17.3698	5.28545	10.1687	7.85863	21.7718	17.2779	13.4541	17.912	21.2811	21.4539	24.0547	16.5221	25.1875	29.4854
11.2	19.105	18.1163	15.48	16.8118	16.2437	5.87033	17.6786	11.44	0	12.8996	17.0709	16.7255	16.7404	17.7177	22.8162	14.7019	14.5353	9.4328	20.0168	17.433	34.3034	13.0186	28.3457	18.0454
5.40127	12.9628	16.0377	11.3536	19.8663	11.2758	8.87939	9.00107	10.2253	12.8996	0	9.27144	11.3689	5.07102	6.1741	26.8371	17.7716	14.8765	19.897	15.2767	15.3807	25.1345	19.4536	24.4454	22.8743
9.74087	12.0922	15.1671	7.26268	19.4317	6.499	11.2006	8.13048	17.3698	17.0709	9.27144	0	15.8713	4.20043	5.30352	25.2348	17.353	14.0059	17.2868	9.31296	14.5101	23.9212	13.1903	19.9614	13.8975
11.4289	11.1771	11.9618	8.4785	11.8789	9.3723	14.7989	7.5985	5.28545	16.7255	11.3689	15.8713	0	7.08159	5.9785	18.0137	13.7598	15.7758	12.6266	15.114	18.8262	22.046	11.2367	18.4562	19.0812
5.54044	7.89177	10.9667	3.60309	13.4067	5.66516	12.9504	2.72309	10.1687	16.7404	5.07102	4.20043	7.08159	0	1.10309	13.0902	9.10309	9.80551	14.908	10.2057	10.3097	13.0613	14.083	13.575	10.7764
6.64353	8.49655	12.0698	2.5	9.8809	3.26368	11.8474	1.62	7.85863	17.7177	6.1741	5.30352	5.9785	1.10309	0	17.9126	8	8.83543	13.2691	11.3088	11.4128	17.9724	10.6	18.3	13.1027
20.5998	12.3962	20.5143	21.0573	6.13482	20.7407	22.7822	10.5001	21.7718	22.8162	26.8371	25.2348	18.0137	13.0902	17.9126	0	8.01572	3.28469	8.38716	8.1746	12.785	6.54046	11.8654	9.51972	13.544
16.3459	8.96892	10.6016	10.5	1.8809	12.5621	12.8695	9.62	17.2779	14.7019	17.7716	17.353	13.7598	9.10309	8	8.01572	0	4.79893	5.26908	8.04006	8.82821	8.05469	7.61152	8.80629	12.6246
15.346	9.11154	15.4006	10.714	6.67983	10.3974	17.6685	7.21543	13.4541	14.5353	14.8765	14.0059	15.7758	9.80551	8.83543	3.28469	4.79893	0	5.10247	4.88991	10.726	3.25576	8.68822	6.92401	9.47441
14.4957	12.4398	15.8707	11.6857	7.14998	20.5464	15.3031	12.3179	17.912	9.4328	19.897	17.2868	12.6266	14.908	13.2691	8.38716	5.26908	5.10247	0	7.46307	8.00016	8.35823	3.58575	10.8053	8.46685
15.1376	12.6724	15.603	10.7261	9.60794	9.96243	14.449	12.1053	21.2811	20.0168	15.2767	9.31296	15.114	10.2057	11.3088	8.1746	8.04006	4.88991	7.46307	0	5.0512	8.14567	3.87732	10.6485	4.58451
15.8501	7.91636	14.7776	14.851	6.9473	16.5145	23.1539	14.2398	21.4539	17.433	15.3807	14.5101	18.8262	10.3097	11.4128	12.785	8.82821	10.726	8.00016	5.0512	0	6.93358	9.41096	3.26533	0.46669
22.7124	12.3673	22.8176	18.9094	10.5936	19.0555	26.9546	10.4712	24.0547	34.3034	25.1345	23.9212	22.046	13.0613	17.9724	6.54046	8.05469	3.25576	8.35823	8.14567	6.93358	0	10.8094	3.66824	8.50669
18.0814	8.85402	19.4803	8.1	5.73062	8.86368	18.3263	11.5986	16.5221	13.0186	19.4536	13.1903	11.2367	14.083	10.6	11.8654	7.61152	8.68822	3.58575	3.87732	9.41096	10.8094	0	7.21953	8.46183
19.0441	11.1817	18.0429	15.3195	6.92539	20.6109	23.1696	16.402	25.1875	28.3457	24.4454	19.9614	18.4562	13.575	18.3	9.51972	8.80629	6.92401	10.8053	10.6485	3.26533	3.66824	7.21953	0	3.73202
19.7221	8.38305	15.2442	15.6027	7.41399	14.5469	19.0335	14.7227	29.4854	18.0454	22.8743	13.8975	19.0812	10.7764	13.1027	13.544	12.6246	9.47441	8.46685	4.58451	0.46669	8.50669	8.46183	3.73202	0
																								
0	19.9822	7.98529	3.46133	36.6514	3.8499	10.7176	7.19314	3.38095	6.35922	1.36062	13.9106	13.7709	8.24272	11.7613	9.52805	22.5932	9.79569	17.3241	10.7764	12.2956	32.0744	11.2288	17.5316	25.3851
19.9822	0	8.47578	16.5208	10.0048	16.8339	19.4265	14.3859	13.0801	18.062	16.7008	12.662	20.7275	15.7569	13.3059	12.2079	7.58651	14.2582	12.8556	18.2108	19.7909	13.3465	18.6243	7.56227	21.7991
7.98529	8.47578	0	12.3009	14.4839	10.7143	11.941	9.7269	4.60435	9.28435	8.22503	15.9257	14.3224	11.3133	10.8069	11.7644	16.0623	16.6601	13.4479	11.9997	21.1352	15.8036	18.0932	16.0381	19.8198
3.46133	16.5208	12.3009	0	14.7891	2.06475	15.4043	3.73181	6.84228	16.7104	4.55403	12.3153	10.3095	5.31825	4.81181	13.7654	13.6569	10.1016	10.3724	12.225	8.8343	18.9986	17.3838	21.2666	10.8425
36.6514	10.0048	14.4839	14.7891	0	25.9555	14.2583	12.3434	22.7837	19.1327	10.887	8.41166	16.9978	10.5887	12.3262	2.71956	2.41831	8.86315	5.94446	19.2815	5.95483	6.75879	8.88246	4.86583	7.96301
3.8499	16.8339	10.7143	2.06475	25.9555	0	18.1889	4.608	8.50901	7.48788	2.48928	14.3801	10.9496	9.17071	3.528	10.6567	13.5768	10.9243	8.30768	14.2897	10.899	14.2266	12.3574	21.25	13.355
10.7176	19.4265	11.941	15.4043	14.2583	18.1889	0	21.765	7.33665	12.0167	13.3036	25.8535	19.5116	20.0104	24.84	17.3794	11.84	18.5117	17.1091	14.7321	19.9607	17.6	14.4568	14.2875	17.9525
7.19314	14.3859	9.7269	3.73181	12.3434	4.608	21.765	0	14.3312	15.5405	8.46854	12.5226	8.50159	1.58644	1.08	10.0335	9.75686	13.8334	13.2584	15.9568	12.1011	11.7786	19.1489	12.3726	10.0929
3.38095	13.0801	4.60435	6.84228	22.7837	8.50901	7.33665	14.3312	0	4.68	4.74157	17.2916	17.7413	12.9018	14.3802	14.1872	16.5982	14.4548	17.6144	7.3954	19.0244	25.2819	15.8879	14.1507	25.2892
6.35922	18.062	9.28435	16.7104	19.1327	7.48788	12.0167	15.5405	4.68	0	4.9986	22.4955	13.0613	11.8807	16.6205	13.166	12.9472	13.4337	23.442	12.0754	18.0033	21.6309	14.8667	10.4997	25.6334
1.36062	16.7008	8.22503	4.55403	10.887	2.48928	13.3036	8.46854	4.74157	4.9986	0	13.8595	14.0357	6.88209	6.01728	8.16743	13.7068	8.43507	10.797	13.4151	13.0047	12.2067	9.86813	12.8131	15.0129
13.9106	12.662	15.9257	12.3153	8.41166	14.3801	25.8535	12.5226	17.2916	22.4955	13.8595	0	12.5169	14.1091	13.6026	5.6921	11.2315	11.8357	8.917	10.8509	21.1496	9.73133	16.9282	10.3377	19.0754
13.7709	20.7275	14.3224	10.3095	16.9978	10.9496	19.5116	8.50159	17.7413	13.0613	14.0357	12.5169	0	13.0643	7.42159	16.6847	17.2127	10.5411	17.528	22.5345	16.6649	18.1202	8.11537	22.1149	17.1714
8.24272	15.7569	11.3133	5.31825	10.5887	9.17071	20.0104	1.58644	12.9018	11.8807	6.88209	14.1091	13.0643	0	2.66644	11.62	8.17042	14.8421	12.4996	22.7187	19.8868	13.9304	16.7502	10.6179	11.6793
11.7613	13.3059	10.8069	4.81181	12.3262	3.528	24.84	1.08	14.3802	16.6205	6.01728	13.6026	7.42159	2.66644	0	9.60661	11.005	15.7502	11.8357	20.525	11.8352	10.6986	15.537	14.2522	9.827
9.52805	12.2079	11.7644	13.7654	2.71956	10.6567	17.3794	10.0335	14.1872	13.166	8.16743	5.6921	16.6847	11.62	9.60661	0	5.13786	6.14359	3.2249	13.4439	8.67439	4.03923	11.2361	4.64562	11.2859
22.5932	7.58651	16.0623	13.6569	2.41831	13.5768	11.84	9.75686	16.5982	12.9472	13.7068	11.2315	17.2127	8.17042	11.005	5.13786	0	6.67168	5.26908	13.096	8.37314	5.76	11.0378	2.44753	13.3301
9.79569	14.2582	16.6601	10.1016	8.86315	10.9243	18.5117	13.8334	14.4548	13.4337	8.43507	11.8357	10.5411	14.8421	15.7502	6.14359	6.67168	0	9.36849	15.9375	10.4261	10.1828	13.7938	9.11921	8.41789
17.3241	12.8556	13.4479	10.3724	5.94446	8.30768	17.1091	13.2584	17.6144	23.442	10.797	8.917	17.528	12.4996	11.8357	3.2249	5.26908	9.36849	0	10.219	8.43028	7.26414	9.41259	7.71661	8.06102
10.7764	18.2108	11.9997	12.225	19.2815	14.2897	14.7321	15.9568	7.3954	12.0754	13.4151	10.8509	22.5345	22.7187	20.525	13.4439	13.096	15.9375	10.219	0	18.6493	21.7797	19.1712	10.6485	18.2801
12.2956	19.7909	21.1352	8.8343	5.95483	10.899	19.9607	12.1011	19.0244	18.0033	13.0047	21.1496	16.6649	19.8868	11.8352	8.67439	8.37314	10.4261	8.43028	18.6493	0	17.3935	8.54953	14.3441	2.00818
32.0744	13.3465	15.8036	18.9986	6.75879	14.2266	17.6	11.7786	25.2819	21.6309	12.2067	9.73133	18.1202	13.9304	10.6986	4.03923	5.76	10.1828	7.26414	21.7797	17.3935	0	15.2753	8.20753	15.3853
11.2288	18.6243	18.0932	17.3838	8.88246	12.3574	14.4568	19.1489	15.8879	14.8667	9.86813	16.9282	8.11537	16.7502	15.537	11.2361	11.0378	13.7938	9.41259	19.1712	8.54953	15.2753	0	13.4853	9.05608
17.5316	7.56227	16.0381	21.2666	4.86583	21.25	14.2875	12.3726	14.1507	10.4997	12.8131	10.3377	22.1149	10.6179	14.2522	4.64562	2.44753	9.11921	7.71661	10.6485	14.3441	8.20753	13.4853	0	16.3523
25.3851	21.7991	19.8198	10.8425	7.96301	13.355	17.9525	10.0929	25.2892	25.6334	15.0129	19.0754	17.1714	11.6793	9.827	11.2859	13.3301	8.41789	8.06102	18.2801	2.00818	15.3853	9.05608	16.3523	0
																								
0	9.9972	17.1167	11.812	13.24	8.16333	11.5311	13.6788	6.92682	9.06684	5.27758	12.227	9.62863	19.2925	16.1926	12.5164	22.6504	17.6272	8.48528	10.4926	14.2488	22.1836	10.2141	22.9226	16.8857
9.9972	0	11.032	16.1952	20.9699	18.1605	21.5283	12.1515	9.90451	8.02409	11.8133	4.60435	13.5052	13.9465	11.0615	20.9217	18.6364	23.6758	17.8478	9.55987	17.4647	22.498	8.57045	26.8881	17.3499
17.1167	11.032	0	7.69361	22.8525	8.95335	21.08	4.13673	13.3819	13.438	12.308	8.08171	7.95692	4.85784	5.22673	17.479	15.1699	10.3214	9.96178	7.95447	11.1284	13.2266	12.0478	14.9914	20.8273
11.812	16.1952	7.69361	0	9.69829	3.64867	25.193	3.55688	10.864	8.28	6.90577	11.5909	6.87302	4.27799	4.64688	6.53601	16.9734	8.65852	8.70877	7.56188	10.5486	12.6467	10.4376	10.8219	17.1092
13.24	20.9699	22.8525	9.69829	0	13.8991	27.5432	17.1934	11.9206	11.7517	7.96241	19.4796	12.3135	18.8837	21.9283	3.16228	2.33345	5.48372	7.19341	9.54889	9.80284	13.5029	15.7146	3.32039	7.4411
8.16333	18.1605	8.95335	3.64867	13.8991	0	16.987	5.51543	9.81161	11.9287	10.5544	14.3662	10.5217	6.23654	6.60543	10.1847	15.3554	11.7001	8.30768	9.52043	12.5071	14.6053	10.0365	17.2195	16.7081
11.5311	21.5283	21.08	25.193	27.5432	16.987	0	16.4327	7.17541	10.6854	11.1336	12.4756	14.8834	22.5122	25.3972	17.6426	20.8834	16.5345	15.6752	13.6679	21.2307	22.4322	26.0561	18.6978	32.9757
13.6788	12.1515	4.13673	3.55688	17.1934	5.51543	16.4327	0	9.25732	11.8369	10.4627	8.96052	7.27632	0.72111	1.09	10.0929	11.2204	6.18466	6.01231	4.005	6.99171	9.08983	17.1448	8.34799	9.35345
6.92682	9.90451	13.3819	10.864	11.9206	9.81161	7.17541	9.25732	0	3.51	3.95818	5.30016	7.70795	9.97843	10.3473	10.4672	20.9046	15.2726	14.4983	10.2557	16.249	15.2568	9.26627	21.6032	18.0457
9.06684	8.02409	13.438	8.28	11.7517	11.9287	10.6854	11.8369	3.51	0	3.78926	8.81016	5.48109	16.7255	16.53	13.9772	16.3904	16.9385	8.86784	9.17495	22.9961	14.3359	7.13899	21.4343	15.4124
5.27758	11.8133	12.308	6.90577	7.96241	10.5544	11.1336	10.4627	3.95818	3.78926	0	9.25834	4.35106	16.866	13.981	11.1247	10.2959	15.5643	11.5559	9.54858	20.3841	13.2059	10.9283	11.2828	15.4035
12.227	4.60435	8.08171	11.5909	19.4796	14.3662	12.4756	8.96052	5.30016	8.81016	9.25834	0	13.0081	12.4397	11.0087	15.7674	12.171	13.7392	5.69495	4.95552	15.1073	20.5569	3.96611	20.1775	12.2396
9.62863	13.5052	7.95692	6.87302	12.3135	10.5217	14.8834	7.27632	7.70795	5.48109	4.35106	13.0081	0	7.99743	8.36632	13.409	15.5039	13.461	15.5818	11.2813	14.268	8.85483	12.6201	19.0374	22.2844
19.2925	13.9465	4.85784	4.27799	18.8837	6.23654	22.5122	0.72111	9.97843	16.7255	16.866	12.4397	7.99743	0	1.81111	15.7214	19.845	6.90577	16.5811	4.72611	7.71282	9.81094	16.4058	16.7576	23.3248
16.1926	11.0615	5.22673	4.64688	21.9283	6.60543	25.3972	1.09	10.3473	16.53	13.981	11.0087	8.36632	1.81111	0	14.786	18.8031	7.27466	12.1667	5.095	6.40312	10.1798	14.9748	14.7776	8.76486
12.5164	20.9217	17.479	6.53601	3.16228	10.1847	17.6426	10.0929	10.4672	13.9772	11.1247	15.7674	13.409	15.7214	14.786	0	5.49573	4.80538	4.03113	6.03844	9.5016	15.3212	5.75997	6.48267	10.6034
22.6504	18.6364	15.1699	16.9734	2.33345	15.3554	20.8834	11.2204	20.9046	16.3904	10.2959	12.171	15.5039	19.845	18.8031	5.49573	0	13.3421	9.22275	7.21543	12.4	21.16	20.3552	5.65384	9.77455
17.6272	23.6758	10.3214	8.65852	5.48372	11.7001	16.5345	6.18466	15.2726	16.9385	15.5643	13.7392	13.461	6.90577	7.27466	4.80538	13.3421	0	8.83651	8.78372	4.69622	12.3459	10.8708	2.16333	7.05796
8.48528	17.8478	9.96178	8.70877	7.19341	8.30768	15.6752	6.01231	14.4983	8.86784	11.5559	5.69495	15.5818	16.5811	12.1667	4.03113	9.22275	8.83651	0	2.00731	5.76356	14.5236	1.72884	11.3053	8.12529
10.4926	9.55987	7.95447	7.56188	9.54889	9.52043	13.6679	4.005	10.2557	9.17495	9.54858	4.95552	11.2813	4.72611	5.095	6.03844	7.21543	8.78372	2.00731	0	7.77087	13.0948	3.73616	10.9471	10.4077
14.2488	17.4647	11.1284	10.5486	9.80284	12.5071	21.2307	6.99171	16.249	22.9961	20.3841	15.1073	14.268	7.71282	6.40312	9.5016	12.4	4.69622	5.76356	7.77087	0	8.76	7.4924	6.85955	2.36174
22.1836	22.498	13.2266	12.6467	13.5029	14.6053	22.4322	9.08983	15.2568	14.3359	13.2059	20.5569	8.85483	9.81094	10.1798	15.3212	21.16	12.3459	14.5236	13.0948	8.76	0	16.2675	10.1825	11.1217
10.2141	8.57045	12.0478	10.4376	15.7146	10.0365	26.0561	17.1448	9.26627	7.13899	10.9283	3.96611	12.6201	16.4058	14.9748	5.75997	20.3552	10.8708	1.72884	3.73616	7.4924	16.2675	0	15.7053	8.27345
22.9226	26.8881	14.9914	10.8219	3.32039	17.2195	18.6978	8.34799	21.6032	21.4343	11.2828	20.1775	19.0374	16.7576	14.7776	6.48267	5.65384	2.16333	11.3053	10.9471	6.85955	10.1825	15.7053	0	7.43189
16.8857	17.3499	20.8273	17.1092	7.4411	16.7081	32.9757	9.35345	18.0457	15.4124	15.4035	12.2396	22.2844	23.3248	8.76486	10.6034	9.77455	7.05796	8.12529	10.4077	2.36174	11.1217	8.27345	7.43189	0
																								
0	11.2167	14.0367	6.66749	11.935	9.796	5.04486	6.55642	6.88559	4.7	3.29848	4.4942	17.3291	9.58508	8.35642	12.3522	10.5249	16.0249	8.27985	11.3294	8.65332	13.237	20.4433	18.0447	9.57256
11.2167	0	7.8031	7.5758	9.92323	8.19586	16.6545	4.66032	18.4952	16.3097	14.9081	14.6067	15.7888	7.68898	6.46032	13.9709	8.57606	13.1409	19.3339	24.4847	12.9761	13.5385	16.5134	8.60535	19.9866
14.0367	7.8031	0	6.7245	17.7263	11.3631	16.2542	9.63998	13.0936	13.7445	10.7382	8.89779	20.6072	13.4038	12.3616	16.176	16.3792	21.468	20.0896	23.1409	13.1027	15.4431	16.1745	16.4084	12.1835
6.66749	7.5758	6.7245	0	8.2941	4.63862	10.642	2.91548	6.36905	7.02	10.066	2.17329	14.044	5.94414	4.71548	15.7162	8.20395	13.704	5.95895	9.0085	18.8085	16.6562	9.45	12.134	12.034
11.935	9.92323	17.7263	8.2941	0	8.91416	29.2323	5.37862	23.7261	23.6109	20.1273	8.32168	14.4975	8.40729	7.17862	4.04772	2.29103	6.85586	9.59968	17.6837	6.69103	13.7965	6.59021	5.24846	10.3363
9.796	8.19586	11.3631	4.63862	8.91416	0	7.98951	3.53553	3.71652	8.00652	10.8791	6.81191	10.0596	2.85617	5.10477	11.0776	18.7744	13.269	9.54201	10.5602	8.31464	10.655	14.0886	15.0239	7.3954
5.04486	16.6545	16.2542	10.642	29.2323	7.98951	0	11.6013	4.273	8.563	5.51599	9.53906	21.6343	13.2882	11.0396	17.397	23.6034	13.8255	21.1167	25.1005	13.6982	18.2819	20.3172	23.0012	21.4502
6.55642	4.66032	9.63998	2.91548	5.37862	3.53553	11.6013	0	7.25205	9.93548	9.8549	5.08877	10.2321	3.02866	1.8	9.42634	7.66965	13.7463	9.71451	13.6983	14.3693	16.4215	11.9688	11.4883	10.9309
6.88559	18.4952	13.0936	6.36905	23.7261	3.71652	4.273	7.25205	0	4.29	8.32113	8.54234	19.523	6.57269	9.37349	14.7941	14.1173	9.55249	16.3558	13.1746	15.5389	18.6686	15.8191	16.6915	11.1119
4.7	16.3097	13.7445	7.02	23.6109	8.00652	8.563	9.93548	4.29	0	4.03113	9.19329	15.8602	14.4878	13.9077	16.1315	17.4725	12.9076	18.8373	16.5298	10.7622	13.1025	16.47	19.154	9.84293
3.29848	14.9081	10.7382	10.066	20.1273	10.8791	5.51599	9.8549	8.32113	4.03113	0	7.79268	19.8913	13.4241	14.5823	15.6507	18.0874	16.9388	16.0062	20.6348	11.9518	16.5355	19.0157	21.0448	13.8741
4.4942	14.6067	8.89779	2.17329	8.32168	6.81191	9.53906	5.08877	8.54234	9.19329	7.79268	0	17.6963	7.19633	4.94773	13.7275	6.03066	10.4574	3.78566	6.8352	10.4307	17.7312	6.79513	8.98809	12.7801
17.3291	15.7888	20.6072	14.044	14.4975	10.0596	21.6343	10.2321	19.523	15.8602	19.8913	17.6963	0	7.20345	9.45205	14.9401	18.4482	13.8834	10.9168	17.5055	9.57077	11.9111	7.90729	21.0223	8.65153
9.58508	7.68898	13.4038	5.94414	8.40729	2.85617	13.2882	3.02866	6.57269	14.4878	13.4241	7.19633	7.20345	0	2.2486	13.9338	15.2825	10.7176	6.68584	10.6696	9.37392	11.7143	9.69531	14.517	8.45468
8.35642	6.46032	12.3616	4.71548	7.17862	5.10477	11.0396	1.8	9.37349	13.9077	14.5823	4.94773	9.45205	2.2486	0	16.7346	10.9784	12.9662	8.73338	11.7829	13.5893	16.9702	18.3	13.2883	10.7033
12.3522	13.9709	16.176	15.7162	4.04772	11.0776	17.397	9.42634	14.7941	16.1315	15.6507	13.7275	14.9401	13.9338	16.7346	0	6.33874	5.292	11.1259	8.91416	7.2078	9.54816	10.6379	10.3575	6.28856
10.5249	8.57606	16.3792	8.20395	2.29103	18.7744	23.6034	7.66965	14.1173	17.4725	18.0874	6.03066	18.4482	15.2825	10.9784	6.33874	0	4.56483	9.81631	8.18699	4.4	7.89058	8.88124	2.95743	5.31924
16.0249	13.1409	21.468	13.704	6.85586	13.269	13.8255	13.7463	9.55249	12.9076	16.9388	10.4574	13.8834	10.7176	12.9662	5.292	4.56483	0	6.80329	3.62215	8.96483	9.11614	9.81276	7.13899	10.1278
8.27985	19.3339	20.0896	5.95895	9.59968	9.54201	21.1167	9.71451	16.3558	18.8373	16.0062	3.78566	10.9168	6.68584	8.73338	11.1259	9.81631	6.80329	0	10.0366	9.91364	10.2157	3.00947	10.7285	8.9944
11.3294	24.4847	23.1409	9.0085	17.6837	10.5602	25.1005	13.6983	13.1746	16.5298	20.6348	6.8352	17.5055	10.6696	11.7829	8.91416	8.18699	3.62215	10.0366	0	6.80074	12.7383	11.0934	10.7611	7.71997
8.65332	12.9761	13.1027	18.8085	6.69103	8.31464	13.6982	14.3693	15.5389	10.7622	11.9518	10.4307	9.57077	9.37392	13.5893	7.2078	4.4	8.96483	9.91364	6.80074	0	4.17884	11.876	7.35743	0.919239
13.237	13.5385	15.4431	16.6562	13.7965	10.655	18.2819	16.4215	18.6686	13.1025	16.5355	17.7312	11.9111	11.7143	16.9702	9.54816	7.89058	9.11614	10.2157	12.7383	4.17884	0	7.20625	4.93315	3.2596
20.4433	16.5134	16.1745	9.45	6.59021	14.0886	20.3172	11.9688	15.8191	16.47	19.0157	6.79513	7.90729	9.69531	18.3	10.6379	8.88124	9.81276	3.00947	11.0934	11.876	7.20625	0	12.1394	10.4658
18.0447	8.60535	16.4084	12.134	5.24846	15.0239	23.0012	11.4883	16.6915	19.154	21.0448	8.98809	21.0223	14.517	13.2883	10.3575	2.95743	7.13899	10.7285	10.7611	7.35743	4.93315	12.1394	0	8.19275
9.57256	19.9866	12.1835	12.034	10.3363	7.3954	21.4502	10.9309	11.1119	9.84293	13.8741	12.7801	8.65153	8.45468	10.7033	6.28856	5.31924	10.1278	8.9944	7.71997	0.919239	3.2596	10.4658	8.19275	0
																								
0	14.9186	8.57319	11.42	19.8225	10.729	7.3099	11.9374	5.07142	7.1	5.52496	12.4248	14.2138	15.9605	10.7866	25.42	19.3558	21.5017	14.5812	19.3333	17.3591	21.9629	26.3358	19.3694	19.1328
14.9186	0	12.5807	6.50726	4.25281	5.74359	24.3593	9.56196	9.8472	19.4131	13.3459	6.44608	15.1775	7.76024	9.03303	11.5067	4.7195	9.4221	11.8334	14.9901	19.8478	12.2512	11.8054	5.7369	8.47496
8.57319	12.5807	0	7.60078	17.4753	6.8371	15.8831	5.92558	13.6446	15.6732	12.3381	12.538	20.8956	7.3873	6.95558	15.047	11.2512	16.0526	18.5198	23.3275	16.5444	20.5743	26.6043	14.06	15.241
11.42	6.50726	7.60078	0	8.24416	0.763675	7.65542	3.61519	9.386	4.32	7.96165	6.46455	11.4338	3.97279	2.7	12.7366	8.94083	12.0502	11.8012	16.5533	14.5791	10.4473	13.5	6.53367	9.16754
19.8225	4.25281	17.4753	8.24416	0	9.9964	30.2887	5.79233	14.1	14.2036	10.8058	10.1208	10.2017	6.81695	5.54416	6.53088	0.46669	4.44629	15.933	15.6886	10.9974	9.92955	12.6074	3.41526	6.15332
10.729	5.74359	6.8371	0.763675	9.9964	0	15.7968	3.81838	8.62232	5.08368	10.2309	5.70088	14.0584	7.53804	3.46368	12.9398	9.14401	11.9552	11.0882	14.2449	8.9837	14.0125	13.6331	7.29734	8.40387
7.3099	24.3593	15.8831	7.65542	30.2887	15.7968	0	11.9784	12.3813	3.33542	8.34125	15.2411	10.4492	17.8555	11.9948	21.0998	17.3041	28.4708	10.8166	15.5687	13.5946	30.2202	35.8576	29.2109	16.4593
11.9374	9.56196	5.92558	3.61519	5.79233	3.81838	11.9784	0	10.0706	7.93519	6.29165	5.60665	15.0606	2.30279	1.03	9.1214	5.32564	9.30523	15.5011	18.83	21.2286	8.77726	17.1152	10.1489	12.2222
5.07142	9.8472	13.6446	9.386	14.1	8.62232	12.3813	10.0706	0	12.1714	9.07083	13.6173	19.0362	10.3134	9.04063	19.385	15.2897	16.4303	20.305	23.584	24.739	16.7879	21.6526	15.1266	17.0262
7.1	19.4131	15.6732	4.32	14.2036	5.08368	3.33542	7.93519	12.1714	0	8.38475	12.8685	7.11376	9.9322	7.02	21.6699	16.8487	16.6752	7.48119	12.2333	10.2591	16.4067	12.5397	10.8537	10.839
5.52496	13.3459	12.3381	7.96165	10.8058	10.2309	8.34125	6.29165	9.07083	8.38475	0	6.8998	9.96532	6.53445	5.26165	15.5339	11.7381	21.3429	12.2871	15.4438	18.6439	13.0089	14.832	19.1747	19.6746
12.4248	6.44608	12.538	6.46455	10.1208	5.70088	15.2411	5.60665	13.6173	12.8685	6.8998	0	13.2992	5.84944	4.57665	19.4937	11.8886	15.0038	5.38728	8.544	12.5272	12.3239	7.93221	12.183	10.9027
14.2138	15.1775	20.8956	11.4338	10.2017	14.0584	10.4492	15.0606	19.0362	7.11376	9.96532	13.2992	0	17.9054	15.227	15.7992	9.73499	13.7146	14.595	7.16034	17.3729	16.9704	16.6469	10.4561	13.1942
15.9605	7.76024	7.3873	3.97279	6.81695	7.53804	17.8555	2.30279	10.3134	9.9322	6.53445	5.84944	17.9054	0	1.27279	13.5446	8.17042	8.66533	19.0829	15.8191	16.974	9.02006	19.5656	13.4971	12.2166
10.7866	9.03303	6.95558	2.7	5.54416	3.46368	11.9948	1.03	9.04063	7.02	5.26165	4.57665	15.227	1.27279	0	10.1514	6.01085	9.93813	9.96393	13.1207	14.9928	7.74726	12.5089	8.95942	14.4129
25.42	11.5067	15.047	12.7366	6.53088	12.9398	21.0998	9.1214	19.385	21.6699	15.5339	19.4937	15.7992	13.5446	10.1514	0	6.06419	6.02193	14.0614	13.1757	9.12582	8.49632	18.9643	11.2841	8.54599
19.3558	4.7195	11.2512	8.94083	0.46669	9.14401	17.3041	5.32564	15.2897	16.8487	11.7381	11.8886	9.73499	8.17042	6.01085	6.06419	0	3.9796	14.3971	11.1334	10.2102	12.9443	13.0741	3.88195	7.53089
21.5017	9.4221	16.0526	12.0502	4.44629	11.9552	28.4708	9.30523	16.4303	16.6752	21.3429	15.0038	13.7146	8.66533	9.93813	6.02193	3.9796	0	9.06673	7.15375	4.13112	11.1136	12.9423	5.51649	3.5513
14.5812	11.8334	18.5198	11.8012	15.933	11.0882	10.8166	15.5011	20.305	7.48119	12.2871	5.38728	14.595	19.0829	9.96393	14.0614	14.3971	9.06673	0	8.27256	6.09526	13.0777	5.05847	8.2535	5.51543
19.3333	14.9901	23.3275	16.5533	15.6886	14.2449	15.5687	18.83	23.584	12.2333	15.4438	8.544	7.16034	15.8191	13.1207	13.1757	11.1334	7.15375	8.27256	0	7.94282	14.9253	9.6933	10.1011	7.363
17.3591	19.8478	16.5444	14.5791	10.9974	8.9837	13.5946	21.2286	24.739	10.2591	18.6439	12.5272	17.3729	16.974	14.9928	9.12582	10.2102	4.13112	6.09526	7.94282	0	8.1421	12.1984	3.31789	0.579828
21.9629	12.2512	20.5743	10.4473	9.92955	14.0125	30.2202	8.77726	16.7879	16.4067	13.0089	12.3239	16.9704	9.02006	7.74726	8.49632	12.9443	11.1136	13.0777	14.9253	8.1421	0	14.6527	6.51429	7.56227
26.3358	11.8054	26.6043	13.5	12.6074	13.6331	35.8576	17.1152	21.6526	12.5397	14.832	7.93221	16.6469	19.5656	12.5089	18.9643	13.0741	12.9423	5.05847	9.6933	12.1984	14.6527	0	15.7927	10.5739
19.3694	5.7369	14.06	6.53367	3.41526	7.29734	29.2109	10.1489	15.1266	10.8537	19.1747	12.183	10.4561	13.4971	8.95942	11.2841	3.88195	5.51649	8.2535	10.1011	3.31789	6.51429	15.7927	0	2.73807
19.1328	8.47496	15.241	9.16754	6.15332	8.40387	16.4593	12.2222	17.0262	10.839	19.6746	10.9027	13.1942	12.2166	14.4129	8.54599	7.53089	3.5513	5.51543	7.363	0.579828	7.56227	10.5739	2.73807	0
																								
0	15.1013	5.41465	6.7195	8.93426	3.38195	7.08514	4.60721	4.98896	3.7	6.68304	15.3979	7.31519	8.21276	4.98721	14.5639	10.999	19.4504	12.7281	8.56242	11.2493	16.886	9.62	14.0176	9.58453
15.1013	0	9.68661	12.2078	12.455	12.8367	29.3639	12.2865	27.149	14.8513	19.0312	7.13674	10.3963	8.68094	14.4281	12.0229	10.3902	15.1944	8.87277	7.65622	19.6255	26.8264	17.1827	16.2031	19.8066
5.41465	9.68661	0	13.7011	8.70483	8.7966	16.6369	8.16165	10.4036	9.11465	12.0091	9.98329	13.2429	11.7672	8.54165	19.2942	10.7696	16.8165	8.2532	7.03665	15.4536	23.8284	15.0346	17.4327	14.9992
6.7195	12.2078	13.7011	0	7.69964	3.33754	12.8431	4.68	12.0458	6.72369	8.78819	5.07102	4.99856	6.36149	4.3	7.26756	5.63489	11.6831	9.29348	8.51801	8.8343	17.8342	12.4274	7.77817	10.8283
8.93426	12.455	8.70483	7.69964	0	12.3162	20.1565	13.5415	13.9232	12.6343	13.5226	11.1543	16.8976	12.4635	18.5648	3.69742	2.06475	11.2561	6.93181	8.14836	6.74881	16.8373	8.85722	7.87763	8.74285
3.38195	12.8367	8.7966	3.33754	12.3162	0	14.6042	7.98916	8.37091	3.38615	6.36149	7.94575	4.68615	9.55653	7.63754	17.438	8.97244	11.3707	6.39702	5.18046	12.1718	23.0725	13.002	11.1157	12.9665
7.08514	29.3639	16.6369	12.8431	20.1565	14.6042	0	9.4713	2.09619	13.7962	10.095	17.9141	9.14346	13.0769	9.8513	34.627	18.4779	24.3145	19.7753	23.6709	21.6773	21.1672	20.8422	20.6212	20.8068
4.60721	12.2865	8.16165	4.68	13.5415	7.98916	9.4713	0	9.59617	4.87091	3.84749	9.16221	7.63712	3.60555	0.38	18.1887	11.1743	11.3124	10.4383	13.2415	14.3737	21.3942	14.2272	13.3176	14.1917
4.98896	27.149	10.4036	12.0458	13.9232	8.37091	2.09619	9.59617	0	8.68896	7.99882	10.3069	7.04727	17.8704	14.6685	18.3915	16.7588	13.7318	14.5896	13.6837	16.2383	19.071	14.609	22.5717	14.5735
3.7	14.8513	9.11465	6.72369	12.6343	3.38615	13.7962	4.87091	8.68896	0	2.98304	6.87479	3.61519	6.17038	5.25091	21.5456	16.5691	10.2998	9.57382	8.56661	13.4775	18.7849	12.771	11.8692	11.4834
6.68304	19.0312	12.0091	8.78819	13.5226	6.36149	10.095	3.84749	7.99882	2.98304	0	7.04923	3.78963	7.45304	4.22749	16.4267	21.2652	10.4742	6.59079	7.80734	10.6402	17.5467	12.9454	14.8523	12.6342
15.3979	7.13674	9.98329	5.07102	11.1543	7.94575	17.9141	9.16221	10.3069	6.87479	7.04923	0	3.2596	11.4325	8.78221	11.4031	9.97378	8.05762	4.22246	5.43902	13.1689	19.6897	12.4154	12.8492	16.6958
7.31519	10.3963	13.2429	4.99856	16.8976	4.68615	9.14346	7.63712	7.04727	3.61519	3.78963	3.2596	0	9.78557	9.29856	10.0301	10.6335	6.68458	7.48206	6.63641	13.8329	21.3364	9.15581	12.7767	15.0986
8.21276	8.68094	11.7672	6.36149	12.4635	9.55653	13.0769	3.60555	17.8704	6.17038	7.45304	11.4325	9.78557	0	3.98555	11.0987	10.3987	7.75319	15.7258	16.3372	15.1958	25.8567	17.1912	14.1397	17.6538
4.98721	14.4281	8.54165	4.3	18.5648	7.63754	9.8513	0.38	14.6685	5.25091	4.22749	8.78221	9.29856	3.98555	0	14.2779	9.93489	10.9324	13.0047	14.0613	13.1343	27.7694	16.99	12.0782	19.6987
14.5639	12.0229	19.2942	7.26756	3.69742	17.438	34.627	18.1887	18.3915	21.5456	16.4267	11.4031	10.0301	11.0987	14.2779	0	1.63267	3.34552	9.83595	8.43579	13.4327	20.4897	4.94389	7.44555	11.0491
10.999	10.3902	10.7696	5.63489	2.06475	8.97244	18.4779	11.1743	16.7588	16.5691	21.2652	9.97378	10.6335	10.3987	9.93489	1.63267	0	4.97819	8.01968	6.80312	8.81356	15.8689	6.57655	5.81288	9.41641
19.4504	15.1944	16.8165	11.6831	11.2561	11.3707	24.3145	11.3124	13.7318	10.2998	10.4742	8.05762	6.68458	7.75319	10.9324	3.34552	4.97819	0	7.97261	9.18916	12.1218	17.4293	8.2894	13.7791	10.1278
12.7281	8.87277	8.2532	9.29348	6.93181	6.39702	19.7753	10.4383	14.5896	9.57382	6.59079	4.22246	7.48206	15.7258	13.0047	9.83595	8.01968	7.97261	0	1.21655	8.94642	19.7749	9.73275	15.6597	10.9405
8.56242	7.65622	7.03665	8.51801	8.14836	5.18046	23.6709	13.2415	13.6837	8.56661	7.80734	5.43902	6.63641	16.3372	14.0613	8.43579	6.80312	9.18916	1.21655	0	10.163	25.4142	10.9493	12.616	13.6899
11.2493	19.6255	15.4536	8.8343	6.74881	12.1718	21.6773	14.3737	16.2383	13.4775	10.6402	13.1689	13.8329	15.1958	13.1343	13.4327	8.81356	12.1218	8.94642	10.163	0	9.29555	16.0813	6.4271	1.99404
16.886	26.8264	23.8284	17.8342	16.8373	23.0725	21.1672	21.3942	19.071	18.7849	17.5467	19.6897	21.3364	25.8567	27.7694	20.4897	15.8689	17.4293	19.7749	25.4142	9.29555	0	21.3887	10.056	7.30151
9.62	17.1827	15.0346	12.4274	8.85722	13.002	20.8422	14.2272	14.609	12.771	12.9454	12.4154	9.15581	17.1912	16.99	4.94389	6.57655	8.2894	9.73275	10.9493	16.0813	21.3887	0	12.6053	14.0872
14.0176	16.2031	17.4327	7.77817	7.87763	11.1157	20.6212	13.3176	22.5717	11.8692	14.8523	12.8492	12.7767	14.1397	12.0782	7.44555	5.81288	13.7791	15.6597	12.616	6.4271	10.056	12.6053	0	4.43306
9.58453	19.8066	14.9992	10.8283	8.74285	12.9665	20.8068	14.1917	14.5735	11.4834	12.6342	16.6958	15.0986	17.6538	19.6987	11.0491	9.41641	10.1278	10.9405	13.6899	1.99404	7.30151	14.0872	4.43306	0
																								
0	20.1799	16.8298	4.47088	13.0554	8.96808	9.26607	12.5812	3.95818	7.3	4.86526	13.8881	14.04	13.5645	8.77088	18.6182	16.0256	17.5826	14.3705	15.1376	11.2875	25.2574	19.6122	18.193	10.8915
20.1799	0	16.0098	11.6744	6.73362	16.0119	10.9138	8.75436	12.7603	19.3643	21.6767	15.4144	15.0193	7.49718	7.37436	15.438	7.72357	20.8286	17.3806	21.4141	24.2887	24.1722	15.5934	12.5206	24.4122
16.8298	16.0098	0	14.2195	18.9105	9.26899	15.6875	4.24853	15.885	12.9657	16.5033	8.04326	11.9529	7.06086	5.62853	10.4055	14.6577	12.8281	11.8813	15.273	8.79836	18.1962	14.8934	15.7039	8.40238
4.47088	11.6744	14.2195	0	23.2663	4.4972	9.76628	5.68	8.42906	11.4307	9.33615	9.68926	17.2878	5.14853	4.3	14.2824	16.0317	13.1624	23.9893	13.4486	21.7971	33.6045	13.985	20.9843	15.3624
13.0554	6.73362	18.9105	23.2663	0	15.341	17.6474	11.3991	9.09725	14.9678	12.1502	17.3925	21.7529	9.16038	10.0089	2.73924	0.989949	8.12982	18.5535	11.9519	11.5899	10.7201	14.8667	5.78697	13.0885
8.96808	16.0119	9.26899	4.4972	15.341	0	5.26908	5.02046	6.24375	6.93354	6.0849	8.81519	12.7248	7.83279	6.40046	11.1774	15.4297	17.1836	18.3249	18.8097	17.9073	26.4771	15.6653	20.3689	18.8208
9.26607	10.9138	15.6875	9.76628	17.6474	5.26908	0	10.2895	11.2872	12.2026	10.7629	18.8104	9.38531	11.6189	10.7703	22.8311	19.4837	26.2389	21.4315	17.4189	18.3485	31.1551	18.1249	24.2808	17.9525
12.5812	8.75436	4.24853	5.68	11.3991	5.02046	10.2895	0	6.76591	11.954	11.1054	3.79473	7.70434	2.22853	1.38	6.15695	7.90623	7.26784	12.6958	7.55409	18.3027	20.654	10.6448	12.8588	12.6509
3.95818	12.7603	15.885	8.42906	9.09725	6.24375	11.2872	6.76591	0	11.2582	8.82345	13.426	17.9982	6.23444	5.38591	15.9102	10.0872	18.8907	21.0635	19.0958	20.6459	26.5359	15.0709	14.8842	14.8497
7.3	19.3643	12.9657	11.4307	14.9678	6.93354	12.2026	11.954	11.2582	0	6.04669	15.0695	16.2927	12.8385	11.9899	15.7271	13.9778	21.1177	18.2867	19.462	17.8691	26.4389	18.821	20.3307	18.1915
4.86526	21.6767	16.5033	9.33615	12.1502	6.0849	10.7629	11.1054	8.82345	6.04669	0	9.02282	10.246	15.1564	13.724	12.9096	11.1603	12.4959	12.24	12.7822	11.8224	19.2172	18.9857	14.284	12.2184
13.8881	15.4144	8.04326	9.68926	17.3925	8.81519	18.8104	3.79473	13.426	15.0695	9.02282	0	10.0396	6.60706	5.17473	6.45366	8.76954	3.47311	9.29468	3.75936	17.8026	24.4728	11.1772	9.92427	11.7595
14.04	15.0193	11.9529	17.2878	21.7529	12.7248	9.38531	7.70434	17.9982	16.2927	10.246	10.0396	0	10.5167	9.08434	11.5141	18.1135	10.4785	13.3238	8.03355	10.2408	23.747	8.73963	14.1985	9.84485
13.5645	7.49718	7.06086	5.14853	9.16038	7.83279	11.6189	2.22853	6.23444	12.8385	15.1564	6.60706	10.5167	0	0.848528	8.96928	10.1503	14.1382	9.88342	13.9169	19.0879	25.0115	8.09622	14.9473	13.3624
8.77088	7.37436	5.62853	4.3	10.0089	6.40046	10.7703	1.38	5.38591	11.9899	13.724	5.17473	9.08434	0.848528	0	7.53695	11.7892	11.5132	10.7319	11.7994	22.6729	24.957	8.94475	17.1009	18.4056
18.6182	15.438	10.4055	14.2824	2.73924	11.1774	22.8311	6.15695	15.9102	15.7271	12.9096	6.45366	11.5141	8.96928	7.53695	0	1.74929	2.98055	9.01585	3.48053	12.3493	11.635	4.49444	6.70188	11.2669
16.0256	7.72357	14.6577	16.0317	0.989949	15.4297	19.4837	7.90623	10.0872	13.9778	11.1603	8.76954	18.1135	10.1503	11.7892	1.74929	0	4.72984	14.6489	5.22982	10.6	13.0916	6.24373	6.77692	10.996
17.5826	20.8286	12.8281	13.1624	8.12982	17.1836	26.2389	7.26784	18.8907	21.1177	12.4959	3.47311	10.4785	14.1382	11.5132	2.98055	4.72984	0	7.98027	2.44495	8.68234	14.3436	7.47499	8.60986	8.28636
14.3705	17.3806	11.8813	23.9893	18.5535	18.3249	21.4315	12.6958	21.0635	18.2867	12.24	9.29468	13.3238	9.88342	10.7319	9.01585	14.6489	7.98027	0	5.53531	3.87495	15.1281	7.29956	10.7805	3.47897
15.1376	21.4141	15.273	13.4486	11.9519	18.8097	17.4189	7.55409	19.0958	19.462	12.7822	3.75936	8.03355	13.9169	11.7994	3.48053	5.22982	2.44495	5.53531	0	10.2596	11.0981	7.97497	6.16491	9.01428
11.2875	24.2887	8.79836	21.7971	11.5899	17.9073	18.3485	18.3027	20.6459	17.8691	11.8224	17.8026	10.2408	19.0879	22.6729	12.3493	10.6	8.68234	3.87495	10.2596	0	14.64	9.11664	7.69749	0.39598
25.2574	24.1722	18.1962	33.6045	10.7201	26.4771	31.1551	20.654	26.5359	26.4389	19.2172	24.4728	23.747	25.0115	24.957	11.635	13.0916	14.3436	15.1281	11.0981	14.64	0	20.7259	4.93315	12.2347
19.6122	15.5934	14.8934	13.985	14.8667	15.6653	18.1249	10.6448	15.0709	18.821	18.9857	11.1772	8.73963	8.09622	8.94475	4.49444	6.24373	7.47499	7.29956	7.97497	9.11664	20.7259	0	11.1963	8.72067
18.193	12.5206	15.7039	20.9843	5.78697	20.3689	24.2808	12.8588	14.8842	20.3307	14.284	9.92427	14.1985	14.9473	17.1009	6.70188	6.77692	8.60986	10.7805	6.16491	7.69749	4.93315	11.1963	0	7.30151
10.8915	24.4122	8.40238	15.3624	13.0885	18.8208	17.9525	12.6509	14.8497	18.1915	12.2184	11.7595	9.84485	13.3624	18.4056	11.2669	10.996	8.28636	3.47897	9.01428	0.39598	12.2347	8.72067	7.30151	0
																								
0	14.1941	8.52072	3.894	10.2527	3.14871	7.05495	9.0177	5.4425	7.2	4.9065	9.9611	15.5542	7.95059	8.844	14.8858	17.595	11.5217	11.6673	11.7529	16.3985	18.1507	14.4866	28.4332	21.595
14.1941	0	11.1665	14.8637	12.7611	11.0454	26.194	7.51665	26.0651	16.3307	18.1444	20.5859	12.4389	11.5746	8.39665	12.8575	11.0499	17.5874	16.9776	13.3239	15.8327	28.6499	19.084	17.2227	17.6571
8.52072	11.1665	0	9.19039	12.476	5.37201	15.1907	7.60263	18.045	8.33509	12.4711	10.221	8.27519	9.51972	8.39657	11.1761	12.9837	15.3124	7.26911	13.4099	12.0004	13.7526	18.3465	14.5577	17.1969
3.894	14.8637	9.19039	0	7.60806	3.81838	14.8074	5.83	9.33649	9.13947	8.66148	6.06711	13.746	4.0566	4.95	10.3452	9.31926	7.62775	15.5613	7.85891	11.6733	18.5824	17.4808	11.1112	18.9393
10.2527	12.7611	12.476	7.60806	0	7.10398	22.2526	7.48019	21.6038	12.4251	14.203	13.6752	11.4462	10.9055	6.60019	3.51879	1.7112	8.7532	7.63891	12.3658	7.74128	10.9743	10.9925	10.7734	9.56561
3.14871	11.0454	5.37201	3.81838	7.10398	0	14.0621	5.86899	8.59121	5.32109	7.09905	9.80551	10.7912	7.58362	6.74899	11.7209	8.81518	11.4461	12.6411	11.6762	14.8453	17.4357	13.6624	17.0493	19.1407
7.05495	26.194	15.1907	14.8074	22.2526	14.0621	0	11.8377	1.61245	18.1134	7.05495	9.4365	6.91549	19.5106	16.6161	22.4601	16.6505	17.9781	19.7561	23.3319	22.1049	28.8567	10.6566	25.137	17.7651
9.0177	7.51665	7.60263	5.83	7.48019	5.86899	11.8377	0	15.8836	8.81403	12.968	10.4044	4.92221	4.50694	0.88	10.7955	14.6572	11.2405	13.654	5.80725	7.60328	20.9287	16.2812	7.04117	14.8543
5.4425	26.0651	18.045	9.33649	21.6038	8.59121	1.61245	15.8836	0	12.6425	5.4425	7.82405	8.52794	14.0397	15.0036	21.4851	25.2924	13.6589	17.1098	16.1117	12.2953	24.4174	9.04411	21.1648	14.5225
7.2	16.3307	8.33509	9.13947	12.4251	5.32109	18.1134	8.81403	12.6425	0	12.1065	15.1266	13.7362	12.9047	9.69403	19.5112	23.8459	17.4428	15.6042	14.6213	21.844	12.1147	18.9835	23.3091	26.835
4.9065	18.1444	12.4711	8.66148	14.203	7.09905	7.05495	12.968	5.4425	12.1065	0	13.2665	14.5841	12.7181	13.6115	14.4458	24.8022	10.3095	16.5738	15.7428	20.465	22.6814	14.4866	20.5854	18.6407
9.9611	20.5859	10.221	6.06711	13.6752	9.80551	9.4365	10.4044	7.82405	15.1266	13.2665	0	17.4715	10.0164	9.52437	9.9711	15.4686	5.83483	15.7209	8.28768	12.9122	18.2067	16.8682	15.6855	17.1464
15.5542	12.4389	8.27519	13.746	11.4462	10.7912	6.91549	4.92221	8.52794	13.7362	14.5841	17.4715	0	9.42915	5.80221	11.5426	9.73499	21.3738	12.8406	10.7295	17.5718	19.324	21.8864	19.4231	16.4081
7.95059	11.5746	9.51972	4.0566	10.9055	7.58362	19.5106	4.50694	14.0397	12.9047	12.7181	10.0164	9.42915	0	5.38694	6.28856	8.09616	10.4248	16.7888	10.3142	13.2145	23.6341	18.5538	12.6524	24.0322
8.844	8.39665	8.39657	4.95	6.60019	6.74899	16.6161	0.88	15.0036	9.69403	13.6115	9.52437	5.80221	5.38694	0	11.2171	8.31139	12.5777	11.4546	6.68725	6.72328	17.3556	9.97451	6.16117	8.54762
14.8858	12.8575	11.1761	10.3452	3.51879	11.7209	22.4601	10.7955	21.4851	19.5112	14.4458	9.9711	11.5426	6.28856	11.2171	0	1.8076	4.13628	7.73531	9.56951	12.3233	15.5912	13.4833	9.29124	14.8174
17.595	11.0499	12.9837	9.31926	1.7112	8.81518	16.6505	14.6572	25.2924	23.8459	24.8022	15.4686	9.73499	8.09616	8.31139	1.8076	0	5.94387	5.92771	13.7745	9.45248	12.4112	15.2909	9.68814	15.8555
11.5217	17.5874	15.3124	7.62775	8.7532	11.4461	17.9781	11.2405	13.6589	17.4428	10.3095	5.83483	21.3738	10.4248	12.5777	4.13628	5.94387	0	9.88604	5.43323	10.0577	12.3719	16.7899	10.2758	11.3115
11.6673	16.9776	7.26911	15.5613	7.63891	12.6411	19.7561	13.654	17.1098	15.6042	16.5738	15.7209	12.8406	16.7888	11.4546	7.73531	5.92771	9.88604	0	7.84676	4.73128	6.48347	7.98251	7.76337	6.55561
11.7529	13.3239	13.4099	7.85891	12.3658	11.6762	23.3319	5.80725	16.1117	14.6213	15.7428	8.28768	10.7295	10.3142	6.68725	9.56951	13.7745	5.43323	7.84676	0	4.6245	14.3302	7.87573	7.65659	6.44884
16.3985	15.8327	12.0004	11.6733	7.74128	14.8453	22.1049	7.60328	12.2953	21.844	20.465	12.9122	17.5718	13.2145	6.72328	12.3233	9.45248	10.0577	4.73128	4.6245	0	11.2148	3.25123	3.03209	1.82434
18.1507	28.6499	13.7526	18.5824	10.9743	17.4357	28.8567	20.9287	24.4174	12.1147	22.6814	18.2067	19.324	23.6341	17.3556	15.5912	12.4112	12.3719	6.48347	14.3302	11.2148	0	15.3733	11.1945	15.5157
14.4866	19.084	18.3465	17.4808	10.9925	13.6624	10.6566	16.2812	9.04411	18.9835	14.4866	16.8682	21.8864	18.5538	9.97451	13.4833	15.2909	16.7899	7.98251	7.87573	3.25123	15.3733	0	6.28333	5.07557
28.4332	17.2227	14.5577	11.1112	10.7734	17.0493	25.137	7.04117	21.1648	23.3091	20.5854	15.6855	19.4231	12.6524	6.16117	9.29124	9.68814	10.2758	7.76337	7.65659	3.03209	11.1945	6.28333	0	4.85643
21.595	17.6571	17.1969	18.9393	9.56561	19.1407	17.7651	14.8543	14.5225	26.835	18.6407	17.1464	16.4081	24.0322	8.54762	14.8174	15.8555	11.3115	6.55561	6.44884	1.82434	15.5157	5.07557	4.85643	0
																								
0	16.1245	8.57319	10.7641	14.5752	11.3997	9.05104	6.37922	2.76248	9.00248	5.73112	15.1071	20.8896	4.58519	6.94922	21.9997	19.2004	14.6076	16.7792	16.9925	14.29	14.2553	8.51	15.9732	16.7835
16.1245	0	9.41754	11.8297	4.43001	12.302	18.5398	6.18093	18.887	22.0745	13.987	11.1771	26.0444	10.6172	5.61093	11.9562	6.43819	11.9753	21.9756	11.4846	12.6544	9.69167	19.6162	15.4347	12.0837
8.57319	9.41754	0	8.66928	9.30517	7.65105	8.20194	12.6715	9.2698	12.657	4.56946	15.0802	17.7882	11.8806	14.3421	11.0556	11.3133	10.4957	17.7879	15.7478	17.5741	14.5668	17.0832	7.4	16.9589
10.7641	11.8297	8.66928	0	15.1931	1.01823	8.6655	6.03869	9.73336	7.79053	5.03302	6.15766	11.373	7.09905	6.7	10.4747	17.2595	9.48314	14.7482	8.54998	13.7434	24.0502	19.1773	15.216	15.1367
14.5752	4.43001	9.30517	15.1931	0	13.2165	15.1602	8.196	19.3904	21.9622	13.8746	9.44692	18.9543	10.9002	8.766	7.25604	2.00818	7.54528	12.0661	7.05459	10.1569	5.26165	13.6689	11.0047	6.50238
11.3997	12.302	7.65105	1.01823	13.2165	0	11.9847	5.02046	13.0123	6.7723	6.05125	7.1759	11.9035	7.72462	5.59046	9.45648	14.7043	10.5014	15.4205	11.7557	13.7345	21.42	18.8948	13.1121	13.6489
9.05104	18.5398	8.20194	8.6655	15.1602	11.9847	0	6.96419	6.28856	6.67083	3.63248	14.9552	11.8021	9.66836	7.53419	26.1419	17.1018	14.2544	17.3642	17.5774	16.6372	30.4194	17.7768	20.9272	24.8397
6.37922	6.18093	12.6715	6.03869	8.196	5.02046	6.96419	0	9.1417	11.7928	8.81717	6.13619	13.9432	2.70416	0.57	13.4569	10.2042	12.9657	10.4	10.6132	7.61344	13.4577	14.8892	19.2007	14.8123
2.76248	18.887	9.2698	9.73336	19.3904	13.0123	6.28856	9.1417	0	6.24	4.70034	16.0231	11.3712	7.34767	13.7762	18.2942	18.1697	11.8451	25.0266	17.0972	17.705	17.0178	11.2725	14.6386	26.8015
9.00248	22.0745	12.657	7.79053	21.9622	6.7723	6.67083	11.7928	6.24	0	9.02973	10.3466	5.13124	15.0099	13.4633	16.2288	22.0773	18.0851	15.8317	18.528	22.0344	31.1553	20.1135	20.057	20.8908
5.73112	13.987	4.56946	5.03302	13.8746	6.05125	3.63248	8.81717	4.70034	9.02973	0	11.1907	14.161	10.3163	9.38717	17.6779	13.4693	10.6219	19.2172	13.7151	13.0047	19.9864	14.1443	11.9695	15.5078
15.1071	11.1771	15.0802	6.15766	9.44692	7.1759	14.9552	6.13619	16.0231	10.3466	11.1907	0	5.21536	10.5725	5.56619	7.20999	12.4578	4.58451	8.59053	2.39232	12.6096	24.2819	18.0672	10.3173	11.4024
20.8896	26.0444	17.7882	11.373	18.9543	11.9035	11.8021	13.9432	11.3712	5.13124	14.161	5.21536	0	17.8166	10.7816	12.4254	16.9461	9.79987	10.7005	7.60768	18.2705	23.3895	14.9822	21.0884	15.1128
4.58519	10.6172	11.8806	7.09905	10.9002	7.72462	9.66836	2.70416	7.34767	15.0099	10.3163	10.5725	17.8166	0	3.27416	17.3176	19.3119	10.2616	13.1042	13.3174	12.0498	18.8405	13.0952	15.9944	19.3753
6.94922	5.61093	14.3421	6.7	8.766	5.59046	7.53419	0.57	13.7762	13.4633	9.38717	5.56619	10.7816	3.27416	0	12.7762	18.1348	10.1507	10.97	7.95851	7.04344	18.8034	12.8234	16.5425	9.54659
21.9997	11.9562	11.0556	10.4747	7.25604	9.45648	26.1419	13.4569	18.2942	16.2288	17.6779	7.20999	12.4254	17.3176	12.7762	0	5.24786	7.056	8.06226	9.60231	6.69553	11.4939	12.4658	3.65557	4.19237
19.2004	6.43819	11.3133	17.2595	2.00818	14.7043	17.1018	10.2042	18.1697	22.0773	13.4693	12.4578	16.9461	19.3119	18.1348	5.24786	0	9.55347	8.90654	9.06278	6.99735	7.26984	12.7676	8.90343	4.4942
14.6076	11.9753	10.4957	9.48314	7.54528	10.5014	14.2544	12.9657	11.8451	18.0851	10.6219	4.58451	9.79987	10.2616	10.1507	7.056	9.55347	0	13.175	5.25212	16.6774	12.8069	22.7314	5.73283	11.2484
16.7792	21.9756	17.7879	14.7482	12.0661	15.4205	17.3642	10.4	25.0266	15.8317	19.2172	8.59053	10.7005	13.1042	10.97	8.06226	8.90654	13.175	0	10.4624	6.9155	11.7139	9.47662	10.3879	4.41235
16.9925	11.4846	15.7478	8.54998	7.05459	11.7557	17.5774	10.6132	17.0972	18.528	13.7151	2.39232	7.60768	13.3174	7.95851	9.60231	9.06278	5.25212	10.4624	0	11.4252	12.3162	17.2052	10.9849	13.9284
14.29	12.6544	17.5741	13.7434	10.1569	13.7345	16.6372	7.61344	17.705	22.0344	13.0047	12.6096	18.2705	12.0498	7.04344	6.69553	6.99735	16.6774	6.9155	11.4252	0	9.80466	5.77997	12.5949	2.50316
14.2553	9.69167	14.5668	24.0502	5.26165	21.42	30.4194	13.4577	17.0178	31.1553	19.9864	24.2819	23.3895	18.8405	18.8034	11.4939	7.26984	12.8069	11.7139	12.3162	9.80466	0	8.40729	8.15868	7.30151
8.51	19.6162	17.0832	19.1773	13.6689	18.8948	17.7768	14.8892	11.2725	20.1135	14.1443	18.0672	14.9822	13.0952	12.8234	12.4658	12.7676	22.7314	9.47662	17.2052	5.77997	8.40729	0	16.566	8.27345
15.9732	15.4347	7.4	15.216	11.0047	13.1121	20.9272	19.2007	14.6386	20.057	11.9695	10.3173	21.0884	15.9944	16.5425	3.65557	8.90343	5.73283	10.3879	10.9849	12.5949	8.15868	16.566	0	7.84795
16.7835	12.0837	16.9589	15.1367	6.50238	13.6489	24.8397	14.8123	26.8015	20.8908	15.5078	11.4024	15.1128	19.3753	9.54659	4.19237	4.4942	11.2484	4.41235	13.9284	2.50316	7.30151	8.27345	7.84795	0
																								
0	9.77186	12.5456	12.3496	25.5045	7.81753	5.702	9.08839	2.96864	2.5	1.40186	5.29405	5.76533	5.15834	9.61312	9.56929	9.86828	21.4864	20.1525	15.8538	24.1951	23.2702	23.226	14.0525	13.1632
9.77186	0	14.5299	13.6654	4.3213	15.0513	16.2676	16.236	10.8659	19.1859	8.37	12.2622	24.5031	14.8628	16.6725	8.11817	3.62833	14.9235	13.9202	6.8642	19.2283	17.8204	10.4208	13.4027	27.9807
12.5456	14.5299	0	14.5785	10.2057	10.0465	30.7327	11.3174	25.3958	19.1792	22.8895	13.8495	15.9138	7.3873	11.8421	20.2617	10.8986	22.6987	21.2424	21.3941	17.3515	21.099	24.2373	16.2814	23.5267
12.3496	13.6654	14.5785	0	15.2383	1.38593	16.7948	4.86	15.038	16.02	8.48498	8.60295	15.0598	4.04512	4.15	5.32564	9.81547	8.36702	6.83785	20.5296	10.3457	8.11131	17.82	13.5507	14.3554
25.5045	4.3213	10.2057	15.2383	0	15.1625	35.8601	11.7983	23.0354	23.2313	9.15939	15.5413	19.7902	15.5431	11.0883	5.1828	0.692965	12.493	16.1073	17.102	7.1458	12.8417	7.48543	10.687	7.9519
7.81753	15.0513	10.0465	1.38593	15.1625	0	15.5748	6.58924	16.424	17.4059	7.09905	9.12139	18.8809	2.65919	5.53593	6.71157	14.4695	7.73215	5.45192	12.5079	16.1613	12.3066	8.52542	11.5533	15.4631
5.702	16.2676	30.7327	16.7948	35.8601	15.5748	0	18.8961	5.40171	3.202	8.47578	11.191	6.46733	23.4846	20.9448	16.3772	16.9422	28.7824	26.7478	22.9277	26.6282	23.742	23.1424	24.9145	13.8652
9.08839	16.236	11.3174	4.86	11.7983	6.58924	18.8961	0	20.1508	20.1721	10.4203	5.16295	16.9067	3.93005	0.71	13.4307	18.8867	18.1973	11.6381	23.1002	25.2368	9.56402	25.2302	12.8242	21.6743
2.96864	10.8659	25.3958	15.038	23.0354	16.424	5.40171	20.1508	0	5.46864	4.37049	13.6227	11.5853	8.12698	17.3849	12.9793	14.4942	16.0207	23.1212	17.7301	17.9994	15.765	23.7552	21.2044	18.9832
2.5	19.1859	19.1792	16.02	23.2313	17.4059	3.202	20.1721	5.46864	0	3.90186	7.98904	3.26533	7.65834	12.442	12.9995	17.6651	16.2166	18.3268	20.9042	11.4693	15.9609	11.5888	13.3609	10.6632
1.40186	8.37	22.8895	8.48498	9.15939	7.09905	8.47578	10.4203	4.37049	3.90186	0	3.8922	14.7137	6.5602	8.34515	8.16743	8.46643	11.2088	12.551	14.4519	13.1875	10.9531	15.2589	13.5245	14.4017
5.29405	12.2622	13.8495	8.60295	15.5413	9.12139	11.191	5.16295	13.6227	7.98904	3.8922	0	11.2544	6.4622	4.45295	12.0596	12.3586	9.03009	10.3378	13.3286	11.3156	13.307	12.98	9.63229	10.5095
5.76533	24.5031	15.9138	15.0598	19.7902	18.8809	6.46733	16.9067	11.5853	3.26533	14.7137	11.2544	0	17.936	15.9268	9.7342	14.224	12.7756	11.397	15.1088	10.8522	12.5199	8.32346	10.0955	13.9285
5.15834	14.8628	7.3873	4.04512	15.5431	2.65919	23.4846	3.93005	8.12698	7.65834	6.5602	6.4622	17.936	0	4.45477	12.5169	17.1287	10.3913	8.11111	15.4327	17.6406	13.3088	19.4422	8.89413	16.9717
9.61312	16.6725	11.8421	4.15	11.0883	5.53593	20.9448	0.71	17.3849	12.442	8.34515	4.45295	15.9268	4.45477	0	9.47564	11.7813	13.483	10.9281	17.7816	18.2341	8.85402	14.0016	13.3489	14.9625
9.56929	8.11817	20.2617	5.32564	5.1828	6.71157	16.3772	13.4307	12.9793	12.9995	8.16743	12.0596	9.7342	12.5169	9.47564	0	4.48983	3.04138	6.65563	11.1007	5.02004	2.78568	7.54877	8.0983	5.82614
9.86828	3.62833	10.8986	9.81547	0.692965	14.4695	16.9422	18.8867	14.4942	17.6651	8.46643	12.3586	14.224	17.1287	11.7813	4.48983	0	7.53121	9.86597	10.4925	7.83876	7.27551	6.79247	9.99408	12.9417
21.4864	14.9235	22.6987	8.36702	12.493	7.73215	28.7824	18.1973	16.0207	16.2166	11.2088	9.03009	12.7756	10.3913	13.483	3.04138	7.53121	0	3.61425	8.05929	8.06142	5.5348	6.68775	7.57166	9.23522
20.1525	13.9202	21.2424	6.83785	16.1073	5.45192	26.7478	11.6381	23.1212	18.3268	12.551	10.3378	11.397	8.11111	10.9281	6.65563	9.86597	3.61425	0	7.056	5.60223	9.14905	3.0735	6.81175	9.22269
15.8538	6.8642	21.3941	20.5296	17.102	12.5079	22.9277	23.1002	17.7301	20.9042	14.4519	13.3286	15.1088	15.4327	17.7816	11.1007	10.4925	8.05929	7.056	0	9.31404	10.9562	6.78531	6.53854	12.9345
24.1951	19.2283	17.3515	10.3457	7.1458	16.1613	26.6282	25.2368	17.9994	11.4693	13.1875	11.3156	10.8522	17.6406	18.2341	5.02004	7.83876	8.06142	5.60223	9.31404	0	7.80572	2.52873	8.74643	0.806102
23.2702	17.8204	21.099	8.11131	12.8417	12.3066	23.742	9.56402	15.765	15.9609	10.9531	13.307	12.5199	13.3088	8.85402	2.78568	7.27551	5.5348	9.14905	10.9562	7.80572	0	12.4908	5.31263	11.8154
23.226	10.4208	24.2373	17.82	7.48543	8.52542	23.1424	25.2302	23.7552	11.5888	15.2589	12.98	8.32346	19.4422	14.0016	7.54877	6.79247	6.68775	3.0735	6.78531	2.52873	12.4908	0	9.88525	3.33484
14.0525	13.4027	16.2814	13.5507	10.687	11.5533	24.9145	12.8242	21.2044	13.3609	13.5245	9.63229	10.0955	8.89413	13.3489	8.0983	9.99408	7.57166	6.81175	6.53854	8.74643	5.31263	9.88525	0	9.55253
13.1632	27.9807	23.5267	14.3554	7.9519	15.4631	13.8652	21.6743	18.9832	10.6632	14.4017	10.5095	13.9285	16.9717	14.9625	5.82614	12.9417	9.23522	9.22269	12.9345	0.806102	11.8154	3.33484	9.55253	0
																								
-111
