10
10
3
3
30

6	21
10	1
47	15
18	25
31	42
9	22
22	5
8	17
2	22
20	29

29	47
34	25
27	39
46	33
33	29
28	46
44	28
33	32
35	23
40	39

70

1.79769e+308
1.79769e+308
1.79769e+308
1.79769e+308
1.79769e+308
1.79769e+308
1.79769e+308
1.79769e+308
1.79769e+308
1.79769e+308

12
15
15
20
13
14
17
19
14
16

0
0
0
0
0
0
0
0
0
0

0

0	15.5634	13.9169	10.7201	17.9838	2.97249	8.72829	0.98387	1.8554	6.41445	13.191	9.348	12.3744	21.0098	6.19526	15.2557	11.5598	7.58024	12.5588	20.1526	
15.5634	0	26.538	8.09543	13.4457	14.4516	21.7565	18.8628	13.708	15.7875	21.936	8.82469	17.4157	15.4589	13.154	19.8713	20.6222	10.5925	12.4471	25.1754	
13.9169	26.538	0	15.8695	11.1439	19.2269	23.1087	18.3617	13.2069	17.0816	16.4051	12.0509	18.2123	6.78824	7.72161	14.0123	5.6035	9.5831	8.5091	8	
10.7201	8.09543	15.8695	0	5.35023	6.35618	17.2244	8.3448	12.3762	7.69207	10.143	8.32	9.32026	14.9542	9.15926	7.75023	10.8907	10.0878	7.36041	12.5602	
17.9838	13.4457	11.1439	5.35023	0	11.7064	14.5041	11.2206	16.5713	5.78999	4.46475	5.1788	6.6	6.72518	9.50806	2.4	5.54044	6.94657	8.80123	7.20999	
2.97249	14.4516	19.2269	6.35618	11.7064	0	9.73303	1.98862	6.02	7.4192	17.5549	14.6762	15.6764	17.3702	10.5592	18.6837	17.0509	11.9442	13.7166	20.7643	
8.72829	21.7565	23.1087	17.2244	14.5041	9.73303	0	7.74442	12.8992	13.175	11.9222	21.3652	7.90411	18.6635	21.7818	13.987	17.5052	12.6983	23.5494	20.3143	
0.98387	18.8628	18.3617	8.3448	11.2206	1.98862	7.74442	0	2.83927	5.43058	14.1749	16.2051	15.6485	19.3589	7.17913	21.9639	16.1856	8.56411	15.5183	33.9051	
1.8554	13.708	13.2069	12.3762	16.5713	6.02	12.8992	2.83927	0	10.5853	15.0464	9.58529	12.6117	12.2156	8.05065	17.0345	11.0309	7.81752	12.2156	13.84	
6.41445	15.7875	17.0816	7.69207	5.78999	7.4192	13.175	5.43058	10.5853	0	10.5828	10.7746	12.39	17.4088	9.36	8.18999	11.3304	11.67	10.8242	13	
13.191	21.936	16.4051	10.143	4.46475	17.5549	11.9222	14.1749	15.0464	10.5828	0	9.9716	10.7622	11.0114	16.042	2.06475	10.3332	11.2817	11.6272	11.5116	
9.348	8.82469	12.0509	8.32	5.1788	14.6762	21.3652	16.2051	9.58529	10.7746	9.9716	0	6.56193	6.63421	4.07777	7.5788	5.74736	1.76777	3.62243	10.0283	
12.3744	17.4157	18.2123	9.32026	6.6	15.6764	7.90411	15.6485	12.6117	12.39	10.7622	6.56193	0	10.7594	7.10416	8.69741	8.77376	4.79416	9.77272	13.81	
21.0098	15.4589	6.78824	14.9542	6.72518	17.3702	18.6635	19.3589	12.2156	17.4088	11.0114	6.63421	10.7594	0	10.9635	12.841	1.18474	5.16433	10.2566	3.39411	
6.19526	13.154	7.72161	9.15926	9.50806	10.5592	21.7818	7.17913	8.05065	9.36	16.042	4.07777	7.10416	10.9635	0	11.527	6.2896	2.31	7.28855	14.8824	
15.2557	19.8713	14.0123	7.75023	2.4	18.6837	13.987	21.9639	17.0345	8.18999	2.06475	7.5788	8.69741	12.841	11.527	0	7.94044	9.21696	13.6919	9.44686	
11.5598	20.6222	5.6035	10.8907	5.54044	17.0509	17.5052	16.1856	11.0309	11.3304	10.3332	5.74736	8.77376	1.18474	6.2896	7.94044	0	3.9796	8.95815	2.80913	
7.58024	10.5925	9.5831	10.0878	6.94657	11.9442	12.6983	8.56411	7.81752	11.67	11.2817	1.76777	4.79416	5.16433	2.31	9.21696	3.9796	0	4.97855	6.78873	
12.5588	12.4471	8.5091	7.36041	8.80123	13.7166	23.5494	15.5183	12.2156	10.8242	11.6272	3.62243	9.77272	10.2566	7.28855	13.6919	8.95815	4.97855	0	16.5091	
20.1526	25.1754	8	12.5602	7.20999	20.7643	20.3143	33.9051	13.84	13	11.5116	10.0283	13.81	3.39411	14.8824	9.44686	2.80913	6.78873	16.5091	0	

0	7.95447	10.3592	6.04239	17.5324	0.917061	9.69144	5.04727	1.48432	7.57852	10.3155	16.5903	14.0649	9.40917	14.1671	12.5031	13.5612	10.4957	14.6148	16.8592	
7.95447	0	17.553	18.2003	31.3243	8.87153	22.3889	9.35222	9.43879	15.533	17.5453	8.11377	13.9946	19.2477	13.1114	33.8274	14.8968	10.8091	6.66033	21.7788	
10.3592	17.553	0	20.2386	10.0798	11.2762	6.19294	8.20076	11.8435	17.9377	17.0788	5.91648	8.26411	10.2027	7.39924	16.7253	3.202	18.4181	11.4385	6.5	
6.04239	18.2003	20.2386	0	13.9082	9.01249	17.7869	12.0379	4.55807	2.45967	8.26175	10.0442	12.9573	17.5046	6.20967	7.9082	10.4069	11.4297	12.6607	14.7543	
17.5324	31.3243	10.0798	13.9082	0	30.3018	17.5762	12.28	16.2627	14.3476	6.35355	7.76312	3.85	12.4614	11.075	6	6.87779	7.03665	11.1843	8.72789	
0.917061	8.87153	11.2762	9.01249	30.3018	0	8.77438	4.13021	2.40138	8.49558	13.0666	17.0845	12.5602	8.49211	13.25	16.9207	15.0467	11.4128	19.701	12.2256	
9.69144	22.3889	6.19294	17.7869	17.5762	8.77438	0	12.9046	15.9144	25.9152	24.8012	11.1954	15.1085	12.5818	15.0299	22.9182	9.39494	17.9837	12.6489	8.84828	
5.04727	9.35222	8.20076	12.0379	12.28	4.13021	12.9046	0	7.11921	13.2134	14.6146	12.3431	8.42998	9.89545	10.5377	13.804	10.9165	13.2241	14.7829	12.4266	
1.48432	9.43879	11.8435	4.55807	16.2627	2.40138	15.9144	7.11921	0	7.01774	8.83122	15.1059	15.0159	15.6321	10.7677	9.18477	17.8204	11.98	16.5594	19.5658	
7.57852	15.533	17.9377	2.45967	14.3476	8.49558	25.9152	13.2134	7.01774	0	13.4835	14.4108	10.4976	22.8861	8.66934	10.3679	15.5598	15.2918	17.8319	21.9346	
10.3155	17.5453	17.0788	8.26175	6.35355	13.0666	24.8012	14.6146	8.83122	13.4835	0	10.0978	5.72756	21.9253	17.336	0.353553	11.2468	9.12453	10.885	16.1594	
16.5903	8.11377	5.91648	10.0442	7.76312	17.0845	11.1954	12.3431	15.1059	14.4108	10.0978	0	3.91312	9.71519	3.83449	9.28713	2.71448	5.60224	1.45344	8.80092	
14.0649	13.9946	8.26411	12.9573	3.85	12.5602	15.1085	8.42998	15.0159	10.4976	5.72756	3.91312	0	12.0628	7.74761	5.37401	5.06211	4.79416	5.36656	11.1486	
9.40917	19.2477	10.2027	17.5046	12.4614	8.49211	12.5818	9.89545	15.6321	22.8861	21.9253	9.71519	12.0628	0	11.198	21.1147	7.00071	18.3842	14.0008	3.73352	
14.1671	13.1114	7.39924	6.20967	11.075	13.25	15.0299	10.5377	10.7677	8.66934	17.336	3.83449	7.74761	11.198	0	13.991	4.19724	5.22	5.28793	8.54459	
12.5031	33.8274	16.7253	7.9082	6	16.9207	22.9182	13.804	9.18477	10.3679	0.353553	9.28713	5.37401	21.1147	13.991	0	10.4361	8.77098	11.2386	14.7279	
13.5612	14.8968	3.202	10.4069	6.87779	15.0467	9.39494	10.9165	17.8204	15.5598	11.2468	2.71448	5.06211	7.00071	4.19724	10.4361	0	9.41724	4.16792	6.08644	
10.4957	10.8091	18.4181	11.4297	7.03665	11.4128	17.9837	13.2241	11.98	15.2918	9.12453	5.60224	4.79416	18.3842	5.22	8.77098	9.41724	0	4.1488	13.7646	
14.6148	6.66033	11.4385	12.6607	11.1843	19.701	12.6489	14.7829	16.5594	17.8319	10.885	1.45344	5.36656	14.0008	5.28793	11.2386	4.16792	4.1488	0	14.3229	
16.8592	21.7788	6.5	14.7543	8.72789	12.2256	8.84828	12.4266	19.5658	21.9346	16.1594	8.80092	11.1486	3.73352	8.54459	14.7279	6.08644	13.7646	14.3229	0	

0	7.873	24.3094	15.9063	23.009	3.66824	6.78823	6.12089	2.76248	11.1259	24.4784	11.0106	17.4363	10.4403	9.75419	11.3209	14.7484	11.9261	11.8951	12.9077	
7.873	0	26.9979	11.8902	20.2365	4.20476	16.4033	7.36615	13.6548	13.0821	11.9447	8.48528	16.8099	22.68	9.63975	11.8574	15.8979	14.8492	12.5102	23.8153	
24.3094	26.9979	0	25.6485	24.1003	23.8586	25.8748	20.6972	21.445	24.9833	15.0532	14.2169	19.9185	11.1124	14.4533	16.9482	6.80425	16.5233	17.5523	17.5049	
15.9063	11.8902	25.6485	0	8.34636	11.9977	13.8366	8.83631	12.1947	7.87096	11.5226	12.7547	6.65733	23.1284	11.8288	11.4964	18.8442	9.1466	8.72979	11.1924	
23.009	20.2365	24.1003	8.34636	0	10.8026	17.7275	17.1827	20.1447	12.6017	5.04505	11.8861	5	10.3131	5.89769	3.15	20.052	7.48928	11.9384	2.84605	
3.66824	4.20476	23.8586	11.9977	10.8026	0	10.4565	3.16139	6.43072	14.7942	9.54766	12.69	14.5115	14.1085	12.466	7.65261	24.2956	13.1469	9.36692	13.0707	
6.78823	16.4033	25.8748	13.8366	17.7275	10.4565	0	8.66637	9.55071	10.7613	23.166	9.13175	23.7109	17.2285	8.20586	19.8511	20.0355	8.88684	5.10683	22.5882	
6.12089	7.36615	20.6972	8.83631	17.1827	3.16139	8.66637	0	3.35841	16.6845	23.9715	12.2413	15.4936	18.1771	10.3501	10.814	19.6539	17.9814	12.5283	15.1449	
2.76248	13.6548	21.445	12.1947	20.1447	6.43072	9.55071	3.35841	0	13.3261	26.9059	8.14618	14.5719	13.2028	6.99171	17.1026	19.2521	9.06171	10.0907	10.0433	
11.1259	13.0821	24.9833	7.87096	12.6017	14.7942	10.7613	16.6845	13.3261	0	13.7317	9.67935	12.0845	15.2574	8.75346	11.8366	19.5655	9.43444	5.65442	10.7331	
24.4784	11.9447	15.0532	11.5226	5.04505	9.54766	23.166	23.9715	26.9059	13.7317	0	10.6312	4.86526	18.9395	12.4455	1.89505	21.8574	7.35454	18.0592	7.3131	
11.0106	8.48528	14.2169	12.7547	11.8861	12.69	9.13175	12.2413	8.14618	9.67935	10.6312	0	8.73471	8.97164	1.15447	8.73613	7.41262	3.22447	4.02492	4.20611	
17.4363	16.8099	19.9185	6.65733	5	14.5115	23.7109	15.4936	14.5719	12.0845	4.86526	8.73471	0	5.09696	4.55928	6.76031	17.3542	2.48928	6.26929	7.63701	
10.4403	22.68	11.1124	23.1284	10.3131	14.1085	17.2285	18.1771	13.2028	15.2574	18.9395	8.97164	5.09696	0	4.67768	12.8851	4.30813	2.60768	6.38769	7.46705	
9.75419	9.63975	14.4533	11.8288	5.89769	12.466	8.20586	10.3501	6.99171	8.75346	12.4455	1.15447	4.55928	4.67768	0	8.46969	8.56709	2.07	3.09903	3.05164	
11.3209	11.8574	16.9482	11.4964	3.15	7.65261	19.8511	10.814	17.1026	11.8366	1.89505	8.73613	6.76031	12.8851	8.46969	0	16.1487	9.34821	12.7611	5.41805	
14.7484	15.8979	6.80425	18.8442	20.052	24.2956	20.0355	19.6539	19.2521	19.5655	21.8574	7.41262	17.3542	4.30813	8.56709	16.1487	0	6.91581	11.4375	11.7752	
11.9261	14.8492	16.5233	9.1466	7.48928	13.1469	8.88684	17.9814	9.06171	9.43444	7.35454	3.22447	2.48928	2.60768	2.07	9.34821	6.91581	0	3.78001	5.12164	
11.8951	12.5102	17.5523	8.72979	11.9384	9.36692	5.10683	12.5283	10.0907	5.65442	18.0592	4.02492	6.26929	6.38769	3.09903	12.7611	11.4375	3.78001	0	6.15067	
12.9077	23.8153	17.5049	11.1924	2.84605	13.0707	22.5882	15.1449	10.0433	10.7331	7.3131	4.20611	7.63701	7.46705	3.05164	5.41805	11.7752	5.12164	6.15067	0	

0	11.0401	12.448	10.3557	15.4046	2.02386	9.95606	3.21994	3.17479	4.67611	10.6681	5.9397	14.9369	12.3048	9.23818	10.7446	10.2009	7.65769	5.81378	12.2787	
11.0401	0	16.9577	19.4232	21.6321	16.8953	21.883	11.0675	7.86527	19.209	23.3199	12.8055	19.4467	24.8923	14.2447	23.3055	20.3103	12.1674	10.3235	22.8958	
12.448	16.9577	0	17.2469	22.3616	14.1798	20.8445	19.7946	19.7495	15.5197	13.1025	9.11625	15.7574	11.3804	10.5554	16.5298	11.0736	8.47812	6.63421	8.75	
10.3557	19.4232	17.2469	0	16.4081	12.0483	15.9089	14.7602	11.558	5.67961	14.7832	5.76	15.3749	13.0612	9.05848	10.5649	10.9925	12.4566	8.24204	10.4307	
15.4046	21.6321	22.3616	16.4081	0	15.0198	15.9931	17.325	20.5272	10.7285	7.58727	11.2049	1.65	16.0934	5.38181	4.9734	11.9767	5.52221	10.7732	12.1071	
2.02386	16.8953	14.1798	12.0483	15.0198	0	11.9799	3.92625	5.19865	6.69997	8.64422	7.96355	13.3698	16.2341	11.4668	10.2423	13.7134	9.38948	7.54557	12.9967	
9.95606	21.883	20.8445	15.9089	15.9931	11.9799	0	13.176	13.1309	14.6322	15.2722	14.1228	14.5561	15.7105	10.8243	13.6741	13.2543	12.2343	14.2103	13.0801	
3.21994	11.0675	19.7946	14.7602	17.325	3.92625	13.176	0	3.2022	7.89605	12.5705	9.15963	17.296	17.3264	12.2172	20.7923	9.7872	16.0351	9.03371	22.009	
3.17479	7.86527	19.7495	11.558	20.5272	5.19865	13.1309	3.2022	0	7.8509	15.4546	9.11449	21.3919	22.5808	21.3551	17.0527	12.9894	19.2373	8.98857	19.8071	
4.67611	19.209	15.5197	5.67961	10.7285	6.69997	14.6322	7.89605	7.8509	0	11.9551	10.6158	12.3785	7.62871	7.95477	15.3824	5.52479	10.7294	8.88552	7.60263	
10.6681	23.3199	13.1025	14.7832	7.58727	8.64422	15.2722	12.5705	15.4546	11.9551	0	6.40293	4.92146	6.98291	5.90051	1.59806	8.33049	6.3552	9.82173	4.35247	
5.9397	12.8055	9.11625	5.76	11.2049	7.96355	14.1228	9.15963	9.11449	10.6158	6.40293	0	7.03029	11.0513	3.29848	4.80487	5.72846	4.32594	2.48204	12.5846	
14.9369	19.4467	15.7574	15.3749	1.65	13.3698	14.5561	17.296	21.3919	12.3785	4.92146	7.03029	0	11.4846	3.73181	3.3234	6.16179	3.87221	5.71612	10.2897	
12.3048	24.8923	11.3804	13.0612	16.0934	16.2341	15.7105	17.3264	22.5808	7.62871	6.98291	11.0513	11.4846	0	7.75284	10.4102	7.53923	9.16284	11.6741	2.63044	
9.23818	14.2447	10.5554	9.05848	5.38181	11.4668	10.8243	12.2172	21.3551	7.95477	5.90051	3.29848	3.73181	7.75284	0	6.16714	2.42998	1.41	3.25391	9.76524	
10.7446	23.3055	16.5298	10.5649	4.9734	10.2423	13.6741	20.7923	17.0527	15.3824	1.59806	4.80487	3.3234	10.4102	6.16714	0	9.1636	4.75714	6.60105	5.95053	
10.2009	20.3103	11.0736	10.9925	11.9767	13.7134	13.2543	9.7872	12.9894	5.52479	8.33049	5.72846	6.16179	7.53923	2.42998	9.1636	0	3.83998	6.3512	10.1697	
7.65769	12.1674	8.47812	12.4566	5.52221	9.38948	12.2343	16.0351	19.2373	10.7294	6.3552	4.32594	3.87221	9.16284	1.41	4.75714	3.83998	0	1.84391	11.1752	
5.81378	10.3235	6.63421	8.24204	10.7732	7.54557	14.2103	9.03371	8.98857	8.88552	9.82173	2.48204	5.71612	11.6741	3.25391	6.60105	6.3512	1.84391	0	12.5723	
12.2787	22.8958	8.75	10.4307	12.1071	12.9967	13.0801	22.009	19.8071	7.60263	4.35247	12.5846	10.2897	2.63044	9.76524	5.95053	10.1697	11.1752	12.5723	0	

0	8.56635	24.0949	10.6781	15.2954	3.69986	8.40807	6.7082	5.27758	10.9508	16.8411	9.33381	12.8127	26.2524	12.6999	16.3178	12.2571	13.7466	12.9562	14.8172	
8.56635	0	25.6223	18.482	17.5048	12.2662	17.9617	14.5121	13.8439	18.7547	20.7359	10.8612	20.6165	22.91	17.252	21.9997	13.7844	17.1544	14.4836	16.3445	
24.0949	25.6223	0	32.8076	11.5094	24.8328	24.6014	16.0202	16.6174	23.8905	13.2761	14.4417	15.8006	4.68722	13.4584	21.818	10.6647	8.1484	13.0348	13.25	
10.6781	18.482	32.8076	0	20.608	9.01249	13.7207	3.96994	11.6725	4.78519	26.8105	19.0842	10.0744	23.9885	18.0125	17.7491	18.7173	11.8417	23.5256	19.5576	
15.2954	17.5048	11.5094	20.608	0	11.5955	16.3037	9.85447	14.2555	10.7077	3.2311	7.31743	3.75	6.82221	9.81419	3.75436	4.39414	9.28553	15.0198	13.24	
3.69986	12.2662	24.8328	9.01249	11.5955	0	4.70821	5.30298	2.66	9.54562	14.8266	10.0717	11.4074	18.4177	9	13.9828	12.995	11.129	13.6942	15.5551	
8.40807	17.9617	24.6014	13.7207	16.3037	4.70821	0	10.0112	7.36821	20.4982	16.6872	12.199	11.8724	16.0093	5.80817	15.377	16.4117	11.1182	14.0301	19.4795	
6.7082	14.5121	16.0202	3.96994	9.85447	5.30298	10.0112	0	7.96298	4.24264	8.33094	14.165	6.10447	20.9102	12.1687	15.2261	16.6337	7.87179	12.7581	13.2175	
5.27758	13.8439	16.6174	11.6725	14.2555	2.66	7.36821	7.96298	0	14.0836	11.846	12.7317	15.9454	21.5074	11.66	11.3228	22.9979	8.46898	13.3553	13.8147	
10.9508	18.7547	23.8905	4.78519	10.7077	9.54562	20.4982	4.24264	14.0836	0	9.18421	16.8554	6.95774	19.2033	13.0219	12.9639	13.9321	12.1144	18.2275	16.4477	
16.8411	20.7359	13.2761	26.8105	3.2311	14.8266	16.6872	8.33094	11.846	9.18421	0	11.6618	2.22648	8.58886	8.29067	0.523259	7.62524	6.05443	10.9408	11.4002	
9.33381	10.8612	14.4417	19.0842	7.31743	10.0717	12.199	14.165	12.7317	16.8554	11.6618	0	12.2089	8.90082	6.39081	11.1386	2.92329	6.29325	3.62243	5.48336	
12.8127	20.6165	15.8006	10.0744	3.75	11.4074	11.8724	6.10447	15.9454	6.95774	2.22648	12.2089	0	10.5722	6.06419	2.74974	8.14414	7.65222	11.2698	9.49	
26.2524	22.91	4.68722	23.9885	6.82221	18.4177	16.0093	20.9102	21.5074	19.2033	8.58886	8.90082	10.5722	0	10.2011	9.11212	5.97753	12.8356	17.9248	13.7462	
12.6999	17.252	13.4584	18.0125	9.81419	9	5.80817	12.1687	11.66	13.0219	8.29067	6.39081	6.06419	10.2011	0	9.56882	9.3141	5.31	8.22192	10.6557	
16.3178	21.9997	21.818	17.7491	3.75436	13.9828	15.377	15.2261	11.3228	12.9639	0.523259	11.1386	2.74974	9.11212	9.56882	0	9.94414	6.57769	14.761	13.1978	
12.2571	13.7844	10.6647	18.7173	4.39414	12.995	16.4117	16.6337	22.9979	13.9321	7.62524	2.92329	8.14414	5.97753	9.3141	9.94414	0	9.21654	6.54572	8.40664	
13.7466	17.1544	8.1484	11.8417	9.28553	11.129	11.1182	7.87179	8.46898	12.1144	6.05443	6.29325	7.65222	12.8356	5.31	6.57769	9.21654	0	4.88636	5.34573	
12.9562	14.4836	13.0348	23.5256	15.0198	13.6942	14.0301	12.7581	13.3553	18.2275	10.9408	3.62243	11.2698	17.9248	8.22192	14.761	6.54572	4.88636	0	9.10579	
14.8172	16.3445	13.25	19.5576	13.24	15.5551	19.4795	13.2175	13.8147	16.4477	11.4002	5.48336	9.49	13.7462	10.6557	13.1978	8.40664	5.34573	9.10579	0	

0	13.5752	24.373	7.71596	8.81541	5.37587	11.7962	2.01246	3.13356	9.02973	12.0992	12.996	8.29759	14.9256	15.3233	15.6056	12.9505	12.2166	14.0379	14.2147	
13.5752	0	31.5848	6.32456	17.7136	8.19928	14.6196	13.5533	12.3293	14.3744	14.9226	11.6046	10.4854	14.1871	15.9436	27.1072	11.5591	16.6936	12.6579	17.0381	
24.373	31.5848	0	12.1023	16.4536	17.7378	26.6232	28.592	27.5345	10.7771	11.0145	7.75898	13.9976	13.3506	8.61493	11.7641	10.1397	8.44255	5.76888	10.7978	
7.71596	6.32456	12.1023	0	8.06083	7.7792	14.1995	9.72842	10.8495	8.04984	8.03655	5.28	4.16083	7.86252	6.55816	13.2825	5.2345	9.00705	6.33338	11.3623	
8.81541	17.7136	16.4536	8.06083	0	9.51428	15.9346	10.8279	11.949	8.00381	5.43902	10.9436	3.9	13.6444	9.21437	6.18855	13.3803	8.46437	11.138	11.0953	
5.37587	8.19928	17.7378	7.7792	9.51428	0	6.42028	5.35397	4.13	14.4056	6.72328	13.0592	10.599	14.1846	18.4909	7.47281	13.0137	14.5836	13.8678	8.83883	
11.7962	14.6196	26.6232	14.1995	15.9346	6.42028	0	11.7743	10.5503	10.3558	13.1436	13.9943	17.2907	14.194	8.91333	12.0435	13.0793	8.16333	10.837	8.84828	
2.01246	13.5533	28.592	9.72842	10.8279	5.35397	11.7743	0	5.14602	9.33381	12.0773	14.589	10.3101	15.2555	10.9542	15.9097	15.1201	10.2042	12.8778	14.1928	
3.13356	12.3293	27.5345	10.8495	11.949	4.13	10.5503	5.14602	0	12.1633	10.8533	19.4359	11.4312	11.7921	14.1049	18.8972	16.531	13.3549	16.0286	12.9688	
9.02973	14.3744	10.7771	8.04984	8.00381	14.4056	10.3558	9.33381	12.1633	0	7.32544	6.9983	10.6197	12.5899	6.88717	6.5759	11.0531	6.13717	5.0082	9.77117	
12.0992	14.9226	11.0145	8.03655	5.43902	6.72328	13.1436	12.0773	10.8533	7.32544	0	10.9193	3.87572	7.85469	11.9132	0.749533	21.1542	13.0031	12.1044	3.9448	
12.996	11.6046	7.75898	5.28	10.9436	13.0592	13.9943	14.589	19.4359	6.9983	10.9193	0	7.04361	7.64377	1.27816	12.4418	4.0395	2.02816	1.9901	7.01902	
8.29759	10.4854	13.9976	4.16083	3.9	10.599	17.2907	10.3101	11.4312	10.6197	3.87572	7.04361	0	12.0233	8.32178	4.62525	9.39533	9.12735	8.22873	12.3169	
14.9256	14.1871	13.3506	7.86252	13.6444	14.1846	14.194	15.2555	11.7921	12.5899	7.85469	7.64377	12.0233	0	7.50029	7.10515	4.73895	9.65492	7.5817	5.34573	
15.3233	15.9436	8.61493	6.55816	9.21437	18.4909	8.91333	10.9542	14.1049	6.88717	11.9132	1.27816	8.32178	7.50029	0	11.1636	2.76134	0.75	2.84605	7.87497	
15.6056	27.1072	11.7641	13.2825	6.18855	7.47281	12.0435	15.9097	18.8972	6.5759	0.749533	12.4418	4.62525	7.10515	11.1636	0	11.8441	11.9136	8.22418	3.19526	
12.9505	11.5591	10.1397	5.2345	13.3803	13.0137	13.0793	15.1201	16.531	11.0531	21.1542	4.0395	9.39533	4.73895	2.76134	11.8441	0	3.51134	5.60739	10.0847	
12.2166	16.6936	8.44255	9.00705	8.46437	14.5836	8.16333	10.2042	13.3549	6.13717	13.0031	2.02816	9.12735	9.65492	0.75	11.9136	3.51134	0	2.67367	7.70258	
14.0379	12.6579	5.76888	6.33338	11.138	13.8678	10.837	12.8778	16.0286	5.0082	12.1044	1.9901	8.22873	7.5817	2.84605	8.22418	5.60739	2.67367	0	5.02892	
14.2147	17.0381	10.7978	11.3623	11.0953	8.83883	8.84828	14.1928	12.9688	9.77117	3.9448	7.01902	12.3169	5.34573	7.87497	3.19526	10.0847	7.70258	5.02892	0	

0	15.4417	15.7523	7.74758	21.6161	2.24522	10.8056	4.42741	4.20557	15.9221	16.3485	8.78775	7.19698	15.5441	11.5047	11.4284	15.029	11.6052	7.26722	12.194	
15.4417	0	29.3314	19.3781	29.5435	13.8757	8.98087	14.6726	11.2361	26.6745	23.379	18.307	18.8275	22.5746	26.9334	22.205	21.0754	23.2357	23.5841	25.9873	
15.7523	29.3314	0	12.0529	15.3106	11.5124	23.8352	11.3249	14.7614	18.6451	12.2505	16.2651	6.56061	13.7336	18.9201	8.54051	11.7407	19.468	20.0469	13.75	
7.74758	19.3781	12.0529	0	12.0452	5.50236	14.0627	5.89087	9.32738	4.15909	8.15944	7.34039	5.49229	8.15372	5.69824	6.74523	13.287	4.13824	5.81986	9.94049	
21.6161	29.5435	15.3106	12.0452	0	13.7018	20.5626	14.1228	14.8355	12.194	2.69258	12.5073	7.2799	5.07293	8.944	4.1068	13.2584	10.198	13.1815	6.35618	
2.24522	13.8757	11.5124	5.50236	13.7018	0	8.56037	6.47575	6.45078	9.66145	10.5974	13.5809	4.95177	12.1247	10.92	6.93167	12.7838	9.36	9.51244	12.3784	
10.8056	8.98087	23.8352	14.0627	20.5626	8.56037	0	15.0361	15.0704	21.2025	23.2552	20.525	13.5121	20.28	17.9525	17.7435	12.0945	17.9204	22.0455	24.8238	
4.42741	14.6726	11.3249	5.89087	14.1228	6.47575	15.0361	0	3.43651	10.05	15.5794	10.5074	11.3832	14.0446	15.2627	10.9619	19.2596	10.0291	11.6946	7.7666	
4.20557	11.2361	14.7614	9.32738	14.8355	6.45078	15.0704	3.43651	0	17.1821	12.1429	7.07087	11.4618	11.3385	13.3792	10.9689	19.2938	12.657	8.5914	11.2031	
15.9221	26.6745	18.6451	4.15909	12.194	9.66145	21.2025	10.05	17.1821	0	13.4835	9.55835	9.65138	8.55457	3.25	10.9043	9.12791	4.40275	7.48745	15.5955	
16.3485	23.379	12.2505	8.15944	2.69258	10.5974	23.2552	15.5794	12.1429	13.4835	0	8.62152	3.39411	7.76551	11.6366	1.41421	13.5868	12.8906	15.5988	4.60948	
8.78775	18.307	16.2651	7.34039	12.5073	13.5809	20.525	10.5074	7.07087	9.55835	8.62152	0	9.18721	11.6129	5.75798	7.20731	13.4878	5.58614	1.52053	10.4026	
7.19698	18.8275	6.56061	5.49229	7.2799	4.95177	13.5121	11.3832	11.4618	9.65138	3.39411	9.18721	0	7.17295	12.4775	1.9799	7.8969	9.63053	11.2251	5.17516	
15.5441	22.5746	13.7336	8.15372	5.07293	12.1247	20.28	14.0446	11.3385	8.55457	7.76551	11.6129	7.17295	0	5.30457	9.15285	8.18545	6.86457	9.54203	8.65499	
11.5047	26.9334	18.9201	5.69824	8.944	10.92	17.9525	15.2627	13.3792	3.25	11.6366	5.75798	12.4775	5.30457	0	13.5157	7.17948	1.56	4.23745	12.8169	
11.4284	22.205	8.54051	6.74523	4.1068	6.93167	17.7435	10.9619	10.9689	10.9043	1.41421	7.20731	1.9799	9.15285	13.5157	0	9.8768	10.8835	8.72784	3.19526	
15.029	21.0754	11.7407	13.287	13.2584	12.7838	12.0945	19.2596	19.2938	9.12791	13.5868	13.4878	7.8969	8.18545	7.17948	9.8768	0	8.73948	11.4169	16.8404	
11.6052	23.2357	19.468	4.13824	10.198	9.36	17.9204	10.0291	12.657	4.40275	12.8906	5.58614	9.63053	6.86457	1.56	10.8835	8.73948	0	5.79745	14.3769	
7.26722	23.5841	20.0469	5.81986	13.1815	9.51244	22.0455	11.6946	8.5914	7.48745	15.5988	1.52053	11.2251	9.54203	4.23745	8.72784	11.4169	5.79745	0	9.8902	
12.194	25.9873	13.75	9.94049	6.35618	12.3784	24.8238	7.7666	11.2031	15.5955	4.60948	10.4026	5.17516	8.65499	12.8169	3.19526	16.8404	14.3769	9.8902	0	

0	6.89205	12.131	3.54175	13.6002	2.71956	11.7002	3.66715	1.93786	5.59893	12.9305	11.4246	14.407	14.5017	6.47686	14.9401	10.5636	8.30686	9.06993	11.1153	
6.89205	0	15.4284	7.19484	17.3949	9.54769	3.54175	3.2249	10.0963	9.39367	15.5125	14.0066	16.9889	14.3573	9.05884	14.4978	13.1456	10.8888	11.6519	13.6973	
12.131	15.4284	0	8.5892	17.4625	11.5301	18.9702	12.5591	25.9585	10.6464	15.0532	6.53363	16.4618	11.8817	7.78506	15.633	14.5558	9.89396	5.19199	12.75	
3.54175	7.19484	8.5892	0	10.0584	2.94092	10.8782	3.96994	5.47961	2.05718	13.2357	7.67502	13.7084	10.4751	8.07257	15.2428	12.0739	6.45565	6.33338	9.72248	
13.6002	17.3949	17.4625	10.0584	0	12.9994	28.4216	14.0284	15.9772	9.87704	3.17725	4.83355	3.65	5.77264	8.96863	3.75707	8.24982	7.13863	6.17519	8.34581	
2.71956	9.54769	11.5301	2.94092	12.9994	0	14.7666	6.32278	4.65742	4.9981	17.9449	14.3969	25.6752	14.8067	9.19642	17.5957	29.1187	9.39657	9.2743	16.8077	
11.7002	3.54175	18.9702	10.8782	28.4216	14.7666	0	6.76665	24.2162	21.1555	20.1722	25.423	23.1936	22.6404	12.6006	33.6195	23.0792	18.2704	25.9849	15.0036	
3.66715	3.2249	12.5591	3.96994	14.0284	6.32278	6.76665	0	5.60501	6.02712	11.8527	16.0007	18.6749	11.1324	10.144	11.2729	13.6096	10.4256	10.3033	10.4849	
1.93786	10.0963	25.9585	5.47961	15.9772	4.65742	24.2162	5.60501	0	6.56649	25.8899	14.5746	25.8528	14.9844	8.41472	25.2533	31.1002	10.9692	27.4071	19.2497	
5.59893	9.39367	10.6464	2.05718	9.87704	4.9981	21.1555	6.02712	6.56649	0	13.0543	8.00812	13.527	8.41789	6.23275	17.827	10.021	4.40275	8.39056	7.66958	
12.9305	15.5125	15.0532	13.2357	3.17725	17.9449	20.1722	11.8527	25.8899	13.0543	0	8.0108	6.82725	8.94989	6.45368	0.579828	7.26223	8.28368	9.04675	5.16856	
11.4246	14.0066	6.53363	7.67502	4.83355	14.3969	25.423	16.0007	14.5746	8.00812	8.0108	0	6.41752	8.03137	3.93471	12.7835	8.45665	5.44472	1.34164	8.71156	
14.407	16.9889	16.4618	13.7084	3.65	25.6752	23.1936	18.6749	25.8528	13.527	6.82725	6.41752	0	9.42264	7.93009	10.6066	12.0169	9.40394	7.75916	8.19	
14.5017	14.3573	11.8817	10.4751	5.77264	14.8067	22.6404	11.1324	14.9844	8.41789	8.94989	8.03137	9.42264	0	6.56396	10.4357	2.47718	8.09543	6.68973	7.63675	
6.47686	9.05884	7.78506	8.07257	8.96863	9.19642	12.6006	10.144	8.41472	6.23275	6.45368	3.93471	7.93009	6.56396	0	7.03351	4.08678	1.83	2.59307	4.63849	
14.9401	14.4978	15.633	15.2428	3.75707	17.5957	33.6195	11.2729	25.2533	17.827	0.579828	12.7835	10.6066	10.4357	7.03351	0	7.84206	14.2714	15.101	5.74839	
10.5636	13.1456	14.5558	12.0739	8.24982	29.1187	23.0792	13.6096	31.1002	10.021	7.26223	8.45665	12.0169	2.47718	4.08678	7.84206	0	5.61826	6.67985	8.72527	
8.30686	10.8888	9.89396	6.45565	7.13863	9.39657	18.2704	10.4256	10.9692	4.40275	8.28368	5.44472	9.40394	8.09543	1.83	14.2714	5.61826	0	4.42307	3.26683	
9.06993	11.6519	5.19199	6.33338	6.17519	9.2743	25.9849	10.3033	27.4071	8.39056	9.04675	1.34164	7.75916	6.68973	2.59307	15.101	6.67985	4.42307	0	7.23156	
11.1153	13.6973	12.75	9.72248	8.34581	16.8077	15.0036	10.4849	19.2497	7.66958	5.16856	8.71156	8.19	7.63675	4.63849	5.74839	8.72527	3.26683	7.23156	0	

0	16.3169	20.3437	5.31263	11.7539	2.27684	13.0808	3.95952	5.73112	12.9153	18.6048	16.122	16.6148	12.3015	11.988	10.6623	14.8034	14.2001	16.6811	24.1047	
16.3169	0	9.49442	11.1312	22.9139	18.5937	21.2505	14.5889	17.1544	18.7338	15.4285	7.88538	23.6747	18.1201	15.2953	16.3902	11.1357	21.801	7.32636	14.7021	
20.3437	9.49442	0	15.0311	17.8559	20.6725	23.3402	18.3735	21.0219	19.2238	21.2465	6.90479	25.4603	10.6364	13.8129	20.3808	9.33916	12.5529	6.34577	13.7215	
5.31263	11.1312	15.0311	0	12.4497	5.14036	13.3728	3.45769	5.64456	7.60263	6.31133	9.80896	9.30946	6.98891	6.6754	5.34966	12.492	7.9354	14.6443	11.0698	
11.7539	22.9139	17.8559	12.4497	0	14.0307	16.0902	17.5229	13.772	6.81175	7.48538	7.98999	6.35	12.6045	6.56298	7.1	9.39963	5.30298	19.7777	12.2	
2.27684	18.5937	20.6725	5.14036	14.0307	0	18.0935	1.68268	3.86955	17.635	16.328	17.6255	20.5315	10.0361	16.9346	16.8306	10.717	17.3376	18.1846	20.9821	
13.0808	21.2505	23.3402	13.3728	16.0902	18.0935	0	9.53654	7.34967	17.4581	19.4808	13.4743	18.2333	18.0888	12.0473	26.1537	14.8839	10.7873	24.646	26.2305	
3.95952	14.5889	18.3735	3.45769	17.5229	1.68268	9.53654	0	2.18687	11.0603	16.1096	11.6444	13.0705	10.4466	8.86077	8.80735	9.03433	10.6558	12.8437	19.2174	
5.73112	17.1544	21.0219	5.64456	13.772	3.86955	7.34967	2.18687	0	13.6258	17.1625	9.80746	10.8837	13.0121	6.6739	11.3728	11.2212	7.9339	14.6428	11.0683	
12.9153	18.7338	19.2238	7.60263	6.81175	17.635	17.4581	11.0603	13.6258	0	14.2971	6.4065	13.1618	13.9723	7.93083	12.9523	9.01657	6.67083	6.96551	20.512	
18.6048	15.4285	21.2465	6.31133	7.48538	16.328	19.4808	16.1096	17.1625	14.2971	0	11.3805	4.92146	15.995	9.95354	0.961665	12.7902	8.69354	16.1079	6.79649	
16.122	7.88538	6.90479	9.80896	7.98999	17.6255	13.4743	11.6444	9.80746	6.4065	11.3805	0	8.38142	8.85687	3.13356	13.8209	2.61008	2.68701	0.559017	7.52792	
16.6148	23.6747	25.4603	9.30946	6.35	20.5315	18.2333	13.0705	10.8837	13.1618	4.92146	8.38142	0	16.796	5.24786	3.9598	12.4711	6.50786	10.4201	5.85	
12.3015	18.1201	10.6364	6.98891	12.6045	10.0361	18.0888	10.4466	13.0121	13.9723	15.995	8.85687	16.796	0	8.56151	12.3386	6.24679	7.30151	10.0562	10.946	
11.988	15.2953	13.8129	6.6754	6.56298	16.9346	12.0473	8.86077	6.6739	7.93083	9.95354	3.13356	5.24786	8.56151	0	9.20765	5.35664	1.26	3.69258	4.39436	
10.6623	16.3902	20.3808	5.34966	7.1	16.8306	26.1537	8.80735	11.3728	12.9523	0.961665	13.8209	3.9598	12.3386	9.20765	0	16.0179	9.6552	13.2106	5.83483	
14.8034	11.1357	9.33916	12.492	9.39963	10.717	14.8839	9.03433	11.2212	9.01657	12.7902	2.61008	12.4711	6.24679	5.35664	16.0179	0	4.09664	3.16909	10.1831	
14.2001	21.801	12.5529	7.9354	5.30298	17.3376	10.7873	10.6558	7.9339	6.67083	8.69354	2.68701	6.50786	7.30151	1.26	9.6552	4.09664	0	3.24602	5.65436	
16.6811	7.32636	6.34577	14.6443	19.7777	18.1846	24.646	12.8437	14.6428	6.96551	16.1079	0.559017	10.4201	10.0562	3.69258	13.2106	3.16909	3.24602	0	7.37574	
24.1047	14.7021	13.7215	11.0698	12.2	20.9821	26.2305	19.2174	11.0683	20.512	6.79649	7.52792	5.85	10.946	4.39436	5.83483	10.1831	5.65436	7.37574	0	

0	4.6911	19.4718	4.3007	10.507	4.01609	8.7243	6.79765	3.75203	9.22005	13.4015	9.05097	14.8424	13.0892	12.5968	15.0748	18.9573	13.8497	10.974	17.4897	
4.6911	0	19.6755	8.9918	26.9985	8.70719	7.20999	11.4887	7.64055	7.73036	19.0475	13.7421	22.7616	12.5233	14.1318	18.9633	19.0932	13.0409	16.3187	21.348	
19.4718	19.6755	0	13.4248	7.21848	15.4557	20.1639	18.2999	22.8757	20.8837	13.196	9.08959	8.91848	14.0616	5.54372	14.0685	16.962	10.7637	7.93221	13.1003	
4.3007	8.9918	13.4248	0	6.20627	5.78697	5.7109	11.0983	8.05272	4.91935	9.1008	12.9413	7.90627	17.6643	19.7157	10.1473	14.6566	11.5419	15.9283	12.0881	
10.507	26.9985	7.21848	6.20627	0	11.9932	11.9172	15.3047	17.3845	11.1256	5.97753	7.49142	1.7	14.1277	10.3298	5.51838	9.74354	8.26041	10.8732	5.88184	
4.01609	8.70719	15.4557	5.78697	11.9932	0	4.70821	5.86387	7.42	10.7063	14.8878	11.9386	17.8775	16.1243	15.632	14.3186	18.0758	10.5392	14.0091	21.1577	
8.7243	7.20999	20.1639	5.7109	11.9172	4.70821	0	10.5721	12.1282	10.6303	9.55675	7.23038	13.0218	11.2686	10.7763	17.8058	10.1617	5.83095	9.1534	22.1461	
6.79765	11.4887	18.2999	11.0983	15.3047	5.86387	10.5721	0	6.01389	15.7826	9.5012	15.8486	12.2731	20.1612	12.7562	8.45468	25.37	16.1115	18.4252	19.7516	
3.75203	7.64055	22.8757	8.05272	17.3845	7.42	12.1282	6.01389	0	15.2574	11.407	12.803	15.1411	15.9649	15.3176	11.3228	14.4284	10.0976	15.3796	13.7377	
9.22005	7.73036	20.8837	4.91935	11.1256	10.7063	10.6303	15.7826	15.2574	0	11.3306	13.5444	15.6258	13.472	12.8247	13.5276	11.9355	7.60475	17.3775	24.8299	
13.4015	19.0475	13.196	9.1008	5.97753	14.8878	9.55675	9.5012	11.407	11.3306	0	9.6655	4.86489	9.59308	8.9458	1.04652	8.05654	3.7258	13.4985	11.8594	
9.05097	13.7421	9.08959	12.9413	7.49142	11.9386	7.23038	15.8486	12.803	13.5444	9.6655	0	5.79142	4.03822	3.54587	9.60979	10.2704	5.9397	1.92302	12.8629	
14.8424	22.7616	8.91848	7.90627	1.7	17.8775	13.0218	12.2731	15.1411	15.6258	4.86489	5.79142	0	9.82963	8.62981	3.81838	11.4435	8.021	7.71443	7.58184	
13.0892	12.5233	14.0616	17.6643	14.1277	16.1243	11.2686	20.1612	15.9649	13.472	9.59308	4.03822	9.82963	0	7.58409	15.9866	6.5699	5.86728	5.96124	8.82469	
12.5968	14.1318	5.54372	19.7157	10.3298	15.632	10.7763	12.7562	15.3176	12.8247	8.9458	3.54587	8.62981	7.58409	0	12.2268	9.55074	5.22	5.46889	10.9859	
15.0748	18.9633	14.0685	10.1473	5.51838	14.3186	17.8058	8.45468	11.3228	13.5276	1.04652	9.60979	3.81838	15.9866	12.2268	0	16.5935	4.77232	12.7421	12.7318	
18.9573	19.0932	16.962	14.6566	9.74354	18.0758	10.1617	25.37	14.4284	11.9355	8.05654	10.2704	11.4435	6.5699	9.55074	16.5935	0	4.33074	14.1035	8.77852	
13.8497	13.0409	10.7637	11.5419	8.26041	10.5392	5.83095	16.1115	10.0976	7.60475	3.7258	5.9397	8.021	5.86728	5.22	4.77232	4.33074	0	7.86272	13.1093	
10.974	16.3187	7.93221	15.9283	10.8732	14.0091	9.1534	18.4252	15.3796	17.3775	13.4985	1.92302	7.71443	5.96124	5.46889	12.7421	14.1035	7.86272	0	12.5723	
17.4897	21.348	13.1003	12.0881	5.88184	21.1577	22.1461	19.7516	13.7377	24.8299	11.8594	12.8629	7.58184	8.82469	10.9859	12.7318	8.77852	13.1093	12.5723	0	

0	10.3537	26.8962	6.15719	15.2944	3.66824	9.46035	1.16276	2.3914	12.0552	11.8675	15.4565	7.74442	9.82128	10.1377	13.6841	12.901	13.1077	12.7903	14.3744	
10.3537	0	19.567	14.1854	9.21303	15.6667	5.56561	9.19097	11.4608	11.8272	12.2287	11.711	16.763	16.1148	14.0139	11.063	8.68332	13.8962	14.4555	12.3437	
26.8962	19.567	0	19.9392	9.84905	23.9086	14.0014	13.3457	25.9624	16.7276	10.2618	16.0732	13.9387	4.68722	14.3443	7.99905	12.1187	11.5976	17.7963	9.35412	
6.15719	14.1854	19.9392	0	10.3947	7.68433	11.3599	4.99444	6.02316	5.09823	7.37902	11.3732	11.5021	13.653	6.05443	9.64177	14.1332	9.02443	10.7978	19.6484	
15.2944	9.21303	9.84905	10.3947	0	14.7301	13.5178	16.8802	13.7389	17.8035	3.01569	7.5478	7.1388	7.79756	9.98587	1.85	15.6532	8.83705	5.24245	3.13065	
3.66824	15.6667	23.9086	7.68433	14.7301	0	14.7733	4.831	5.6	12.7826	11.3032	12.2604	7.18006	15.1343	13.7388	13.1198	9.23275	14.2791	16.4586	12.0208	
9.46035	5.56561	14.0014	11.3599	13.5178	14.7733	0	8.29759	11.5779	6.26163	24.2606	13.767	16.5151	15.054	8.44824	16.7776	14.2489	10.7978	13.1917	10.3871	
1.16276	9.19097	13.3457	4.99444	16.8802	4.831	8.29759	0	3.2803	10.0927	12.3735	20.4847	8.90717	8.65852	11.0489	18.2523	15.7085	15.5689	13.9531	13.3254	
2.3914	11.4608	25.9624	6.02316	13.7389	5.6	11.5779	3.2803	0	11.1214	13.4022	23.5337	10.1358	11.9388	12.0776	15.5889	14.8327	17.3781	15.1817	16.8695	
12.0552	11.8272	16.7276	5.09823	17.8035	12.7826	6.26163	10.0927	11.1214	0	11.6773	7.22317	10.2535	11.4465	7.50617	11.5232	18.0156	4.53617	14.3089	16.4156	
11.8675	12.2287	10.2618	7.37902	3.01569	11.3032	24.2606	12.3735	13.4022	11.6773	0	9.47563	4.12311	11.2373	10.1111	2.26274	12.5033	7.14112	8.25814	6.14635	
15.4565	11.711	16.0732	11.3732	7.5478	12.2604	13.767	20.4847	23.5337	7.22317	9.47563	0	9.78606	9.08405	5.31881	9.67406	3.02769	2.68701	2.77272	4.41715	
7.74442	16.763	13.9387	11.5021	7.1388	7.18006	16.5151	8.90717	10.1358	10.2535	4.12311	9.78606	0	10.9587	10.069	5.9397	16.4128	7.09905	12.7925	6.63	
9.82128	16.1148	4.68722	13.653	7.79756	15.1343	15.054	8.65852	11.9388	11.4465	11.2373	9.08405	10.9587	0	9.65704	10.0716	7.43153	6.91035	13.4641	4.6669	
10.1377	14.0139	14.3443	6.05443	9.98587	13.7388	8.44824	11.0489	12.0776	7.50617	10.1111	5.31881	10.069	9.65704	0	9.95705	8.3465	2.97	4.74342	9.73595	
13.6841	11.063	7.99905	9.64177	1.85	13.1198	16.7776	18.2523	15.5889	11.5232	2.26274	9.67406	5.9397	10.0716	9.95705	0	21.1932	6.98705	7.09245	4.98065	
12.901	8.68332	12.1187	14.1332	15.6532	9.23275	14.2489	15.7085	14.8327	18.0156	12.5033	3.02769	16.4128	7.43153	8.3465	21.1932	0	5.71469	5.80041	7.44484	
13.1077	13.8962	11.5976	9.02443	8.83705	14.2791	10.7978	15.5689	17.3781	4.53617	7.14112	2.68701	7.09905	6.91035	2.97	6.98705	5.71469	0	5.45973	7.10415	
12.7903	14.4555	17.7963	10.7978	5.24245	16.4586	13.1917	13.9531	15.1817	14.3089	8.25814	2.77272	12.7925	13.4641	4.74342	7.09245	5.80041	5.45973	0	7.18987	
14.3744	12.3437	9.35412	19.6484	3.13065	12.0208	10.3871	13.3254	16.8695	16.4156	6.14635	4.41715	6.63	4.6669	9.73595	4.98065	7.44484	7.10415	7.18987	0	

0	8.85438	21.8871	3.28877	22.3332	3.44688	11.8551	3.53299	5.9785	6.24038	25.6718	8.48275	15.0482	16.393	16.5837	19.9455	11.6143	7.75806	8.42394	8.7649	
8.85438	0	15.8721	5.56561	13.3589	12.4212	14.132	10.8034	13.6151	8.51722	18.5825	14.8436	18.6089	14.1381	7.60942	15.9378	14.3471	8.41942	10.7008	11.0417	
21.8871	15.8721	0	8.01961	18.8705	15.3686	5.92368	18.3541	21.1658	14.5552	14.686	4.74038	14.512	11.0608	8.26031	17.2033	6.17904	13.6562	2.88444	6.73994	
3.28877	5.56561	8.01961	0	18.9245	6.73565	8.56635	6.82176	9.11614	2.95161	10.679	6.99111	9.89613	10.4824	5.2793	15.7276	8.42977	4.4693	5.13517	5.47613	
22.3332	13.3589	18.8705	18.9245	0	18.1555	12.9468	24.1623	14.3197	12.9893	5.22361	10.4126	5.25	15.4255	10.2593	6.1	11.527	11.0693	14.9756	9.67	
3.44688	12.4212	15.3686	6.73565	18.1555	0	13.0546	6.97987	7.63	9.25834	10.2249	5.03587	14.4445	11.7216	12.375	18.7953	8.16743	8.35927	6.89181	16.386	
11.8551	14.132	5.92368	8.56635	12.9468	13.0546	0	18.9923	17.6825	11.518	17.4345	16.2564	16.3314	18.8315	20.0303	14.9172	15.2773	13.0356	8.80812	14.0425	
3.53299	10.8034	18.3541	6.82176	24.1623	6.97987	18.9923	0	2.81169	15.1721	28.6588	13.4493	11.8814	13.9379	18.4128	17.6728	16.5808	9.97775	12.7871	8.93158	
5.9785	13.6151	21.1658	9.11614	14.3197	7.63	17.6825	2.81169	0	12.0677	13.3757	10.4895	9.06973	17.6549	7.97606	10.4839	14.423	7.16606	13.7479	11.7433	
6.24038	8.51722	14.5552	2.95161	12.9893	9.25834	11.518	15.1721	12.0677	0	9.4115	4.22246	14.1903	9.25871	2.73	11.0584	9.46767	3.54	6.0784	8.42774	
25.6718	18.5825	14.686	10.679	5.22361	10.2249	17.4345	28.6588	13.3757	9.4115	0	5.18904	3.93151	11.8428	7.01967	2.5173	13.4666	6.20967	7.04497	17.7789	
8.48275	14.8436	4.74038	6.99111	10.4126	5.03587	16.2564	13.4493	10.4895	4.22246	5.18904	0	13.4835	10.0323	4.1334	7.70634	5.15054	3.3234	1.85594	5.71144	
15.0482	18.6089	14.512	9.89613	5.25	14.4445	16.3314	11.8814	9.06973	14.1903	3.93151	13.4835	0	9.42632	9.74263	1.41421	6.27702	12.262	8.2755	4.42	
16.393	14.1381	11.0608	10.4824	15.4255	11.7216	18.8315	13.9379	17.6549	9.25871	11.8428	10.0323	9.42632	0	6.52871	9.32551	3.55421	7.33871	6.84881	5.00632	
16.5837	7.60942	8.26031	5.2793	10.2593	12.375	20.0303	18.4128	7.97606	2.73	7.01967	4.1334	9.74263	6.52871	0	8.32842	6.73767	0.81	5.37587	9.23137	
19.9455	15.9378	17.2033	15.7276	6.1	18.7953	14.9172	17.6728	10.4839	11.0584	2.5173	7.70634	1.41421	9.32551	8.32842	0	7.69124	8.72697	13.0418	5.83421	
11.6143	14.3471	6.17904	8.42977	11.527	8.16743	15.2773	16.5808	14.423	9.46767	13.4666	5.15054	6.27702	3.55421	6.73767	7.69124	0	7.25691	3.2946	7.1501	
7.75806	8.41942	13.6562	4.4693	11.0693	8.35927	13.0356	9.97775	7.16606	3.54	6.20967	3.3234	12.262	7.33871	0.81	8.72697	7.25691	0	5.17934	9.94543	
8.42394	10.7008	2.88444	5.13517	14.9756	6.89181	8.80812	12.7871	13.7479	6.0784	7.04497	1.85594	8.2755	6.84881	5.37587	13.0418	3.2946	5.17934	0	3.8555	
8.7649	11.0417	6.73994	5.47613	9.67	16.386	14.0425	8.93158	11.7433	8.42774	17.7789	5.71144	4.42	5.00632	9.23137	5.83421	7.1501	9.94543	3.8555	0	

0	10.198	9.42382	3.92122	16.7198	1.8025	5.5042	0.894427	1.1957	5.03926	17.6948	9.81634	12.1698	16.0847	14.9965	12.7598	12.1607	18.4594	6.39515	9.65812	
10.198	0	16.3305	14.1193	21.7074	9.46071	10.4988	11.0925	11.3937	16.8029	27.2229	12.5582	19.0902	23.7429	18.9903	24.5235	15.0639	15.3159	14.6646	21.4218	
9.42382	16.3305	0	12.272	11.1106	8.23251	15.152	12.1059	12.7515	12.0641	12.0856	3.77228	6.56061	20.5626	7.52362	8.96477	6.27795	6.53	3.02866	15.1959	
3.92122	14.1193	12.272	0	9.63273	5.72372	8.32358	3.71381	5.11692	1.11803	9.68132	11.84	11.2427	17.5314	17.8447	8.83857	8.08407	5.25395	9.24331	5.7369	
16.7198	21.7074	11.1106	9.63273	0	20.0863	13.1414	19.1782	19.4795	8.51469	1.5617	9.14922	4.15416	13.8944	8.63167	1.75	11.6549	8.15843	12.5704	5.50612	
1.8025	9.46071	8.23251	5.72372	20.0863	0	11.1285	2.69693	2.9982	12.5169	21.014	8.62503	13.9723	14.2822	13.8052	19.8968	10.9694	16.6528	5.20384	18.3848	
5.5042	10.4988	15.152	8.32358	13.1414	11.1285	0	4.60977	8.9246	18.4217	14.1164	16.1046	8.59142	18.8079	9.76828	10.9956	14.7387	12.6183	16.3323	18.6014	
0.894427	11.0925	12.1059	3.71381	19.1782	2.69693	4.60977	0	2.09013	4.83185	24.3751	15.5538	13.0642	15.2555	14.3781	12.5524	22.4408	18.8956	7.28958	9.45071	
1.1957	11.3937	12.7515	5.11692	19.4795	2.9982	8.9246	2.09013	0	15.8368	24.8242	14.6463	13.3655	20.0197	18.6929	23.707	16.9907	17.2637	7.59086	24.6848	
5.03926	16.8029	12.0641	1.11803	8.51469	12.5169	18.4217	4.83185	15.8368	0	10.0764	6.89363	13.0647	14.7207	6.98592	9.95661	6.96604	4.13592	10.3613	6.85493	
17.6948	27.2229	12.0856	9.68132	1.5617	21.014	14.1164	24.3751	24.8242	10.0764	0	10.7109	3.52139	12.3327	9.60663	1.11723	11.2322	9.72013	17.7147	3.94443	
9.81634	12.5582	3.77228	11.84	9.14922	8.62503	16.1046	15.5538	14.6463	6.89363	10.7109	0	7.51319	10.2603	5.60772	9.91735	2.50567	2.75772	3.42118	11.4237	
12.1698	19.0902	6.56061	11.2427	4.15416	13.9723	8.59142	13.0642	13.3655	13.0647	3.52139	7.51319	0	17.8577	4.08167	2.40416	9.05208	6.93167	9.58927	9.46939	
16.0847	23.7429	20.5626	17.5314	13.8944	14.2822	18.8079	15.2555	20.0197	14.7207	12.3327	10.2603	17.8577	0	12.725	13.4499	7.75464	11.5001	13.5202	11.7945	
14.9965	18.9903	7.52362	17.8447	8.63167	13.8052	9.76828	14.3781	18.6929	6.98592	9.60663	5.60772	4.08167	12.725	0	6.48583	4.97041	2.85	8.6014	14.0917	
12.7598	24.5235	8.96477	8.83857	1.75	19.8968	10.9956	12.5524	23.707	9.95661	1.11723	9.91735	2.40416	13.4499	6.48583	0	10.1149	9.90843	15.8805	5.06166	
12.1607	15.0639	6.27795	8.08407	11.6549	10.9694	14.7387	22.4408	16.9907	6.96604	11.2322	2.50567	9.05208	7.75464	4.97041	10.1149	0	3.7455	5.76555	13.9293	
18.4594	15.3159	6.53	5.25395	8.15843	16.6528	12.6183	18.8956	17.2637	4.13592	9.72013	2.75772	6.93167	11.5001	2.85	9.90843	3.7455	0	6.1789	14.1814	
6.39515	14.6646	3.02866	9.24331	12.5704	5.20384	16.3323	7.28958	7.59086	10.3613	17.7147	3.42118	9.58927	13.5202	8.6014	15.8805	5.76555	6.1789	0	14.8448	
9.65812	21.4218	15.1959	5.7369	5.50612	18.3848	18.6014	9.45071	24.6848	6.85493	3.94443	11.4237	9.46939	11.7945	14.0917	5.06166	13.9293	14.1814	14.8448	0	

0	21.6198	14.0885	5.37259	20.8515	4.83828	13.6644	2.68328	2.3914	4.03113	17.9469	16.169	17.2142	18.2654	11.8311	17.6499	25.5623	9.76804	12.9562	17.2127	
21.6198	0	35.7083	22.0387	16.8877	24.9622	13.7875	19.3494	24.0112	23.4208	21.5648	26.4741	13.7377	20.4792	25.1606	15.3664	19.2595	26.2492	26.966	12.5879	
14.0885	35.7083	0	21.0564	18.3937	18.1605	25.7615	16.7718	16.4799	17.2677	14.8407	8.71259	23.9626	12.0786	17.7075	14.5437	11.4738	13.0148	8.22066	17.3222	
5.37259	22.0387	21.0564	0	10.3626	9.86631	16.2968	2.68931	7.48826	6.66348	6.80962	11.133	8.98739	21.8403	5.27822	6.51263	15.6609	10.2282	12.3319	9.29112	
20.8515	16.8877	18.3937	10.3626	0	23.6998	14.8503	20.3006	24.9197	16.3331	4.14698	16.3772	3.15	20.6416	10.5224	3.85	18.7816	9.28849	16.3179	6.62849	
4.83828	24.9622	18.1605	9.86631	23.6998	0	15.5006	7.52157	6.65	5.86728	21.3513	11.3307	16.5344	13.8962	13.6673	15.1529	19.046	11.6042	11.8226	12.3744	
13.6644	13.7875	25.7615	16.2968	14.8503	15.5006	0	14.1981	18.1117	9.63328	10.219	18.0328	21.3514	22.8645	17.4333	10.516	17.1869	14.8763	17.5408	19.196	
2.68328	19.3494	16.7718	2.68931	20.3006	7.52157	14.1981	0	5.07468	6.71441	21.1369	14.5293	11.6767	22.0036	7.96753	9.20195	21.5335	17.1072	19.2342	20.4818	
2.3914	24.0112	16.4799	7.48826	24.9197	6.65	18.1117	5.07468	0	6.42253	25.9358	11.0568	16.4756	15.874	12.7665	14.0009	16.4334	15.359	10.5648	19.0244	
4.03113	23.4208	17.2677	6.66348	16.3331	5.86728	9.63328	6.71441	6.42253	0	10.3942	9.53901	13.1831	18.264	7.8	13.1761	14.9156	5.73692	9.04708	17.3431	
17.9469	21.5648	14.8407	6.80962	4.14698	21.3513	10.219	21.1369	25.9358	10.3942	0	10.5262	7.78124	16.8683	9.60725	0.296985	15.2286	4.65725	9.45142	3.07547	
16.169	26.4741	8.71259	11.133	16.3772	11.3307	18.0328	14.5293	11.0568	9.53901	10.5262	0	16.2339	9.7089	5.85481	18.3526	6.36044	5.2861	0.491935	18.4276	
17.2142	13.7377	23.9626	8.98739	3.15	16.5344	21.3514	11.6767	16.4756	13.1831	7.78124	16.2339	0	12.0513	12.3616	6.93849	10.8317	14.6738	15.7419	4.16	
18.2654	20.4792	12.0786	21.8403	20.6416	13.8962	22.8645	22.0036	15.874	18.264	16.8683	9.7089	12.0513	0	17.7603	10.6698	7.37768	14.0111	9.21696	7.89131	
11.8311	25.1606	17.7075	5.27822	10.5224	13.6673	17.4333	7.96753	12.7665	7.8	9.60725	5.85481	12.3616	17.7603	0	11.7909	10.3826	4.95	6.34674	12.5728	
17.6499	15.3664	14.5437	6.51263	3.85	15.1529	10.516	9.20195	14.0009	13.1761	0.296985	18.3526	6.93849	10.6698	11.7909	0	9.45017	4.95424	20.8001	2.77849	
25.5623	19.2595	11.4738	15.6609	18.7816	19.046	17.1869	21.5335	16.4334	14.9156	15.2286	6.36044	10.8317	7.37768	10.3826	9.45017	0	10.6513	5.86851	6.67168	
9.76804	26.2492	13.0148	10.2282	9.28849	11.6042	14.8763	17.1072	15.359	5.73692	4.65725	5.2861	14.6738	14.0111	4.95	4.95424	10.6513	0	4.79416	13.6342	
12.9562	26.966	8.22066	12.3319	16.3179	11.8226	17.5408	19.2342	10.5648	9.04708	9.45142	0.491935	15.7419	9.21696	6.34674	20.8001	5.86851	4.79416	0	12.5402	
17.2127	12.5879	17.3222	9.29112	6.62849	12.3744	19.196	20.4818	19.0244	17.3431	3.07547	18.4276	4.16	7.89131	12.5728	2.77849	6.67168	13.6342	12.5402	0	

0	17.021	12.3686	5.05964	11.7539	1.17004	4.52548	2.99633	2.63879	4.29926	9.99814	8.98098	8.35011	18.7926	12.1729	12.8039	14.22	7.67004	21.2048	20.341	
17.021	0	29.4008	10.6554	19.808	9.67029	15.9379	14.3475	14.3822	6.54107	21.7416	14.5947	12.8885	31.0035	15.7682	19.8364	19.9951	12.7382	17.8593	14.1437	
12.3686	29.4008	0	21.4347	14.437	14.0634	13.4629	9.3723	10.9343	17.1788	19.2836	13.7929	11.2468	14.1053	14.8922	15.487	12.2743	17.3507	10.5282	13.8808	
5.05964	10.6554	21.4347	0	16.4787	5.59723	9.58513	8.05598	7.69843	4.11437	14.5121	9.6	10.4618	10.9913	9.3145	14.8417	9.16038	11.1854	12.8647	11.717	
11.7539	19.808	14.437	16.4787	0	12.9239	16.2794	14.7502	12.206	12.9974	3.36931	6.29168	6.65	7.48904	17.1457	1.05	13.0264	16.2149	13.2032	14.8943	
1.17004	9.67029	14.0634	5.59723	12.9239	0	5.69553	4.16637	3.80883	3.12922	16.2493	10.6757	7.18006	19.9626	9.53	17.5745	13.7569	6.5	13.3225	9.66784	
4.52548	15.9379	13.4629	9.58513	16.2794	5.69553	0	7.52181	7.16427	9.12148	15.234	16.9265	13.1723	23.318	10.8243	18.1855	21.8697	12.4923	15.1883	23.0309	
2.99633	14.3475	9.3723	8.05598	14.7502	4.16637	7.52181	0	1.56205	7.80646	8.9214	5.98465	11.8712	21.7889	11.0962	11.2263	16.3206	11.1911	9.24931	15.4091	
2.63879	14.3822	10.9343	7.69843	12.206	3.80883	7.16427	1.56205	0	9.36851	7.35935	7.5467	16.0701	21.4313	9.53415	9.67866	20.5795	12.5641	13.8981	21.7407	
4.29926	6.54107	17.1788	4.11437	12.9974	3.12922	9.12148	7.80646	9.36851	0	15.4182	13.7144	6.34741	16.1728	10.1011	14.3329	13.2747	7.07108	10.9552	7.60263	
9.99814	21.7416	19.2836	14.5121	3.36931	16.2493	15.234	8.9214	7.35935	15.4182	0	7.56099	9.07083	8.75836	15.9151	2.31931	18.9367	12.8851	18.0499	16.0529	
8.98098	14.5947	13.7929	9.6	6.29168	10.6757	16.9265	5.98465	7.5467	13.7144	7.56099	0	10.9567	10.8464	6.1022	5.24168	10.3359	9.1322	3.26466	6.61727	
8.35011	12.8885	11.2468	10.4618	6.65	7.18006	13.1723	11.8712	16.0701	6.34741	9.07083	10.9567	0	16.8335	10.4957	7.7	20.2565	12.9996	14.2214	13.26	
18.7926	31.0035	14.1053	10.9913	7.48904	19.9626	23.318	21.7889	21.4313	16.1728	8.75836	10.8464	16.8335	0	11.9456	6.43904	1.83096	9.08787	7.5817	8.57013	
12.1729	15.7682	14.8922	9.3145	17.1457	9.53	10.8243	11.0962	9.53415	10.1011	15.9151	6.1022	10.4957	11.9456	0	11.3439	10.2869	3.03	4.36394	6.19784	
12.8039	19.8364	15.487	14.8417	1.05	17.5745	18.1855	11.2263	9.67866	14.3329	2.31931	5.24168	7.7	6.43904	11.3439	0	8.27	15.2044	8.50634	15.0038	
14.22	19.9951	12.2743	9.16038	13.0264	13.7569	21.8697	16.3206	20.5795	13.2747	18.9367	10.3359	20.2565	1.83096	10.2869	8.27	0	7.25691	9.41265	10.4011	
7.67004	12.7382	17.3507	11.1854	16.2149	6.5	12.4923	11.1911	12.5641	7.07108	12.8851	9.1322	12.9996	9.08787	3.03	15.2044	7.25691	0	6.52045	3.16784	
21.2048	17.8593	10.5282	12.8647	13.2032	13.3225	15.1883	9.24931	13.8981	10.9552	18.0499	3.26466	14.2214	7.5817	4.36394	8.50634	9.41265	6.52045	0	3.35261	
20.341	14.1437	13.8808	11.717	14.8943	9.66784	23.0309	15.4091	21.7407	7.60263	16.0529	6.61727	13.26	8.57013	6.19784	15.0038	10.4011	3.16784	3.35261	0	

0	5.30298	24.7157	10.0244	19.8678	3.57337	9.2242	0.894427	3.13356	5.64618	11.2288	9.05531	12.7791	16.7398	18.0467	16.3178	19.8273	20.7776	16.6187	19.1179	
5.30298	0	28.0877	9.36034	22.4181	8.87635	3.92122	6.19741	8.43654	13.6877	17.9692	18.0309	14.6862	19.5724	14.1318	21.6208	28.7468	19.3818	20.2666	19.3806	
24.7157	28.0877	0	22.0865	29.6526	28.5376	30.4489	23.8213	30.3887	28.437	29.5747	23.2165	27.4124	31.3683	25.4606	27.2695	23.3479	31.219	19.3258	30.7246	
10.0244	9.36034	22.0865	0	9.92586	6.45105	8.36239	11.1022	8.3022	6.35043	8.60886	19.2906	5.32586	14.3348	13.9718	10.914	28.6669	15.283	19.3425	9.74586	
19.8678	22.4181	29.6526	9.92586	0	22.2937	20.8377	29.394	12.7804	8.99436	4.68509	13.404	4.6	6.61435	7.62053	3.55	6.30464	6.82648	13.7706	2.37171	
3.57337	8.87635	28.5376	6.45105	22.2937	0	5.99226	4.4678	2.94	5.47613	11.0353	16.3013	9.87049	16.5462	20.4228	19.8912	23.3047	22.1	17.1727	16.2093	
9.2242	3.92122	30.4489	8.36239	20.8377	5.99226	0	14.3547	8.93226	11.4684	16.9713	28.7934	13.6883	19.5454	18.053	25.255	24.8256	22.9207	23.1649	18.466	
0.894427	6.19741	23.8213	11.1022	29.394	4.4678	14.3547	0	4.02799	4.75176	19.342	8.16088	9.14612	20.1313	13.4797	17.2122	15.2603	19.3332	12.0516	15.4849	
3.13356	8.43654	30.3887	8.3022	12.7804	2.94	8.93226	4.02799	0	8.41613	8.09528	15.8615	13.6281	13.6062	19.0468	10.4005	20.3647	25.04	19.4751	17.8489	
5.64618	13.6877	28.437	6.35043	8.99436	5.47613	11.4684	4.75176	8.41613	0	14.9593	12.9126	4.39436	14.9758	15.21	11.7483	21.1503	14.3515	19.0334	8.81436	
11.2288	17.9692	29.5747	8.60886	4.68509	11.0353	16.9713	19.342	8.09528	14.9593	0	15.2705	9.28509	5.72591	11.1665	2.30517	10.9897	6.76499	11.3798	7.0568	
9.05531	18.0309	23.2165	19.2906	13.404	16.3013	28.7934	8.16088	15.8615	12.9126	15.2705	0	16.6052	10.7594	5.31881	15.6321	7.09941	10.5688	3.89076	10.5676	
12.7791	14.6862	27.4124	5.32586	4.6	9.87049	13.6883	9.14612	13.6281	4.39436	9.28509	16.6052	0	8.66264	9.66882	7.35391	10.9046	8.87477	15.8189	4.42	
16.7398	19.5724	31.3683	14.3348	6.61435	16.5462	19.5454	20.1313	13.6062	14.9758	5.72591	10.7594	8.66264	0	5.44059	8.03107	8.29315	8.69741	11.5754	4.24264	
18.0467	14.1318	25.4606	13.9718	7.62053	20.4228	18.053	13.4797	19.0468	15.21	11.1665	5.31881	9.66882	5.44059	0	9.70982	12.4182	5.25	6.13482	5.24882	
16.3178	21.6208	27.2695	10.914	3.55	19.8912	25.255	17.2122	10.4005	11.7483	2.30517	15.6321	7.35391	8.03107	9.70982	0	9.85464	4.45982	13.6849	5.92171	
19.8273	28.7468	23.3479	28.6669	6.30464	23.3047	24.8256	15.2603	20.3647	21.1503	10.9897	7.09941	10.9046	8.29315	12.4182	9.85464	0	14.872	10.9902	8.67635	
20.7776	19.3818	31.219	15.283	6.82648	22.1	22.9207	19.3332	25.04	14.3515	6.76499	10.5688	8.87477	8.69741	5.25	4.45982	14.872	0	11.3848	4.45477	
16.6187	20.2666	19.3258	19.3425	13.7706	17.1727	23.1649	12.0516	19.4751	19.0334	11.3798	3.89076	15.8189	11.5754	6.13482	13.6849	10.9902	11.3848	0	11.3836	
19.1179	19.3806	30.7246	9.74586	2.37171	16.2093	18.466	15.4849	17.8489	8.81436	7.0568	10.5676	4.42	4.24264	5.24882	5.92171	8.67635	4.45477	11.3836	0	

0	17.1327	13.4286	10.5934	13.7129	2.7828	14.5814	6.75293	4.08187	8.33078	11.1082	9.69904	16.0129	10.7412	7.88487	13.1164	10.2044	10.4957	15.8803	15.0867	
17.1327	0	21.5072	11.3842	17.632	19.5521	4.55368	12.8513	15.0532	19.1473	13.6401	25.7842	21.3193	18.4493	19.7682	11.632	24.6172	14.6682	25.8238	25.3855	
13.4286	21.5072	0	10.123	12.5453	13.81	23.964	12.7329	16.6345	10.8755	12.8503	4.49998	18.9525	5.76359	5.12128	14.8585	2.80175	10.6437	3.60555	9.12229	
10.5934	11.3842	10.123	0	13.2846	9.2971	15.9379	10.5011	6.51153	8.04984	8.85483	14.4	10.9846	7.75384	9.07271	10.863	12.9247	3.97271	13.7285	16.4461	
13.7129	17.632	12.5453	13.2846	0	15.2112	16.4505	8.15294	17.7947	6.08403	6.24679	12.7682	2.3	12.245	12.0631	6	9.74354	12.8495	13.5529	7.58947	
2.7828	19.5521	13.81	9.2971	15.2112	0	16.813	8.51536	6.86468	8.73573	8.96437	10.3142	12.5198	11.3563	8.5	10.9726	10.8195	9.1	14.8177	15.7019	
14.5814	4.55368	23.964	15.9379	16.4505	16.813	0	8.29759	10.4995	13.3888	25.5862	28.6969	21.1239	20.283	23.1393	16.1856	23.2448	17.6656	17.4249	27.0712	
6.75293	12.8513	12.7329	10.5011	8.15294	8.51536	8.29759	0	9.34007	5.09117	14.3997	10.0218	8.8752	13.1412	14.6378	12.6065	12.9367	13.0962	9.12735	15.3297	
4.08187	15.0532	16.6345	6.51153	17.7947	6.86468	10.4995	9.34007	0	4.24891	15.0867	15.6059	8.03294	10.9472	11.9667	11.7642	17.1151	7.16606	11.5189	16.1001	
8.33078	19.1473	10.8755	8.04984	6.08403	8.73573	13.3888	5.09117	4.24891	0	9.5235	8.1644	3.78403	11.2838	13.105	7.51532	11.0794	8.005	7.26997	11.8512	
11.1082	13.6401	12.8503	8.85483	6.24679	8.96437	25.5862	14.3997	15.0867	9.5235	0	8.12197	6.1022	16.0646	9.93614	2.00818	15.652	12.8275	9.0164	12.5134	
9.69904	25.7842	4.49998	14.4	12.7682	10.3142	28.6969	10.0218	15.6059	8.1644	8.12197	0	14.2242	4.67048	1.81417	10.1302	4.13369	6.91417	0.894427	5.17873	
16.0129	21.3193	18.9525	10.9846	2.3	12.5198	21.1239	8.8752	8.03294	3.78403	6.1022	14.2242	0	9.96243	12.8187	8.11038	12.0435	11.789	11.054	9.88947	
10.7412	18.4493	5.76359	7.75384	12.245	11.3563	20.283	13.1412	10.9472	11.2838	16.0646	4.67048	9.96243	0	2.85631	17.1606	2.96184	3.78114	4.01384	6.78823	
7.88487	19.7682	5.12128	9.07271	12.0631	8.5	23.1393	14.6378	11.9667	13.105	9.93614	1.81417	12.8187	2.85631	0	15.7708	2.31953	5.1	2.70859	6.99289	
13.1164	11.632	14.8585	10.863	6	10.9726	16.1856	12.6065	11.7642	7.51532	2.00818	10.1302	8.11038	17.1606	15.7708	0	15.7435	13.3795	14.7853	13.5895	
10.2044	24.6172	2.80175	12.9247	9.74354	10.8195	23.2448	12.9367	17.1151	11.0794	15.652	4.13369	12.0435	2.96184	2.31953	15.7435	0	6.74298	3.80938	6.32054	
10.4957	14.6682	10.6437	3.97271	12.8495	9.1	17.6656	13.0962	7.16606	8.005	12.8275	6.91417	11.789	3.78114	5.1	13.3795	6.74298	0	7.79498	10.5694	
15.8803	25.8238	3.60555	13.7285	13.5529	14.8177	17.4249	9.12735	11.5189	7.26997	9.0164	0.894427	11.054	4.01384	2.70859	14.7853	3.80938	7.79498	0	6.07315	
15.0867	25.3855	9.12229	16.4461	7.58947	15.7019	27.0712	15.3297	16.1001	11.8512	12.5134	5.17873	9.88947	6.78823	6.99289	13.5895	6.32054	10.5694	6.07315	0	

0	6.52674	25.2262	8.12285	8.16241	3.16228	11.4599	1.20748	1.40186	5.96607	9.99337	12.6327	8.18401	15.7799	8.39357	9.86241	12.0085	7.32998	12.4283	19.1589	
6.52674	0	18.1268	15.3001	12.5489	9.68902	4.93315	7.73422	7.9286	12.4928	22.8165	19.81	15.3613	38.0888	19.3514	24.0915	22.9663	14.5072	20.4757	28.9662	
25.2262	18.1268	0	12.577	20.8094	17.2814	13.1937	15.3615	26.2163	17.5858	22.7375	3.93629	21.61	11.5801	9.74987	14.4197	9.26085	11.6438	7.89413	9	
8.12285	15.3001	12.577	0	11.9908	12.2693	16.9287	6.91537	14.051	5.00879	10.0399	12.16	13.8919	9.82166	15.546	20.2357	8.63693	10.9779	11.471	18.2016	
8.16241	12.5489	20.8094	11.9908	0	11.3247	7.61577	9.18191	9.56427	6.86211	1.83096	10.7669	3.4	8.58312	5.24401	1.7	5.40035	3.05941	12.3492	13.1867	
3.16228	9.68902	17.2814	12.2693	11.3247	0	16.0486	4.36975	4.56413	9.12835	10.2903	12.8136	12.3305	14.3448	7	9.79535	18.5166	11.29	10.6682	14.6901	
11.4599	4.93315	13.1937	16.9287	7.61577	16.0486	0	10.6947	14.6993	14.5978	9.44673	17.1299	11.0158	17.8207	16.2435	9.31577	14.2944	10.6752	15.5425	20.8025	
1.20748	7.73422	15.3615	6.91537	9.18191	4.36975	10.6947	0	2.60933	7.17355	12.6679	11.4252	6.97653	11.9898	10.4125	12.7041	8.46344	6.1225	14.099	18.5841	
1.40186	7.9286	26.2163	14.051	9.56427	4.56413	14.6993	2.60933	0	7.36793	17.5847	12.8053	15.4185	11.7913	6.99171	10.5357	10.6066	11.2817	10.66	14.6818	
5.96607	12.4928	17.5858	5.00879	6.86211	9.12835	14.5978	7.17355	7.36793	0	5.03115	10.42	10.382	16.483	10.1304	5.52613	11.3011	10.0415	6.4622	13.1928	
9.99337	22.8165	22.7375	10.0399	1.83096	10.2903	9.44673	12.6679	17.5847	5.03115	0	10.9783	5.23096	7.37809	4.03898	0.494975	11.8616	4.89037	11.4934	13.1371	
12.6327	19.81	3.93629	12.16	10.7669	12.8136	17.1299	11.4252	12.8053	10.42	10.9783	0	14.3455	6.50929	5.81358	9.35759	5.32456	7.6655	3.95784	7.15883	
8.18401	15.3613	21.61	13.8919	3.4	12.3305	11.0158	6.97653	15.4185	10.382	5.23096	14.3455	0	12.5054	9.27157	5.1	8.97901	6.45941	12.8798	12.61	
15.7799	38.0888	11.5801	9.82166	8.58312	14.3448	17.8207	11.9898	11.7913	16.483	7.37809	6.50929	12.5054	0	7.34479	6.88312	1.18474	3.52568	6.02368	12.5582	
8.39357	19.3514	9.74987	15.546	5.24401	7	16.2435	10.4125	6.99171	10.1304	4.03898	5.81358	9.27157	7.34479	0	3.54401	6.63094	4.29	3.66824	7.69013	
9.86241	24.0915	14.4197	20.2357	1.7	9.79535	9.31577	12.7041	10.5357	5.52613	0.494975	9.35759	5.1	6.88312	3.54401	0	8.06785	4.75941	7.21225	11.2341	
12.0085	22.9663	9.26085	8.63693	5.40035	18.5166	14.2944	8.46344	10.6066	11.3011	11.8616	5.32456	8.97901	1.18474	6.63094	8.06785	0	2.34094	4.83895	12.4834	
7.32998	14.5072	11.6438	10.9779	3.05941	11.29	10.6752	6.1225	11.2817	10.0415	4.89037	7.6655	6.45941	3.52568	4.29	4.75941	2.34094	0	7.17989	11.9801	
12.4283	20.4757	7.89413	11.471	12.3492	10.6682	15.5425	14.099	10.66	6.4622	11.4934	3.95784	12.8798	6.02368	3.66824	7.21225	4.83895	7.17989	0	11.1167	
19.1589	28.9662	9	18.2016	13.1867	14.6901	20.8025	18.5841	14.6818	13.1928	13.1371	7.15883	12.61	12.5582	7.69013	11.2341	12.4834	11.9801	11.1167	0	

0	12.565	14.8075	10.5074	18.5701	4.9964	6.78823	5.76906	3.42218	10.6422	16.522	24.8111	13.6177	30.8977	12.1472	20.2242	17.8472	12.9107	15.8917	12.0675	
12.565	0	19.1604	13.8299	28.1768	7.56857	15.0524	13.2285	16.4586	25.3008	19.0942	19.6859	28.9717	26.1758	21.3763	26.1719	26.4841	21.1749	21.989	14.6396	
14.8075	19.1604	0	16.8716	13.5024	11.5918	21.5066	16.4756	11.3853	22.2382	10.7203	11.788	17.1825	17.1602	10.0975	13.6959	12.8588	15.0175	12.4031	8	
10.5074	13.8299	16.8716	0	6.42028	6.26131	15.9504	4.73831	10.2055	5.36656	12.2901	9.15005	7.87028	11.604	10.5784	13.3381	15.4418	11.6213	6.8469	11.9226	
18.5701	28.1768	13.5024	6.42028	0	12.5734	11.3235	9.2986	15.148	11.7868	5.86983	10.08	1.45	11.5399	10.121	4.56127	9.17039	5.201	13.2672	5.50236	
4.9964	7.56857	11.5918	6.26131	12.5734	0	11.7846	5.65991	8.41858	11.6279	9.79136	17.6905	13.5085	18.1868	12.038	12.063	18.7613	15.8724	13.1082	7.07107	
6.78823	15.0524	21.5066	15.9504	11.3235	11.7846	0	12.5573	10.2104	10.8374	10.4693	11.0015	12.8528	13.8606	11.0425	15.5947	16.8687	6.1225	9.10348	19.1613	
5.76906	13.2285	16.4756	4.73831	9.2986	5.65991	12.5573	0	5.46717	10.1049	12.0402	8.06857	7.8486	18.8073	6.3781	10.9599	9.13944	11.2981	10.1096	9.31991	
3.42218	16.4586	11.3853	10.2055	15.148	8.41858	10.2104	5.46717	0	14.0644	19.7488	24.4233	13.3158	16.7945	11.8453	22.998	14.425	19.2469	20.8467	14.7871	
10.6422	25.3008	22.2382	5.36656	11.7868	11.6279	10.8374	10.1049	14.0644	0	10.1194	15.8706	12.6933	19.9268	15.9612	9.58203	19.7913	11.6072	12.2135	15.2779	
16.522	19.0942	10.7203	12.2901	5.86983	9.79136	10.4693	12.0402	19.7488	10.1194	0	8.34758	3.64867	13.836	6.91662	0.537401	11.134	4.34677	7.02864	2.72029	
24.8111	19.6859	11.788	9.15005	10.08	17.6905	11.0015	8.06857	24.4233	15.8706	8.34758	0	11.6093	6.48999	1.69047	8.06969	4.45181	4.87904	2.30315	11.0679	
13.6177	28.9717	17.1825	7.87028	1.45	13.5085	12.8528	7.8486	13.3158	12.6933	3.64867	11.6093	0	10.9587	9.49049	3.11127	10.6204	6.651	9.60251	6.95236	
30.8977	26.1758	17.1602	11.604	11.5399	18.1868	13.8606	18.8073	16.7945	19.9268	13.836	6.48999	10.9587	0	5.13081	11.2484	2.36947	11.369	4.75714	11.1157	
12.1472	21.3763	10.0975	10.5784	10.121	12.038	11.0425	6.3781	11.8453	15.9612	6.91662	1.69047	9.49049	5.13081	0	6.37922	2.76134	4.92	3.73149	12.0751	
20.2242	26.1719	13.6959	13.3381	4.56127	12.063	15.5947	10.9599	22.998	9.58203	0.537401	8.06969	3.11127	11.2484	6.37922	0	9.14056	4.88417	6.49124	3.2577	
17.8472	26.4841	12.8588	15.4418	9.17039	18.7613	16.8687	9.13944	14.425	19.7913	11.134	4.45181	10.6204	2.36947	2.76134	9.14056	0	7.68134	6.49283	13.4852	
12.9107	21.1749	15.0175	11.6213	5.201	15.8724	6.1225	11.2981	19.2469	11.6072	4.34677	4.87904	6.651	11.369	4.92	4.88417	7.68134	0	7.18219	7.06706	
15.8917	21.989	12.4031	6.8469	13.2672	13.1082	9.10348	10.1096	20.8467	12.2135	7.02864	2.30315	9.60251	4.75714	3.73149	6.49124	6.49283	7.18219	0	10.0578	
12.0675	14.6396	8	11.9226	5.50236	7.07107	19.1613	9.31991	14.7871	15.2779	2.72029	11.0679	6.95236	11.1157	12.0751	3.2577	13.4852	7.06706	10.0578	0	

0	10.9267	16.0354	5.6921	13.7129	4.55368	15.4977	7.20014	1.93786	3.86988	11.9173	14.1512	15.8129	12.6598	9.71988	9.69425	18.8712	17.0782	15.7419	12.6854	
10.9267	0	10.6812	11.6372	19.7828	12.3489	11.7637	16.4867	8.98888	17.2274	21.6598	17.5373	32.0424	21.5381	18.0021	26.2665	25.6239	16.8476	14.6527	17.4312	
16.0354	10.6812	0	17.7557	8.8371	14.8817	12.872	24.2423	19.6701	12.1655	9.58168	15.1466	9.57759	17.5275	7.78636	16.7516	12.8364	6.16636	11.7789	6.75	
5.6921	11.6372	17.7557	0	19.405	10.2458	12.8495	9.98887	7.62996	5.59017	14.4781	10.9003	20.4608	9.90095	6.36491	11.4145	12.4858	7.98491	15.2045	21.1864	
13.7129	19.7828	8.8371	19.405	0	10.2188	10.0709	20.913	15.6507	13.4744	6.03138	7.42295	2.1	7.74322	4.98535	7.65	5.15834	3.36535	6.40744	2.0871	
4.55368	12.3489	14.8817	10.2458	10.2188	0	15.1947	8.8213	3.36	6.91035	7.36359	14.0728	14.8676	8.10611	12.5	9.27278	10.691	10.7789	11.1883	8.13173	
15.4977	11.7637	12.872	12.8495	10.0709	15.1947	0	8.29759	15.7954	18.4397	10.1209	15.6859	10.1168	18.8313	8.32559	14.5028	19.1126	6.70559	15.5564	20.6639	
7.20014	16.4867	24.2423	9.98887	20.913	8.8213	8.29759	0	7.49784	11.07	16.1849	19.7112	21.4872	16.9274	16.3538	22.8004	30.4829	15.0032	20.0096	16.953	
1.93786	8.98888	19.6701	7.62996	15.6507	3.36	15.7954	7.49784	0	5.80774	10.7236	12.2133	25.4477	11.4661	15.6438	18.5711	25.8801	21.1936	14.5483	11.4917	
3.86988	17.2274	12.1655	5.59017	13.4744	6.91035	18.4397	11.07	5.80774	0	7.73356	10.3854	17.9159	11.1532	5.85	5.82437	14.3549	7.47	16.412	15.0421	
11.9173	21.6598	9.58168	14.4781	6.03138	7.36359	10.1209	16.1849	10.7236	7.73356	0	12.3956	6.82655	5.94613	5.03532	1.90919	8.53101	3.41532	12.2661	8.11849	
14.1512	17.5373	15.1466	10.9003	7.42295	14.0728	15.6859	19.7112	12.2133	10.3854	12.3956	0	9.52295	17.0182	4.53542	15.073	12.5813	6.15542	2.88453	7.91344	
15.8129	32.0424	9.57759	20.4608	2.1	14.8676	10.1168	21.4872	25.4477	17.9159	6.82655	9.52295	0	13.4502	5.03123	9.41324	7.25834	3.41123	8.50744	4.1871	
12.6598	21.5381	17.5275	9.90095	7.74322	8.10611	18.8313	16.9274	11.4661	11.1532	5.94613	17.0182	13.4502	0	11.0898	5.32886	2.58488	9.36145	16.3143	8.67132	
9.71988	18.0021	7.78636	6.36491	4.98535	12.5	8.32559	16.3538	15.6438	5.85	5.03532	4.53542	5.03123	11.0898	0	10.0224	8.50493	1.62	7.41994	14.5914	
9.69425	26.2665	16.7516	11.4145	7.65	9.27278	14.5028	22.8004	18.5711	5.82437	1.90919	15.073	9.41324	5.32886	10.0224	0	7.91374	5.32451	14.0574	9.7371	
18.8712	25.6239	12.8364	12.4858	5.15834	10.691	19.1126	30.4829	25.8801	14.3549	8.53101	12.5813	7.25834	2.58488	8.50493	7.91374	0	8.5237	11.1154	6.08644	
17.0782	16.8476	6.16636	7.98491	3.36535	10.7789	6.70559	15.0032	21.1936	7.47	3.41532	6.15542	3.41123	9.36145	1.62	5.32451	8.5237	0	8.85076	5.45246	
15.7419	14.6527	11.7789	15.2045	6.40744	11.1883	15.5564	20.0096	14.5483	16.412	12.2661	2.88453	8.50744	16.3143	7.41994	14.0574	11.1154	8.85076	0	5.02892	
12.6854	17.4312	6.75	21.1864	2.0871	8.13173	20.6639	16.953	11.4917	15.0421	8.11849	7.91344	4.1871	8.67132	14.5914	9.7371	6.08644	5.45246	5.02892	0	

0	19.0812	10.7735	13.7243	12.7776	3.85798	20.8172	5.59017	2.22648	7.63912	13.7828	17.9584	25.5174	15.4856	15.4881	22.8365	22.8885	17.8581	17.6962	21.5914	
19.0812	0	8.30762	11.8902	16.944	21.7565	11.0047	20.1556	27.5178	13.1424	22.4668	8.48528	21.522	18.0055	11.7425	20.2961	11.0954	14.8492	12.1301	13.072	
10.7735	8.30762	0	17.9564	18.2031	14.6315	19.3123	16.3637	13	12.254	24.6078	10.5674	20.4919	12.98	15.2711	26.6531	14.434	8.76657	6.92266	21.3796	
13.7243	11.8902	17.9564	0	5.35023	5.03334	10.198	16.0107	15.6277	1.2522	10.5766	8.53231	9.81874	6.11529	6.01165	11.9767	6.56782	3.64165	5.48556	7.9604	
12.7776	16.944	18.2031	5.35023	0	8.88995	13.3567	16.8741	19.0696	5.10882	8.72397	7.76842	4.55	6.61234	10.2225	8.45	5.15834	7.85249	9.6964	9.02089	
3.85798	21.7565	14.6315	5.03334	8.88995	0	18.9984	7.95447	6.08446	3.78114	9.92484	11.0612	13.4696	15.9816	17.25	11.3249	14.078	13.508	9.11245	10.4893	
20.8172	11.0047	19.3123	10.198	13.3567	18.9984	0	18.6235	23.0437	11.4502	20.7746	4.898	24.9332	15.4262	8.15525	34.923	7.50808	11.262	8.54279	24.0767	
5.59017	20.1556	16.3637	16.0107	16.8741	7.95447	18.6235	0	7.81665	11.7356	17.8793	15.2336	24.7598	9.89545	17.4704	23.5339	11.3494	19.4135	17.7745	16.3098	
2.22648	27.5178	13	15.6277	19.0696	6.08446	23.0437	7.81665	0	13.9311	20.0748	24.2504	28.4321	20.1269	17.7146	25.5376	23.8446	19.2693	22.7805	19.9821	
7.63912	13.1424	12.254	1.2522	5.10882	3.78114	11.4502	11.7356	13.9311	0	11.2698	7.28011	9.65882	7.36749	10.5374	12.6699	9.89019	4.89385	5.33131	6.7082	
13.7828	22.4668	24.6078	10.5766	8.72397	9.92484	20.7746	17.8793	20.0748	11.2698	0	14.6895	7.76403	16.6919	11.4322	1.40007	13.7916	13.8022	16.6011	8.62414	
17.9584	8.48528	10.5674	8.53231	7.76842	11.0612	4.898	15.2336	24.2504	7.28011	14.6895	0	12.5411	4.06407	3.25725	16.9087	2.61008	5.4887	3.64479	6.47263	
25.5174	21.522	20.4919	9.81874	4.55	13.4696	24.9332	24.7598	28.4321	9.65882	7.76403	12.5411	0	15.6951	8.54709	6.36396	9.10327	6.17709	8.021	8.45	
15.4856	18.0055	12.98	6.11529	6.61234	15.9816	15.4262	9.89545	20.1269	7.36749	16.6919	4.06407	15.6951	0	8.85439	17.7458	1.45399	4.38017	7.87902	5.31655	
15.4881	11.7425	15.2711	6.01165	10.2225	17.25	8.15525	17.4704	17.7146	10.5374	11.4322	3.25725	8.54709	8.85439	0	12.8323	5.29617	2.37	4.21391	6.10328	
22.8365	20.2961	26.6531	11.9767	8.45	11.3249	34.923	23.5339	25.5376	12.6699	1.40007	16.9087	6.36396	17.7458	12.8323	0	11.0866	12.5411	21.459	7.22407	
22.8885	11.0954	14.434	6.56782	5.15834	14.078	7.50808	11.3494	23.8446	9.89019	13.7916	2.61008	9.10327	1.45399	5.29617	11.0866	0	2.92617	4.77008	3.86255	
17.8581	14.8492	8.76657	3.64165	7.85249	13.508	11.262	19.4135	19.2693	4.89385	13.8022	5.4887	6.17709	4.38017	2.37	12.5411	2.92617	0	1.84391	6.78873	
17.6962	12.1301	6.92266	5.48556	9.6964	9.11245	8.54279	17.7745	22.7805	5.33131	16.6011	3.64479	8.021	7.87902	4.21391	21.459	4.77008	1.84391	0	10.5555	
21.5914	13.072	21.3796	7.9604	9.02089	10.4893	24.0767	16.3098	19.9821	6.7082	8.62414	6.47263	8.45	5.31655	6.10328	7.22407	3.86255	6.78873	10.5555	0	

0	7.54655	13.4571	3.28877	17.6809	2.15035	19.1837	1.78885	1.15447	4.85402	13.6149	13.5292	14.7473	8.76986	10.053	12.0049	10.0936	13.1592	10.478	10.7718	
7.54655	0	18.072	10.8353	10.1343	6.51738	11.6372	5.96607	8.70102	23.3575	14.4331	20.0338	13.0343	15.3955	24.5457	16.1302	18.6393	16.0492	16.6649	18.3184	
13.4571	18.072	0	14.2762	18.8329	13.5653	14.4734	12.1059	17.8399	20.5842	9.53221	9.44654	10.6647	4.68722	10.2638	20.8958	6.94899	10.0464	9.83933	15	
3.28877	10.8353	14.2762	0	18.645	5.43912	13.8069	5.07762	4.44324	1.56525	21.1427	5.2053	7.18026	9.06662	15.8984	9.08057	6.80485	9.37989	7.18924	14.0606	
17.6809	10.1343	18.8329	18.645	0	16.6517	15.2716	16.1004	19.7648	8.51502	6.40835	13.9759	2.9	8.87746	7.41486	7.05	8.4899	5.91486	10.3402	12.65	
2.15035	6.51738	13.5653	5.43912	16.6517	0	18.1546	3.05941	3.30482	8.3009	13.329	13.6374	14.8556	8.87812	14.4547	11.632	11.1399	14.4298	10.1475	12.9222	
19.1837	11.6372	14.4734	13.8069	15.2716	18.1546	0	17.6033	26.3951	12.0366	19.2259	8.39657	12.3716	9.26385	12.2723	15.3855	7.00209	9.57712	8.65941	11.5412	
1.78885	5.96607	12.1059	5.07762	16.1004	3.05941	17.6033	0	2.94332	15.2679	11.9131	15.8917	17.1098	10.5587	12.8704	10.2161	13.3942	11.3704	13.2069	12.5607	
1.15447	8.70102	17.8399	4.44324	19.7648	3.30482	26.3951	2.94332	0	6.95275	17.9977	10.5928	12.5678	9.92433	8.89854	14.4681	13.8047	10.3985	14.1891	11.9263	
4.85402	23.3575	20.5842	1.56525	8.51502	8.3009	12.0366	15.2679	6.95275	0	9.21237	3.64005	5.61502	8.39938	7.51577	7.51532	8.3701	11.7011	7.50845	12.6267	
13.6149	14.4331	9.53221	21.1427	6.40835	13.329	19.2259	11.9131	17.9977	9.21237	0	8.68596	9.30835	4.845	9.57257	1.69706	7.10677	8.07257	11.7945	18.7609	
13.5292	20.0338	9.44654	5.2053	13.9759	13.6374	8.39657	15.8917	10.5928	3.64005	8.68596	0	9.25507	4.75933	3.87572	6.98891	6.23639	5.37572	3.8684	8.98661	
14.7473	13.0343	10.6647	7.18026	2.9	14.8556	12.3716	17.1098	12.5678	5.61502	9.30835	9.25507	0	5.97746	7.86149	9.95	8.23923	6.36149	10.7869	9.75	
8.76986	15.3955	4.68722	9.06662	8.87746	8.87812	9.26385	10.5587	9.92433	8.39938	4.845	4.75933	5.97746	0	5.5766	6.54205	2.26177	4.8368	4.62976	13.7459	
10.053	24.5457	10.2638	15.8984	7.41486	14.4547	12.2723	12.8704	8.89854	7.51577	9.57257	3.87572	7.86149	5.5766	0	10.8646	4.07503	1.5	5.92538	8.78872	
12.0049	16.1302	20.8958	9.08057	7.05	11.632	15.3855	10.2161	14.4681	7.51532	1.69706	6.98891	9.95	6.54205	10.8646	0	12.4655	9.76963	10.0975	15.9755	
10.0936	18.6393	6.94899	6.80485	8.4899	11.1399	7.00209	13.3942	13.8047	8.3701	7.10677	6.23639	8.23923	2.26177	4.07503	12.4655	0	2.57503	2.36799	12.6411	
13.1592	16.0492	10.0464	9.37989	5.91486	14.4298	9.57712	11.3704	10.3985	11.7011	8.07257	5.37572	6.36149	4.8368	1.5	9.76963	2.57503	0	4.42538	10.2887	
10.478	16.6649	9.83933	7.18924	10.3402	10.1475	8.65941	13.2069	14.1891	7.50845	11.7945	3.8684	10.7869	4.62976	5.92538	10.0975	2.36799	4.42538	0	12.855	
10.7718	18.3184	15	14.0606	12.65	12.9222	11.5412	12.5607	11.9263	12.6267	18.7609	8.98661	9.75	13.7459	8.78872	15.9755	12.6411	10.2887	12.855	0	

0	10.1838	15.4228	8.19708	15.6718	1.89737	9.38769	6.79765	4.45295	10.1883	16.3599	26.9009	13.2204	16.7045	14.0077	20.1454	22.1435	18.1625	14.3866	20.4547	
10.1838	0	21.1149	8.12446	24.1306	11.0347	18.2147	3.38615	14.651	13.7382	22.052	20.6526	20.246	18.5735	10.5962	25.8375	28.3938	18.3112	17.9213	26.1468	
15.4228	21.1149	0	6.4419	17.5355	16.239	17.5035	11.1802	10.186	7.64938	13.8209	5.13614	23.5746	9.57493	6.08986	13.8165	4.13592	9.55809	3.74977	14.4781	
8.19708	8.12446	6.4419	0	9.58694	9.90413	23.1436	4.73831	3.74413	1.20748	7.37902	15.5937	12.5115	9.90095	7.57748	8.9488	10.5778	12.6813	10.1917	11.4738	
15.6718	24.1306	17.5355	9.58694	0	17.5692	16.6565	15.7594	9.76741	14.9194	2.20792	13.6208	1	5.78197	5.66476	3.77769	20.8182	3.67367	10.8895	9.5817	
1.89737	11.0347	16.239	9.90413	17.5692	0	7.49033	7.64853	6.16	13.507	23.0323	13.8756	14.9274	16.2423	13.25	24.2364	20.8579	15.0706	12.4892	23.2176	
9.38769	18.2147	17.5035	23.1436	16.6565	7.49033	0	15.1389	13.6503	19.0541	26.9855	16.1362	10.2539	18.8066	10.3102	20.6624	13.3676	7.58024	13.3886	16.9271	
6.79765	3.38615	11.1802	4.73831	15.7594	7.64853	15.1389	0	8.48244	5.94579	12.1173	12.2814	11.8748	10.2023	7.21002	15.9028	20.0226	9.94002	9.55011	16.2121	
4.45295	14.651	10.186	3.74413	9.76741	6.16	13.6503	8.48244	0	4.95161	11.1232	21.6641	8.76741	13.5494	13.4322	14.9086	27.1112	11.4411	17.9514	15.2179	
10.1883	13.7382	7.64938	1.20748	14.9194	13.507	19.0541	5.94579	4.95161	0	8.5865	11.4414	11.0348	9.36232	6.37	12.372	19.1826	9.1	8.71009	12.6813	
16.3599	22.052	13.8209	7.37902	2.20792	23.0323	26.9855	12.1173	11.1232	8.5865	0	16.4212	3.20792	11.7834	10.7573	1.56978	20.0922	11.2842	15.8327	11.7896	
26.9009	20.6526	5.13614	15.5937	13.6208	13.8756	16.1362	12.2814	21.6641	11.4414	16.4212	0	9.73618	8.06374	3.72645	14.8514	17.884	7.19468	1.38636	12.1147	
13.2204	20.246	23.5746	12.5115	1	14.9274	10.2539	11.8748	8.76741	11.0348	3.20792	9.73618	0	4.78197	4.66476	6.85	10.221	2.67367	7.00485	10.5817	
16.7045	18.5735	9.57493	9.90095	5.78197	16.2423	18.8066	10.2023	13.5494	9.36232	11.7834	8.06374	4.78197	0	2.99232	10.2137	5.43902	5.72232	5.33241	6.53367	
14.0077	10.5962	6.08986	7.57748	5.66476	13.25	10.3102	7.21002	13.4322	6.37	10.7573	3.72645	4.66476	2.99232	0	10.9864	8.43134	2.73	2.34009	9.52599	
20.1454	25.8375	13.8165	8.9488	3.77769	24.2364	20.6624	15.9028	14.9086	12.372	1.56978	14.8514	6.85	10.2137	10.9864	0	15.6527	12.4317	13.3265	15.4317	
22.1435	28.3938	4.13592	10.5778	20.8182	20.8579	13.3676	20.0226	27.1112	19.1826	20.0922	17.884	10.221	5.43902	8.43134	15.6527	0	15.0991	7.88569	11.2365	
18.1625	18.3112	9.55809	12.6813	3.67367	15.0706	7.58024	9.94002	11.4411	9.1	11.2842	7.19468	2.67367	5.72232	2.73	12.4317	15.0991	0	5.07009	16.5367	
14.3866	17.9213	3.74977	10.1917	10.8895	12.4892	13.3886	9.55011	17.9514	8.71009	15.8327	1.38636	7.00485	5.33241	2.34009	13.3265	7.88569	5.07009	0	10.7284	
20.4547	26.1468	14.4781	11.4738	9.5817	23.2176	16.9271	16.2121	15.2179	12.6813	11.7896	12.1147	10.5817	6.53367	9.52599	15.4317	11.2365	16.5367	10.7284	0	

0	6.91478	20.6547	5.31263	10.0208	0.948683	11.6492	3.49819	1.07201	6.74371	9.27274	10.4652	6.36149	11.0083	11.9856	12.6546	12.792	6.70559	11.4748	11.6915	
6.91478	0	25.4255	21.4255	24.4145	13.8228	22.3889	8.57636	5.84277	20.2179	22.7693	19.9845	15.5172	17.8216	21.3579	28.7675	22.8298	20.8443	21.9841	18.8818	
20.6547	25.4255	0	12.0759	18.517	27.5627	19.1173	22.3163	19.5827	10.6448	23.3098	15.4171	17.1143	14.3474	17.6024	18.9724	9.33916	15.4256	17.7203	16.5961	
5.31263	21.4255	12.0759	0	4.70821	6.26131	15.0931	10.2767	6.38463	1.43108	9.501	8.46536	3.32866	10.3247	8.81852	9.35821	7.43629	6.18672	6.16221	8.65866	
10.0208	24.4145	18.517	4.70821	0	11.8301	16.3739	18.0003	14.3244	6.13929	4.7928	13.2865	4.65	8.89179	9.86912	4.65	10.6756	4.58912	10.8704	7.7792	
0.948683	13.8228	27.5627	6.26131	11.8301	0	10.7005	2.54951	2.02069	12.5583	8.32406	11.4139	7.18006	22.376	16.9904	10.6575	21.1595	7.65428	17.159	12.5101	
11.6492	22.3889	19.1173	15.0931	16.3739	10.7005	0	13.25	18.6805	14.2091	19.0245	10.9622	17.8805	19.3271	13.1474	21.0239	20.2143	19.6596	13.2653	22.6905	
3.49819	8.57636	22.3163	10.2767	18.0003	2.54951	13.25	0	2.73359	14.7644	10.8736	14.6896	9.72957	17.7139	16.8748	17.6187	19.4976	11.6697	16.9927	26.4179	
1.07201	5.84277	19.5827	6.38463	14.3244	2.02069	18.6805	2.73359	0	12.6817	15.859	11.5372	7.43349	22.5066	16.327	13.7266	19.9404	7.7776	16.4449	15.0044	
6.74371	20.2179	10.6448	1.43108	6.13929	12.5583	14.2091	14.7644	12.6817	0	11.7276	14.5511	4.75975	10.2593	13.0742	9.39415	6.00521	9.32753	7.59329	11.7995	
9.27274	22.7693	23.3098	9.501	4.7928	8.32406	19.0245	10.8736	15.859	11.7276	0	10.8516	6.18466	12.2028	8.66637	2.33345	11.9667	9.04272	11.3227	11.5147	
10.4652	19.9845	15.4171	8.46536	13.2865	11.4139	10.9622	14.6896	11.5372	14.5511	10.8516	0	11.5555	5.72163	2.18525	14.0835	11.7975	7.46525	2.30315	11.7283	
6.36149	15.5172	17.1143	3.32866	4.65	7.18006	17.8805	9.72957	7.43349	4.75975	6.18466	11.5555	0	7.16073	8.13806	7.77817	8.9445	2.85806	9.49087	5.33	
11.0083	17.8216	14.3474	10.3247	8.89179	22.376	19.3271	17.7139	22.5066	10.2593	12.2028	5.72163	7.16073	0	3.53638	13.3222	5.0082	4.30267	4.1625	12.2651	
11.9856	21.3579	17.6024	8.81852	9.86912	16.9904	13.1474	16.8748	16.327	13.0742	8.66637	2.18525	8.13806	3.53638	0	10.9998	8.54459	5.28	2.65631	13.061	
12.6546	28.7675	18.9724	9.35821	4.65	10.6575	21.0239	17.6187	13.7266	9.39415	2.33345	14.0835	7.77817	13.3222	10.9998	0	9.63328	9.23912	11.7804	12.4292	
12.792	22.8298	9.33916	7.43629	10.6756	21.1595	20.2143	19.4976	19.9404	6.00521	11.9667	11.7975	8.9445	5.0082	8.54459	9.63328	0	6.08644	9.1707	7.25691	
6.70559	20.8443	15.4256	6.18672	4.58912	7.65428	19.6596	11.6697	7.7776	9.32753	9.04272	7.46525	2.85806	4.30267	5.28	9.23912	6.08644	0	7.93631	8.18806	
11.4748	21.9841	17.7203	6.16221	10.8704	17.159	13.2653	16.9927	16.4449	7.59329	11.3227	2.30315	9.49087	4.1625	2.65631	11.7804	9.1707	7.93631	0	12.5723	
11.6915	18.8818	16.5961	8.65866	7.7792	12.5101	22.6905	26.4179	15.0044	11.7995	11.5147	11.7283	5.33	12.2651	13.061	12.4292	7.25691	8.18806	12.5723	0	

0	6.73071	16.6207	11.6056	24.9634	0.885438	4.75176	1.43108	6.55574	10.5339	14.0118	9.04791	20.0702	13.2376	9.57449	10.9869	13.1004	11.3445	9.99217	21.0486	
6.73071	0	9.89002	5.31263	24.5551	7.61614	7.0835	8.16179	4.49444	9.70901	14.0616	13.1457	18.9601	16.3784	15.2188	18.072	13.6878	16.9888	9.65748	18.8726	
16.6207	9.89002	0	15.2026	14.4214	21.3728	16.9735	21.6609	14.3845	31.0366	13.3503	18.7758	18.2717	20.3714	24.9641	11.2714	16.8105	23.5851	15.2875	21.135	
11.6056	5.31263	15.2026	0	13.7246	10.7201	12.3961	14.3332	9.80707	7.51319	16.4798	16.7586	11.0531	11.0658	10.6332	18.0085	8.3752	19.9319	14.1408	13.5599	
24.9634	24.5551	14.4214	13.7246	0	13.2515	18.0672	17.0187	14.1445	10.9899	4.57739	10.2176	7.45	7.69686	6.05318	3.15	5.34939	4.28318	11.1149	12.0244	
0.885438	7.61614	21.3728	10.7201	13.2515	0	5.6372	2.31652	7.44118	9.64842	12.1803	12.2059	13.1883	12.3522	10.4599	10.1015	14.8723	12.48	9.10673	16.6797	
4.75176	7.0835	16.9735	12.3961	18.0672	5.6372	0	6.18284	11.3075	26.0736	16.9961	14.9925	21.9176	22.4957	14.3262	14.9172	19.045	27.784	16.2264	24.7808	
1.43108	8.16179	21.6609	14.3332	17.0187	2.31652	6.18284	0	7.98682	14.2375	13.2571	7.61682	12.7821	16.0852	11.0056	14.6906	11.6693	13.6979	8.85076	10.8154	
6.55574	4.49444	14.3845	9.80707	14.1445	7.44118	11.3075	7.98682	0	5.21457	9.56715	15.2074	8.75447	19.0487	8.33457	11.646	23.4646	19.8695	14.1519	17.32	
10.5339	9.70901	31.0366	7.51319	10.9899	9.64842	26.0736	14.2375	5.21457	0	14.7817	8.70522	3.5399	17.1295	3.12	10.5403	15.8884	4.89	12.7966	12.8999	
14.0118	14.0616	13.3503	16.4798	4.57739	12.1803	16.9961	13.2571	9.56715	14.7817	0	5.64026	9.07925	12.0803	12.7732	2.07889	9.92678	8.86057	9.12852	7.75284	
9.04791	13.1457	18.7758	16.7586	10.2176	12.2059	14.9925	7.61682	15.2074	8.70522	5.64026	0	5.16532	7.52612	7.13297	7.71915	9.25382	6.08112	3.48827	3.19862	
20.0702	18.9601	18.2717	11.0531	7.45	13.1883	21.9176	12.7821	8.75447	3.5399	9.07925	5.16532	0	13.6875	6.6599	7.00036	12.7994	11.2464	8.65358	8.36394	
13.2376	16.3784	20.3714	11.0658	7.69686	12.3522	22.4957	16.0852	19.0487	17.1295	12.0803	7.52612	13.6875	0	10.6361	10.8469	4.41584	8.86612	10.1814	4.32749	
9.57449	15.2188	24.9641	10.6332	6.05318	10.4599	14.3262	11.0056	8.33457	3.12	12.7732	7.13297	6.6599	10.6361	0	16.4614	15.4421	1.77	9.67657	10.3316	
10.9869	18.072	11.2714	18.0085	3.15	10.1015	14.9172	14.6906	11.646	10.5403	2.07889	7.71915	7.00036	10.8469	16.4614	0	8.49939	7.43318	8.41457	9.83173	
13.1004	13.6878	16.8105	8.3752	5.34939	14.8723	19.045	11.6693	23.4646	15.8884	9.92678	9.25382	12.7994	4.41584	15.4421	8.49939	0	9.63257	5.76555	8.74333	
11.3445	16.9888	23.5851	19.9319	4.28318	12.48	27.784	13.6979	19.8695	4.89	8.86057	6.08112	11.2464	8.86612	1.77	7.43318	9.63257	0	8.29759	9.27974	
9.99217	9.65748	15.2875	14.1408	11.1149	9.10673	16.2264	8.85076	14.1519	12.7966	9.12852	3.48827	8.65358	10.1814	9.67657	8.41457	5.76555	8.29759	0	6.68689	
21.0486	18.8726	21.135	13.5599	12.0244	16.6797	24.7808	10.8154	17.32	12.8999	7.75284	3.19862	8.36394	4.32749	10.3316	9.83173	8.74333	9.27974	6.68689	0	

0	11.9975	16.8089	9.00141	13.682	5.05964	12.2188	6.88709	6.59697	8.06226	13.0679	10.8509	11.0018	12.1108	9.01128	19.3352	11.2054	10.6913	12.5858	18.4747	
11.9975	0	23.6068	15.9379	24.2842	6.93785	8.4749	14.5354	9.52785	12.9355	27.2176	12.7291	12.88	27.6118	20.9803	23.6135	26.206	19.3003	26.9727	22.9786	
16.8089	23.6068	0	7.66893	16.0153	12.3517	19.6559	20.706	27.3247	8.60808	16.2207	6.56049	17.1399	7.70371	9.57035	13.8165	5.6035	10.3789	7.64377	14.7097	
9.00141	15.9379	7.66893	0	6.55885	6.93681	21.0564	9.42443	8.85756	0.939149	9.80054	8.75381	10.999	13.4047	5.74394	7.6756	13.2724	7.42394	5.46269	7.04074	
13.682	24.2842	16.0153	6.55885	0	11.2921	27.0186	14.105	13.5381	5.6197	6.94686	14.716	5.35	10.5305	11.0035	4.65	13.5645	11.9907	10.1432	4.26907	
5.05964	6.93785	12.3517	6.93681	11.2921	0	15.4128	7.59754	2.59	5.99767	15.7181	5.79125	5.94212	11.1226	8.80112	9.26552	16.2651	9.60963	8.65342	18.4221	
12.2188	8.4749	19.6559	21.0564	27.0186	15.4128	0	19.1059	18.8158	20.2811	19.369	18.3223	31.5348	20.8785	15.3124	31.9693	18.7783	16.9924	20.1191	30.9368	
6.88709	14.5354	20.706	9.42443	14.105	7.59754	19.1059	0	10.1875	8.48528	24.0724	13.3888	13.5397	18.9978	15.8984	19.7583	18.0925	17.691	13.0088	21.4545	
6.59697	9.52785	27.3247	8.85756	13.5381	2.59	18.8158	10.1875	0	7.91842	21.3421	8.38125	8.53212	18.7077	15.6083	19.1072	17.8024	17.1242	12.442	20.8876	
8.06226	12.9355	8.60808	0.939149	5.6197	5.99767	20.2811	8.48528	7.91842	0	12.5666	7.38571	10.9697	19.0923	6.68309	8.61475	7.09745	9.20575	4.52354	7.97989	
13.0679	27.2176	16.2207	9.80054	6.94686	15.7181	19.369	24.0724	21.3421	12.5666	0	7.06647	5.72756	18.7867	4.0566	2.40416	14.8231	5.7366	8.86326	11.0175	
10.8509	12.7291	6.56049	8.75381	14.716	5.79125	18.3223	13.3888	8.38125	7.38571	7.06647	0	11.7334	16.3352	3.00987	12.331	5.43607	3.81838	2.86217	11.54	
11.0018	12.88	17.1399	10.999	5.35	5.94212	31.5348	13.5397	8.53212	10.9697	5.72756	11.7334	0	5.18046	11.9137	3.3234	7.28068	10.2337	14.1421	9.61907	
12.1108	27.6118	7.70371	13.4047	10.5305	11.1226	20.8785	18.9978	18.7077	19.0923	18.7867	16.3352	5.18046	0	14.1969	8.50387	2.10021	9.00599	4.67412	6.36396	
9.01128	20.9803	9.57035	5.74394	11.0035	8.80112	15.3124	15.8984	15.6083	6.68309	4.0566	3.00987	11.9137	14.1969	0	6.46076	7.38057	1.68	4.80666	9.40161	
19.3352	23.6135	13.8165	7.6756	4.65	9.26552	31.9693	19.7583	19.1072	8.61475	2.40416	12.331	3.3234	8.50387	6.46076	0	13.3926	10.3215	10.8187	8.61332	
11.2054	26.206	5.6035	13.2724	13.5645	16.2651	18.7783	18.0925	17.8024	7.09745	14.8231	5.43607	7.28068	2.10021	7.38057	13.3926	0	6.90577	2.57391	8.46418	
10.6913	19.3003	10.3789	7.42394	11.9907	9.60963	16.9924	17.691	17.1242	9.20575	5.7366	3.81838	10.2337	9.00599	1.68	10.3215	6.90577	0	6.48666	7.72161	
12.5858	26.9727	7.64377	5.46269	10.1432	8.65342	20.1191	13.0088	12.442	4.52354	8.86326	2.86217	14.1421	4.67412	4.80666	10.8187	2.57391	6.48666	0	9.05205	
18.4747	22.9786	14.7097	7.04074	4.26907	18.4221	30.9368	21.4545	20.8876	7.97989	11.0175	11.54	9.61907	6.36396	9.40161	8.61332	8.46418	7.72161	9.05205	0	

0	19.5217	12.8454	10.7279	8.58807	4.43867	21.9568	1.07331	6.59697	8.2235	18.1828	14.9468	6.63807	16.1213	20.921	12.0828	20.1061	10.9859	12.747	26.99	
19.5217	0	34.1086	13.2544	16.9958	19.933	3.66824	21.7681	29.0664	11.2982	22.8289	21.9398	23.7489	22.9922	21.1322	14.0274	26.9117	16.2122	15.8218	12.1318	
12.8454	34.1086	0	24.1752	15.3571	18.5375	24.7136	13.9187	19.4423	21.0689	7.71018	15.215	19.2549	16.2361	19.3268	10.0861	11.8741	20.44	15.9923	11.2466	
10.7279	13.2544	24.1752	0	5.35023	14.3251	9.58616	12.4221	19.5346	2.5044	12.3774	7.99697	6.49089	16.1835	4.65725	7.45023	12.228	9.57725	7.02793	8.67063	
8.58807	16.9958	15.3571	5.35023	0	9.87283	11.784	17.7723	13.0689	7.85463	4.47588	6.97596	1.95	9.42979	6.18188	2.1	6.87779	11.1019	10.996	3.32039	
4.43867	19.933	18.5375	14.3251	9.87283	0	16.2647	3.36535	8.61	12.3293	16.6481	11.7636	7.92283	18.1344	12.7389	13.3675	11.924	13.278	7.80577	20.1845	
21.9568	3.66824	24.7136	9.58616	11.784	16.2647	0	19.6301	21.3281	12.0906	12	12.1191	15.2776	14.573	13.5903	10.3592	16.4228	19.8805	19.1718	8.46357	
1.07331	21.7681	13.9187	12.4221	17.7723	3.36535	19.6301	0	7.67028	9.29682	20.0135	13.8735	7.71138	16.6926	14.8326	22.4236	17.2144	9.91262	11.1711	17.5291	
6.59697	29.0664	19.4423	19.5346	13.0689	8.61	21.3281	7.67028	0	14.8205	13.3448	18.7568	13.235	9.52437	17.9492	10.9689	13.8864	13.0292	16.4158	15.6338	
8.2235	11.2982	21.0689	2.5044	7.85463	12.3293	12.0906	9.29682	14.8205	0	17.0131	8.48138	8.99529	13.6791	7.16165	11.4662	8.64179	12.0075	4.52354	12.6866	
18.1828	22.8289	7.71018	12.3774	4.47588	16.6481	12	20.0135	13.3448	17.0131	0	7.19195	7.8206	9.64578	8.66314	2.37588	11.4956	12.7298	16.5498	3.53638	
14.9468	21.9398	15.215	7.99697	6.97596	11.7636	12.1191	13.8735	18.7568	8.48138	7.19195	0	10.0176	7.70288	3.33972	11.991	3.3409	5.72756	3.95784	3.65557	
6.63807	23.7489	19.2549	6.49089	1.95	7.92283	15.2776	7.71138	13.235	8.99529	7.8206	10.0176	0	13.3497	8.13188	4.05	8.82779	10.5103	13.9754	5.27039	
16.1213	22.9922	16.2361	16.1835	9.42979	18.1344	14.573	16.6926	9.52437	13.6791	9.64578	7.70288	13.3497	0	11.2362	14.4449	4.36198	6.77997	8.48024	6.1094	
20.921	21.1322	19.3268	4.65725	6.18188	12.7389	13.5903	14.8326	17.9492	7.16165	8.66314	3.33972	8.13188	11.2362	0	8.28188	6.68061	4.92	4.93315	5.12675	
12.0828	14.0274	10.0861	7.45023	2.1	13.3675	10.3592	22.4236	10.9689	11.4662	2.37588	11.991	4.05	14.4449	8.28188	0	8.97779	15.1057	19.5872	5.42039	
20.1061	26.9117	11.8741	12.228	6.87779	11.924	16.4228	17.2144	13.8864	8.64179	11.4956	3.3409	8.82779	4.36198	6.68061	8.97779	0	9.06846	4.11825	6.99647	
10.9859	16.2122	20.44	9.57725	11.1019	13.278	19.8805	9.91262	13.0292	12.0075	12.7298	5.72756	10.5103	6.77997	4.92	15.1057	9.06846	0	9.68541	9.38314	
12.747	15.8218	15.9923	7.02793	10.996	7.80577	19.1718	11.1711	16.4158	4.52354	16.5498	3.95784	13.9754	8.48024	4.93315	19.5872	4.11825	9.68541	0	7.61341	
26.99	12.1318	11.2466	8.67063	3.32039	20.1845	8.46357	17.5291	15.6338	12.6866	3.53638	3.65557	5.27039	6.1094	5.12675	5.42039	6.99647	9.38314	7.61341	0	

0	7.95447	11.4832	14.2935	12.3001	5.18614	4.75176	6.46089	1.7317	14.6259	18.3771	13.6148	25.1694	23.5629	15.3315	23.8467	28.6884	17.2883	16.2786	15.4694	
7.95447	0	18.6216	22.0916	22.5554	13.1406	11.8902	13.3833	9.68617	19.9624	17.1078	15.6922	22.0635	31.9965	12.6824	25.9526	27.0413	16.9424	23.8136	16.5885	
11.4832	18.6216	0	19.1731	16.5728	22.5681	6.73146	12.632	21.4877	16.6056	20.3568	15.5945	12.95	10.6364	11.6561	19.5178	15.7523	16.517	14.8549	7.75	
14.2935	22.0916	19.1731	0	11.5565	9.983	12.4416	8.70825	16.0252	6.57404	17.9314	16.5159	12.9065	16.8899	13.506	18.0565	14.3949	15.3795	17.6308	17.4121	
12.3001	22.5554	16.5728	11.5565	0	10.4468	11.4237	9.17206	10.5683	16.6888	6.51605	7.45447	1.35	11.0205	10.9414	5.23909	14.2078	9.99408	13.8852	6.55	
5.18614	13.1406	22.5681	9.983	10.4468	0	7.17526	1.27475	6.79	19.03	16.1754	14.7599	20.0492	26.3892	9.3167	17.8318	26.109	16.01	20.2758	14.8492	
4.75176	11.8902	6.73146	12.4416	11.4237	7.17526	0	5.90051	6.48346	9.87411	13.6254	8.86305	12.7737	17.3678	11.8729	14.6153	16.7502	12.5365	11.0097	14.4815	
6.46089	13.3833	12.632	8.70825	9.17206	1.27475	5.90051	0	8.06475	15.2823	12.4673	11.0518	10.5221	20.1926	8.04195	15.6721	22.4009	12.3019	19.1732	11.948	
1.7317	9.68617	21.4877	16.0252	10.5683	6.79	6.48346	8.06475	0	22.5965	17.0844	22.307	11.9183	21.5888	17.6438	17.0683	27.7628	20.5624	18.0103	13.7377	
14.6259	19.9624	16.6056	6.57404	16.6888	19.03	9.87411	15.2823	22.5965	0	11.7054	10.2899	17.0892	19.7241	7.28	20.9783	13.0192	8.8055	12.4397	11.1861	
18.3771	17.1078	20.3568	17.9314	6.51605	16.1754	13.6254	12.4673	17.0844	11.7054	0	7.43525	4.87904	9.87139	4.42538	0.989949	18.7844	8.68538	15.5566	8.33148	
13.6148	15.6922	15.5945	16.5159	7.45447	14.7599	8.86305	11.0518	22.307	10.2899	7.43525	0	6.10447	9.431	3.00987	9.99355	11.0667	6.92965	2.14663	6.91596	
25.1694	22.0635	12.95	12.9065	1.35	20.0492	12.7737	10.5221	11.9183	17.0892	4.87904	6.10447	0	12.3705	9.1061	3.88909	17.1712	11.3441	8.25109	5.2	
23.5629	31.9965	10.6364	16.8899	11.0205	26.3892	17.3678	20.1926	21.5888	19.7241	9.87139	9.431	12.3705	0	15.4461	8.88144	5.11591	9.3296	7.28437	11.54	
15.3315	12.6824	11.6561	13.506	10.9414	9.3167	11.8729	8.04195	17.6438	7.28	4.42538	3.00987	9.1061	15.4461	0	5.41533	8.47369	4.26	5.15649	3.9061	
23.8467	25.9526	19.5178	18.0565	5.23909	17.8318	14.6153	15.6721	17.0683	20.9783	0.989949	9.99355	3.88909	8.88144	5.41533	0	13.9973	16.4941	16.1658	9.08909	
28.6884	27.0413	15.7523	14.3949	14.2078	26.109	16.7502	22.4009	27.7628	13.0192	18.7844	11.0667	17.1712	5.11591	8.47369	13.9973	0	4.21369	12.4003	16.6559	
17.2883	16.9424	16.517	15.3795	9.99408	16.01	12.5365	12.3019	20.5624	8.8055	8.68538	6.92965	11.3441	9.3296	4.26	16.4941	4.21369	0	9.07627	8.1661	
16.2786	23.8136	14.8549	17.6308	13.8852	20.2758	11.0097	19.1732	18.0103	12.4397	15.5566	2.14663	8.25109	7.28437	5.15649	16.1658	12.4003	9.07627	0	10.3931	
15.4694	16.5885	7.75	17.4121	6.55	14.8492	14.4815	11.948	13.7377	11.1861	8.33148	6.91596	5.2	11.54	3.9061	9.08909	16.6559	8.1661	10.3931	0	

0	9.74403	15.603	8.85438	19.5548	4.17421	9.08055	1.52053	5.85481	11.6097	18.3657	6.96111	19.361	14.9824	11.7809	14.5548	26.3443	15.4787	14.7967	24.0437	
9.74403	0	7.91202	14.6607	12.4376	12.4557	8.34841	8.2235	11.9103	22.1394	14.9148	13.6641	13.3214	18.1033	18.4839	16.3619	12.1813	17.2307	21.4996	22.4936	
15.603	7.91202	0	6.74866	15.7323	13.1048	16.2604	15.4569	15.3764	14.4407	22.4584	21.3914	21.2334	9.60065	7.80385	19.9976	4.26933	7.31255	12.7117	8.95121	
8.85438	14.6607	6.74866	0	10.7005	6.35618	16.2683	8.70825	8.62777	7.69207	13.1776	14.1488	17.6419	17.1643	13.6721	19.1005	11.018	11.5612	21.5807	15.9785	
19.5548	12.4376	15.7323	10.7005	0	17.0566	17.3724	17.0066	14.9881	8.66216	2.47718	9.47109	5.36335	12.532	9.77308	4.93791	7.8363	4.79308	13.4667	8.3569	
4.17421	12.4557	13.1048	6.35618	17.0566	0	11.7922	4.23219	5.81	14.0483	18.3209	9.67277	15.5901	10.8081	14.4926	17.2665	16.1395	18.7709	16.5047	19.6328	
9.08055	8.34841	16.2604	16.2683	17.3724	11.7922	0	7.56003	13.652	14.6907	12.5086	12.9094	9.62239	14.4044	16.7568	12.6629	23.8707	18.5598	15.8949	26.1795	
1.52053	8.2235	15.4569	8.70825	17.0066	4.23219	7.56003	0	6.09199	13.1302	12.4345	5.44059	8.72761	9.33458	8.20307	12.4295	13.7949	15.2404	7.34125	17.6258	
5.85481	11.9103	15.3764	8.62777	14.9881	5.81	13.652	6.09199	0	16.3198	12.5109	11.5326	15.3971	16.6181	16.3524	14.9716	21.2841	18.2409	19.3681	21.4879	
11.6097	22.1394	14.4407	7.69207	8.66216	14.0483	14.6907	13.1302	16.3198	0	15.4589	8.74248	12.5728	17.3547	5.98	14.2753	6.9123	3.86908	10.9132	7.4329	
18.3657	14.9148	22.4584	13.1776	2.47718	18.3209	12.5086	12.4345	12.5109	15.4589	0	6.17319	2.88617	7.66814	9.7564	2.46073	13.6589	7.27025	8.89458	8.97697	
6.96111	13.6641	21.3914	14.1488	9.47109	9.67277	12.9094	5.44059	11.5326	8.74248	6.17319	0	3.28702	3.894	2.76248	6.32758	6.297	7.74248	1.90066	12.1852	
19.361	13.3214	21.2334	17.6419	5.36335	15.5901	9.62239	8.72761	15.3971	12.5728	2.88617	3.28702	0	4.78197	6.0495	3.04056	10.1133	11.9854	5.18768	11.8631	
14.9824	18.1033	9.60065	17.1643	12.532	10.8081	14.4044	9.33458	16.6181	17.3547	7.66814	3.894	4.78197	0	6.65648	7.82253	5.33131	8.37454	5.79465	8.82469	
11.7809	18.4839	7.80385	13.6721	9.77308	14.4926	16.7568	8.20307	16.3524	5.98	9.7564	2.76248	6.0495	6.65648	0	9.75139	3.53452	4.98	4.66314	8.2164	
14.5548	16.3619	19.9976	19.1005	4.93791	17.2665	12.6629	12.4295	14.9716	14.2753	2.46073	6.32758	3.04056	7.82253	9.75139	0	13.4495	10.4062	8.88956	11.2529	
26.3443	12.1813	4.26933	11.018	7.8363	16.1395	23.8707	13.7949	21.2841	6.9123	13.6589	6.297	10.1133	5.33131	3.53452	13.4495	0	3.04322	8.44242	4.68188	
15.4787	17.2307	7.31255	11.5612	4.79308	18.7709	18.5598	15.2404	18.2409	3.86908	7.27025	7.74248	11.9854	8.37454	4.98	10.4062	3.04322	0	9.91315	3.56382	
14.7967	21.4996	12.7117	21.5807	13.4667	16.5047	15.8949	7.34125	19.3681	10.9132	8.89458	1.90066	5.18768	5.79465	4.66314	8.88956	8.44242	9.91315	0	11.7341	
24.0437	22.4936	8.95121	15.9785	8.3569	19.6328	26.1795	17.6258	21.4879	7.4329	8.97697	12.1852	11.8631	8.82469	8.2164	11.2529	4.68188	3.56382	11.7341	0	

0	15.086	17.67	8.1006	13.5642	4.49043	13.2648	5.41128	6.24043	11.7919	15.3757	8.48528	18.9923	20.3115	12.1136	16.3423	13.079	13.0108	12.4431	28.134	
15.086	0	26.1097	12.364	17.8276	11.4084	15.0524	9.67471	15.4155	20.967	24.5508	20.2966	31.2442	12.5233	16.6683	25.4311	16.2929	21.9483	20.716	27.6271	
17.67	26.1097	0	19.9392	15.2271	22.2373	13.4629	22.6285	18.3604	21.588	21.5606	9.18468	20.9983	20.3133	10.0975	21.3089	13.7784	13.7102	12.9437	8.25	
8.1006	12.364	19.9392	0	7.7951	4.42298	14.4665	2.68931	7.4421	3.9802	5.96896	12.3054	3.4951	25.1062	13.0599	5.89926	7.94976	7.77988	10.2692	19.9563	
13.5642	17.8276	15.2271	7.7951	0	9.8866	25.7222	8.15294	13.3926	5.97131	3.14907	8.75798	4.05416	15.9968	5.12965	1.65	8.75466	10.4096	9.17736	13.8508	
4.49043	11.4084	22.2373	4.42298	9.8866	0	8.77438	1.73367	1.75	7.30151	10.8853	12.9757	9.1872	16.8876	10.0129	11.6228	12.3459	8.91606	19.7412	24.1627	
13.2648	15.0524	13.4629	14.4665	25.7222	8.77438	0	10.508	10.5244	16.0759	19.6597	19.9394	22.3816	8.1132	20.5926	28.4472	11.8828	15.7436	18.2328	15.3883	
5.41128	9.67471	22.6285	2.68931	8.15294	1.73367	10.508	0	3.48367	6.66951	12.619	13.8966	6.18441	22.198	13.2826	9.80294	20.3801	10.4692	20.9635	22.0037	
6.24043	15.4155	18.3604	7.4421	13.3926	1.75	10.5244	3.48367	0	9.05151	12.6353	11.6915	13.8041	24.8567	8.26293	14.7459	25.4254	7.16606	9.65534	19.3424	
11.7919	20.967	21.588	3.9802	5.97131	7.30151	16.0759	6.66951	9.05151	0	5.82037	9.63811	6.72547	8.81399	13.6443	4.32131	5.04437	11.0736	9.78036	17.1334	
15.3757	24.5508	21.5606	5.96896	3.14907	10.8853	19.6597	12.619	12.6353	5.82037	0	10.8904	2.47386	27.7784	9.65319	1.49907	6.92852	6.36491	8.85419	14.558	
8.48528	20.2966	9.18468	12.3054	8.75798	12.9757	19.9394	13.8966	11.6915	9.63811	10.8904	0	9.0484	8.36335	3.62833	13.1042	4.59373	4.52548	3.95784	8.6515	
18.9923	31.2442	20.9983	3.4951	4.05416	9.1872	22.3816	6.18441	13.8041	6.72547	2.47386	9.0484	0	8.22428	9.42965	2.40416	4.45466	6.63807	9.12735	15.069	
20.3115	12.5233	20.3133	25.1062	15.9968	16.8876	8.1132	22.198	24.8567	8.81399	27.7784	8.36335	8.22428	0	15.4545	24.9304	3.76962	16.3517	8.50561	15.1038	
12.1136	16.6683	10.0975	13.0599	5.12965	10.0129	20.5926	13.2826	8.26293	13.6443	9.65319	3.62833	9.42965	15.4545	0	6.77965	8.22207	5.28	4.04772	8.74137	
16.3423	25.4311	21.3089	5.89926	1.65	11.6228	28.4472	9.80294	14.7459	4.32131	1.49907	13.1042	2.40416	24.9304	6.77965	0	6.85882	7.86398	12.7795	13.0589	
13.079	16.2929	13.7784	7.94976	8.75466	12.3459	11.8828	20.3801	25.4254	5.04437	6.92852	4.59373	4.45466	3.76962	8.22207	6.85882	0	7.22527	4.73599	9.42965	
13.0108	21.9483	13.7102	7.77988	10.4096	8.91606	15.7436	10.4692	7.16606	11.0736	6.36491	4.52548	6.63807	16.3517	5.28	7.86398	7.22527	0	2.48928	7.18293	
12.4431	20.716	12.9437	10.2692	9.17736	19.7412	18.2328	20.9635	9.65534	9.78036	8.85419	3.95784	9.12735	8.50561	4.04772	12.7795	4.73599	2.48928	0	4.69366	
28.134	27.6271	8.25	19.9563	13.8508	24.1627	15.3883	22.0037	19.3424	17.1334	14.558	8.6515	15.069	15.1038	8.74137	13.0589	9.42965	7.18293	4.69366	0	

-111