10
5
3
3
50

6	7
19	44
37	23
35	6
5	8

26	20
20	33
15	46
20	26
17	19
15	12
5	30
13	40
38	5
9	40

70

1.79769e+308
1.79769e+308
1.79769e+308
1.79769e+308
1.79769e+308

16
18
15
11
18
16
15
15
15
16

0
0
0
0
0

0

0	15.0312	10.1296	13.3479	0.579828	4.77074	14.8104	10.4065	11.8004	5.11677	2.05913	4.97983	13.1564	16.2256	14.4364	
15.0312	0	14.8157	27.6475	17.4433	14	5.63669	7.37902	10.4104	11.2662	18.9226	15.1934	1.87489	15.6386	3.15489	
10.1296	14.8157	0	12.7929	18.4358	5.35882	7.15304	12.4166	4.14304	8.52821	20.9417	26.2593	12.9408	9.91527	14.2208	
13.3479	27.6475	12.7929	0	13.9278	13.6475	30.9542	20.7053	17.3233	16.8169	15.4071	20.2659	16.6414	2.87767	31.5728	
0.579828	17.4433	18.4358	13.9278	0	5.35057	16.0749	10.9863	12.3803	11.8893	2.63895	4.4	13.7362	21.7882	8.38502	
4.77074	14	5.35882	13.6475	5.35057	0	7.0352	7.0578	9.50187	3.16938	6.22703	12.7739	15.8749	15.2741	17.4098	
14.8104	5.63669	7.15304	30.9542	16.0749	7.0352	0	12.9957	3.01	3.86581	6.92346	8.02693	3.76181	17.5255	4.04191	
10.4065	7.37902	12.4166	20.7053	10.9863	7.0578	12.9957	0	13.6062	10.2272	12.4656	8.3019	9.23385	22.9976	10.352	
11.8004	10.4104	4.14304	17.3233	12.3803	9.50187	3.01	13.6062	0	6.77804	9.83568	16.3825	6.77181	14.0583	7.05191	
5.11677	11.2662	8.52821	16.8169	11.8893	3.16938	3.86581	10.2272	6.77804	0	3.05765	9.6045	7.62762	16.6576	7.90772	
2.05913	18.9226	20.9417	15.4071	2.63895	6.22703	6.92346	12.4656	9.83568	3.05765	0	12.6622	15.2155	19.7153	18.0405	
4.97983	15.1934	26.2593	20.2659	4.4	12.7739	8.02693	8.3019	16.3825	9.6045	12.6622	0	5.26502	17.3882	3.98502	
13.1564	1.87489	12.9408	16.6414	13.7362	15.8749	3.76181	9.23385	6.77181	7.62762	15.2155	5.26502	0	13.7637	1.28	
16.2256	15.6386	9.91527	2.87767	21.7882	15.2741	17.5255	22.9976	14.0583	16.6576	19.7153	17.3882	13.7637	0	15.0437	
14.4364	3.15489	14.2208	31.5728	8.38502	17.4098	4.04191	10.352	7.05191	7.90772	18.0405	3.98502	1.28	15.0437	0	

0	14.1182	10.2436	9.01507	2.02233	4.77074	17.0822	11.8458	6.37223	12.5559	4.83895	21.7412	12.6332	14.1833	21.15	
14.1182	0	17.4249	15.7858	12.1937	18.889	5.96449	2.37023	16.6745	11.978	11.6097	15.3891	11.8262	19.2791	5.08552	
10.2436	17.4249	0	15.6487	19.8139	5.47284	15.7785	19.7952	7.84872	15.4338	18.3942	28.2023	22.1427	11.5378	30.457	
9.01507	15.7858	15.6487	0	19.0222	13.5236	17.4256	30.2035	11.9065	11.893	4.17612	22.5023	20.6534	4.11096	21.9734	
2.02233	12.1937	19.8139	19.0222	0	6.79307	18.659	9.82344	8.39455	24.6725	6.86127	22.8423	19.3735	14.9112	12.5387	
4.77074	18.889	5.47284	13.5236	6.79307	0	13.0859	24.2788	2.37588	9.96092	9.60969	17.7448	8.63687	9.41259	17.1536	
17.0822	5.96449	15.7785	17.4256	18.659	13.0859	0	8.33473	10.71	6.01348	13.7304	17.0831	11.0874	13.3147	12.4074	
11.8458	2.37023	19.7952	30.2035	9.82344	24.2788	8.33473	0	15.8111	20.7776	13.9799	10.793	4.03529	24.7347	2.71529	
6.37223	16.6745	7.84872	11.9065	8.39455	2.37588	10.71	15.8111	0	8.91045	7.73036	13.8167	6.26099	11.7885	7.58099	
12.5559	11.978	15.4338	11.893	24.6725	9.96092	6.01348	20.7776	8.91045	0	7.71692	11.0696	15.1714	19.3281	19.1014	
4.83895	11.6097	18.3942	4.17612	6.86127	9.60969	13.7304	13.9799	7.73036	7.71692	0	18.3262	13.9913	8.28708	22.5081	
21.7412	15.3891	28.2023	22.5023	22.8423	17.7448	17.0831	10.793	13.8167	11.0696	18.3262	0	7.55569	27.9306	8.07775	
12.6332	11.8262	22.1427	20.6534	19.3735	8.63687	11.0874	4.03529	6.26099	15.1714	13.9913	7.55569	0	18.984	1.32	
14.1833	19.2791	11.5378	4.11096	14.9112	9.41259	13.3147	24.7347	11.7885	19.3281	8.28708	27.9306	18.984	0	27.5007	
21.15	5.08552	30.457	21.9734	12.5387	17.1536	12.4074	2.71529	7.58099	19.1014	22.5081	8.07775	1.32	27.5007	0	

0	12.691	19.5072	10.156	0.919239	24.0923	10.0401	12.0075	10.82	9.1144	5.76555	16.0712	15.7172	11.5228	13.9172	
12.691	0	12.118	16.5282	24.3346	18.6868	2.65089	7.7368	9.47968	9.23708	8.38475	7.41632	4.47088	16.2984	6.27088	
19.5072	12.118	0	13.5551	21.0596	7.98123	9.46708	22.6127	15.1912	15.0931	18.4419	25.8778	20.1999	10.4561	21.6008	
10.156	16.5282	13.5551	0	11.0753	14.4797	16.7466	14.3491	13.1979	11.4923	8.14344	12.8545	12.5005	3.09903	10.7005	
0.919239	24.3346	21.0596	11.0753	0	25.0115	10.9593	12.9267	21.5331	11.2324	6.68479	20.9	17.4319	10.6035	14.8364	
24.0923	18.6868	7.98123	14.4797	25.0115	0	16.036	14.8038	7.38219	14.217	12.4367	21.0532	12.391	17.5787	13.7918	
10.0401	2.65089	9.46708	16.7466	10.9593	16.036	0	10.3877	11.2	6.5862	9.93505	19.6756	7.12177	13.6475	12.9904	
12.0075	7.7368	22.6127	14.3491	12.9267	14.8038	10.3877	0	7.42159	17.5204	12.4761	5.80274	5.44867	28.5256	3.64867	
10.82	9.47968	15.1912	13.1979	21.5331	7.38219	11.2	7.42159	0	8.40331	5.05446	7.95423	5.00879	22.2134	6.40962	
9.1144	9.23708	15.0931	11.4923	11.2324	14.217	6.5862	17.5204	8.40331	0	3.34885	9.14493	6.19949	20.2337	7.99949	
5.76555	8.38475	18.4419	8.14344	6.68479	12.4367	9.93505	12.4761	5.05446	3.34885	0	20.5786	9.54834	11.2425	11.4641	
16.0712	7.41632	25.8778	12.8545	20.9	21.0532	19.6756	5.80274	7.95423	9.14493	20.5786	0	2.94544	20.1501	2.15407	
15.7172	4.47088	20.1999	12.5005	17.4319	12.391	7.12177	5.44867	5.00879	6.19949	9.54834	2.94544	0	17.2047	1.8	
11.5228	16.2984	10.4561	3.09903	10.6035	17.5787	13.6475	28.5256	22.2134	20.2337	11.2425	20.1501	17.2047	0	13.7995	
13.9172	6.27088	21.6008	10.7005	14.8364	13.7918	12.9904	3.64867	6.40962	7.99949	11.4641	2.15407	1.8	13.7995	0	

0	14.2734	14.5838	14.0159	1.81019	11.0012	9.74478	10.4065	10.9482	8.46499	9.24172	10.8302	12.7146	17.0678	20.4363	
14.2734	0	14.5874	12.1549	18.8144	23.5713	4.5286	7.37902	11.1786	18.2681	24.5308	18.5111	7.49845	8.6764	14.1007	
14.5838	14.5874	0	3.76579	17.8575	9.23542	10.0588	21.551	8.80397	6.11882	7.72045	15.7233	13.0286	7.2443	15.2136	
14.0159	12.1549	3.76579	0	16.0147	6.82376	10.8016	20.9831	12.2528	5.5509	7.15253	15.1554	15.5984	3.47851	17.0608	
1.81019	18.8144	17.8575	16.0147	0	9.19097	11.555	12.2167	9.13799	9.03315	7.43153	9.02	17.2557	21.6089	15.5476	
11.0012	23.5713	9.23542	6.82376	9.19097	0	16.2384	22.7104	9.58837	8.51206	8.43291	18.1166	16.117	10.3023	10.237	
9.74478	4.5286	10.0588	10.8016	11.555	16.2384	0	11.508	6.65	13.0173	19.2822	18.5094	2.96985	7.32306	8.84985	
10.4065	7.37902	21.551	20.9831	12.2167	22.7104	11.508	0	18.883	15.4322	17.0338	11.1321	8.53815	16.0554	12.4734	
10.9482	11.1786	8.80397	12.2528	9.13799	9.58837	6.65	18.883	0	6.70188	8.3035	14.5927	9.61985	13.9731	6.40962	
8.46499	18.2681	6.11882	5.5509	9.03315	8.51206	13.0173	15.4322	6.70188	0	1.60162	9.6045	10.0475	9.02941	10.1923	
9.24172	24.5308	7.72045	7.15253	7.43153	8.43291	19.2822	17.0338	8.3035	1.60162	0	11.2061	11.6491	27.6423	8.59069	
10.8302	18.5111	15.7233	15.1554	9.02	18.1166	18.5094	11.1321	14.5927	9.6045	11.2061	0	19.652	25.8325	17.9865	
12.7146	7.49845	13.0286	15.5984	17.2557	16.117	2.96985	8.53815	9.61985	10.0475	11.6491	19.652	0	10.2929	5.88	
17.0678	8.6764	7.2443	3.47851	21.6089	10.3023	7.32306	16.0554	13.9731	9.02941	27.6423	25.8325	10.2929	0	18.0146	
20.4363	14.1007	15.2136	17.0608	15.5476	10.237	8.84985	12.4734	6.40962	10.1923	8.59069	17.9865	5.88	18.0146	0	

0	14.6692	8.02367	16.0976	0.763675	6.91758	9.42673	20.2838	11.4994	5.37201	11.1233	5.75543	14.2	11.9898	20.4031	
14.6692	0	9.27706	26.8002	13.9055	11.73	6.78722	1.8783	4.68722	10.856	8.25507	10.4312	3.10077	22.6806	3.99962	
8.02367	9.27706	0	9.56334	8.78735	10.7176	7.49477	12.4128	9.59477	8.36239	13.235	11.1661	6.17629	3.96611	12.7763	
16.0976	26.8002	9.56334	0	15.334	16.9308	13.9189	25.7642	23.0185	21.7138	25.6832	27.874	19.5277	5.59723	28.092	
0.763675	13.9055	8.78735	15.334	0	7.68125	10.2042	15.7838	12.3042	6.13569	13.0321	6.51911	17.0063	13.9093	23.5033	
6.91758	11.73	10.7176	16.9308	7.68125	0	9.14278	11.1659	7.04278	5.07102	10.6106	10.443	13.5966	11.3335	20.1966	
9.42673	6.78722	7.49477	13.9189	10.2042	9.14278	0	6.22311	2.1	8.26878	5.66786	3.67129	9.30014	8.32166	13.2992	
20.2838	1.8783	12.4128	25.7642	15.7838	11.1659	6.22311	0	4.12311	10.2919	7.69096	9.86705	4.97907	16.3789	2.12132	
11.4994	4.68722	9.59477	23.0185	12.3042	7.04278	2.1	4.12311	0	6.16878	3.56786	5.74394	7.20014	10.4217	6.24443	
5.37201	10.856	8.36239	21.7138	6.13569	5.07102	8.26878	10.2919	6.16878	0	5.75129	5.37201	13.3689	12.3285	20.0197	
11.1233	8.25507	13.235	25.6832	13.0321	10.6106	5.66786	7.69096	3.56786	5.75129	0	9.3118	10.768	17.3882	17.4213	
5.75543	10.4312	11.1661	27.874	6.51911	10.443	3.67129	9.86705	5.74394	5.37201	9.3118	0	12.5501	11.993	14.6476	
14.2	3.10077	6.17629	19.5277	17.0063	13.5966	9.30014	4.97907	7.20014	13.3689	10.768	12.5501	0	10.1424	6.6	
11.9898	22.6806	3.96611	5.59723	13.9093	11.3335	8.32166	16.3789	10.4217	12.3285	17.3882	11.993	10.1424	0	18.7066	
20.4031	3.99962	12.7763	28.092	23.5033	20.1966	13.2992	2.12132	6.24443	20.0197	17.4213	14.6476	6.6	18.7066	0	

0	17.8026	19.3047	18.0926	1.96576	19.864	30.0823	36	14.3841	16.904	7.35092	6.36576	26.7044	24.3675	16.6146	
17.8026	0	12.3152	16.0801	15.8368	26.2753	2.65089	6.55084	6.71089	21.8624	20.2218	17.2325	5.02677	17.7561	7.75464	
19.3047	12.3152	0	8.55862	12.0263	7.63918	7.68516	11.5017	3.62516	6.443	6.64112	21.5948	8.52916	8.65332	7.54215	
18.0926	16.0801	8.55862	0	10.8141	16.1978	18.2229	23.5933	12.1838	14.8931	5.42896	33.7012	17.0878	1.67601	21.417	
1.96576	15.8368	12.0263	10.8141	0	17.8982	16.4783	23.35	12.4183	14.1673	5.38516	4.4	19.9823	19.0889	13.8779	
19.864	26.2753	7.63918	16.1978	17.8982	0	13.309	21.206	9.24896	11.2287	14.2803	13.9556	16.1683	16.2925	13.1659	
30.0823	2.65089	7.68516	18.2229	16.4783	13.309	0	3.89995	4.06	6.87784	16.3054	20.272	2.37588	15.6766	7.97588	
36	6.55084	11.5017	23.5933	23.35	21.206	3.89995	0	7.95995	14.3492	17.5696	17.8783	2.97254	23.5736	8.40043	
14.3841	6.71089	3.62516	12.1838	12.4183	9.24896	4.06	7.95995	0	2.81784	10.2663	12.5851	6.43588	11.6166	3.91699	
16.904	21.8624	6.443	14.8931	14.1673	11.2287	6.87784	14.3492	2.81784	0	9.46414	9.76729	17.3217	14.4345	6.73482	
7.35092	20.2218	6.64112	5.42896	5.38516	14.2803	16.3054	17.5696	10.2663	9.46414	0	9.78516	14.5971	7.10497	16.6087	
6.36576	17.2325	21.5948	33.7012	4.4	13.9556	20.272	17.8783	12.5851	9.76729	9.78516	0	15.0779	31.5042	9.47789	
26.7044	5.02677	8.52916	17.0878	19.9823	16.1683	2.37588	2.97254	6.43588	17.3217	14.5971	15.0779	0	17.1825	5.6	
24.3675	17.7561	8.65332	1.67601	19.0889	16.2925	15.6766	23.5736	11.6166	14.4345	7.10497	31.5042	17.1825	0	15.5336	
16.6146	7.75464	7.54215	21.417	13.8779	13.1659	7.97588	8.40043	3.91699	6.73482	16.6087	9.47789	5.6	15.5336	0	

0	10.2753	21.5418	8.415	2.16375	5.00928	18.3639	22.7949	12.5612	5.5823	6.90269	20.4237	24.626	11.5773	16.6758	
10.2753	0	18.5313	15.6678	8.11155	21.6136	13.1347	4.96407	9.70564	11.5301	12.8505	19.7725	2.74022	18.8301	7.42022	
21.5418	18.5313	0	19.1713	22.1829	15.4927	10.8808	12.6824	7.94083	12.8911	21.3203	31.1188	17.4888	18.7489	20.0479	
8.415	15.6678	19.1713	0	9.54149	10.1071	16.8456	15.9764	18.182	15.2859	4.80254	25.0138	17.0925	3.16228	12.4125	
2.16375	8.11155	22.1829	9.54149	0	5.6824	13.1547	13.0756	8.3688	3.41855	4.73895	18.0695	10.8518	32.0262	14.5121	
5.00928	21.6136	15.4927	10.1071	5.6824	0	10.4919	12.2935	7.2141	2.26385	5.30457	15.8164	17.0999	24.965	15.7472	
18.3639	13.1347	10.8808	16.8456	13.1547	10.4919	0	7.68157	2.94	7.89025	16.3195	17.0343	9.11306	35.3163	4.43306	
22.7949	4.96407	12.6824	15.9764	13.0756	12.2935	7.68157	0	4.74157	9.69182	18.121	16.1651	6.70403	41.405	3.56382	
12.5612	9.70564	7.94083	18.182	8.3688	7.2141	2.94	4.74157	0	4.95025	12.8565	19.6012	9.54801	26.6897	7.37306	
5.5823	11.5301	12.8911	15.2859	3.41855	2.26385	7.89025	9.69182	4.95025	0	7.56842	14.6509	14.4983	32.6931	13.4833	
6.90269	12.8505	21.3203	4.80254	4.73895	5.30457	16.3195	18.121	12.8565	7.56842	0	21.121	22.9275	7.96482	17.2151	
20.4237	19.7725	31.1188	25.0138	18.0695	15.8164	17.0343	16.1651	19.6012	14.6509	21.121	0	17.0323	48.6644	12.6013	
24.626	2.74022	17.4888	17.0925	10.8518	17.0999	9.11306	6.70403	9.54801	14.4983	22.9275	17.0323	0	31.9151	4.68	
11.5773	18.8301	18.7489	3.16228	32.0262	24.965	35.3163	41.405	26.6897	32.6931	7.96482	48.6644	31.9151	0	15.5748	
16.6758	7.42022	20.0479	12.4125	14.5121	15.7472	4.43306	3.56382	7.37306	13.4833	17.2151	12.6013	4.68	15.5748	0	

0	23.5304	10.7417	14.2973	0.46669	5.72489	14.1724	19.6122	11.7135	16.93	15.3297	18.0667	11.9269	18.7873	33.6545	
23.5304	0	21.2971	20.3473	23.3417	17.235	15.3789	4.33797	9.69801	12.9044	21.8029	5.74171	11.033	21.1132	10.1241	
10.7417	21.2971	0	20.1622	32.5114	5.01677	13.4643	25.4035	16.387	15.0931	21.0665	20.3091	11.2187	18.0791	29.4062	
14.2973	20.3473	20.1622	0	13.8306	14.9914	14.6337	19.8131	16.7941	9.24826	7.72583	14.6929	9.31429	1.92899	11.0743	
0.46669	23.3417	32.5114	13.8306	0	6.19158	14.3968	16.6068	11.2468	17.3967	14.8631	17.6	22.9786	15.7596	30.4167	
5.72489	17.235	5.01677	14.9914	6.19158	0	8.44751	16.7007	11.3703	14.6697	15.3554	11.5806	6.20197	13.0624	7.96197	
14.1724	15.3789	13.4643	14.6337	14.3968	8.44751	0	8.51004	3.15	11.2227	6.90785	9.63715	9.99849	21.5099	11.7585	
19.6122	4.33797	25.4035	19.8131	16.6068	16.7007	8.51004	0	5.36004	12.257	14.4283	5.09435	10.473	24.9156	12.2588	
11.7135	9.69801	16.387	16.7941	11.2468	11.3703	3.15	5.36004	0	8.07272	9.0683	10.4544	13.1485	15.392	18.4049	
16.93	12.9044	15.0931	9.24826	17.3967	14.6697	11.2227	12.257	8.07272	0	10.8474	7.16268	12.5413	7.31927	19.9794	
15.3297	21.8029	21.0665	7.72583	14.8631	15.3554	6.90785	14.4283	9.0683	10.8474	0	16.0612	16.9063	9.65482	22.1628	
18.0667	5.74171	20.3091	14.6929	17.6	11.5806	9.63715	5.09435	10.4544	7.16268	16.0612	0	5.37862	14.482	7.13862	
11.9269	11.033	11.2187	9.31429	22.9786	6.20197	9.99849	10.473	13.1485	12.5413	16.9063	5.37862	0	11.2433	1.76	
18.7873	21.1132	18.0791	1.92899	15.7596	13.0624	21.5099	24.9156	15.392	7.31927	9.65482	14.482	11.2433	0	36.3084	
33.6545	10.1241	29.4062	11.0743	30.4167	7.96197	11.7585	12.2588	18.4049	19.9794	22.1628	7.13862	1.76	36.3084	0	

0	21.5795	23.9497	14.862	0.721249	10.4956	10.5146	20.0125	12.6775	7.65105	11.0608	21.2075	20.3794	13.7868	11.0409	
21.5795	0	19.9142	17.317	20.8583	15.7227	16.0158	5.27712	12.6987	18.8793	27.7342	17.4479	2.81233	18.3922	6.29233	
23.9497	19.9142	0	5.81986	23.8598	13.4541	21.1649	20.8865	13.4649	18.4913	16.2602	20.8032	22.7265	6.89504	22.2745	
14.862	17.317	5.81986	0	18.04	11.6503	26.1773	20.8196	14.0082	10.6659	10.4403	14.9704	20.1294	1.07517	19.2914	
0.721249	20.8583	23.8598	18.04	0	11.2169	25.7417	20.0398	13.9074	8.37229	10.3395	14.6278	13.7997	14.5081	10.3197	
10.4956	15.7227	13.4541	11.6503	11.2169	0	10.585	10.3066	2.885	7.91141	6.45285	24.3882	13.6852	12.7255	14.636	
10.5146	16.0158	21.1649	26.1773	25.7417	10.585	0	15.1216	7.7	2.86356	11.2679	20.8669	16.9281	12.4543	16.5588	
20.0125	5.27712	20.8865	20.8196	20.0398	10.3066	15.1216	0	7.42159	12.448	10.9894	14.4905	5.62885	19.7445	9.10885	
12.6775	12.6987	13.4649	14.0082	13.9074	2.885	7.7	7.42159	0	5.02641	3.56786	8.09793	10.8002	14.6172	11.751	
7.65105	18.8793	18.4913	10.6659	8.37229	7.91141	2.86356	12.448	5.02641	0	8.59427	14.067	15.8266	9.59077	16.7774	
11.0608	27.7342	16.2602	10.4403	10.3395	6.45285	11.2679	10.9894	3.56786	8.59427	0	4.53008	14.3681	11.5155	8.83821	
21.2075	17.4479	20.8032	14.9704	14.6278	24.3882	20.8669	14.4905	8.09793	14.067	4.53008	0	7.78813	16.0585	4.30813	
20.3794	2.81233	22.7265	20.1294	13.7997	13.6852	16.9281	5.62885	10.8002	15.8266	14.3681	7.78813	0	25.3733	3.48	
13.7868	18.3922	6.89504	1.07517	14.5081	12.7255	12.4543	19.7445	14.6172	9.59077	11.5155	16.0585	25.3733	0	25.4224	
11.0409	6.29233	22.2745	19.2914	10.3197	14.636	16.5588	9.10885	11.751	16.7774	8.83821	4.30813	3.48	25.4224	0	

0	15.1473	24.1274	20.3864	0.820244	17.1832	11.0244	13.367	17.2807	8.07235	3.40512	18.1203	11.4696	15.39	16.7896	
15.1473	0	11.1083	17.3501	16.8099	17.5938	4.66397	1.8783	8.95714	20.2416	19.6719	17.8787	3.67766	16.5812	2.36947	
24.1274	11.1083	0	16.7326	21.0675	13.112	12.0157	9.23002	16.8806	11.6258	14.7562	10.8097	11.1274	21.7713	14.2363	
20.3864	17.3501	16.7326	0	14.5485	9.99674	8.64833	11.434	10.3617	5.10683	8.23728	18.8974	17.8999	4.9964	14.9807	
0.820244	16.8099	21.0675	14.5485	0	14.3316	10.2042	12.9898	14.6966	5.71533	2.58488	15.7633	12.2899	16.2102	19.9379	
17.1832	17.5938	13.112	9.99674	14.3316	0	10.3307	17.4109	7.72161	4.88991	8.02036	19.5408	20.5443	19.2761	14.3093	
11.0244	4.66397	12.0157	8.64833	10.2042	10.3307	0	2.78568	5.04	5.44077	8.57122	10.249	4.68304	13.6447	7.79199	
13.367	1.8783	9.23002	11.434	12.9898	17.4109	2.78568	0	7.82568	8.22645	17.5165	13.0347	1.89737	14.8009	4.24777	
17.2807	8.95714	16.8806	10.3617	14.6966	7.72161	5.04	7.82568	0	5.25488	8.38533	14.5927	11.5867	19.641	6.58766	
8.07235	20.2416	11.6258	5.10683	5.71533	4.88991	5.44077	8.22645	5.25488	0	3.13045	14.6509	17.3202	10.1032	11.8425	
3.40512	19.6719	14.7562	8.23728	2.58488	8.02036	8.57122	17.5165	8.38533	3.13045	0	13.1784	16.4115	17.5166	18.8995	
18.1203	17.8787	10.8097	18.8974	15.7633	19.5408	10.249	13.0347	14.5927	14.6509	13.1784	0	20.8293	29.0371	15.5093	
11.4696	3.67766	11.1274	17.8999	12.2899	20.5443	4.68304	1.89737	11.5867	17.3202	16.4115	20.8293	0	12.9035	5.32	
15.39	16.5812	21.7713	4.9964	16.2102	19.2761	13.6447	14.8009	19.641	10.1032	17.5166	29.0371	12.9035	0	18.2235	
16.7896	2.36947	14.2363	14.9807	19.9379	14.3093	7.79199	4.24777	6.58766	11.8425	18.8995	15.5093	5.32	18.2235	0	

0	25.011	20.5143	40.3264	2.30517	14.2238	13.384	24.7102	10.5059	8.79056	14.1778	10.3598	14.2017	21.9519	16.3912	
25.011	0	16.7256	17.4886	22.623	18.1453	9.07634	1.83358	14.4222	15.3061	24.7657	6.00521	2.16333	23.0517	7.04333	
20.5143	16.7256	0	11.9821	13.7248	11.9729	5.128	12.3708	5.52406	9.86505	18.2961	8.62889	13.9964	10.0955	8.25722	
40.3264	17.4886	11.9821	0	33.8345	23.6335	13.4017	15.9576	17.5061	18.3624	28.8152	13.616	15.1524	2.02386	10.2724	
2.30517	22.623	13.7248	33.8345	0	14.6496	11.0708	18.3216	8.20076	10.2557	12.1705	11.22	15.0619	22.8121	14.208	
14.2238	18.1453	11.9729	23.6335	14.6496	0	7.30209	14.5449	6.44881	5.43323	10.8205	9.55365	15.982	24.7801	10.4313	
13.384	9.07634	5.128	13.4017	11.0708	7.30209	0	7.24276	2.87	7.21099	13.1681	5.97483	8.00922	15.2235	3.12922	
24.7102	1.83358	12.3708	15.9576	18.3216	14.5449	7.24276	0	10.1128	13.7751	20.4109	5.61275	1.77088	26.5936	5.68514	
10.5059	14.4222	5.52406	17.5061	8.20076	6.44881	2.87	10.1128	0	4.34099	9.72827	3.10483	6.94671	14.697	5.99922	
8.79056	15.3061	9.86505	18.3624	10.2557	5.43323	7.21099	13.7751	4.34099	0	5.38728	7.44583	12.97	19.9387	8.08999	
14.1778	24.7657	18.2961	28.8152	12.1705	10.8205	13.1681	20.4109	9.72827	5.38728	0	15.4802	24.639	25.326	13.4773	
10.3598	6.00521	8.62889	13.616	11.22	9.55365	5.97483	5.61275	3.10483	7.44583	15.4802	0	3.84187	11.5921	6.03138	
14.2017	2.16333	13.9964	15.1524	15.0619	15.982	8.00922	1.77088	6.94671	12.97	24.639	3.84187	0	15.434	4.88	
21.9519	23.0517	10.0955	2.02386	22.8121	24.7801	15.2235	26.5936	14.697	19.9387	25.326	11.5921	15.434	0	12.2963	
16.3912	7.04333	8.25722	10.2724	14.208	10.4313	3.12922	5.68514	5.99922	8.08999	13.4773	6.03138	4.88	12.2963	0	

0	27.9415	13.2948	9.73866	1.83848	7.15612	14.9581	12.1537	7.08025	13.249	5.35373	11.7411	22.758	20.3947	9.90074	
27.9415	0	26.7537	19.8497	16.3554	19.9028	6.40631	2.32551	15.9263	13.2923	9.12551	17.2251	9.09278	21.3853	8.29315	
13.2948	26.7537	0	3.42345	22.8504	9.09956	15.7346	23.5481	6.21456	12.3833	7.80838	25.5502	17.3524	7.43954	14.98	
9.73866	19.8497	3.42345	0	14.1859	9.48669	16.6415	11.1849	9.63801	16.0331	4.38493	25.3425	13.9088	4.01609	11.5565	
1.83848	16.3554	22.8504	14.1859	0	8.99459	13.1196	16.601	8.91873	14.8137	7.19221	13.5796	14.0223	18.5562	8.06226	
7.15612	19.9028	9.09956	9.48669	8.99459	0	12.405	21.439	2.885	6.61043	8.5341	18.8972	12.3824	13.5028	16.5367	
14.9581	6.40631	15.7346	16.6415	13.1196	12.405	0	8.73182	9.52	7.8748	15.1691	13.3084	11.045	14.979	5.08498	
12.1537	2.32551	23.5481	11.1849	16.601	21.439	8.73182	0	12.4491	12.5392	6.8	19.5506	6.76727	16.6599	10.6187	
7.08025	15.9263	6.21456	9.63801	8.91873	2.885	9.52	12.4491	0	6.16878	5.64911	18.8213	11.9407	16.6707	14.605	
13.249	13.2923	12.3833	16.0331	14.8137	6.61043	7.8748	12.5392	6.16878	0	11.6482	20.1857	5.77194	15.6646	11.7319	
5.35373	9.12551	7.80838	4.38493	7.19221	8.5341	15.1691	6.8	5.64911	11.6482	0	17.0948	13.5673	8.40102	15.9414	
11.7411	17.2251	25.5502	25.3425	13.5796	18.8972	13.3084	19.5506	18.8213	20.1857	17.0948	0	17.0323	26.925	13.786	
22.758	9.09278	17.3524	13.9088	14.0223	12.3824	11.045	6.76727	11.9407	5.77194	13.5673	17.0323	0	9.89267	5.96	
20.3947	21.3853	7.43954	4.01609	18.5562	13.5028	14.979	16.6599	16.6707	15.6646	8.40102	26.925	9.89267	0	14.545	
9.90074	8.29315	14.98	11.5565	8.06226	16.5367	5.08498	10.6187	14.605	11.7319	15.9414	13.786	5.96	14.545	0	

0	16.4581	13.6054	14.4486	2.12132	15.5049	14.5314	28.4913	10.1484	10.0929	8.47581	7.62132	21.2298	13.3876	14.0535	
16.4581	0	16.8455	27.9287	17.6404	9.042	8.11535	2.68328	6.30971	19.6373	18.4756	6.83423	3.31711	28.1983	5.70827	
13.6054	16.8455	0	13.3514	15.7267	3.19249	15.7922	14.959	11.5929	13.1534	13.3936	14.5838	8.91738	14.2053	11.1373	
14.4486	27.9287	13.3514	0	12.1201	16.5439	12.3548	17.7868	18.1648	16.7933	18.6818	17.8273	24.5311	0.853815	24.2594	
2.12132	17.6404	15.7267	12.1201	0	16.5556	24.0094	9.65095	12.2697	11.4506	6.35449	5.5	15.0921	11.2663	8.94651	
15.5049	9.042	3.19249	16.5439	16.5556	0	12.5997	12.9863	8.40043	9.96092	10.2011	16.8663	5.72489	26.6186	8.88489	
14.5314	8.11535	15.7922	12.3548	24.0094	12.5997	0	5.43207	5.81	4.43852	9.5346	9.58302	12.1764	13.2086	15.3364	
28.4913	2.68328	14.959	17.7868	9.65095	12.9863	5.43207	0	8.993	9.8706	23.1874	4.15095	6.00039	21.7425	7.59746	
10.1484	6.30971	11.5929	18.1648	12.2697	8.40043	5.81	8.993	0	10.2485	18.4237	22.9758	9.62682	22.1205	12.018	
10.0929	19.6373	13.1534	16.7933	11.4506	9.96092	4.43852	9.8706	10.2485	0	5.09608	17.3793	15.6858	16.6576	13.9328	
8.47581	18.4756	13.3936	18.6818	6.35449	10.2011	9.5346	23.1874	18.4237	5.09608	0	11.8545	15.1585	17.6208	18.2866	
7.62132	6.83423	14.5838	17.8273	5.5	16.8663	9.58302	4.15095	22.9758	17.3793	11.8545	0	6.60651	16.7663	3.44651	
21.2298	3.31711	8.91738	24.5311	15.0921	5.72489	12.1764	6.00039	9.62682	15.6858	15.1585	6.60651	0	28.4868	3.16	
13.3876	28.1983	14.2053	0.853815	11.2663	26.6186	13.2086	21.7425	22.1205	16.6576	17.6208	16.7663	28.4868	0	23.1984	
14.0535	5.70827	11.1373	24.2594	8.94651	8.88489	15.3364	7.59746	12.018	13.9328	18.2866	3.44651	3.16	23.1984	0	

0	24.2126	16.6169	20.6022	0.848528	10.5695	13.119	15.3956	16.5471	4.61751	3.08869	9.06015	10.6667	24.9978	8.94674	
24.2126	0	5.53173	20.9372	35.5717	20.354	7.06903	8.04984	15.679	15.2987	16.8275	12.2008	11.3935	25.6467	11.2413	
16.6169	5.53173	0	15.4055	30.04	14.8223	12.6008	13.5816	20.4055	15.057	13.5282	19.4997	16.9253	19.8011	15.7232	
20.6022	20.9372	15.4055	0	20.6986	9.48669	13.61	21.8236	5	9.56946	16.6273	9.03629	23.0833	4.39557	13.3681	
0.848528	35.5717	30.04	20.6986	0	24.7133	24.3086	23.951	15.6986	15.6623	3.93722	19.7349	13.6675	26.1779	9.79527	
10.5695	20.354	14.8223	9.48669	24.7133	0	19.2166	19.9844	10.6066	9.00963	7.48081	13.4523	13.5966	13.8823	15.3166	
13.119	7.06903	12.6008	13.61	24.3086	19.2166	0	10.6211	8.61	11.8838	13.4126	12.6463	5.89229	21.6363	4.17229	
15.3956	8.04984	13.5816	21.8236	23.951	19.9844	10.6211	0	8.18724	17.9879	10.1224	4.15095	6.3878	15.3291	6.44881	
16.5471	15.679	20.4055	5	15.6986	10.6066	8.61	8.18724	0	4.56946	6.09829	4.03629	10.0881	9.39557	8.36811	
4.61751	15.2987	15.057	9.56946	15.6623	9.00963	11.8838	17.9879	4.56946	0	1.52882	7.50029	19.0236	10.3479	12.9376	
3.08869	16.8275	13.5282	16.6273	3.93722	7.48081	13.4126	10.1224	6.09829	1.52882	0	5.97147	15.9077	11.8768	12.0354	
9.06015	12.2008	19.4997	9.03629	19.7349	13.4523	12.6463	4.15095	4.03629	7.50029	5.97147	0	10.2286	11.1781	8.50856	
10.6667	11.3935	16.9253	23.0833	13.6675	13.5966	5.89229	6.3878	10.0881	19.0236	15.9077	10.2286	0	30.5459	1.72	
24.9978	25.6467	19.8011	4.39557	26.1779	13.8823	21.6363	15.3291	9.39557	10.3479	11.8768	11.1781	30.5459	0	19.6867	
8.94674	11.2413	15.7232	13.3681	9.79527	15.3166	4.17229	6.44881	8.36811	12.9376	12.0354	8.50856	1.72	19.6867	0	

0	8.23564	12.2143	14.7988	0.905097	13.7241	11.9911	9.57728	13.8242	18.1606	11.2446	14.5713	8.77091	16.0312	10.5798	
8.23564	0	14.2313	12.232	9.14074	15.2618	3.75542	1.34164	5.5886	13.7779	18.5221	6.33568	3.11252	9.54405	8.48974	
12.2143	14.2313	0	7.37515	11.3092	12.6559	16.1413	20.0514	15.1054	6.11882	12.2341	20.1702	20.6856	4.68722	18.0162	
14.7988	12.232	7.37515	0	14.7244	6.99019	20.5921	13.8636	16.6634	10.5002	4.38493	23.737	15.6345	2.68794	25.8279	
0.905097	9.14074	11.3092	14.7244	0	12.819	20.1168	21.639	21.0696	16.4548	10.3395	11.8288	9.676	15.9964	9.67471	
13.7241	15.2618	12.6559	6.99019	12.819	0	13.6019	20.8538	9.67322	10.7398	4.6245	16.7468	14.9951	9.67813	18.9008	
11.9911	3.75542	16.1413	20.5921	20.1168	13.6019	0	5.09706	6.3	10.0225	16.1378	10.0911	9.00854	13.2995	11.8485	
9.57728	1.34164	20.0514	13.8636	21.639	20.8538	5.09706	0	6.93025	17.5903	18.2486	7.67732	1.77088	10.8857	4.61088	
13.8242	5.5886	15.1054	16.6634	21.0696	9.67322	6.3	6.93025	0	8.98661	12.9335	7.60685	5.32184	15.1326	8.16184	
18.1606	13.7779	6.11882	10.5002	16.4548	10.7398	10.0225	17.5903	8.98661	0	6.11529	16.5935	14.3085	8.32882	18.6594	
11.2446	18.5221	12.2341	4.38493	10.3395	4.6245	16.1378	18.2486	12.9335	6.11529	0	20.5403	18.2553	7.07286	20.0142	
14.5713	6.33568	20.1702	23.737	11.8288	16.7468	10.0911	7.67732	7.60685	16.5935	20.5403	0	4.99407	15.8797	2.15407	
8.77091	3.11252	20.6856	15.6345	9.676	14.9951	9.00854	1.77088	5.32184	14.3085	18.2553	4.99407	0	17.332	2.84	
16.0312	9.54405	4.68722	2.68794	15.9964	9.67813	13.2995	10.8857	15.1326	8.32882	7.07286	15.8797	17.332	0	21.9299	
10.5798	8.48974	18.0162	25.8279	9.67471	18.9008	11.8485	4.61088	8.16184	18.6594	20.0142	2.15407	2.84	21.9299	0	

0	11.373	11.1634	15.2715	0.537401	10.7342	10.926	15.8452	15.966	15.6394	7.41285	15.885	14.0495	8.49006	9.60946	
11.373	0	11.5869	25.1869	11.9104	6	9.62564	4.47214	14.8247	14.8743	17.1728	13.6613	9.9745	18.5753	9.15478	
11.1634	11.5869	0	4.10814	11.7008	5.58686	9.59585	18.5732	14.4116	14.4611	9.1008	15.6338	18.5254	8.53533	14.0854	
15.2715	25.1869	4.10814	0	12.3798	9.695	22.2386	18.5304	27.2786	20.479	13.2089	11.5256	26.5214	4.42719	15.336	
0.537401	11.9104	11.7008	12.3798	0	11.2716	11.0788	16.2323	16.1188	17.4674	7.95025	16.4224	21.4733	7.95266	10.1469	
10.7342	6	5.58686	9.695	11.2716	0	4.00899	9.16249	8.82469	8.87428	14.6877	17.8276	14.4035	15.6824	14.5701	
10.926	9.62564	9.59585	22.2386	11.0788	4.00899	0	5.1535	5.04	11.5896	16.3382	19.1213	10.3945	19.0315	10.5611	
15.8452	4.47214	18.5732	18.5304	16.2323	9.16249	5.1535	0	10.1935	11.3711	16.673	15.283	5.50236	14.1032	8.65499	
15.966	14.8247	14.4116	27.2786	16.1188	8.82469	5.04	10.1935	0	6.54956	11.2982	15.5029	15.4345	30.5313	15.6011	
15.6394	14.8743	14.4611	20.479	17.4674	8.87428	11.5896	11.3711	6.54956	0	8.22652	8.95335	16.8734	25.4743	16.2445	
7.41285	17.1728	9.1008	13.2089	7.95025	14.6877	16.3382	16.673	11.2982	8.22652	0	8.85424	12.458	18.9268	8.01798	
15.885	13.6613	15.6338	11.5256	16.4224	17.8276	19.1213	15.283	15.5029	8.95335	8.85424	0	19.1954	15.9528	14.7554	
14.0495	9.9745	18.5254	26.5214	21.4733	14.4035	10.3945	5.50236	15.4345	16.8734	12.458	19.1954	0	15.3488	4.44	
8.49006	18.5753	8.53533	4.42719	7.95266	15.6824	19.0315	14.1032	30.5313	25.4743	18.9268	15.9528	15.3488	0	10.9088	
9.60946	9.15478	14.0854	15.336	10.1469	14.5701	10.5611	8.65499	15.6011	16.2445	8.01798	14.7554	4.44	10.9088	0	

0	21.1774	30.2297	11.2719	0.933381	18.0475	13.4886	17.0262	9.13414	12.0919	6.48625	7.09338	10.7413	10.26	7.6213	
21.1774	0	17.198	22.6737	20.8202	14.25	7.73175	4.78519	10.5318	17.7982	15.3252	12.6268	10.6003	27.6966	13.599	
30.2297	17.198	0	16.6037	18.9351	3.99061	17.3563	12.4128	11.7971	19.8375	15.5519	12.7751	15.6789	17.4372	16.3276	
11.2719	22.6737	16.6037	0	37.7853	14.4585	18.841	17.8885	21.641	16.6527	7.50317	23.7361	19.8435	1.01193	22.9635	
0.933381	20.8202	18.9351	37.7853	0	16.0072	11.0008	27.3417	8.20076	13.3795	7.41963	6.16	10.8983	11.1934	8.55468	
18.0475	14.25	3.99061	14.4585	16.0072	0	10.6065	16.4034	7.80646	12.9852	11.5612	16.4266	11.6883	13.4466	12.3369	
13.4886	7.73175	17.3563	18.841	11.0008	10.6065	0	12.5169	2.8	7.97873	8.20307	4.89506	5.64271	14.6943	5.86728	
17.0262	4.78519	12.4128	17.8885	27.3417	16.4034	12.5169	0	17.4046	16.1457	10.54	11.6953	6.95701	17.0312	10.077	
9.13414	10.5318	11.7971	21.641	8.20076	7.80646	2.8	17.4046	0	5.17873	10.7844	7.69506	8.44271	21.253	7.1218	
12.0919	17.7982	19.8375	16.6527	13.3795	12.9852	7.97873	16.1457	5.17873	0	5.60568	17.1323	21.8051	12.0969	12.3005	
6.48625	15.3252	15.5519	7.50317	7.41963	11.5612	8.20307	10.54	10.7844	5.60568	0	13.0981	13.8458	6.49124	14.0704	
7.09338	12.6268	12.7751	23.7361	6.16	16.4266	4.89506	11.6953	7.69506	17.1323	13.0981	0	4.73831	27.9867	7.85831	
10.7413	10.6003	15.6789	19.8435	10.8983	11.6883	5.64271	6.95701	8.44271	21.8051	13.8458	4.73831	0	20.8554	3.12	
10.26	27.6966	17.4372	1.01193	11.1934	13.4466	14.6943	17.0312	21.253	12.0969	6.49124	27.9867	20.8554	0	17.8813	
7.6213	13.599	16.3276	22.9635	8.55468	12.3369	5.86728	10.077	7.1218	12.3005	14.0704	7.85831	3.12	17.8813	0	

0	34.2199	22.3267	16.2497	0.452548	21.2298	8.32433	23.2429	12.8334	5.98735	7.92764	19.3383	25.7414	18.2419	19.9546	
34.2199	0	11.8932	20.2032	24.6607	10.1516	5.46559	5.99266	7.57166	10.14	12.4775	8.2059	1.80278	22.1955	7.88278	
22.3267	11.8932	0	12.8379	12.4695	9.91953	15.0713	12.7311	8.63134	6.93467	13.5371	6.8789	13.282	14.8302	9.89459	
16.2497	20.2032	12.8379	0	16.7022	6.32446	11.7652	15.6525	9.88828	11.8482	23.1558	19.7168	14.6733	1.99223	17.1207	
0.452548	24.6607	12.4695	16.7022	0	11.0586	7.87179	22.7904	14.2168	5.5348	8.38018	19.7908	11.5346	29.95	14.299	
21.2298	10.1516	9.91953	6.32446	11.0586	0	5.44077	10.7793	3.56382	5.52378	8.46962	14.7519	8.3488	8.3167	7.12472	
8.32433	5.46559	15.0713	11.7652	7.87179	5.44077	0	11.948	6.44	10.9646	11.3458	10.0659	3.66281	21.9608	9.74281	
23.2429	5.99266	12.7311	15.6525	22.7904	10.7793	11.948	0	7.21543	15.2978	12.1212	9.54936	7.79544	17.6447	6.53367	
12.8334	7.57166	8.63134	9.88828	14.2168	3.56382	6.44	7.21543	0	8.68198	4.9058	6.57659	7.51319	20.0839	3.5609	
5.98735	10.14	6.93467	11.8482	5.5348	5.52378	10.9646	15.2978	8.68198	0	12.449	11.7799	8.33725	21.5314	8.76416	
7.92764	12.4775	13.5371	23.1558	8.38018	8.46962	11.3458	12.1212	4.9058	12.449	0	15.0427	12.419	26.0049	8.4667	
19.3383	8.2059	6.8789	19.7168	19.7908	14.7519	10.0659	9.54936	6.57659	11.7799	15.0427	0	6.40312	21.8419	3.01569	
25.7414	1.80278	13.282	14.6733	11.5346	8.3488	3.66281	7.79544	7.51319	8.33725	12.419	6.40312	0	24.8689	6.08	
18.2419	22.1955	14.8302	1.99223	29.95	8.3167	21.9608	17.6447	20.0839	21.5314	26.0049	21.8419	24.8689	0	19.113	
19.9546	7.88278	9.89459	17.1207	14.299	7.12472	9.74281	6.53367	3.5609	8.76416	8.4667	3.01569	6.08	19.113	0	

0	22.3812	30.5313	16.3308	1.90919	9.86185	11.0963	17.2117	7.31626	11.8096	11.737	10.8868	17.3513	17.507	11.2614	
22.3812	0	9.12735	23.8482	15.9221	11.7498	14.9112	5.41128	15.3067	15.6994	15.1329	19.8174	9.51866	15.2568	6.5699	
30.5313	9.12735	0	6.85676	11.3296	2.6224	24.0386	14.5386	5.16799	5.70123	7.79096	17.9736	7.39315	6.12944	15.6973	
16.3308	23.8482	6.85676	0	17.4386	9.76229	16.03	22.1455	12.25	10.6362	4.59373	8.9179	10.208	0.727324	26.7908	
1.90919	15.9221	11.3296	17.4386	0	8.70724	21.3988	24.1251	9.22545	11.7861	13.6462	22.3106	13.478	18.1659	9.35222	
9.86185	11.7498	2.6224	9.76229	8.70724	0	6.32558	11.3483	2.54558	3.07883	5.16856	6.11614	4.77074	8.75184	10.0507	
11.0963	14.9112	24.0386	16.03	21.3988	6.32558	0	11.1427	3.78	8.27331	12.3459	7.35056	6.73166	17.3327	12.0117	
17.2117	5.41128	14.5386	22.1455	24.1251	11.3483	11.1427	0	9.89545	10.2881	12.1918	13.466	6.57754	23.4482	11.8575	
7.31626	15.3067	5.16799	12.25	9.22545	2.54558	3.78	9.89545	0	4.49331	7.71414	3.57056	7.31633	12.9773	16.8181	
11.8096	15.6994	5.70123	10.6362	11.7861	3.07883	8.27331	10.2881	4.49331	0	6.04249	8.06387	7.84958	11.8125	18.2025	
11.737	15.1329	7.79096	4.59373	13.6462	5.16856	12.3459	12.1918	7.71414	6.04249	0	4.32416	5.61427	5.32106	10.8943	
10.8868	19.8174	17.9736	8.9179	22.3106	6.11614	7.35056	13.466	3.57056	8.06387	4.32416	0	9.93843	10.0942	13.2475	
17.3513	9.51866	7.39315	10.208	13.478	4.77074	6.73166	6.57754	7.31633	7.84958	5.61427	9.93843	0	11.3843	5.28	
17.507	15.2568	6.12944	0.727324	18.1659	8.75184	17.3327	23.4482	12.9773	11.8125	5.32106	10.0942	11.3843	0	36.1644	
11.2614	6.5699	15.6973	26.7908	9.35222	10.0507	12.0117	11.8575	16.8181	18.2025	10.8943	13.2475	5.28	36.1644	0	

0	24.2607	24.522	24.3816	1.23037	9.9376	11.9029	20.1137	16.9756	11.6488	6.07442	14.9641	14.2151	9.84575	14.4525	
24.2607	0	8.021	13.6062	19.2072	10.5	11.4872	3.08577	9.55471	11.4787	17.3157	16.8511	10.4561	13.7899	8.40086	
24.522	8.021	0	8.58331	14.3843	6.61302	3.94462	11.1068	8.21462	6.80818	9.77312	13.4288	10.5773	5.76888	10.4638	
24.3816	13.6062	8.58331	0	11.4298	9.15382	25.0934	16.692	12.7176	21.5597	16.7706	36.7628	24.0623	2.81443	19.1284	
1.23037	19.2072	14.3843	11.4298	0	8.70724	13.282	18.8114	12.2711	10.4184	7.30479	16.1945	20.0621	8.61538	13.2221	
9.9376	10.5	6.61302	9.15382	8.70724	0	7.83382	13.5858	3.56382	8.8187	7.61682	10.8602	8.88566	8.45212	9.97455	
11.9029	11.4872	3.94462	25.0934	13.282	7.83382	0	11.2565	4.27	2.86356	5.8285	9.48418	6.63266	9.7135	6.5192	
20.1137	3.08577	11.1068	16.692	18.8114	13.5858	11.2565	0	12.6405	8.39293	16.1096	19.6701	7.96894	27.8584	8.14587	
16.9756	9.55471	8.21462	12.7176	12.2711	3.56382	4.27	12.6405	0	5.25488	10.0985	7.29636	5.32184	12.0159	10.7892	
11.6488	11.4787	6.80818	21.5597	10.4184	8.8187	2.86356	8.39293	5.25488	0	8.69206	12.3477	9.49623	19.0338	9.38277	
6.07442	17.3157	9.77312	16.7706	7.30479	7.61682	5.8285	16.1096	10.0985	8.69206	0	15.3127	8.14069	16.0689	12.3477	
14.9641	16.8511	13.4288	36.7628	16.1945	10.8602	9.48418	19.6701	7.29636	12.3477	15.3127	0	12.6182	23.4575	11.5243	
14.2151	10.4561	10.5773	24.0623	20.0621	8.88566	6.63266	7.96894	5.32184	9.49623	8.14069	12.6182	0	19.592	6.84	
9.84575	13.7899	5.76888	2.81443	8.61538	8.45212	9.7135	27.8584	12.0159	19.0338	16.0689	23.4575	19.592	0	18.4267	
14.4525	8.40086	10.4638	19.1284	13.2221	9.97455	6.5192	8.14587	10.7892	9.38277	12.3477	11.5243	6.84	18.4267	0	

0	16.2596	12.3322	18.2708	0.494975	6.67904	11.4039	23.6552	11.278	9.01448	6.84947	12.155	14.1684	14.3628	17.4484	
16.2596	0	23.6991	25.8361	16.2231	11	8.23805	5.36656	5.22805	8.88362	9.09323	7.52362	2.09122	18.6837	5.37122	
12.3322	23.6991	0	8.38745	11.2738	10.4446	5.71969	23.1302	8.72969	6.52097	4.91935	17.6514	16.4111	12.4352	13.7578	
18.2708	25.8361	8.38745	0	17.2124	11.7315	7.72172	25.1322	10.7317	12.4595	10.8579	19.6534	18.4132	4.04772	13.1384	
0.494975	16.2231	11.2738	17.2124	0	7.17402	15.4283	21.5897	10.2197	7.95612	6.35449	11.66	14.6634	18.6157	17.236	
6.67904	11	10.4446	11.7315	7.17402	0	4.72488	16.3666	7.73488	4.88991	6.49153	16.6566	13.0912	7.68375	16.7744	
11.4039	8.23805	5.71969	7.72172	15.4283	4.72488	0	17.4105	3.01	6.66557	6.87518	11.9317	10.6915	11.7694	13.9715	
23.6552	5.36656	23.1302	25.1322	21.5897	16.3666	17.4105	0	10.5946	21.1177	20.7245	12.8902	7.45778	18.9336	9.84293	
11.278	5.22805	8.72969	10.7317	10.2197	7.73488	3.01	10.5946	0	3.65557	3.86518	12.7517	7.31927	16.1264	14.7467	
9.01448	8.88362	6.52097	12.4595	7.95612	4.88991	6.66557	21.1177	3.65557	0	1.60162	18.2323	17.1167	12.5737	12.4832	
6.84947	9.09323	4.91935	10.8579	6.35449	6.49153	6.87518	20.7245	3.86518	1.60162	0	18.0145	14.1615	12.2612	10.8815	
12.155	7.52362	17.6514	19.6534	11.66	16.6566	11.9317	12.8902	12.7517	18.2323	18.0145	0	9.61484	16.3068	7.21612	
14.1684	2.09122	16.4111	18.4132	14.6634	13.0912	10.6915	7.45778	7.31927	17.1167	14.1615	9.61484	0	12.3707	3.28	
14.3628	18.6837	12.4352	4.04772	18.6157	7.68375	11.7694	18.9336	16.1264	12.5737	12.2612	16.3068	12.3707	0	9.09065	
17.4484	5.37122	13.7578	13.1384	17.236	16.7744	13.9715	9.84293	14.7467	12.4832	10.8815	7.21612	3.28	9.09065	0	

0	27.1604	9.76795	12.3618	1.83848	22.7659	11.4595	32.5765	16.8456	16.0086	6.03891	11.0504	27.8266	16.823	9.57825	
27.1604	0	14.6494	13.6062	21.1082	10.8004	11.4872	6.0821	7.57166	13.055	18.5725	18.4131	5.55255	14.6498	9.90048	
9.76795	14.6494	0	4.964	11.6064	11.8295	12.4677	20.0655	7.0777	11.0139	16.9718	12.12	18.2458	6.00755	21.2748	
12.3618	13.6062	4.964	0	10.5233	7.82236	16.8426	19.6884	12.0417	9.54755	9.93895	17.084	13.0702	1.04355	18.2631	
1.83848	21.1082	11.6064	10.5233	0	18.3457	9.62107	11.5581	15.0111	12.2814	4.20043	12.8889	14.2598	11.5669	7.73977	
22.7659	10.8004	11.8295	7.82236	18.3457	0	9.02023	8.59983	4.75176	7.42542	15.5063	22.024	5.24782	8.86591	11.7678	
11.4595	11.4872	12.4677	16.8426	9.62107	9.02023	0	11.1726	5.39	10.8734	12.0887	16.0619	7.8206	20.9841	12.7776	
32.5765	6.0821	20.0655	19.6884	11.5581	8.59983	11.1726	0	12.9878	11.903	23.9887	12.9732	3.35201	29.5084	3.81838	
16.8456	7.57166	7.0777	12.0417	15.0111	4.75176	5.39	12.9878	0	5.48336	11.0009	18.629	9.99958	16.7936	16.8062	
16.0086	13.055	11.0139	9.54755	12.2814	7.42542	10.8734	11.903	5.48336	0	8.08092	23.1339	8.55102	10.5911	15.071	
6.03891	18.5725	16.9718	9.93895	4.20043	15.5063	12.0887	23.9887	11.0009	8.08092	0	16.0612	16.6319	8.8954	11.9402	
11.0504	18.4131	12.12	17.084	12.8889	22.024	16.0619	12.9732	18.629	23.1339	16.0612	0	15.6748	22.1739	9.15478	
27.8266	5.55255	18.2458	13.0702	14.2598	5.24782	7.8206	3.35201	9.99958	8.55102	16.6319	15.6748	0	22.9372	6.52	
16.823	14.6498	6.00755	1.04355	11.5669	8.86591	20.9841	29.5084	16.7936	10.5911	8.8954	22.1739	22.9372	0	34.7468	
9.57825	9.90048	21.2748	18.2631	7.73977	11.7678	12.7776	3.81838	16.8062	15.071	11.9402	9.15478	6.52	34.7468	0	

0	19.7845	20.5833	21.9488	1.49907	15.0278	22.8364	12.808	21.6464	13.5114	9.16311	8.75907	19.8283	23.7262	23.5432	
19.7845	0	14.0662	18.3898	20.7233	23.9252	15.4635	6.97653	17.3066	18.6183	21.9293	9.51137	2.596	26.2585	6.236	
20.5833	14.0662	0	10.8258	19.0842	7.18311	16.7646	18.4905	13.8016	13.9746	21.7367	18.3856	11.4702	8.8336	15.1102	
21.9488	18.3898	10.8258	0	29.1115	10.4853	23.3279	20.0792	17.1038	8.43737	18.7023	22.7092	15.7938	1.99223	19.4338	
1.49907	20.7233	19.0842	29.1115	0	16.5269	33.7239	14.3071	22.1632	15.0105	10.6622	7.26	14.1754	25.2253	12.9683	
15.0278	23.9252	7.18311	10.4853	16.5269	0	17.3985	18.4333	6.61852	6.79154	14.5536	21.5217	18.6533	12.4775	22.4199	
22.8364	15.4635	16.7646	23.3279	33.7239	17.3985	0	10.0284	10.78	14.8905	25.1555	9.22864	7.16037	23.3006	3.52037	
12.808	6.97653	18.4905	20.0792	14.3071	18.4333	10.0284	0	20.8084	11.6418	21.9068	13.9356	7.02026	21.1548	10.6603	
21.6464	17.3066	13.8016	17.1038	22.1632	6.61852	10.78	20.8084	0	11.9568	15.1634	14.9032	19.9026	19.2967	14.3004	
13.5114	18.6183	13.9746	8.43737	15.0105	6.79154	14.8905	11.6418	11.9568	0	10.265	20.1857	17.9571	10.4296	18.4109	
9.16311	21.9293	21.7367	18.7023	10.6622	14.5536	25.1555	21.9068	15.1634	10.265	0	15.8553	22.7706	27.2318	21.5635	
8.75907	9.51137	18.3856	22.7092	7.26	21.5217	9.22864	13.9356	14.9032	20.1857	15.8553	0	6.91537	35.6941	5.70827	
19.8283	2.596	11.4702	15.7938	14.1754	18.6533	7.16037	7.02026	19.9026	17.9571	22.7706	6.91537	0	17.786	3.64	
23.7262	26.2585	8.8336	1.99223	25.2253	12.4775	23.3006	21.1548	19.2967	10.4296	27.2318	35.6941	17.786	0	26.821	
23.5432	6.236	15.1102	19.4338	12.9683	22.4199	3.52037	10.6603	14.3004	18.4109	21.5635	5.70827	3.64	26.821	0	

0	11.3268	14.3031	15.089	2.12132	9.06441	13.7893	12.808	11.8004	10.966	9.44514	7.36695	7.42154	11.3994	12.5367	
11.3268	0	18.5313	8.65852	18.4798	10.9542	14.359	1.07331	8.8336	11.2859	10.5933	3.9598	9.33842	10.461	9.12956	
14.3031	18.5313	0	7.75166	15.2273	11.2877	12.82	19.6046	18.5851	13.1894	22.5342	21.67	18.2053	5.94916	21.6194	
15.089	8.65852	7.75166	0	11.0806	14.979	11.1193	9.73183	17.4921	13.4124	20.6718	12.6183	10.9342	1.8025	16.3742	
2.12132	18.4798	15.2273	11.0806	0	11.1857	17.038	14.9293	13.9217	15.3021	7.32382	9.48827	9.54286	9.2781	19.6898	
9.06441	10.9542	11.2877	14.979	11.1857	0	4.72488	9.88092	7.29734	1.90163	12.4578	12.2962	6.91758	13.5115	11.7894	
13.7893	14.359	12.82	11.1193	17.038	4.72488	0	14.6058	7.98	6.62651	9.71416	18.3188	11.6425	12.9218	20.8614	
12.808	1.07331	19.6046	9.73183	14.9293	9.88092	14.6058	0	9.90691	11.7825	9.52	5.03311	10.7517	31.7637	12.2188	
11.8004	8.8336	18.5851	17.4921	13.9217	7.29734	7.98	9.90691	0	8.60582	11.7442	12.7934	14.2149	20.2157	18.4936	
10.966	11.2859	13.1894	13.4124	15.3021	1.90163	6.62651	11.7825	8.60582	0	10.5562	10.4184	5.77194	11.6099	9.88777	
9.44514	10.5933	22.5342	20.6718	7.32382	12.4578	9.71416	9.52	11.7442	10.5562	0	20.9746	16.3281	16.6019	20.4439	
7.36695	3.9598	21.67	12.6183	9.48827	12.2962	18.3188	5.03311	12.7934	10.4184	20.9746	0	5.37862	22.0283	5.16976	
7.42154	9.33842	18.2053	10.9342	9.54286	6.91758	11.6425	10.7517	14.2149	5.77194	16.3281	5.37862	0	12.7367	5.44	
11.3994	10.461	5.94916	1.8025	9.2781	13.5115	12.9218	31.7637	20.2157	11.6099	16.6019	22.0283	12.7367	0	19.5449	
12.5367	9.12956	21.6194	16.3742	19.6898	11.7894	20.8614	12.2188	18.4936	9.88777	20.4439	5.16976	5.44	19.5449	0	

0	8.23564	21.7978	22.0182	2.47487	16.2613	26.4327	13.155	18.1727	14.1626	13.8914	25.6555	19.1931	26.2912	19.9741	
8.23564	0	32.084	33.0301	10.7105	18.1742	15.9228	4.91935	19.3763	11.4171	24.9793	14.1647	7.70215	29.7421	8.48317	
21.7978	32.084	0	28.452	23.7525	12.7893	11.8852	17.7156	3.62516	10.2509	16.6051	11.4648	11.6079	26.6811	21.4403	
22.0182	33.0301	28.452	0	19.5433	20.404	13.5902	24.5937	21.8502	27.049	21.9658	37.6066	20.5199	1.77088	18.5886	
2.47487	10.7105	23.7525	19.5433	0	13.7865	25.9934	18.8851	19.1604	12.5347	11.4165	22.7417	21.0857	21.3142	19.0362	
16.2613	18.1742	12.7893	20.404	13.7865	0	17.4241	8.81358	9.1641	7.96874	11.5612	18.4786	10.1698	18.6331	5.24976	
26.4327	15.9228	11.8852	13.5902	25.9934	17.4241	0	9.71245	8.26	13.4588	18.846	17.5745	6.92965	15.3611	11.8496	
13.155	4.91935	17.7156	24.5937	18.8851	8.81358	9.71245	0	10.7656	6.49775	11.885	9.2453	2.7828	20.3815	3.56382	
18.1727	19.3763	3.62516	21.8502	19.1604	9.1641	8.26	10.7656	0	6.62572	12.013	9.3145	7.98276	27.7972	12.9028	
14.1626	11.4171	10.2509	27.049	12.5347	7.96874	13.4588	6.49775	6.62572	0	5.38728	15.7431	8.55102	25.5823	10.0616	
13.8914	24.9793	16.6051	21.9658	11.4165	11.5612	18.846	11.885	12.013	5.38728	0	11.3252	13.9383	20.195	16.811	
25.6555	14.1647	11.4648	37.6066	22.7417	18.4786	17.5745	9.2453	9.3145	15.7431	11.3252	0	12.0281	31.5202	12.8091	
19.1931	7.70215	11.6079	20.5199	21.0857	10.1698	6.92965	2.7828	7.98276	8.55102	13.9383	12.0281	0	21.7377	4.92	
26.2912	29.7421	26.6811	1.77088	21.3142	18.6331	15.3611	20.3815	27.7972	25.5823	20.195	31.5202	21.7377	0	16.8177	
19.9741	8.48317	21.4403	18.5886	19.0362	5.24976	11.8496	3.56382	12.9028	10.0616	16.811	12.8091	4.92	16.8177	0	

0	10.8285	12.2065	16.4523	0.777817	7.79198	7.4061	17.1193	4.95618	6.72874	3.08869	10.5449	12.0715	19.3387	8.19509	
10.8285	0	28.4884	16.7134	10.1092	18.2227	9.60946	7.42375	12.9695	10.5466	7.73977	12.3859	6.05733	24.3476	7.53923	
12.2065	28.4884	0	24.9912	15.5501	13.3597	10.6103	19.4135	7.25032	16.3169	15.8726	12.839	19.6158	21.6328	22.9674	
16.4523	16.7134	24.9912	0	15.7331	14.3133	7.10398	17.8725	10.464	12.0538	11.4214	21.6362	18.9834	0.948683	13.6232	
0.777817	10.1092	15.5501	15.7331	0	7.01416	6.68688	20.7392	5.734	6.00953	2.36947	12.2639	10.1373	19.8816	7.41728	
7.79198	18.2227	13.3597	14.3133	7.01416	0	9.44976	18.2726	6.1094	10.5948	9.38364	11.6981	12.1654	15.2619	14.4314	
7.4061	9.60946	10.6103	7.10398	6.68688	9.44976	0	12.257	3.36	7.95746	4.31741	8.9487	9.2392	8.05267	6.5192	
17.1193	7.42375	19.4135	17.8725	20.7392	18.2726	12.257	0	12.1632	8.39293	12.033	17.7519	8.72789	16.9238	11.4479	
4.95618	12.9695	7.25032	10.464	5.734	6.1094	3.36	12.1632	0	10.7382	7.67741	5.5887	12.3655	14.3825	9.8792	
6.72874	10.5466	16.3169	12.0538	6.00953	10.5948	7.95746	8.39293	10.7382	0	3.64005	15.1839	4.48929	11.1051	7.20929	
3.08869	7.73977	15.8726	11.4214	2.36947	9.38364	4.31741	12.033	7.67741	3.64005	0	14.211	8.12934	14.3123	9.78675	
10.5449	12.3859	12.839	21.6362	12.2639	11.6981	8.9487	17.7519	5.5887	15.1839	14.211	0	7.56665	19.9712	4.84665	
12.0715	6.05733	19.6158	18.9834	10.1373	12.1654	9.2392	8.72789	12.3655	4.48929	8.12934	7.56665	0	15.5944	2.72	
19.3387	24.3476	21.6328	0.948683	19.8816	15.2619	8.05267	16.9238	14.3825	11.1051	14.3123	19.9712	15.5944	0	21.4423	
8.19509	7.53923	22.9674	13.6232	7.41728	14.4314	6.5192	11.4479	9.8792	7.20929	9.78675	4.84665	2.72	21.4423	0	

0	23.5304	16.3962	24.6125	2.47487	9.97277	11.8044	14.8311	12.0364	16.3013	11.3252	6.90652	16.7322	9.76481	24.7853	
23.5304	0	15.3494	26.8041	13.4979	6	8.28402	4.56158	14.2419	18.5068	10.4885	12.4861	10.384	18.9863	10.0164	
16.3962	15.3494	0	8.21628	16.8473	9.34944	14.0034	18.8783	8.97659	8.36239	13.8379	22.1721	13.6723	10.8093	17.263	
24.6125	26.8041	8.21628	0	9.88301	17.5657	22.2197	35.8098	16.4768	11.9314	22.9687	31.7466	11.1954	2.59307	32.203	
2.47487	13.4979	16.8473	9.88301	0	7.4979	9.32952	14.2045	14.5113	16.6283	11.9864	9.38139	15.8923	7.28994	12.5891	
9.97277	6	9.34944	17.5657	7.4979	0	6.29984	10.5616	10.6915	14.6697	4.48849	23.8191	12.0677	14.7878	9.55944	
11.8044	8.28402	14.0034	22.2197	9.32952	6.29984	0	4.87494	8.89	13.1548	10.7883	12.7995	8.61256	16.6195	3.2596	
14.8311	4.56158	18.8783	35.8098	14.2045	10.5616	4.87494	0	12.3693	16.6341	17.0661	7.92454	9.48683	18.0892	8.13454	
12.0364	14.2419	8.97659	16.4768	14.5113	10.6915	8.89	12.3693	0	4.26483	12.275	13.1955	4.69574	13.2981	10.5757	
16.3013	18.5068	8.36239	11.9314	16.6283	14.6697	13.1548	16.6341	4.26483	0	11.0658	17.4604	8.96058	9.33838	20.2889	
11.3252	10.4885	13.8379	22.9687	11.9864	4.48849	10.7883	17.0661	12.275	11.0658	0	17.8243	7.57926	16.1816	13.4593	
6.90652	12.4861	22.1721	31.7466	9.38139	23.8191	12.7995	7.92454	13.1955	17.4604	17.8243	0	10.245	18.8473	16.125	
16.7322	10.384	13.6723	11.1954	15.8923	12.0677	8.61256	9.48683	4.69574	8.96058	7.57926	10.245	0	8.60233	5.88	
9.76481	18.9863	10.8093	2.59307	7.28994	14.7878	16.6195	18.0892	13.2981	9.33838	16.1816	18.8473	8.60233	0	14.4823	
24.7853	10.0164	17.263	32.203	12.5891	9.55944	3.2596	8.13454	10.5757	20.2889	13.4593	16.125	5.88	14.4823	0	

0	13.7261	11.6487	14.3277	0.692965	9.71964	19.4896	11.5973	9.35601	4.55807	7.25171	15.1393	20.2244	15.0693	13.0975	
13.7261	0	14.6384	29.7943	14.419	15.7913	10.0513	2.86217	10.2758	9.9014	12.2546	7.01312	8.99699	16.9139	13.4629	
11.6487	14.6384	0	15.0632	10.9558	10.2616	9.07262	11.7762	12.9926	11.5485	8.85483	14.6204	15.592	16.7708	16.0508	
14.3277	29.7943	15.0632	0	14.0021	14.9312	24.1358	16.8088	8.3457	9.76959	12.4632	20.3508	24.2768	1.70763	18.309	
0.692965	14.419	10.9558	14.0021	0	9.39406	20.0284	11.2717	9.03043	4.23249	6.92613	14.8137	20.4794	15.7623	12.7719	
9.71964	15.7913	10.2616	14.9312	9.39406	0	9.43543	12.2008	5.51543	5.16157	7.85521	15.7428	8.3488	12.1535	9.7488	
19.4896	10.0513	9.07262	24.1358	20.0284	9.43543	0	9.88916	3.92	8.71794	11.9477	14.0401	16.024	10.5581	17.8332	
11.5973	2.86217	11.7762	16.8088	11.2717	12.2008	9.88916	0	7.8339	7.03923	9.73287	4.15095	6.13482	14.472	7.53482	
9.35601	10.2758	12.9926	8.3457	9.03043	5.51543	3.92	7.8339	0	4.79794	7.49158	11.9849	12.6785	6.63807	13.3374	
4.55807	9.9014	11.5485	9.76959	4.23249	5.16157	8.71794	7.03923	4.79794	0	2.69364	8.45919	9.43076	11.436	8.53944	
7.25171	12.2546	8.85483	12.4632	6.92613	7.85521	11.9477	9.73287	7.49158	2.69364	0	5.76555	6.73712	14.6657	8.01798	
15.1393	7.01312	14.6204	20.3508	14.8137	15.7428	14.0401	4.15095	11.9849	8.45919	5.76555	0	10.2858	21.6965	11.9551	
20.2244	8.99699	15.592	24.2768	20.4794	8.3488	16.024	6.13482	12.6785	9.43076	6.73712	10.2858	0	19.3166	1.4	
15.0693	16.9139	16.7708	1.70763	15.7623	12.1535	10.5581	14.472	6.63807	11.436	14.6657	21.6965	19.3166	0	31.9205	
13.0975	13.4629	16.0508	18.309	12.7719	9.7488	17.8332	7.53482	13.3374	8.53944	8.01798	11.9551	1.4	31.9205	0	

0	8.23564	10.1168	10.9046	1.58392	20.0363	7.99797	11.1873	16.2846	18.5579	10.2002	14.7693	18.9081	13.7224	17.5488	
8.23564	0	15.3187	12.5037	9.81956	18.396	9.9158	2.95161	16.1587	11.6153	22.5167	6.53367	9.52915	11.7131	13.6783	
10.1168	15.3187	0	4.39612	11.7007	9.91953	9.86154	16.8257	14.0773	16.3488	20.0074	21.7818	18.6596	3.60555	15.5984	
10.9046	12.5037	4.39612	0	9.32064	11.6578	15.27	21.5614	7.5	15.4291	17.9369	17.125	14.9839	0.790569	19.6889	
1.58392	9.81956	11.7007	9.32064	0	17.2956	6.41405	13.3782	14.184	18.8812	8.61626	25.0661	15.8186	10.1112	12.1509	
20.0363	18.396	9.91953	11.6578	17.2956	0	10.8815	15.093	4.15779	6.42932	16.6943	11.8623	13.3047	13.5251	6.82469	
7.99797	9.9158	9.86154	15.27	6.41405	10.8815	0	6.96419	7.77	15.6279	10.1459	17.395	9.40452	13.4671	5.7369	
11.1873	2.95161	16.8257	21.5614	13.3782	15.093	6.96419	0	14.7342	8.66367	17.1101	9.48528	6.57754	14.6648	12.3037	
16.2846	16.1587	14.0773	7.5	14.184	4.15779	7.77	14.7342	0	10.2051	15.1634	9.62499	12.835	8.29057	10.9825	
18.5579	11.6153	16.3488	15.4291	18.8812	6.42932	15.6279	8.66367	10.2051	0	10.265	11.7208	14.1092	14.6385	13.254	
10.2002	22.5167	20.0074	17.9369	8.61626	16.6943	10.1459	17.1101	15.1634	10.265	0	21.9857	19.5504	20.4183	15.8828	
14.7693	6.53367	21.7818	17.125	25.0661	11.8623	17.395	9.48528	9.62499	11.7208	21.9857	0	17.2061	18.2468	17.4479	
18.9081	9.52915	18.6596	14.9839	15.8186	13.3047	9.40452	6.57754	12.835	14.1092	19.5504	17.2061	0	15.0541	6.48	
13.7224	11.7131	3.60555	0.790569	10.1112	13.5251	13.4671	14.6648	8.29057	14.6385	20.4183	18.2468	15.0541	0	20.4794	
17.5488	13.6783	15.5984	19.6889	12.1509	6.82469	5.7369	12.3037	10.9825	13.254	15.8828	17.4479	6.48	20.4794	0	

0	17.0657	25.9585	22.4221	1.0748	21.6293	10.3354	16.4102	21.1854	14.1946	11.4281	23.3379	12.9235	20.564	10.6035	
17.0657	0	11.8932	17.1744	35.0447	14.8577	9.38856	6.79765	18.0351	14.2734	17.8144	14.9109	7.8601	27.1626	6.4622	
25.9585	11.8932	0	28.5858	31.4537	2.96446	14.8482	9.5483	6.18886	17.9058	13.1656	7.84893	12.3943	29.0892	18.3554	
22.4221	17.1744	28.5858	0	21.3473	15.9744	23.6	12.1603	12.75	15.4983	12.5195	18.4939	9.31429	3.38364	11.6343	
1.0748	35.0447	31.4537	21.3473	0	25.9522	11.4102	17.485	22.7278	19.1373	12.503	22.88	30.6616	24.7309	11.6783	
21.6293	14.8577	2.96446	15.9744	25.9522	0	11.8838	12.5128	3.22441	7.5654	10.2011	4.88448	9.78003	19.3369	12.1	
10.3354	9.38856	14.8482	23.6	11.4102	11.8838	0	16.1862	10.85	15.191	21.7635	13.0025	11.9684	29.2922	9.64842	
16.4102	6.79765	9.5483	12.1603	17.485	12.5128	16.1862	0	13.8572	9.25932	23.9685	8.11322	2.84605	34.7879	5.16605	
21.1854	18.0351	6.18886	12.75	22.7278	3.22441	10.85	13.8572	0	4.34099	7.10743	5.74394	10.7543	16.1336	11.5729	
14.1946	14.2734	17.9058	15.4983	19.1373	7.5654	15.191	9.25932	4.34099	0	2.76644	10.0849	6.41327	11.9023	8.73327	
11.4281	17.8144	13.1656	12.5195	12.503	10.2011	21.7635	23.9685	7.10743	2.76644	0	15.0856	9.17971	9.13582	12.4295	
23.3379	14.9109	7.84893	18.4939	22.88	4.88448	13.0025	8.11322	5.74394	10.0849	15.0856	0	10.9593	24.9911	15.2543	
12.9235	7.8601	12.3943	9.31429	30.6616	9.78003	11.9684	2.84605	10.7543	6.41327	9.17971	10.9593	0	12.6979	2.32	
20.564	27.1626	29.0892	3.38364	24.7309	19.3369	29.2922	34.7879	16.1336	11.9023	9.13582	24.9911	12.6979	0	20.9324	
10.6035	6.4622	18.3554	11.6343	11.6783	12.1	9.64842	5.16605	11.5729	8.73327	12.4295	15.2543	2.32	20.9324	0	

0	13.4505	14.2285	17.1202	2.34759	8.15242	20.4568	18.8507	6.00792	3.41855	5.04486	9.16759	18.8912	17.0475	11.0548	
13.4505	0	14.3271	16.0801	19.3048	13.5	12.7022	5.90322	8.11249	10.0319	17.5804	19.4943	9.87921	17.1237	8.78822	
14.2285	14.3271	0	7.35327	22.1375	13.3422	3.94462	16.3152	6.21456	8.80393	21.5117	19.2462	9.9997	6.30971	8.24729	
17.1202	16.0801	7.35327	0	19.4678	17.1794	9.26607	21.9833	21.5861	14.6725	16.4957	27.7102	19.1084	1.04355	13.5687	
2.34759	19.3048	22.1375	19.4678	0	5.80483	13.0099	11.5922	12.732	5.76615	7.39245	6.82	12.8272	21.9407	8.70724	
8.15242	13.5	13.3422	17.1794	5.80483	0	17.9466	13.9234	7.12764	9.717	4.08044	12.6248	7.15612	16.1359	11.2761	
20.4568	12.7022	3.94462	9.26607	13.0099	17.9466	0	7.18767	10.1592	14.7545	17.7014	10.1187	8.42267	10.2543	4.30267	
18.8507	5.90322	16.3152	21.9833	11.5922	13.9234	7.18767	0	11.4312	15.4322	22.44	8.70097	6.76727	23.5053	2.885	
6.00792	8.11249	6.21456	21.5861	12.732	7.12764	10.1592	11.4312	0	2.58936	11.2081	14.3621	12.6662	12.5243	8.54616	
3.41855	10.0319	8.80393	14.6725	5.76615	9.717	14.7545	15.4322	2.58936	0	8.46341	13.1858	18.0528	13.629	11.1355	
5.04486	17.5804	21.5117	16.4957	7.39245	4.08044	17.7014	22.44	11.2081	8.46341	0	15.6349	11.2366	17.5392	17.862	
9.16759	19.4943	19.2462	27.7102	6.82	12.6248	10.1187	8.70097	14.3621	13.1858	15.6349	0	9.93598	26.8148	5.81598	
18.8912	9.87921	9.9997	19.1084	12.8272	7.15612	8.42267	6.76727	12.6662	18.0528	11.2366	9.93598	0	16.3094	4.12	
17.0475	17.1237	6.30971	1.04355	21.9407	16.1359	10.2543	23.5053	12.5243	13.629	17.5392	26.8148	16.3094	0	19.74	
11.0548	8.78822	8.24729	13.5687	8.70724	11.2761	4.30267	2.885	8.54616	11.1355	17.862	5.81598	4.12	19.74	0	

0	17.6478	19.5105	20.6701	1.8809	10.2571	14.7648	18.1618	13.3118	10.8343	4.25038	7.1609	19.3215	17.6343	26.3047	
17.6478	0	23.0982	16.0801	19.5287	11.1672	17.4925	4.06964	8.11249	11.3111	13.167	16.3403	8.43359	19.1159	11.367	
19.5105	23.0982	0	7.01807	11.4703	12.998	7.29754	20.9027	10.3373	7.13863	9.1008	25.3709	18.823	9.91527	19.684	
20.6701	16.0801	7.01807	0	11.5569	14.3693	14.3156	20.1498	14.2419	12.2451	9.18747	29.5728	20.2485	3.03579	22.3685	
1.8809	19.5287	11.4703	11.5569	0	7.94608	16.6457	29.8084	7.42394	5.42712	2.36947	5.28	20.3914	19.5152	11.5268	
10.2571	11.1672	12.998	14.3693	7.94608	0	9.59294	7.90473	3.0547	6.25333	5.5766	11.2825	7.90697	11.3335	11.1844	
14.7648	17.4925	7.29754	14.3156	16.6457	9.59294	0	17.4977	9.38	12.5786	14.4345	17.6078	14.2323	17.2128	12.3865	
18.1618	4.06964	20.9027	20.1498	29.8084	7.90473	17.4977	0	8.24621	11.4448	13.3007	13.5441	4.36394	19.2383	6.48394	
13.3118	8.11249	10.3373	14.2419	7.42394	3.0547	9.38	8.24621	0	3.19862	5.05446	8.22781	4.85227	14.3882	6.97227	
10.8343	11.3111	7.13863	12.2451	5.42712	6.25333	12.5786	11.4448	3.19862	0	3.05765	11.4264	8.05089	17.0539	13.9328	
4.25038	13.167	9.1008	9.18747	2.36947	5.5766	14.4345	13.3007	5.05446	3.05765	0	7.64947	9.90673	12.2233	16.895	
7.1609	16.3403	25.3709	29.5728	5.28	11.2825	17.6078	13.5441	8.22781	11.4264	7.64947	0	8.36679	28.5663	6.24679	
19.3215	8.43359	18.823	20.2485	20.3914	7.90697	14.2323	4.36394	4.85227	8.05089	9.90673	8.36679	0	20.3979	2.12	
17.6343	19.1159	9.91527	3.03579	19.5152	11.3335	17.2128	19.2383	14.3882	17.0539	12.2233	28.5663	20.3979	0	31.3599	
26.3047	11.367	19.684	22.3685	11.5268	11.1844	12.3865	6.48394	6.97227	13.9328	16.895	6.24679	2.12	31.3599	0	

0	23.0124	25.4664	10.7364	1.10309	21.1269	22.7002	23.7056	17.7364	5.49837	18.3262	23.474	13.4937	12.038	17.9737	
23.0124	0	21.7227	15.8314	24.3618	10.7669	11.6096	2.86217	11.5378	14.1271	15.4029	9.37019	8.78813	18.1758	4.30813	
25.4664	21.7227	0	17.185	21.1201	6.15695	8.67816	14.0617	10.185	12.7743	10.1014	18.4683	13.7901	16.8231	15.9797	
10.7364	15.8314	17.185	0	11.8395	14.2973	18.69	12.9692	7	9.58936	10.8652	19.5731	21.8683	1.77088	25.188	
1.10309	24.3618	21.1201	11.8395	0	16.5295	14.5609	25.9744	6.98464	4.39528	16.3347	13.1858	14.5968	10.9349	19.3232	
21.1269	10.7669	6.15695	14.2973	16.5295	0	7.30209	7.90473	7.29734	9.8867	3.94443	9.09224	7.63319	13.9354	12.1132	
22.7002	11.6096	8.67816	18.69	14.5609	7.30209	0	14.207	11.69	10.1657	11.2465	9.79012	9.20653	18.3281	7.30151	
23.7056	2.86217	14.0617	12.9692	25.9744	7.90473	14.207	0	14.3999	20.0389	11.8492	17.2809	11.1312	14.7401	7.1703	
17.7364	11.5378	10.185	7	6.98464	7.29734	11.69	14.3999	0	2.58936	3.86518	9.01299	14.9305	6.63807	15.8459	
5.49837	14.1271	12.7743	9.58936	4.39528	9.8867	10.1657	20.0389	2.58936	0	6.45454	8.79056	19.2385	9.22743	13.8526	
18.3262	15.4029	10.1014	10.8652	16.3347	3.94443	11.2465	11.8492	3.86518	6.45454	0	5.14782	11.5776	10.5032	10.2099	
23.474	9.37019	18.4683	19.5731	13.1858	9.09224	9.79012	17.2809	9.01299	8.79056	5.14782	0	9.54205	17.8022	5.06205	
13.4937	8.78813	13.7901	21.8683	14.5968	7.63319	9.20653	11.1312	14.9305	19.2385	11.5776	9.54205	0	23.6392	4.48	
12.038	18.1758	16.8231	1.77088	10.9349	13.9354	18.3281	14.7401	6.63807	9.22743	10.5032	17.8022	23.6392	0	22.8643	
17.9737	4.30813	15.9797	25.188	19.3232	12.1132	7.30151	7.1703	15.8459	13.8526	10.2099	5.06205	4.48	22.8643	0	

0	17.7027	17.9083	12.1494	0.707107	11.3493	14.1742	27.7273	8.90787	4.61402	11.1543	17.4965	23.7767	7.37436	23.4202	
17.7027	0	17.8374	20.7589	16.9956	14.8045	13.144	7.3343	12.2589	14.4674	15.7638	11.298	4.25455	25.1616	8.83167	
17.9083	17.8374	0	16.7719	15.4309	4.78874	17.3563	10.5031	7.33432	20.4546	11.8615	25.5502	19.6737	16.3144	15.3397	
12.1494	20.7589	16.7719	0	16.7008	11.0456	19.35	15.3031	8.5	10.7086	12.8112	15.1754	29.7424	4.77504	20.0729	
0.707107	16.9956	15.4309	16.7008	0	10.6422	14.5774	15.0039	6.11549	3.90692	10.4472	14.6509	21.2502	8.08147	13.3452	
11.3493	14.8045	4.78874	11.0456	10.6422	0	12.5997	9.34871	2.54558	4.75416	6.85674	9.22098	16.407	11.5256	11.287	
14.1742	13.144	17.3563	19.35	14.5774	12.5997	0	17.6531	10.85	13.0586	15.1612	16.6459	9.60251	21.5486	14.7225	
27.7273	7.3343	10.5031	15.3031	15.0039	9.34871	17.6531	0	6.80312	9.0117	11.1143	10.7603	9.17061	25.3469	4.83661	
8.90787	12.2589	7.33432	8.5	6.11549	2.54558	10.85	6.80312	0	2.20857	4.31116	6.6754	13.7188	13.275	11.5729	
4.61402	14.4674	20.4546	10.7086	3.90692	4.75416	13.0586	9.0117	2.20857	0	6.51973	8.88397	14.5583	22.9525	9.43833	
11.1543	15.7638	11.8615	12.8112	10.4472	6.85674	15.1612	11.1143	4.31116	6.51973	0	10.9866	11.5092	18.5984	15.8841	
17.4965	11.298	25.5502	15.1754	14.6509	9.22098	16.6459	10.7603	6.6754	8.88397	10.9866	0	7.04344	24.8709	5.92368	
23.7767	4.25455	19.6737	29.7424	21.2502	16.407	9.60251	9.17061	13.7188	14.5583	11.5092	7.04344	0	26.6672	5.12	
7.37436	25.1616	16.3144	4.77504	8.08147	11.5256	21.5486	25.3469	13.275	22.9525	18.5984	24.8709	26.6672	0	22.8126	
23.4202	8.83167	15.3397	20.0729	13.3452	11.287	14.7225	4.83661	11.5729	9.43833	15.8841	5.92368	5.12	22.8126	0	

0	18.3064	15.5498	8.12483	1.69706	16.7794	11.3522	16.4236	5.19219	12.2506	12.5607	7.36695	20.6855	8.94702	12.2136	
18.3064	0	7.74442	21.9517	16.6094	11.3064	13.487	3.3541	16.2283	7.77476	13.8901	12.4107	4.80875	22.5587	11.1606	
15.5498	7.74442	0	14.2073	14.4899	6.27096	9.13453	7.63864	10.3576	9.17824	13.0363	14.0619	8.52916	15.0295	10.9292	
8.12483	21.9517	14.2073	0	8.41865	8.65452	11.5181	21.846	13.317	12.1861	10.8579	15.4918	19.9488	0.822192	14.4582	
1.69706	16.6094	14.4899	8.41865	0	17.0732	17.136	18.9566	6.88924	14.7836	11.9551	9.06401	23.019	9.24084	14.7466	
16.7794	11.3064	6.27096	8.65452	17.0732	0	2.86356	13.9096	9.02356	3.5316	8.04445	8.41525	7.12035	9.47672	7.55739	
11.3522	13.487	9.13453	11.5181	17.136	2.86356	0	5.71143	6.16	6.39516	5.18089	9.54047	4.25678	18.3298	4.69383	
16.4236	3.3541	7.63864	21.846	18.9566	13.9096	5.71143	0	17.9962	11.1289	12.92	9.05662	1.45465	21.4424	3.85465	
5.19219	16.2283	10.3576	13.317	6.88924	9.02356	6.16	17.9962	0	8.45351	11.3409	12.5591	10.4168	24.8528	10.8538	
12.2506	7.77476	9.17824	12.1861	14.7836	3.5316	6.39516	11.1289	8.45351	0	6.11529	4.88365	11.9714	23.7245	9.73029	
12.5607	13.8901	13.0363	10.8579	11.9551	8.04445	5.18089	12.92	11.3409	6.11529	0	10.9989	9.43767	11.6801	9.87471	
7.36695	12.4107	14.0619	15.4918	9.06401	8.41525	9.54047	9.05662	12.5591	4.88365	10.9989	0	7.24665	18.4826	4.84665	
20.6855	4.80875	8.52916	19.9488	23.019	7.12035	4.25678	1.45465	10.4168	11.9714	9.43767	7.24665	0	16.036	2.4	
8.94702	22.5587	15.0295	0.822192	9.24084	9.47672	18.3298	21.4424	24.8528	23.7245	11.6801	18.4826	16.036	0	13.636	
12.2136	11.1606	10.9292	14.4582	14.7466	7.55739	4.69383	3.85465	10.8538	9.73029	9.87471	4.84665	2.4	13.636	0	

0	14.6469	14.2202	7.54448	1.59806	20.6334	18.2207	24.5771	14.2945	8.62777	13.2142	12.1581	12.1532	9.18887	15.1427	
14.6469	0	23.8975	19.5497	13.0069	6.5	5.02564	3.84604	8.96073	6.01917	9.90037	14.8738	2.45177	22.4438	6.22192	
14.2202	23.8975	0	6.67572	16.2569	15.6039	20.1175	10.8926	13.4257	19.5905	15.004	13.0403	13.9567	8.32011	8.51674	
7.54448	19.5497	6.67572	0	9.14254	9.21073	12.629	26.56	6.75	13.985	11.2098	14.0645	13.4806	1.64438	12.9816	
1.59806	13.0069	16.2569	9.14254	0	16.2171	13.129	15.9205	17.2765	10.2258	12.8167	10.56	10.5552	17.5621	13.5446	
20.6334	6.5	15.6039	9.21073	16.2171	0	6.72938	9.46306	2.46073	7.98684	3.40037	11.6107	8.95177	15.9438	7.08718	
18.2207	5.02564	20.1175	12.629	13.129	6.72938	0	8.07847	9.19011	9.59294	10.1297	14.9959	2.57387	10.9846	8.01387	
24.5771	3.84604	10.8926	26.56	15.9205	9.46306	8.07847	0	8.60745	9.86521	14.9756	6.89942	6.29781	19.0631	2.37588	
14.2945	8.96073	13.4257	6.75	17.2765	2.46073	9.19011	8.60745	0	7.23498	4.45982	10.7551	6.73056	8.39438	6.23157	
8.62777	6.01917	19.5905	13.985	10.2258	7.98684	9.59294	9.86521	7.23498	0	4.58647	10.9068	8.47094	20.4435	13.4666	
13.2142	9.90037	15.004	11.2098	12.8167	3.40037	10.1297	14.9756	4.45982	4.58647	0	15.4933	11.1904	19.3441	10.4875	
12.1581	14.8738	13.0403	14.0645	10.56	11.6107	14.9959	6.89942	10.7551	10.9068	15.4933	0	9.96354	12.4201	4.52354	
12.1532	2.45177	13.9567	13.4806	10.5552	8.95177	2.57387	6.29781	6.73056	8.47094	11.1904	9.96354	0	13.5585	5.44	
9.18887	22.4438	8.32011	1.64438	17.5621	15.9438	10.9846	19.0631	8.39438	20.4435	19.3441	12.4201	13.5585	0	16.9437	
15.1427	6.22192	8.51674	12.9816	13.5446	7.08718	8.01387	2.37588	6.23157	13.4666	10.4875	4.52354	5.44	16.9437	0	

0	21.5588	8.72138	15.3859	2.40416	9.72132	7.973	20.8722	12.8644	9.89242	7.00103	20.0289	19.6034	20.2239	22.576	
21.5588	0	7.92887	16.7787	19.7187	13.8833	8.89583	1.34164	3.78583	10.4116	20.2872	11.4834	4.63041	16.0513	12.8816	
8.72138	7.92887	0	15.2343	11.1255	14.2405	9.25304	14.1708	4.14304	8.56635	15.7224	15.1081	10.882	15.9617	16.002	
15.3859	16.7787	15.2343	0	19.3663	4.95339	7.41285	26.9049	12.5229	20.666	13.372	17.2884	21.4701	0.727324	22.0159	
2.40416	19.7187	11.1255	19.3663	0	16.3986	10.3772	18.4681	14.114	7.48826	9.40519	22.4331	21.7568	26.9012	26.5565	
9.72132	13.8833	14.2405	4.95339	16.3986	0	15.2075	19.1972	10.0975	10.5948	2.72029	13.2579	17.4839	4.22606	28.2581	
7.973	8.89583	9.25304	7.41285	10.3772	15.2075	0	14.9274	5.11	11.7357	14.974	13.3084	14.0573	8.14018	14.603	
20.8722	1.34164	14.1708	26.9049	18.4681	19.1972	14.9274	0	5.12747	11.6418	21.9175	7.51483	3.28877	17.393	8.40877	
12.8644	3.78583	4.14304	12.5229	14.114	10.0975	5.11	5.12747	0	6.62572	12.8178	15.2692	12.2228	14.3235	19.0508	
9.89242	10.4116	8.56635	20.666	7.48826	10.5948	11.7357	11.6418	6.62572	0	11.8666	22.1832	14.9306	14.8209	23.0771	
7.00103	20.2872	15.7224	13.372	9.40519	2.72029	14.974	21.9175	12.8178	11.8666	0	15.9782	25.8584	6.94636	35.5521	
20.0289	11.4834	15.1081	17.2884	22.4331	13.2579	13.3084	7.51483	15.2692	22.1832	15.9782	0	4.22606	17.4839	9.34606	
19.6034	4.63041	10.882	21.4701	21.7568	17.4839	14.0573	3.28877	12.2228	14.9306	25.8584	4.22606	0	24.4883	5.12	
20.2239	16.0513	15.9617	0.727324	26.9012	4.22606	8.14018	17.393	14.3235	14.8209	6.94636	17.4839	24.4883	0	32.2718	
22.576	12.8816	16.002	22.0159	26.5565	28.2581	14.603	8.40877	19.0508	23.0771	35.5521	9.34606	5.12	32.2718	0	

0	16.2093	25.1176	18.6785	1.30108	7.40292	10.5775	11.627	6.08407	3.41855	5.76555	4.83456	8.43356	13.5614	7.09633	
16.2093	0	31.8074	13.1939	17.6482	14.8689	4.5286	7.42375	15.0286	11.6875	16.2124	11.0934	10.5282	17.8109	8.83167	
25.1176	31.8074	0	24.9883	26.4187	20.5232	25.3459	39.2312	14.8459	17.5114	22.7249	29.9521	30.1853	20.3714	26.5604	
18.6785	13.1939	24.9883	0	16.8773	6.99019	17.7225	20.6177	16.75	10.9746	19.8366	21.411	22.2517	4.61693	13.0274	
1.30108	17.6482	26.4187	16.8773	0	12.9894	13.1196	27.4599	22.419	4.71963	7.06663	6.13564	9.73464	12.2604	19.6388	
7.40292	14.8689	20.5232	6.99019	12.9894	0	11.1433	15.7104	6.64989	3.98437	7.40602	8.299	12.3172	11.6071	6.03723	
10.5775	4.5286	25.3459	17.7225	13.1196	11.1433	0	11.9523	9.82443	7.15891	10.5806	8.78097	12.7992	13.3147	6.5192	
11.627	7.42375	39.2312	20.6177	27.4599	15.7104	11.9523	0	20.799	16.3417	12.92	6.79247	9.42359	27.0584	9.05424	
6.08407	15.0286	14.8459	16.75	22.419	6.64989	9.82443	20.799	0	2.66552	6.08717	17.5569	15.3394	21.3669	15.965	
3.41855	11.6875	17.5114	10.9746	4.71963	3.98437	7.15891	16.3417	2.66552	0	3.42165	8.25312	11.8521	19.7704	10.0216	
5.76555	16.2124	22.7249	19.8366	7.06663	7.40602	10.5806	12.92	6.08717	3.42165	0	9.67789	10.6671	22.1174	11.9397	
4.83456	11.0934	29.9521	21.411	6.13564	8.299	8.78097	6.79247	17.5569	8.25312	9.67789	0	8.54177	21.1864	2.26177	
8.43356	10.5282	30.1853	22.2517	9.73464	12.3172	12.7992	9.42359	15.3394	11.8521	10.6671	8.54177	0	17.6348	6.28	
13.5614	17.8109	20.3714	4.61693	12.2604	11.6071	13.3147	27.0584	21.3669	19.7704	22.1174	21.1864	17.6348	0	19.8339	
7.09633	8.83167	26.5604	13.0274	19.6388	6.03723	6.5192	9.05424	15.965	10.0216	11.9397	2.26177	6.28	19.8339	0	

0	24.9498	16.6252	11.4032	1.78191	11.4498	23.0163	21.7358	8.34252	22.302	9.96736	20.7196	12.9968	16.1345	20.5444	
24.9498	0	16.3486	17.1283	13.5914	13.5	12.7708	7.28958	7.03082	11.6003	7.73977	13.0853	12.0425	21.4133	9.07149	
16.6252	16.3486	0	13.868	14.8433	8.20926	12.0311	17.7417	12.116	7.54655	8.60886	16.6202	22.0582	13.7011	22.6029	
11.4032	17.1283	13.868	0	9.62131	5.65873	11.1193	9.8387	16.0433	19.4229	17.8068	9.98887	20.211	4.23745	11.6206	
1.78191	13.5914	14.8433	9.62131	0	13.2317	12.3006	17.4868	6.56061	11.1301	8.18545	12.615	11.2148	13.8588	13.6824	
11.4498	13.5	8.20926	5.65873	13.2317	0	16.778	15.4974	12.134	13.7642	16.8181	15.6476	25.2432	9.89618	19.2557	
23.0163	12.7708	12.0311	11.1193	12.3006	16.778	0	5.71064	5.74	10.3095	10.7935	4.58912	14.5523	8.32166	7.49255	
21.7358	7.28958	17.7417	9.8387	17.4868	15.4974	5.71064	0	8.90371	15.4957	13.26	10.2998	8.18191	14.0323	1.78191	
8.34252	7.03082	12.116	16.0433	6.56061	12.134	5.74	8.90371	0	4.56946	9.73834	6.05443	13.5218	14.0617	7.1218	
22.302	11.6003	7.54655	19.4229	11.1301	13.7642	10.3095	15.4957	4.56946	0	5.16888	10.6239	21.4564	18.952	11.6913	
9.96736	7.73977	8.60886	17.8068	8.18545	16.8181	10.7935	13.26	9.73834	5.16888	0	15.3826	19.4003	18.7525	15.0419	
20.7196	13.0853	16.6202	9.98887	12.615	15.6476	4.58912	10.2998	6.05443	10.6239	15.3826	0	15.2394	12.9108	13.1762	
12.9968	12.0425	22.0582	20.211	11.2148	25.2432	14.5523	8.18191	13.5218	21.4564	19.4003	15.2394	0	22.8739	6.4	
16.1345	21.4133	13.7011	4.23745	13.8588	9.89618	8.32166	14.0323	14.0617	18.952	18.7525	12.9108	22.8739	0	21.5043	
20.5444	9.07149	22.6029	11.6206	13.6824	19.2557	7.49255	1.78191	7.1218	11.6913	15.0419	13.1762	6.4	21.5043	0	

0	15.7306	15.7494	6.67396	1.13137	8.11027	19.2073	10.0062	17.7006	7.31732	9.96304	20.4893	16.6342	6.73311	16.3702	
15.7306	0	14.6591	27.3508	16.2179	7.75	14.0276	5.72433	16.9177	10.0319	11.2864	4.75176	12.3074	29.178	7.12123	
15.7494	14.6591	0	17.6308	12.7127	7.63918	10.6789	20.3834	14.1554	6.52674	11.1756	19.4108	13.1538	20.0657	22.482	
6.67396	27.3508	17.6308	0	7.80534	14.7842	16.9878	16.6802	18.7535	17.3188	16.8666	26.8612	23.9459	2.43495	24.5501	
1.13137	16.2179	12.7127	7.80534	0	9.24164	10.3381	11.1376	18.832	6.18595	8.83167	19.6974	12.813	7.86448	16.8629	
8.11027	7.75	7.63918	14.7842	9.24164	0	11.8838	13.4743	11.2854	11.8357	3.53638	12.5018	12.7999	14.8434	17.9533	
19.2073	14.0276	10.6789	16.9878	10.3381	11.8838	0	12.6748	11.41	4.15217	12.4515	9.93175	8.92227	19.4227	7.56227	
10.0062	5.72433	20.3834	16.6802	11.1376	13.4743	12.6748	0	14.4087	15.7563	17.334	8.73343	7.72396	16.7394	6.36396	
17.7006	16.9177	14.1554	18.7535	18.832	11.2854	11.41	14.4087	0	10.8532	13.4897	11.7819	4.22617	16.3186	5.58617	
7.31732	10.0319	6.52674	17.3188	6.18595	11.8357	4.15217	15.7563	10.8532	0	8.29933	13.5114	6.62704	19.7538	7.98704	
9.96304	11.2864	11.1756	16.8666	8.83167	3.53638	12.4515	17.334	13.4897	8.29933	0	16.3614	9.26354	16.9258	10.6235	
20.4893	4.75176	19.4108	26.8612	19.6974	12.5018	9.93175	8.73343	11.7819	13.5114	16.3614	0	3.72947	24.4263	2.36947	
16.6342	12.3074	13.1538	23.9459	12.813	12.7999	8.92227	7.72396	4.22617	6.62704	9.26354	3.72947	0	20.5448	1.36	
6.73311	29.178	20.0657	2.43495	7.86448	14.8434	19.4227	16.7394	16.3186	19.7538	16.9258	24.4263	20.5448	0	26.7958	
16.3702	7.12123	22.482	24.5501	16.8629	17.9533	7.56227	6.36396	5.58617	7.98704	10.6235	2.36947	1.36	26.7958	0	

0	15.849	19.4377	18.3395	2.40416	9.17646	15.0601	12.808	15.8126	10.8691	8.64833	19.6492	13.1564	25.65	14.5799	
15.849	0	19.9097	32.9556	17.5797	11.6714	13.6105	3.04105	7.16871	8.74128	19.7011	14.7955	4.03822	25.9741	5.8412	
19.4377	19.9097	0	13.8049	15.3997	5.91619	6.49516	12.2837	3.62516	6.93467	12.1035	17.361	6.75566	9.91527	19.6688	
18.3395	32.9556	13.8049	0	14.0954	7.32306	21.0031	20.3094	9.61409	18.099	19.0014	25.5922	14.9563	3.8896	25.5665	
2.40416	17.5797	15.3997	14.0954	0	6.7723	17.4643	14.5387	9.06332	8.46499	11.0525	22.082	13.168	19.8249	16.984	
9.17646	11.6714	5.91619	7.32306	6.7723	0	5.16103	10.0998	2.29103	10.7759	12.3773	18.3904	5.42152	11.2127	11.9932	
15.0601	13.6105	6.49516	21.0031	17.4643	5.16103	0	7.36358	2.87	9.8793	15.0482	4.58912	6.0005	24.8927	4.56344	
12.808	3.04105	12.2837	20.3094	14.5387	10.0998	7.36358	0	5.59707	6.22701	11.3959	13.2238	2.46658	24.4025	2.80014	
15.8126	7.16871	3.62516	9.61409	9.06332	2.29103	2.87	5.59707	0	7.83356	14.6124	7.45912	3.1305	13.5404	7.43344	
10.8691	8.74128	6.93467	18.099	8.46499	10.7759	9.8793	6.22701	7.83356	0	5.16888	14.4684	4.70306	16.8499	9.02716	
8.64833	19.7011	12.1035	19.0014	11.0525	12.3773	15.0482	11.3959	14.6124	5.16888	0	26.9746	9.87194	22.891	19.4601	
19.6492	14.7955	17.361	25.5922	22.082	18.3904	4.58912	13.2238	7.45912	14.4684	26.9746	0	10.7572	27.2763	9.15256	
13.1564	4.03822	6.75566	14.9563	13.168	5.42152	6.0005	2.46658	3.1305	4.70306	9.87194	10.7572	0	21.9359	4.36	
25.65	25.9741	9.91527	3.8896	19.8249	11.2127	24.8927	24.4025	13.5404	16.8499	22.891	27.2763	21.9359	0	26.2959	
14.5799	5.8412	19.6688	25.5665	16.984	11.9932	4.56344	2.80014	7.43344	9.02716	19.4601	9.15256	4.36	26.2959	0	

0	17.6478	10.9283	10.211	2.09304	10.9466	26.1799	18.6764	15.5267	5.99995	7.3705	15.073	16.0491	13.1192	26.7913	
17.6478	0	23.3516	13.5156	17.9516	16.8519	11.1963	1.02859	19.0285	14.0447	23.1449	14.2553	4.25411	11.7131	10.1927	
10.9283	23.3516	0	10.2703	8.8353	9.69149	13.2145	13.8134	16.31	12.4987	14.1128	19.8969	10.5879	12.0728	13.7578	
10.211	13.5156	10.2703	0	8.11798	5.82516	10.9796	28.9591	9.54692	6.21701	13.3954	21.098	14.1267	1.8025	24.0282	
2.09304	17.9516	8.8353	8.11798	0	6.71409	16.7641	26.6491	11.2942	3.90692	5.27746	12.98	11.8166	9.92048	19.1191	
10.9466	16.8519	9.69149	5.82516	6.71409	0	5.15442	15.3221	6.61852	2.80717	11.9073	19.0379	10.7169	7.62766	10.7136	
26.1799	11.1963	13.2145	10.9796	16.7641	5.15442	0	10.1677	7.21	7.96158	17.4676	16.6738	13.1663	14.9544	11.305	
18.6764	1.02859	13.8134	28.9591	26.6491	15.3221	10.1677	0	13.2591	11.1352	29.0852	15.2839	3.22552	12.7417	8.86552	
15.5267	19.0285	16.31	9.54692	11.2942	6.61852	7.21	13.2591	0	7.3873	10.2576	10.2341	9.73503	7.74442	4.09503	
5.99995	14.0447	12.4987	6.21701	3.90692	2.80717	7.96158	11.1352	7.3873	0	9.10014	16.8869	7.9097	7.31927	11.4823	
7.3705	23.1449	14.1128	13.3954	5.27746	11.9073	17.4676	29.0852	10.2576	9.10014	0	18.2575	17.0098	16.3483	14.3526	
15.073	14.2553	19.8969	21.098	12.98	19.0379	16.6738	15.2839	10.2341	16.8869	18.2575	0	11.7791	20.1638	6.13909	
16.0491	4.25411	10.5879	14.1267	11.8166	10.7169	13.1663	3.22552	9.73503	7.9097	17.0098	11.7791	0	15.229	5.64	
13.1192	11.7131	12.0728	1.8025	9.92048	7.62766	14.9544	12.7417	7.74442	7.31927	16.3483	20.1638	15.229	0	11.8395	
26.7913	10.1927	13.7578	24.0282	19.1191	10.7136	11.305	8.86552	4.09503	11.4823	14.3526	6.13909	5.64	11.8395	0	

0	12.7706	26.4221	23.4133	0.410122	7.18242	28.3207	24.6898	13.297	17.4183	16.9964	21.6508	19.2421	25.2237	6.85993	
12.7706	0	10.7869	18.1125	12.3605	17.1718	4.85996	7.15542	8.11249	13.672	22.9931	10.5199	12.5473	17.5164	14.2273	
26.4221	10.7869	0	8.69116	13.1573	6.38498	15.6468	15.5653	17.3361	9.82603	25.7954	20.3454	9.9997	7.93221	10.4821	
23.4133	18.1125	8.69116	0	11.7653	4.993	18.26	17.6277	10	5.99497	11.4843	10.2275	14.1184	0.758947	13.9176	
0.410122	12.3605	13.1573	11.7653	0	6.7723	17.2204	13.5774	12.8869	10.2133	16.5863	18.7861	8.12981	11.9588	6.44981	
7.18242	17.1718	6.38498	4.993	6.7723	0	14.3178	16.0522	9.00056	3.44105	13.1236	7.67354	10.6046	5.18653	8.9246	
28.3207	4.85996	15.6468	18.26	17.2204	14.3178	0	7.10348	8.26	9.89241	18.1331	5.65991	12.6691	17.6639	14.2311	
24.6898	7.15542	15.5653	17.6277	13.5774	16.0522	7.10348	0	7.62775	13.1873	20.06	12.7634	5.56561	17.0317	7.12764	
13.297	8.11249	17.3361	10	12.8869	9.00056	8.26	7.62775	0	5.55951	15.2421	5.89919	13.1934	9.40394	14.7554	
17.4183	13.672	9.82603	5.99497	10.2133	3.44105	9.89241	13.1873	5.55951	0	9.68255	4.23249	8.12347	6.75392	9.80347	
16.9964	22.9931	25.7954	11.4843	16.5863	13.1236	18.1331	20.06	15.2421	9.68255	0	13.915	17.806	12.2433	20.3313	
21.6508	10.5199	20.3454	10.2275	18.7861	7.67354	5.65991	12.7634	5.89919	4.23249	13.915	0	12.356	15.3031	18.3096	
19.2421	12.5473	9.9997	14.1184	8.12981	10.6046	12.6691	5.56561	13.1934	8.12347	17.806	12.356	0	17.9319	1.68	
25.2237	17.5164	7.93221	0.758947	11.9588	5.18653	17.6639	17.0317	9.40394	6.75392	12.2433	15.3031	17.9319	0	14.1111	
6.85993	14.2273	10.4821	13.9176	6.44981	8.9246	14.2311	7.12764	14.7554	9.80347	20.3313	18.3096	1.68	14.1111	0	

0	18.706	18.9437	17.5761	1.9799	15.982	11.8119	12.3189	12.758	9.63094	4.83895	26.7052	20.7214	11.5894	31.2063	
18.706	0	18.3378	23.3989	33.0383	22.75	7.75487	4.82991	14.7506	22.676	12.3099	12.0774	5.98522	32.0993	7.90522	
18.9437	18.3378	0	20.1586	14.4033	16.0985	13.7752	14.7559	3.62516	12.6118	15.6667	15.8893	12.3526	10.8164	14.2726	
17.5761	23.3989	20.1586	0	14.9853	10.9846	20.3549	19.817	12.5671	18.9533	12.7372	28.1461	17.4137	5.37587	19.3337	
1.9799	33.0383	14.4033	14.9853	0	15.6198	13.7918	26.6512	10.7781	7.65105	6.81885	23.0422	19.5435	9.60946	34.5065	
15.982	22.75	16.0985	10.9846	15.6198	0	10.7384	13.6633	12.4734	7.96874	16.7777	24.7375	17.1443	16.3605	15.2243	
11.8119	7.75487	13.7752	20.3549	13.7918	10.7384	0	2.92496	10.15	11.4543	10.405	20.1921	5.32829	14.979	10.8295	
12.3189	4.82991	14.7559	19.817	26.6512	13.6633	2.92496	0	11.1687	14.3792	7.48	16.9073	2.40333	17.9039	4.32333	
12.758	14.7506	3.62516	12.5671	10.7781	12.4734	10.15	11.1687	0	8.98661	12.0415	12.2641	8.76539	7.19124	10.6854	
9.63094	22.676	12.6118	18.9533	7.65105	7.96874	11.4543	14.3792	8.98661	0	8.80893	21.2507	17.5296	16.1779	19.4496	
4.83895	12.3099	15.6667	12.7372	6.81885	16.7777	10.405	7.48	12.0415	8.80893	0	24.3056	9.88333	18.113	20.717	
26.7052	12.0774	15.8893	28.1461	23.0422	24.7375	20.1921	16.9073	12.2641	21.2507	24.3056	0	18.0626	19.4553	16.9094	
20.7214	5.98522	12.3526	17.4137	19.5435	17.1443	5.32829	2.40333	8.76539	17.5296	9.88333	18.0626	0	15.9566	1.92	
11.5894	32.0993	10.8164	5.37587	9.60946	16.3605	14.979	17.9039	7.19124	16.1779	18.113	19.4553	15.9566	0	32.8297	
31.2063	7.90522	14.2726	19.3337	34.5065	15.2243	10.8295	4.32333	10.6854	19.4496	20.717	16.9094	1.92	32.8297	0	

0	8.62782	20.255	20.1725	0.381838	9.33094	8.85889	9.61169	14.8789	7.05615	3.39753	10.2956	7.75888	15.2798	10.8896	
8.62782	0	8.62251	11.2698	9.00965	11.7113	10.5694	0.98387	11.164	6.75621	13.5697	13.2653	2.45177	17.1103	2.26177	
20.255	8.62251	0	15.9738	12.9397	3.99061	9.99042	7.63864	3.97042	14.404	15.8633	23.5309	16.962	16.0447	12.8727	
20.1725	11.2698	15.9738	0	19.0938	11.9832	19.8789	10.2859	17.2441	18.185	15.9035	21.4318	13.9965	5.56561	13.8065	
0.381838	9.00965	12.9397	19.0938	0	8.94911	9.24073	22.4229	14.21	6.67432	3.01569	8.36942	8.14072	13.3536	11.1688	
9.33094	11.7113	3.99061	11.9832	8.94911	0	11.2809	11.6293	5.26087	13.944	11.9648	21.9432	16.0096	17.5488	9.44957	
8.85889	10.5694	9.99042	19.8789	9.24073	11.2809	0	10.307	6.02	4.00899	13.384	15.9089	8.11759	14.3133	8.50343	
9.61169	0.98387	7.63864	10.2859	22.4229	11.6293	10.307	0	11.6091	14.316	23.691	14.2492	3.43564	15.8515	3.24564	
14.8789	11.164	3.97042	17.2441	14.21	5.26087	6.02	11.6091	0	10.029	11.8929	17.2466	12.9916	20.0151	8.90225	
7.05615	6.75621	14.404	18.185	6.67432	13.944	4.00899	14.316	10.029	0	9.69001	16.988	11.0544	12.6194	4.49444	
3.39753	13.5697	15.8633	15.9035	3.01569	11.9648	13.384	23.691	11.8929	9.69001	0	5.35373	12.7008	10.3379	16.6522	
10.2956	13.2653	23.5309	21.4318	8.36942	21.9432	15.9089	14.2492	17.2466	16.988	5.35373	0	15.7171	15.6916	12.4936	
7.75888	2.45177	16.962	13.9965	8.14072	16.0096	8.11759	3.43564	12.9916	11.0544	12.7008	15.7171	0	22.4308	4.71354	
15.2798	17.1103	16.0447	5.56561	13.3536	17.5488	14.3133	15.8515	20.0151	12.6194	10.3379	15.6916	22.4308	0	17.1139	
10.8896	2.26177	12.8727	13.8065	11.1688	9.44957	8.50343	3.24564	8.90225	4.49444	16.6522	12.4936	4.71354	17.1139	0	

0	21.1322	25.5231	12.1125	1.59806	16.5939	15.6164	28.5725	10.8564	14.7404	13.3377	10.1781	22.2827	9.29811	11.5953	
21.1322	0	19.7413	15.6611	25.8296	10.589	6.83244	2.23607	10.2758	8.77796	11.3988	18.3637	10.1677	21.5104	9.3637	
25.5231	19.7413	0	7.53159	23.7675	16.7606	19.7785	17.5052	15.0185	14.4147	19.2247	25.4197	25.7552	10.346	19.6477	
12.1125	15.6611	7.53159	0	16.236	8.69419	18.1263	22.0888	10.7672	6.88312	9.50396	18.6942	18.2236	2.81443	19.0181	
1.59806	25.8296	23.7675	16.236	0	14.732	24.183	17.1248	12.4545	14.3605	11.7397	8.58	13.7172	10.8962	9.9972	
16.5939	10.589	16.7606	8.69419	14.732	0	15.0272	16.9387	5.69512	1.81108	2.99232	9.99335	12.6425	18.2927	13.9461	
15.6164	6.83244	19.7785	18.1263	24.183	15.0272	0	4.59637	4.76	8.64404	16.5042	13.7397	5.54372	15.3119	9.26372	
28.5725	2.23607	17.5052	22.0888	17.1248	16.9387	4.59637	0	9.35637	11.014	16.66	12.4051	8.6014	19.2744	7.12764	
10.8564	10.2758	15.0185	10.7672	12.4545	5.69512	4.76	9.35637	0	3.88404	6.50488	9.90663	8.34917	20.0719	4.62917	
14.7404	8.77796	14.4147	6.88312	14.3605	1.81108	8.64404	11.014	3.88404	0	2.62084	9.62187	14.4535	9.69754	8.51321	
13.3377	11.3988	19.2247	9.50396	11.7397	2.99232	16.5042	16.66	6.50488	2.62084	0	7.00103	15.197	14.5076	12.2785	
10.1781	18.3637	25.4197	18.6942	8.58	9.99335	13.7397	12.4051	9.90663	9.62187	7.00103	0	8.196	27.6768	5.27746	
22.2827	10.1677	25.7552	18.2236	13.7172	12.6425	5.54372	8.6014	8.34917	14.4535	15.197	8.196	0	20.8556	3.72	
9.29811	21.5104	10.346	2.81443	10.8962	18.2927	15.3119	19.2744	20.0719	9.69754	14.5076	27.6768	20.8556	0	26.402	
11.5953	9.3637	19.6477	19.0181	9.9972	13.9461	9.26372	7.12764	4.62917	8.51321	12.2785	5.27746	3.72	26.402	0	

0	8.24854	23.0227	13.7297	0.523259	21.9454	26.2129	15.2095	26.0071	21.1844	5.80072	22.2386	21.134	9.61873	15.574	
8.24854	0	17.4873	14.5226	7.72528	21.5457	10.3826	2.99633	9.99846	10.7348	13.0027	7.09556	3.894	10.4117	6.6776	
23.0227	17.4873	0	24.1868	13.8863	8.20926	15.1701	20.7375	11.3378	9.58616	8.60886	16.4335	16.3697	21.2728	10.8097	
13.7297	14.5226	24.1868	0	16.4827	15.9776	16.77	31.169	14.25	16.0016	26.7101	22.0121	20.3545	4.11096	31.5334	
0.523259	7.72528	13.8863	16.4827	0	19.0149	18.1079	10.7216	29.3163	12.048	5.27746	13.1021	11.6193	10.142	12.7227	
21.9454	21.5457	8.20926	15.9776	19.0149	0	9.74943	22.8872	5.9171	4.16548	10.936	11.3971	11.0063	15.5596	19.019	
26.2129	10.3826	15.1701	16.77	18.1079	9.74943	0	11.0034	2.52	4.27163	12.3545	10.2821	8.62447	20.7943	15.3853	
15.2095	2.99633	20.7375	31.169	10.7216	22.8872	11.0034	0	12.8085	13.5448	17.373	9.90559	6.70403	13.408	9.67394	
26.0071	9.99846	11.3378	14.25	29.3163	5.9171	2.52	12.8085	0	1.75163	8.52213	7.76209	6.10447	18.361	11.6645	
21.1844	10.7348	9.58616	16.0016	12.048	4.16548	4.27163	13.5448	1.75163	0	6.7705	8.95335	6.84082	19.7251	12.4008	
5.80072	13.0027	8.60886	26.7101	5.27746	10.936	12.3545	17.373	8.52213	6.7705	0	7.82468	11.0262	22.5991	7.44527	
22.2386	7.09556	16.4335	22.0121	13.1021	11.3971	10.2821	9.90559	7.76209	8.95335	7.82468	0	3.20156	26.9567	8.76156	
21.134	3.894	16.3697	20.3545	11.6193	11.0063	8.62447	6.70403	6.10447	6.84082	11.0262	3.20156	0	14.3057	5.56	
9.61873	10.4117	21.2728	4.11096	10.142	15.5596	20.7943	13.408	18.361	19.7251	22.5991	26.9567	14.3057	0	17.0893	
15.574	6.6776	10.8097	31.5334	12.7227	19.019	15.3853	9.67394	11.6645	12.4008	7.44527	8.76156	5.56	17.0893	0	

0	13.6874	7.32596	10.4462	1.59806	17.5875	10.0401	16.0293	7.22144	7.78401	6.2293	25.0694	8.19503	11.3	14.7339	
13.6874	0	6.36149	16.4713	9.48141	16.6231	4.5286	6.7082	11.9486	19.2928	22.0141	8.71156	2.88444	14.6543	6.96444	
7.32596	6.36149	0	9.14658	8.92402	10.2616	10.8901	13.0697	17.6079	14.8798	19.6774	15.073	8.23505	8.29277	12.315	
10.4462	16.4713	9.14658	0	12.0443	9.15382	20.4863	37.1187	20.5241	13.7721	12.8746	28.1653	23.127	0.853815	23.5805	
1.59806	9.48141	8.92402	12.0443	0	10.8042	10.7873	15.5146	5.62338	6.18595	4.63124	9.0387	6.59697	16.6521	10.677	
17.5875	16.6231	10.2616	9.15382	10.8042	0	18.7903	19.2382	6.44603	4.61825	12.1168	14.7856	18.4966	9.41259	27.0363	
10.0401	4.5286	10.8901	20.4863	10.7873	18.7903	0	5.98921	7.42	9.24779	15.4185	10.8353	7.41304	20.1461	4.69383	
16.0293	6.7082	13.0697	37.1187	15.5146	19.2382	5.98921	0	13.4092	14.6199	22.1185	15.4198	8.91762	22.3257	10.683	
7.22144	11.9486	17.6079	20.5241	5.62338	6.44603	7.42	13.4092	0	1.82779	9.3263	3.41532	10.7149	19.495	12.1138	
7.78401	19.2928	14.8798	13.7721	6.18595	4.61825	9.24779	14.6199	1.82779	0	7.49851	5.2431	12.7829	14.0308	21.4127	
6.2293	22.0141	19.6774	12.8746	4.63124	12.1168	15.4185	22.1185	9.3263	7.49851	0	18.0797	11.2282	12.0208	22.1793	
25.0694	8.71156	15.073	28.1653	9.0387	14.7856	10.8353	15.4198	3.41532	5.2431	18.0797	0	7.29956	24.3291	11.3088	
8.19503	2.88444	8.23505	23.127	6.59697	18.4966	7.41304	8.91762	10.7149	12.7829	11.2282	7.29956	0	16.5278	4.08	
11.3	14.6543	8.29277	0.853815	16.6521	9.41259	20.1461	22.3257	19.495	14.0308	12.0208	24.3291	16.5278	0	22.7266	
14.7339	6.96444	12.315	23.5805	10.677	27.0363	4.69383	10.683	12.1138	21.4127	22.1793	11.3088	4.08	22.7266	0	

0	24.9132	7.90569	13.9859	1.76777	8.94234	17.4691	12.0822	4.95618	3.41855	7.72172	9.20869	10.0456	18.3358	9.76339	
24.9132	0	13.5429	28.516	15.9654	7.5	7.73175	1.92302	13.4677	10.5867	20.2522	8.71548	7.36214	17.052	3.70493	
7.90569	13.5429	0	23.793	14.5083	6.04293	16.4949	13.1508	6.31492	4.48714	9.29201	13.4859	11.1142	21.7946	25.1772	
13.9859	28.516	23.793	0	16.236	21.1908	14.7594	22.7947	11.25	11.0691	6.26418	21.6512	18.2236	5.43912	16.0572	
1.76777	15.9654	14.5083	16.236	0	8.46537	18.3675	20.8088	6.72394	5.18632	9.48949	10.9765	23.2269	16.568	19.0269	
8.94234	7.5	6.04293	21.1908	8.46537	0	10.452	9.42302	7.35157	5.52378	10.3287	7.44301	12.1508	15.7517	13.6898	
17.4691	7.73175	16.4949	14.7594	18.3675	10.452	0	9.65477	12.6	13.8537	12.5205	8.26041	7.22663	9.32026	8.60535	
12.0822	1.92302	13.1508	22.7947	20.8088	9.42302	9.65477	0	6.58912	8.66367	13.2362	6.79247	5.43912	28.35	1.78191	
4.95618	13.4677	6.31492	11.25	6.72394	7.35157	12.6	6.58912	0	1.82779	6.63266	10.4012	8.45483	16.6891	4.80721	
3.41855	10.5867	4.48714	11.0691	5.18632	5.52378	13.8537	8.66367	1.82779	0	4.80487	12.229	6.62704	19.6863	6.635	
7.72172	20.2522	9.29201	6.26418	9.48949	10.3287	12.5205	13.2362	6.63266	4.80487	0	16.9304	11.4319	11.7033	11.4543	
9.20869	8.71548	13.4859	21.6512	10.9765	7.44301	8.26041	6.79247	10.4012	12.229	16.9304	0	10.4468	17.5807	6.24679	
10.0456	7.36214	11.1142	18.2236	23.2269	12.1508	7.22663	5.43912	8.45483	6.62704	11.4319	10.4468	0	16.5469	4.2	
18.3358	17.052	21.7946	5.43912	16.568	15.7517	9.32026	28.35	16.6891	19.6863	11.7033	17.5807	16.5469	0	17.9256	
9.76339	3.70493	25.1772	16.0572	19.0269	13.6898	8.60535	1.78191	4.80721	6.635	11.4543	6.24679	4.2	17.9256	0	

0	25.154	17.3463	23.7976	2.1496	16.2205	22.061	26.9484	17.3726	9.6045	6.02692	15.5696	14.5213	15.7354	21.7395	
25.154	0	7.46783	15.0148	22.6645	17.7379	9.71992	5.07912	9.34946	8.16183	14.7542	13.2183	3.245	9.54405	6.845	
17.3463	7.46783	0	17.2884	11.2563	13.112	16.1729	15.0257	23.2944	9.92706	7.37902	15.6155	10.7128	17.0119	9.17187	
23.7976	15.0148	17.2884	0	19.0565	8.32166	16.3396	19.0495	18.504	16.5758	24.5074	25.3202	18.5807	5.47074	14.9807	
2.1496	22.6645	11.2563	19.0565	0	18.3701	26.2695	19.0804	21.0877	6.42536	3.87732	12.1138	15.3866	13.5858	19.9133	
16.2205	17.7379	13.112	8.32166	18.3701	0	8.01798	10.7279	10.1823	9.05539	11.6034	16.3882	12.562	9.60469	18.3183	
22.061	9.71992	16.1729	16.3396	26.2695	8.01798	0	12.0306	7.7	12.4565	15.0045	12.8495	10.1965	17.6227	10.3003	
26.9484	5.07912	15.0257	19.0495	19.0804	10.7279	12.0306	0	7.93859	6.75096	13.3434	5.66039	1.83412	17.102	5.43412	
17.3726	9.34946	23.2944	18.504	21.0877	10.1823	7.7	7.93859	0	7.76809	10.3161	8.22781	6.10447	18.8732	9.70447	
9.6045	8.16183	9.92706	16.5758	6.42536	9.05539	12.4565	6.75096	7.76809	0	2.54804	10.7845	4.91684	11.1051	8.51684	
6.02692	14.7542	7.37902	24.5074	3.87732	11.6034	15.0045	13.3434	10.3161	2.54804	0	8.2365	7.46488	13.6531	14.683	
15.5696	13.2183	15.6155	25.3202	12.1138	16.3882	12.8495	5.66039	8.22781	10.7845	8.2365	0	7.49451	27.0058	10.3395	
14.5213	3.245	10.7128	18.5807	15.3866	12.562	10.1965	1.83412	6.10447	4.91684	7.46488	7.49451	0	12.789	3.6	
15.7354	9.54405	17.0119	5.47074	13.5858	9.60469	17.6227	17.102	18.8732	11.1051	13.6531	27.0058	12.789	0	20.4514	
21.7395	6.845	9.17187	14.9807	19.9133	18.3183	10.3003	5.43412	9.70447	8.51684	14.683	10.3395	3.6	20.4514	0	

-111