10
10
3
3
30

6	7
19	44
37	23
35	6
5	8
20	35
8	31
29	43
18	39
19	47

26	20
20	33
15	46
20	26
17	19
15	12
5	30
13	40
38	5
9	40

70

1.79769e+308
1.79769e+308
1.79769e+308
1.79769e+308
1.79769e+308
1.79769e+308
1.79769e+308
1.79769e+308
1.79769e+308
1.79769e+308

16
18
15
11
18
16
15
15
15
16

0
0
0
0
0
0
0
0
0
0

0

0	16.026	11.5358	8.47831	0.961665	14.0946	14.6314	9.3984	9.99467	12.8449	9.06441	9.70809	12.0597	12.568	3.58134	6.13142	7.34167	8.77091	16.0312	13.8509	
16.026	0	10.3139	13.1939	11.6182	4.69179	5.7302	5.06651	3.1104	1.62	12.0352	2.87179	1.92302	6.09179	17.9055	13.2221	7.22136	4.33417	14.5537	12.4936	
11.5358	10.3139	0	11.9962	13.0762	11.0495	15.4971	14.9286	7.20345	11.7183	13.9101	17.8287	12.0775	16.9411	7.95447	17.4186	11.3144	8.42722	10.6364	10.4821	
8.47831	13.1939	11.9962	0	7.51665	17.8812	23.2538	26.5715	15.9549	14.8139	10.3882	16.0612	15.117	19.2812	13.1001	11.0667	13.8966	18.5361	1.35978	22.6354	
0.961665	11.6182	13.0762	7.51665	0	10.5664	8.11925	10.3601	10.491	14.0885	10.0261	8.74643	16.9873	9.79532	4.54301	5.16976	6.38	9.73257	8.87643	8.96488	
14.0946	4.69179	11.0495	17.8812	10.5664	0	14.2935	4.69622	3.84604	8.14273	8.29264	1.82	8.72013	4.05	13.0366	21.1003	7.46532	4.29487	18.4411	11.1718	
14.6314	5.7302	15.4971	23.2538	8.11925	14.2935	0	10.1584	5.85021	10.6103	5.90661	13.2853	3.80718	5.15457	13.7848	17.3886	1.73925	6.09338	14.935	4.32413	
9.3984	5.06651	14.9286	26.5715	10.3601	4.69622	10.1584	0	7.7251	3.44651	14.5511	6.51622	10.0225	8.74622	12.9797	15.8847	11.8361	8.94887	22.3202	20.5357	
9.99467	3.1104	7.20345	15.9549	10.491	3.84604	5.85021	7.7251	0	4.51486	13.7009	3.69864	4.51253	7.52628	15.1579	16.3325	4.11096	1.22376	14.5951	6.30376	
12.8449	1.62	11.7183	14.8139	14.0885	8.14273	10.6103	3.44651	4.51486	0	19.5498	4.49179	3.54302	13.6064	20.2114	14.8421	8.62583	5.73863	19.1099	14.1136	
9.06441	12.0352	13.9101	10.3882	10.0261	8.29264	5.90661	14.5511	13.7009	19.5498	0	7.46264	9.71378	4.24264	7.87819	15.5507	7.64586	11.6383	9.02841	11.3644	
9.70809	2.87179	17.8287	16.0612	8.74643	1.82	13.2853	6.51622	3.69864	4.49179	7.46264	0	4.79481	3.22	12.2066	13.9162	6.63532	2.47487	17.421	7.55487	
12.0597	1.92302	12.0775	15.117	16.9873	8.72013	3.80718	10.0225	4.51253	3.54302	9.71378	4.79481	0	11.1324	19.7495	15.1451	5.54643	3.28877	19.4692	8.36877	
12.568	6.09179	16.9411	19.2812	9.79532	4.05	5.15457	8.74622	7.52628	13.6064	4.24264	3.22	11.1324	0	8.98661	18.4508	3.41532	5.69487	13.271	6.0002	
3.58134	17.9055	7.95447	13.1001	4.54301	13.0366	13.7848	12.9797	15.1579	20.2114	7.87819	12.2066	19.7495	8.98661	0	9.46414	12.4019	12.3522	14.4599	16.1084	
6.13142	13.2221	17.4186	11.0667	5.16976	21.1003	17.3886	15.8847	16.3325	14.8421	15.5507	13.9162	15.1451	18.4508	9.46414	0	11.5498	15.2572	12.4265	18.2342	
7.34167	7.22136	11.3144	13.8966	6.38	7.46532	1.73925	11.8361	4.11096	8.62583	7.64586	6.63532	5.54643	3.41532	12.4019	11.5498	0	4.35412	18.706	2.58488	
8.77091	4.33417	8.42722	18.5361	9.73257	4.29487	6.09338	8.94887	1.22376	5.73863	11.6383	2.47487	3.28877	5.69487	12.3522	15.2572	4.35412	0	15.8188	5.08	
16.0312	14.5537	10.6364	1.35978	8.87643	18.4411	14.935	22.3202	14.5951	19.1099	9.02841	17.421	19.4692	13.271	14.4599	12.4265	18.706	15.8188	0	21.1185	
13.8509	12.4936	10.4821	22.6354	8.96488	11.1718	4.32413	20.5357	6.30376	14.1136	11.3644	7.55487	8.36877	6.0002	16.1084	18.2342	2.58488	5.08	21.1185	0	

0	15.2948	8.72138	19.763	1.27279	9.07844	14.2646	13.2449	12.3034	18.0276	8.3488	12.1384	15.4331	11.0584	16.2788	11.7492	9.19279	12.1443	16.8009	16.5594	
15.2948	0	10.3525	13.3882	16.5676	7.78763	10.9144	5.82893	8.5442	2.82	13.6671	8.35673	4.87463	9.76763	16.0254	22.9004	9.59162	7.35532	8.6764	8.83167	
8.72138	10.3525	0	12.4956	9.99417	12.1053	6.91914	4.52354	12.7728	22.1869	12.1999	11.1158	8.67571	9.14003	14.0476	11.3145	7.8616	15.5167	17.2074	8.51674	
19.763	13.3882	12.4956	0	20.0238	14.9556	18.4619	17.0191	10.394	16.1182	10.4998	13.3665	17.629	20.762	8.88144	7.09941	15.0674	12.8415	4.71179	14.65	
1.27279	16.5676	9.99417	20.0238	0	10.3512	11.6199	15.8355	13.5762	21.0407	9.62159	11.8972	12.637	18.9734	14.106	12.9244	7.92	13.4171	29.8084	13.5206	
9.07844	7.78763	12.1053	14.9556	10.3512	0	5.18614	6.59649	4.56158	10.2858	9.50931	3.06	6.5421	1.98	8.62777	17.1327	7.03724	7.00911	16.464	7.26887	
14.2646	10.9144	6.91914	18.4619	11.6199	5.18614	0	8.55434	6.33877	13.7921	13.0157	5.83945	8.41686	7.16614	9.88582	11.9466	3.69986	9.08274	25.3075	2.08274	
13.2449	5.82893	4.52354	17.0191	15.8355	6.59649	8.55434	0	9.56482	7.69804	16.7234	6.59228	4.15217	4.61649	10.1965	15.838	7.91546	7.44094	14.5053	6.4716	
12.3034	8.5442	12.7728	10.394	13.5762	4.56158	6.33877	9.56482	0	5.7242	4.94773	2.97254	5.7363	6.54158	13.1894	8.34809	6.94978	2.44753	13.3999	4.25603	
18.0276	2.82	22.1869	16.1182	21.0407	10.2858	13.7921	7.69804	5.7242	0	10.6719	7.02797	3.54587	12.7353	26.5698	22.0884	8.26286	6.83464	11.4964	9.98023	
8.3488	13.6671	12.1999	10.4998	9.62159	9.50931	13.0157	16.7234	4.94773	10.6719	0	7.92027	12.1827	12.4734	13.6736	3.40037	16.49	7.39526	8.45212	9.20376	
12.1384	8.35673	11.1158	13.3665	11.8972	3.06	5.83945	6.59228	2.97254	7.02797	7.92027	0	3.4821	5.04	10.1632	17.786	3.97724	5.42007	21.6363	7.22857	
15.4331	4.87463	8.67571	17.629	12.637	6.5421	8.41686	4.15217	5.7363	3.54587	12.1827	3.4821	0	8.76866	10.9029	19.8509	4.71699	3.28877	13.551	10.2888	
11.0584	9.76763	9.14003	20.762	18.9734	1.98	7.16614	4.61649	6.54158	12.7353	12.4734	5.04	8.76866	0	10.6078	15.8737	10.0672	14.834	18.5917	7.83398	
16.2788	16.0254	14.0476	8.88144	14.106	8.62777	9.88582	10.1965	13.1894	26.5698	13.6736	10.1632	10.9029	10.6078	0	11.9394	6.18595	22.3915	13.5932	11.7865	
11.7492	22.9004	11.3145	7.09941	12.9244	17.1327	11.9466	15.838	8.34809	22.0884	3.40037	17.786	19.8509	15.8737	11.9394	0	15.6465	16.5621	11.8112	14.0293	
9.19279	9.59162	7.8616	15.0674	7.92	7.03724	3.69986	7.91546	6.94978	8.26286	16.49	3.97724	4.71699	10.0672	6.18595	15.6465	0	8.00576	19.9618	5.60057	
12.1443	7.35532	15.5167	12.8415	13.4171	7.00911	9.08274	7.44094	2.44753	6.83464	7.39526	5.42007	3.28877	14.834	22.3915	16.5621	8.00576	0	16.0317	6.70356	
16.8009	8.6764	17.2074	4.71179	29.8084	16.464	25.3075	14.5053	13.3999	11.4964	8.45212	21.6363	13.551	18.5917	13.5932	11.8112	19.9618	16.0317	0	17.5081	
16.5594	8.83167	8.51674	14.65	13.5206	7.26887	2.08274	6.4716	4.25603	9.98023	9.20376	7.22857	10.2888	7.83398	11.7865	14.0293	5.60057	6.70356	17.5081	0	

0	21.6603	19.883	13.225	1.49907	11.3002	7.22496	18.5927	10.1031	16.9332	13.1976	9.70658	23.2957	5.90021	5.69759	8.28437	12.6008	9.03071	16.3557	11.1738	
21.6603	0	10.6747	19.3786	22.0606	1.81108	9.02107	8.81547	5.29116	1.32	6	2.76134	3.89076	6.88027	6.77033	7.69538	13.6223	3.74977	14.4059	5.82977	
19.883	10.6747	0	27.5727	21.7893	15.1758	21.1288	11.4165	16.4496	23.2639	4.67472	16.2722	21.3311	11.9721	14.4545	15.004	16.7059	17.1133	18.6976	19.3038	
13.225	19.3786	27.5727	0	11.726	14.2076	10.7435	25.8635	21.3358	17.747	15.6356	22.1399	17.8885	34.7588	13.9798	18.5113	27.6615	19.2475	1.61276	21.4007	
1.49907	22.0606	21.7893	11.726	0	12.6696	8.72402	17.562	20.6843	15.5339	20.3435	15.4201	19.7722	7.39928	7.19665	6.78531	21.6123	11.7547	13.3387	9.67471	
11.3002	1.81108	15.1758	14.2076	12.6696	0	7.20999	7.46579	4.68982	3.13108	7.81108	2.16	5.70184	5.4	6.16899	5.8843	12.5859	4.90333	12.5949	6.98333	
7.22496	9.02107	21.1288	10.7435	8.72402	7.20999	0	11.3678	7.1715	9.70824	16.0073	9.36999	9.84118	8.71	11.1	13.0943	5.37587	8.13355	9.13074	10.2135	
18.5927	8.81547	11.4165	25.8635	17.562	7.46579	11.3678	0	5.03302	10.596	16.0913	6.05413	15.5446	10.8203	9.43852	13.3501	16.7437	8.50035	20.0606	7.88726	
10.1031	5.29116	16.4496	21.3358	20.6843	4.68982	7.1715	5.03302	0	5.56296	13.0366	2.52982	5.17496	5.7873	4.4055	10.3024	12.5474	3.46733	16.3022	5.54733	
16.9332	1.32	23.2639	17.747	15.5339	3.13108	9.70824	10.596	5.56296	0	7.32	4.08134	4.08187	11.3503	9.96845	17.027	15.0841	5.06977	16.1342	5.85915	
13.1976	6	4.67472	15.6356	20.3435	7.81108	16.0073	16.0913	13.0366	7.32	0	8.76134	9.89076	7.29734	9.77982	15.6767	19.7167	9.74977	14.0228	15.3979	
9.70658	2.76134	16.2722	22.1399	15.4201	2.16	9.36999	6.05413	2.52982	4.08134	8.76134	0	6.6521	7.56	4.00899	8.0443	10.8609	5.99716	14.7549	9.62704	
23.2957	3.89076	21.3311	17.8885	19.7722	5.70184	9.84118	15.5446	5.17496	4.08187	9.89076	6.6521	0	4.83813	15.7155	17.8465	17.9716	1.70763	19.3424	3.78763	
5.90021	6.88027	11.9721	34.7588	7.39928	5.4	8.71	10.8203	5.7873	11.3503	7.29734	7.56	4.83813	0	10.1928	11.2843	12.4193	3.1305	17.8407	5.2105	
5.69759	6.77033	14.4545	13.9798	7.19665	6.16899	11.1	9.43852	4.4055	9.96845	9.77982	4.00899	15.7155	10.1928	0	5.89689	14.8699	7.69805	12.367	5.61805	
8.28437	7.69538	15.004	18.5113	6.78531	5.8843	13.0943	13.3501	10.3024	17.027	15.6767	8.0443	17.8465	11.2843	5.89689	0	19.4957	10.7876	18.2639	11.1679	
12.6008	13.6223	16.7059	27.6615	21.6123	12.5859	5.37587	16.7437	12.5474	15.0841	19.7167	10.8609	17.9716	12.4193	14.8699	19.4957	0	13.5094	14.5066	15.8324	
9.03071	3.74977	17.1133	19.2475	11.7547	4.90333	8.13355	8.50035	3.46733	5.06977	9.74977	5.99716	1.70763	3.1305	7.69805	10.7876	13.5094	0	17.2643	2.08	
16.3557	14.4059	18.6976	1.61276	13.3387	12.5949	9.13074	20.0606	16.3022	16.1342	14.0228	14.7549	19.3424	17.8407	12.367	18.2639	14.5066	17.2643	0	17.9851	
11.1738	5.82977	19.3038	21.4007	9.67471	6.98333	10.2135	7.88726	5.54733	5.85915	15.3979	9.62704	3.78763	5.2105	5.61805	11.1679	15.8324	2.08	17.9851	0	

0	14.0434	13.9542	8.3731	0.961665	8.92123	10.5966	22.4291	11.7668	12.1972	13.8045	6.20123	13.9286	11.8712	10.9068	10.9504	12.0196	15.0148	6.41249	13.6754	
14.0434	0	14.9357	15.409	15.1136	7.55371	14.0646	6.58358	1.78466	5.19	10.4432	7.35027	2.14663	11.2869	10.8103	12.5914	10.2552	4.80294	13.4484	7.5801	
13.9542	14.9357	0	10.2534	14.9159	10.1769	14.5437	14.8631	14.4734	15.6151	5.81489	18.9873	17.0823	13.3668	8.71262	19.9234	21.9597	16.8951	8.29277	11.4648	
8.3731	15.409	10.2534	0	28.8008	12.1065	17.5589	23.2325	16.6849	21.2011	19.5504	11.1193	21.8441	16.7893	16.6527	15.8684	16.1359	10.5629	1.96061	17.1207	
0.961665	15.1136	14.9159	28.8008	0	19.4918	9.74183	21.6435	19.4403	13.1589	21.7144	7.16289	12.9669	21.5563	11.8685	13.1105	11.1649	15.6233	7.37415	12.8207	
8.92123	7.55371	10.1769	12.1065	19.4918	0	14.7639	9.27203	5.76906	7.94745	4.36198	2.72	6.52484	8.39	7.25971	7.46915	12.3719	9.18116	10.1459	11.5645	
10.5966	14.0646	14.5437	17.5589	9.74183	14.7639	0	8.51964	8.87428	6.48825	9.04772	11.4311	11.0457	8.59822	5.00437	6.68199	1.42302	8.99883	17.0091	3.07883	
22.4291	6.58358	14.8631	23.2325	21.6435	9.27203	8.51964	0	4.79893	10.2318	13.4574	10.3645	11.2723	9.04063	10.678	17.9362	7.09662	8.95335	17.5557	10.5944	
11.7668	1.78466	14.4734	16.6849	19.4403	5.76906	8.87428	4.79893	0	6.97466	8.65852	5.56561	3.93128	11.2356	11.5562	10.3148	11.8955	7.85249	15.2331	5.79545	
12.1972	5.19	15.6151	21.2011	13.1589	7.94745	6.48825	10.2318	6.97466	0	12.3094	10.6675	5.23634	6.0969	8.64657	18.5712	5.06522	7.89266	18.0933	4.15023	
13.8045	10.4432	5.81489	19.5504	21.7144	4.36198	9.04772	13.4574	8.65852	12.3094	0	7.08198	10.8868	7.23871	2.89772	5.66417	6.47906	12.9452	14.1077	8.39962	
6.20123	7.35027	18.9873	11.1193	7.16289	2.72	11.4311	10.3645	5.56561	10.6675	7.08198	0	9.24484	5.67	7.51559	4.74915	13.4669	11.5824	12.6137	11.1894	
13.9286	2.14663	17.0823	21.8441	12.9669	6.52484	11.0457	11.2723	3.93128	5.23634	10.8868	9.24484	0	11.3332	8.66367	11.4301	9.62266	2.65631	11.2586	8.40043	
11.8712	11.2869	13.3668	16.7893	21.5563	8.39	8.59822	9.04063	11.2356	6.0969	7.23871	5.67	11.3332	0	4.34099	7.10743	7.92233	11.4394	19.9891	5.51939	
10.9068	10.8103	8.71262	16.6527	11.8685	7.25971	5.00437	10.678	11.5562	8.64657	2.89772	7.51559	8.66367	4.34099	0	2.76644	3.58134	10.0475	15.6481	9.22883	
10.9504	12.5914	19.9234	15.8684	13.1105	7.46915	6.68199	17.9362	10.3148	18.5712	5.66417	4.74915	11.4301	7.10743	2.76644	0	6.34778	8.98283	14.9058	9.76082	
12.0196	10.2552	21.9597	16.1359	11.1649	12.3719	1.42302	7.09662	11.8955	5.06522	6.47906	13.4669	9.62266	7.92233	3.58134	6.34778	0	11.9098	18.0965	4.50186	
15.0148	4.80294	16.8951	10.5629	15.6233	9.18116	8.99883	8.95335	7.85249	7.89266	12.9452	11.5824	2.65631	11.4394	10.0475	8.98283	11.9098	0	8.60233	5.92	
6.41249	13.4484	8.29277	1.96061	7.37415	10.1459	17.0091	17.5557	15.2331	18.0933	14.1077	12.6137	11.2586	19.9891	15.6481	14.9058	18.0965	8.60233	0	14.5223	
13.6754	7.5801	11.4648	17.1207	12.8207	11.5645	3.07883	10.5944	5.79545	4.15023	8.39962	11.1894	8.40043	5.51939	9.22883	9.76082	4.50186	5.92	14.5223	0	

0	13.2793	21.2802	29.5976	1.04652	10.5448	12.5789	20.0113	13.738	20.9413	10.0774	9.74478	19.4487	10.1845	8.97612	5.04486	6.10652	15.4144	28.2149	13.2544	
13.2793	0	21.2853	20.6647	12.7816	4.33452	11.8326	7.16258	6.11882	4.47	14.7778	3.53452	6.82017	13.6145	13.9286	14.5439	7.72161	7.44457	24.2939	8.22834	
21.2802	21.2853	0	24.7542	13.6263	13.1283	11.5083	15.2773	12.2078	19.8357	6.61302	14.5683	14.2354	4.4883	10.2001	11.6456	21.7201	10.882	21.9939	13.042	
29.5976	20.6647	24.7542	0	30.6441	24.1431	32.52	11.6198	26.3678	14.3124	18.1412	31.8172	14.6266	21.4505	23.4839	23.1738	34.6554	16.0151	4.83828	28.2033	
1.04652	12.7816	13.6263	30.6441	0	12.0459	9.17096	23.7229	13.7453	17.8332	12.4473	9.34318	14.8713	9.13799	10.3254	6.09138	5.06	23.815	29.2615	14.301	
10.5448	4.33452	13.1283	24.1431	12.0459	0	2.7828	12.5233	1.69941	14.1959	11.2031	0.8	11.6641	8.64	5.86038	9.79163	5.08318	3.02516	30.8896	5.49383	
12.5789	11.8326	11.5083	32.52	9.17096	2.7828	0	15.3061	4.48222	16.8841	8.64268	3.5828	13.9223	7.02	3.3	7.23126	4.11096	11.8493	34.538	9.68926	
20.0113	7.16258	15.2773	11.6198	23.7229	12.5233	15.3061	0	5.72103	2.69258	10.6292	12.5794	3.00674	18.04	17.0852	14.9665	12.8181	4.39528	16.4581	6.55528	
13.738	6.11882	12.2078	26.3678	13.7453	1.69941	4.48222	5.72103	0	10.5888	10.6287	2.49941	6.57513	10.3394	7.55979	8.69317	8.71037	1.32575	24.1219	3.48575	
20.9413	4.47	19.8357	14.3124	17.8332	14.1959	16.8841	2.69258	10.5888	0	9.97259	8.00452	2.35017	15.3474	16.4286	17.6591	12.1615	7.08786	28.7639	8.54443	
10.0774	14.7778	6.61302	18.1412	12.4473	11.2031	8.64268	10.6292	10.6287	9.97259	0	13.3893	7.62242	3.30926	5.34268	5.03254	15.9459	9.30295	22.9795	11.463	
9.74478	3.53452	14.5683	31.8172	9.34318	0.8	3.5828	12.5794	2.49941	8.00452	13.3893	0	10.6899	9.44	6.66038	11.0094	4.28318	5.75293	27.8284	4.69383	
19.4487	6.82017	14.2354	14.6266	14.8713	11.6641	13.9223	3.00674	6.57513	2.35017	7.62242	10.6899	0	10.9317	12.9651	12.655	9.81134	5.24938	28.0455	6.19426	
10.1845	13.6145	4.4883	21.4505	9.13799	8.64	7.02	18.04	10.3394	15.3474	3.30926	9.44	10.9317	0	5.71183	8.3418	11.131	12.6122	26.4822	14.7738	
8.97612	13.9286	10.2001	23.4839	10.3254	5.86038	3.3	17.0852	7.55979	16.4286	5.34268	6.66038	12.9651	5.71183	0	3.93126	7.41096	9.13549	32.8105	12.9893	
5.04486	14.5439	11.6456	23.1738	6.09138	9.79163	7.23126	14.9665	8.69317	17.6591	5.03254	11.0094	12.655	8.3418	3.93126	0	10.9134	10.0189	31.7743	15.7032	
6.10652	7.72161	21.7201	34.6554	5.06	5.08318	4.11096	12.8181	8.71037	12.1615	15.9459	4.28318	9.81134	11.131	7.41096	10.9134	0	13.0937	32.0155	8.977	
15.4144	7.44457	10.882	16.0151	23.815	3.02516	11.8493	4.39528	1.32575	7.08786	9.30295	5.75293	5.24938	12.6122	9.13549	10.0189	13.0937	0	22.7962	2.16	
28.2149	24.2939	21.9939	4.83828	29.2615	30.8896	34.538	16.4581	24.1219	28.7639	22.9795	27.8284	28.0455	26.4822	32.8105	31.7743	32.0155	22.7962	0	24.9562	
13.2544	8.22834	13.042	28.2033	14.301	5.49383	9.68926	6.55528	3.48575	8.54443	11.463	4.69383	6.19426	14.7738	12.9893	15.7032	8.977	2.16	24.9562	0	

0	16.4349	13.6776	17.7005	0.381838	10.2656	21.2572	19.224	19.0902	15.5946	10.2571	18.2753	12.0075	17.2149	17.0442	12.4577	25.3843	18.2688	18.8706	19.0439	
16.4349	0	19.7623	10.3078	13.4154	3.5316	7.32633	10.2437	4.43615	4.32	6.92425	5.6716	4.42741	7.4916	11.0351	15.6216	10.9188	6.52674	11.4778	6.55236	
13.6776	19.7623	0	8.38115	26.1146	6.81318	20.0255	14.554	18.8693	21.5014	3.42053	15.1868	16.6892	14.706	16.1129	10.6293	20.1826	19.6845	7.2111	19.2515	
17.7005	10.3078	8.38115	0	18.0824	10.71	11.1623	13.8671	10.1698	14.6278	18.0354	10.1927	11.1803	6.75	11.7535	11.5071	7.68375	13.0624	1.17004	14.806	
0.381838	13.4154	26.1146	18.0824	0	9.8838	13.6785	19.6058	12.5224	19.4752	10.6389	12.0238	12.3893	13.8438	19.3718	12.8396	17.4733	20.9153	20.9018	12.9046	
10.2656	3.5316	6.81318	10.71	9.8838	0	3.79473	11.0771	2.63856	7.8516	3.39265	2.14	7.95901	3.96	6.57852	8.71714	7.27324	4.72916	16.6567	3.02076	
21.2572	7.32633	20.0255	11.1623	13.6785	3.79473	0	8.58036	4.97337	7.12377	7.18739	5.93473	9.14409	6.11	7.54821	8.66894	3.47851	2.88278	15.3561	2.08274	
19.224	10.2437	14.554	13.8671	19.6058	11.0771	8.58036	0	7.78819	5.92368	11.1335	10.8271	9.51078	7.11709	11.042	11.8742	11.0762	5.69759	18.171	9.10069	
19.0902	4.43615	18.8693	10.1698	12.5224	2.63856	4.97337	7.78819	0	6.33159	6.03121	4.77856	7.08267	3.41977	7.43499	8.17691	6.48267	2.0906	14.564	5.65932	
15.5946	4.32	21.5014	14.6278	19.4752	7.8516	7.12377	5.92368	6.33159	0	16.8558	9.85488	3.5871	13.0408	9.58538	12.3297	9.61961	4.24099	14.2903	9.24099	
10.2571	6.92425	3.42053	18.0354	10.6389	3.39265	7.18739	11.1335	6.03121	16.8558	0	5.53265	13.2687	7.35265	11.7952	7.20878	10.9821	16.1241	10.6316	6.41342	
18.2753	5.6716	15.1868	10.1927	12.0238	2.14	5.93473	10.8271	4.77856	9.85488	5.53265	0	6.26777	3.71	4.43852	8.46714	8.50823	9.78291	11.3627	5.16076	
12.0075	4.42741	16.6892	11.1803	12.3893	7.95901	9.14409	9.51078	7.08267	3.5871	13.2687	6.26777	0	9.97777	10.7063	15.9168	11.6399	6.26131	12.3504	11.2613	
17.2149	7.4916	14.706	6.75	13.8438	3.96	6.11	7.11709	3.41977	13.0408	7.35265	3.71	9.97777	0	7.15883	4.75714	9.58851	5.51036	7.92004	6.98076	
17.0442	11.0351	16.1129	11.7535	19.3718	6.57852	7.54821	11.042	7.43499	9.58538	11.7952	4.43852	10.7063	7.15883	0	4.58647	4.06971	5.34439	11.3575	10.3444	
12.4577	15.6216	10.6293	11.5071	12.8396	8.71714	8.66894	11.8742	8.17691	12.3297	7.20878	8.46714	15.9168	4.75714	4.58647	0	8.65617	9.93086	15.944	6.5862	
25.3843	10.9188	20.1826	7.68375	17.4733	7.27324	3.47851	11.0762	6.48267	9.61961	10.9821	8.50823	11.6399	9.58851	4.06971	8.65617	0	5.37862	8.85379	5.56124	
18.2688	6.52674	19.6845	13.0624	20.9153	4.72916	2.88278	5.69759	2.0906	4.24099	16.1241	9.78291	6.26131	5.51036	5.34439	9.93086	5.37862	0	12.4734	4.96552	
18.8706	11.4778	7.2111	1.17004	20.9018	16.6567	15.3561	18.171	14.564	14.2903	10.6316	11.3627	12.3504	7.92004	11.3575	15.944	8.85379	12.4734	0	13.636	
19.0439	6.55236	19.2515	14.806	12.9046	3.02076	2.08274	9.10069	5.65932	9.24099	6.41342	5.16076	11.2613	6.98076	10.3444	6.5862	5.56124	4.96552	13.636	0	

0	26.029	29.4981	9.09078	2.10718	19.107	14.6324	24.2578	20.4674	14.3433	14.2006	19.1696	21.5659	8.9021	7.32547	12.0459	17.9067	18.4418	8.01561	18.6321	
26.029	0	13.079	16.2537	19.7749	5.97655	11.0362	7.69958	2.54951	3.57	9.35263	3.94091	6.39515	5.83775	10.5878	10.971	11.6687	6.12944	31.8026	5.81598	
29.4981	13.079	0	21.4419	31.2483	8.32346	13.3831	6.24679	11.3969	10.7657	16.7243	11.6282	6.68381	14.1054	22.4357	15.3846	14.0156	11.4203	25.0586	10.2915	
9.09078	16.2537	21.4419	0	13.7949	13.1165	16.6105	17.2423	10.2882	13.1667	16.8429	13.1791	14.4216	7	9.97015	6.05538	21.7047	10.1242	1.07517	12.6416	
2.10718	19.7749	31.2483	13.7949	0	17.5849	12.5252	25.6516	10.0832	18.0874	12.0934	14.2149	14.2165	6.79492	9.43265	11.4165	13.7269	17.7517	10.1228	18.0027	
19.107	5.97655	8.32346	13.1165	17.5849	0	5.05964	8.94145	4.15909	6.13929	8.40086	3.56	2.41661	7.44732	14.2132	7.06116	5.6921	3.09684	20.012	5.5582	
14.6324	11.0362	13.3831	16.6105	12.5252	5.05964	0	10.6552	9.21873	9.5287	13.4605	8.61964	7.47625	13.1702	10.2	12.1208	1.20167	6.48625	25.5963	6.61043	
24.2578	7.69958	6.24679	17.2423	25.6516	8.94145	10.6552	0	5.15007	9.04708	11.9532	5.38145	9.73612	8.4383	16.0649	10.6309	17.0946	7.65105	18.3175	4.04475	
20.4674	2.54951	11.3969	10.2882	10.0832	4.15909	9.21873	5.15007	0	6.11951	6.80312	1.3914	6.39725	3.28824	6.25839	8.42151	9.85119	7.25592	22.6061	8.36549	
14.3433	3.57	10.7657	13.1667	18.0874	6.13929	9.5287	9.04708	6.11951	0	18.1709	10.8631	4.08187	9.98799	7.01783	13.6019	8.36863	3.04245	23.9279	9.36245	
14.2006	9.35263	16.7243	16.8429	12.0934	8.40086	13.4605	11.9532	6.80312	18.1709	0	8.19453	10.8175	9.84293	12.8131	13.6015	14.093	11.4977	27.786	13.9591	
19.1696	3.94091	11.6282	13.1791	14.2149	3.56	8.61964	5.38145	1.3914	10.8631	8.19453	0	5.97661	4.67964	10.3902	7.12372	9.2521	6.65684	21.3083	9.1182	
21.5659	6.39515	6.68381	14.4216	14.2165	2.41661	7.47625	9.73612	6.39725	4.08187	10.8175	5.97661	0	7.42159	10.3917	9.47777	7.35851	5.51345	15.8332	7.97481	
8.9021	5.83775	14.1054	7	6.79492	7.44732	13.1702	8.4383	3.28824	9.98799	9.84293	4.67964	7.42159	0	2.97015	11.1496	13.5514	10.9567	8.07517	16.0563	
7.32547	10.5878	22.4357	9.97015	9.43265	14.2132	10.2	16.0649	6.25839	7.01783	12.8131	10.3902	10.3917	2.97015	0	8.80893	10.5812	10.0603	15.3411	15.3951	
12.0459	10.971	15.3846	6.05538	11.4165	7.06116	12.1208	10.6309	8.42151	13.6019	13.6015	7.12372	9.47777	11.1496	8.80893	0	12.7533	10.158	7.13055	6.5862	
17.9067	11.6687	14.0156	21.7047	13.7269	5.6921	1.20167	17.0946	9.85119	8.36863	14.093	9.2521	7.35851	13.5514	10.5812	12.7533	0	7.68791	27.4913	7.8121	
18.4418	6.12944	11.4203	10.1242	17.7517	3.09684	6.48625	7.65105	7.25592	3.04245	11.4977	6.65684	5.51345	10.9567	10.0603	10.158	7.68791	0	11.1994	6.32	
8.01561	31.8026	25.0586	1.07517	10.1228	20.012	25.5963	18.3175	22.6061	23.9279	27.786	21.3083	15.8332	8.07517	15.3411	7.13055	27.4913	11.1994	0	20.7708	
18.6321	5.81598	10.2915	12.6416	18.0027	5.5582	6.61043	4.04475	8.36549	9.36245	13.9591	9.1182	7.97481	16.0563	15.3951	6.5862	7.8121	6.32	20.7708	0	

0	10.0141	12.9177	8.12483	0.608112	18.2462	18.4428	17.6969	16.0627	18.8039	6.91351	8.77144	18.4597	8.23743	3.74413	7.61877	9.76729	16.2312	9.29487	12.2836	
10.0141	0	10.7869	11.957	16.295	11.2204	4.76823	2.00998	4.6911	5.37	9.43935	8.48336	2.77272	7.20353	6.26997	12.8947	8.90955	5.04777	13.127	6.36777	
12.9177	10.7869	0	4.79283	18.9241	14.9142	15.5551	12.7968	14.1585	16.1569	4.67472	15.1267	13.5596	11.566	7.8441	10.2513	11.6525	15.8346	5.96287	14.6493	
8.12483	11.957	4.79283	0	8.73294	10.1214	16.7252	11.6198	16.6481	16.0218	9.46755	12.3614	14.7297	13.6164	11.518	14.8252	17.1302	15.7938	1.17004	17.0802	
0.608112	16.295	18.9241	8.73294	0	10.4033	21.4238	12.9257	13.4127	14.4598	14.2702	8.16333	13.874	7.73215	4.35224	8.22688	14.8733	15.7859	15.3013	15.5193	
18.2462	11.2204	14.9142	10.1214	10.4033	0	8.72789	14.9316	6.52932	5.90038	12.692	2.24	7.95064	6.79	16.7333	15.8398	12.9653	8.94283	11.2914	12.2595	
18.4428	4.76823	15.5551	16.7252	21.4238	8.72789	0	6.7782	9.45933	10.1382	11.7212	10.9679	7.54095	11.8845	10.7666	22.0671	4.74342	4.8516	27.5264	3.5316	
17.6969	2.00998	12.7968	11.6198	12.9257	14.9316	6.7782	0	6.70107	7.37998	14.26	9.74355	4.7827	5.19355	8.27994	10.8847	10.9195	6.78041	12.7899	5.46041	
16.0627	4.6911	14.1585	16.6481	13.4127	6.52932	9.45933	6.70107	0	2.74117	15.7014	5.24938	7.46382	9.46878	10.9611	18.8492	13.6006	5.78362	20.6485	9.37645	
18.8039	5.37	16.1569	16.0218	14.4598	5.90038	10.1382	7.37998	2.74117	0	17.5888	7.71962	6.51451	6.72761	11.2209	13.7147	9.18945	3.04245	19.174	4.36245	
6.91351	9.43935	4.67472	9.46755	14.2702	12.692	11.7212	14.26	15.7014	17.5888	0	10.452	15.0227	7.66269	3.16938	5.5766	6.97782	11.2945	11.1647	9.97455	
8.77144	8.48336	15.1267	12.3614	8.16333	2.24	10.9679	9.74355	5.24938	7.71962	10.452	0	5.71064	4.55	9.04331	11.5371	11.6911	7.62261	16.9964	8.94261	
18.4597	2.77272	13.5596	14.7297	13.874	7.95064	7.54095	4.7827	7.46382	6.51451	15.0227	5.71064	0	10.2606	9.04269	19.3105	11.3208	6.45105	25.6403	5.34573	
8.23743	7.20353	11.566	13.6164	7.73215	6.79	11.8845	5.19355	9.46878	6.72761	7.66269	4.55	10.2606	0	4.49331	6.98705	7.14112	9.77006	12.4464	10.654	
3.74413	6.26997	7.8441	11.518	4.35224	16.7333	10.7666	8.27994	10.9611	11.2209	3.16938	9.04331	9.04269	4.49331	0	8.74599	6.02316	9.85944	10.3479	8.53944	
7.61877	12.8947	10.2513	14.8252	8.22688	15.8398	22.0671	10.8847	18.8492	13.7147	5.5766	11.5371	19.3105	6.98705	8.74599	0	12.5544	21.2224	15.9953	15.5512	
9.76729	8.90955	11.6525	17.1302	14.8733	12.9653	4.74342	10.9195	13.6006	9.18945	6.97782	11.6911	11.3208	7.14112	6.02316	12.5544	0	6.147	16.3711	7.467	
16.2312	5.04777	15.8346	15.7938	15.7859	8.94283	4.8516	6.78041	5.78362	3.04245	11.2945	7.62261	6.45105	9.77006	9.85944	21.2224	6.147	0	16.9638	1.32	
9.29487	13.127	5.96287	1.17004	15.3013	11.2914	27.5264	12.7899	20.6485	19.174	11.1647	16.9964	25.6403	12.4464	10.3479	15.9953	16.3711	16.9638	0	18.8874	
12.2836	6.36777	14.6493	17.0802	15.5193	12.2595	3.5316	5.46041	9.37645	4.36245	9.97455	8.94261	5.34573	10.654	8.53944	15.5512	7.467	1.32	18.8874	0	

0	28.4609	20.5747	12.1872	0.509117	18.2319	15.8177	22.3077	21.1665	17.0838	26.1338	16.8319	25.6068	18.1872	21.7348	15.803	20.6562	17.6612	15.223	28.9118	
28.4609	0	6.63807	12.5798	19.4247	11.5003	8.0219	7.71346	4.43615	2.85	7.75	9.02569	5.99266	11.0126	8.64139	16.999	10.1282	5.76189	9.54405	9.81104	
20.5747	6.63807	0	8.38745	23.1847	12.525	20.5736	18.5079	11.0742	9.48807	14.2522	16.2539	12.6307	10.185	17.935	13.19	21.2464	16.5173	7.93221	20.7472	
12.1872	12.5798	8.38745	0	12.6964	8.34	17.3207	10.1205	12.5765	20.2446	14.0515	11.3574	16.4766	6	9.54755	4.80254	16.6712	14.7654	3.03579	16.8295	
0.509117	19.4247	23.1847	12.6964	0	23.0487	15.3086	26.6988	18.4779	16.5747	24.5429	17.341	21.6049	25.9175	24.9764	15.2939	19.6725	17.1521	19.426	23.3921	
18.2319	11.5003	12.525	8.34	23.0487	0	10.8753	3.97373	6.3964	7.57569	8.2393	1.4	10.0313	2.34	11.4948	14.1223	5.22426	5.16181	9.72166	13.8961	
15.8177	8.0219	20.5736	17.3207	15.3086	10.8753	0	6.86307	3.58575	8.41916	17.1675	7.57119	6.32743	10.1622	7.791	24.5037	4.36394	3.80938	19.6821	10.0494	
22.3077	7.71346	18.5079	10.1205	26.6988	3.97373	6.86307	0	3.27732	10.1241	12.213	5.37373	6.01899	6.31373	7.48256	14.6263	6.55073	4.60306	13.1563	15.9209	
21.1665	4.43615	11.0742	12.5765	18.4779	6.3964	3.58575	3.27732	0	5.93552	12.1861	4.9964	2.74168	6.57647	4.20525	13.8878	5.6921	1.32575	13.3181	6.56005	
17.0838	2.85	9.48807	20.2446	16.5747	7.57569	8.41916	10.1241	5.93552	0	10.6	6.17569	5.03019	13.3752	13.5883	23.4894	9.09196	4.60977	12.394	8.84857	
26.1338	7.75	14.2522	14.0515	24.5429	8.2393	17.1675	12.213	12.1861	10.6	0	9.6393	13.7427	10.5793	10.4137	9.249	15.0382	13.3581	17.294	18.5037	
16.8319	9.02569	16.2539	11.3574	17.341	1.4	7.57119	5.37373	4.9964	6.17569	9.6393	0	7.73808	3.74	9.20165	15.5223	3.82426	3.76181	8.32166	10.0018	
25.6068	5.99266	12.6307	16.4766	21.6049	10.0313	6.32743	6.01899	2.74168	5.03019	13.7427	7.73808	0	9.31815	6.94693	15.8453	8.43378	4.06742	15.5367	3.81838	
18.1872	11.0126	10.185	6	25.9175	2.34	10.1622	6.31373	6.57647	13.3752	10.5793	3.74	9.31815	0	10.4336	10.8025	9.1389	7.90222	9.03579	15.0054	
21.7348	8.64139	17.935	9.54755	24.9764	11.4948	7.791	7.48256	4.20525	13.5883	10.4137	9.20165	6.94693	10.4336	0	9.68255	9.89735	5.53099	12.5833	8.08999	
15.803	16.999	13.19	4.80254	15.2939	14.1223	24.5037	14.6263	13.8878	23.4894	9.249	15.5223	15.8453	10.8025	9.68255	0	20.9212	18.267	7.83833	12.027	
20.6562	10.1282	21.2464	16.6712	19.6725	5.22426	4.36394	6.55073	5.6921	9.09196	15.0382	3.82426	8.43378	9.1389	9.89735	20.9212	0	4.48219	12.1459	9.37019	
17.6612	5.76189	16.5173	14.7654	17.1521	5.16181	3.80938	4.60306	1.32575	4.60977	13.3581	3.76181	4.06742	7.90222	5.53099	18.267	4.48219	0	12.0835	6.24	
15.223	9.54405	7.93221	3.03579	19.426	9.72166	19.6821	13.1563	13.3181	12.394	17.294	8.32166	15.5367	9.03579	12.5833	7.83833	12.1459	12.0835	0	19.9994	
28.9118	9.81104	20.7472	16.8295	23.3921	13.8961	10.0494	15.9209	6.56005	8.84857	18.5037	10.0018	3.81838	15.0054	8.08999	12.027	9.37019	6.24	19.9994	0	

0	9.01999	10.5468	9.86586	2.41831	10.4095	13.2208	17.747	10.7537	9.79999	13.9162	9.44949	13.8052	7.55227	15.4727	14.208	13.6383	14.5959	12.825	15.1591	
9.01999	0	13.8293	18.8858	11.4383	6.47413	8.4049	10.7463	1.73367	0.78	8.12448	6.64722	4.78519	4.68722	9.78115	10.4268	9.16502	3.31436	21.845	4.72194	
10.5468	13.8293	0	15.2279	8.12847	8.32346	11.1063	18.054	13.0639	14.6093	18.2979	9.28346	18.6145	13.4649	5.7109	10.7342	19.3485	16.9258	9.91527	16.2983	
9.86586	18.8858	15.2279	0	8.71931	13.0859	10.3031	19.0214	12.5488	29.3089	6.15803	14.0744	22.0792	12.522	15.8812	10.8579	11.6312	11.8829	5.31263	25.1539	
2.41831	11.4383	8.12847	8.71931	0	16.4519	12.5482	19.5216	18.6514	20.1218	14.8773	11.8678	13.3599	9.97058	13.8394	14.7554	11.22	15.9583	14.0319	19.2977	
10.4095	6.47413	8.32346	13.0859	16.4519	0	2.7828	13.7531	4.74046	11.1096	11.1313	0.96	6.1135	2.92	12.2328	13.4336	4.11096	4.84193	18.2387	7.72874	
13.2208	8.4049	11.1063	10.3031	12.5482	2.7828	0	16.6306	3.63982	7.31427	7.78402	3.7428	7.56149	5.73131	9.45	14.4733	1.32816	2.05913	15.6157	9.01913	
17.747	10.7463	18.054	19.0214	19.5216	13.7531	16.6306	0	9.01262	10.0164	15.4034	12.1548	16.7783	10.1948	12.3431	8.16353	16.444	10.5933	20.9056	12.0009	
10.7537	1.73367	13.0639	12.5488	18.6514	4.74046	3.63982	9.01262	0	2.51367	6.39081	5.70046	6.51885	5.39271	11.5148	8.69317	6.31901	1.5807	21.4352	2.98828	
9.79999	0.78	14.6093	29.3089	20.1218	11.1096	7.31427	10.0164	2.51367	0	10.98	11.1626	5.56519	5.46722	10.5612	15.0624	9.99345	5.25514	35.4153	6.91909	
13.9162	8.12448	18.2979	6.15803	14.8773	11.1313	7.78402	15.4034	6.39081	10.98	0	8.32396	11.2273	6.36396	12.587	10.0651	10.4632	5.72489	11.4707	9.37909	
9.44949	6.64722	9.28346	14.0744	11.8678	0.96	3.7428	12.1548	5.70046	11.1626	8.32396	0	5.1535	1.96	9.8804	12.6636	5.09947	5.83044	22.2745	8.93481	
13.8052	4.78519	18.6145	22.0792	13.3599	6.1135	7.56149	16.7783	6.51885	5.56519	11.2273	5.1535	0	7.1135	14.5663	18.36	10.2407	5.50236	31.1021	10.9243	
7.55227	4.68722	13.4649	12.522	9.97058	2.92	5.73131	10.1948	5.39271	5.46722	6.36396	1.96	7.1135	0	7.9204	10.7036	9.12816	6.9734	20.3772	8.38099	
15.4727	9.78115	5.7109	15.8812	13.8394	12.2328	9.45	12.3431	11.5148	10.5612	12.587	9.8804	14.5663	7.9204	0	5.02328	10.7782	11.5091	15.6262	15.9202	
14.208	10.4268	10.7342	10.8579	14.7554	13.4336	14.4733	8.16353	8.69317	15.0624	10.0651	12.6636	18.36	10.7036	5.02328	0	16.1245	10.2739	12.7421	11.6814	
13.6383	9.16502	19.3485	11.6312	11.22	4.11096	1.32816	16.444	6.31901	9.99345	10.4632	5.09947	10.2407	9.12816	10.7782	16.1245	0	3.38728	26.8271	8.07775	
14.5959	3.31436	16.9258	11.8829	15.9583	4.84193	2.05913	10.5933	1.5807	5.25514	5.72489	5.83044	5.50236	6.9734	11.5091	10.2739	3.38728	0	21.8608	4.56897	
12.825	21.845	9.91527	5.31263	14.0319	18.2387	15.6157	20.9056	21.4352	35.4153	11.4707	22.2745	31.1021	20.3772	15.6262	12.7421	26.8271	21.8608	0	31.0654	
15.1591	4.72194	16.2983	25.1539	19.2977	7.72874	9.01913	12.0009	2.98828	6.91909	9.37909	8.93481	10.9243	8.38099	15.9202	11.6814	8.07775	4.56897	31.0654	0	

0	8.53138	12.9271	14.5198	0.806102	14.7111	10.6604	11.1072	13.7964	14.6704	12.4039	18.4174	11.207	11.2676	5.86038	4.79112	24.1261	16.0769	9.75284	11.4483	
8.53138	0	13.8627	16.3354	7.72528	6.17821	7.20829	5.72843	2.6005	2.16	13.5687	6.3578	5.18986	9.37443	12.2929	11.7103	3.9598	2.596	16.672	5.60057	
12.9271	13.8627	0	11.1262	9.39631	13.1095	11.8983	8.52773	16.1457	16.5	12.0859	10.2283	15.8268	4.4883	9.77935	5.41128	17.2204	12.7841	16.6286	14.2808	
14.5198	16.3354	11.1262	0	14.4491	17.3126	13.4594	14.6185	13.7349	25.6671	4.993	11.0065	16.3243	14.0666	8.65941	11.9019	20.7461	15.9657	5.50236	25.0743	
0.806102	7.72528	9.39631	14.4491	0	14.7504	13.0871	11.9133	10.3258	9.88528	13.21	14.4233	12.0131	11.0125	6.66648	3.98502	11.6851	10.3213	8.94674	10.6422	
14.7111	6.17821	13.1095	17.3126	14.7504	0	6.55319	8.49368	3.57771	6.96749	9.51348	3.5	3.50408	9.24	11.558	15.926	4.11096	6.84108	25.5396	4.10824	
10.6604	7.20829	11.8983	13.4594	13.0871	6.55319	0	10.884	8.06794	5.04829	12.9498	6.22609	6.77245	7.41	4.8	9.16807	3.54175	7.24495	23.7291	2.44495	
11.1072	5.72843	8.52773	14.6185	11.9133	8.49368	10.884	0	4.91597	7.88843	18.6341	9.77943	7.50534	4.03943	9.44663	18.623	9.68823	8.17935	20.1209	11.329	
13.7964	2.6005	16.1457	13.7349	10.3258	3.57771	8.06794	4.91597	0	4.7605	14.2361	7.02518	2.58936	8.9554	12.8679	16.4569	6.5603	3.26337	19.2373	6.91686	
14.6704	2.16	16.5	25.6671	9.88528	6.96749	5.04829	7.88843	4.7605	0	14.1074	6.89645	3.46341	11.4305	9.84829	16.3282	6.1198	3.13465	31.6598	7.49324	
12.4039	13.5687	12.0859	4.993	13.21	9.51348	12.9498	18.6341	14.2361	14.1074	0	6.01348	14.1156	11.7535	8.14985	12.5179	10.4496	9.77529	10.4954	9.79462	
18.4174	6.3578	10.2283	11.0065	14.4233	3.5	6.22609	9.77943	7.02518	6.89645	6.01348	0	7.00408	5.74	11.1472	16.9535	4.43615	3.76181	29.0396	3.78114	
11.207	5.18986	15.8268	16.3243	12.0131	3.50408	6.77245	7.50534	2.58936	3.46341	14.1156	7.00408	0	11.3385	15.062	17.4999	7.61504	4.86991	25.3145	4.32749	
11.2676	9.37443	4.4883	14.0666	11.0125	9.24	7.41	4.03943	8.9554	11.4305	11.7535	5.74	11.3385	0	5.4072	9.77526	10.1761	8.29581	19.9592	9.52114	
5.86038	12.2929	9.77935	8.65941	6.66648	11.558	4.8	9.44663	12.8679	9.84829	8.14985	11.1472	15.062	5.4072	0	4.36807	8.34175	13.703	14.1618	7.24495	
4.79112	11.7103	5.41128	11.9019	3.98502	15.926	9.16807	18.623	16.4569	16.3282	12.5179	16.9535	17.4999	9.77526	4.36807	0	18.1203	13.1935	12.9318	13.1724	
24.1261	3.9598	17.2204	20.7461	11.6851	4.11096	3.54175	9.68823	6.5603	6.1198	10.4496	4.43615	7.61504	10.1761	8.34175	18.1203	0	6.55579	26.2485	5.9867	
16.0769	2.596	12.7841	15.9657	10.3213	6.84108	7.24495	8.17935	3.26337	3.13465	9.77529	3.76181	4.86991	8.29581	13.703	13.1935	6.55579	0	32.0958	4.8	
9.75284	16.672	16.6286	5.50236	8.94674	25.5396	23.7291	20.1209	19.2373	31.6598	10.4954	29.0396	25.3145	19.9592	14.1618	12.9318	26.2485	32.0958	0	19.5889	
11.4483	5.60057	14.2808	25.0743	10.6422	4.10824	2.44495	11.329	6.91686	7.49324	9.79462	3.78114	4.32749	9.52114	7.24495	13.1724	5.9867	4.8	19.5889	0	

0	12.7714	24.5416	7.54448	1.56978	25.3527	9.45602	23.989	23.5784	21.6854	22.6899	23.7274	22.0855	18.7945	14.2673	14.7096	25.7205	18.4786	8.49316	16.5329	
12.7714	0	16.8575	9.07083	11.2017	11.1974	18.3607	6.73342	6.32278	4.98	18.4876	8.66287	4.82991	8.92234	5.26677	8.68842	10.679	7.44457	10.0195	6.24679	
24.5416	16.8575	0	4.55423	14.5045	10.6124	6.61831	10.1241	14.1585	16.4959	4.5607	7.8538	16.4432	13.7624	17.7816	13.9078	8.1362	14.1022	3.60555	14.0598	
7.54448	9.07083	4.55423	0	9.11426	14.4	15.4546	13.6399	12.056	14.0508	15.1454	15.5869	11.8734	11.25	14.3376	17.1221	14.1968	10.9342	0.948683	8.98839	
1.56978	11.2017	14.5045	9.11426	0	15.6022	7.88624	17.9351	17.5244	16.1817	23.4612	22.1576	16.0316	16.3531	12.6975	13.1398	9.40413	18.4694	26.5773	17.4485	
25.3527	11.1974	10.6124	14.4	15.6022	0	5.15451	9.08832	2.74009	4.47034	3.6931	0.4	7.15936	3.15	6.80557	9.39375	3.63662	5.05276	14.218	10.9956	
9.45602	18.3607	6.61831	15.4546	7.88624	5.15451	0	16.2516	12.0379	14.5624	11.179	8.11596	7.36696	10.866	10.7111	7.28944	1.51789	9.45777	10.2239	9.38023	
23.989	6.73342	10.1241	13.6399	17.9351	9.08832	16.2516	0	4.21369	9.37354	14.6848	6.55378	6.49842	6.92474	10.5803	13.1685	12.5138	5.33548	13.7297	4.65146	
23.5784	6.32278	14.1585	12.056	17.5244	2.74009	12.0379	4.21369	0	5.15984	5.63318	2.34009	2.28473	8.02463	6.89373	9.08473	8.1338	1.12178	17.7641	5.16973	
21.6854	4.98	16.4959	14.0508	16.1817	4.47034	14.5624	9.37354	5.15984	0	7.36344	4.07034	5.73112	9.55055	5.89498	9.31663	11.5802	6.28163	21.3056	8.61611	
22.6899	18.4876	4.5607	15.1454	23.4612	3.6931	11.179	14.6848	5.63318	7.36344	0	3.2931	17.9531	9.5231	13.2209	16.6425	17.4814	7.94586	8.16625	14.3815	
23.7274	8.66287	7.8538	15.5869	22.1576	0.4	8.11596	6.55378	2.34009	4.07034	3.2931	0	4.62482	3.55	9.88557	12.4737	4.03662	3.46187	16.0311	9.49276	
22.0855	4.82991	16.4432	11.8734	16.0316	7.15936	7.36696	6.49842	2.28473	5.73112	17.9531	4.62482	0	13.0437	10.0967	6.8	5.84907	3.40652	13.3392	2.885	
18.7945	8.92234	13.7624	11.25	16.3531	3.15	10.866	6.92474	8.02463	9.55055	9.5231	3.55	13.0437	0	3.65557	6.24375	6.78662	9.42751	12.1987	10.5047	
14.2673	5.26677	17.7816	14.3376	12.6975	6.80557	10.7111	10.5803	6.89373	5.89498	13.2209	9.88557	10.0967	3.65557	0	3.42165	9.93008	5.77194	18.8678	10.6119	
14.7096	8.68842	13.9078	17.1221	13.1398	9.39375	7.28944	13.1685	9.08473	9.31663	16.6425	12.4737	6.8	6.24375	3.42165	0	8.80734	9.19359	18.0708	9.685	
25.7205	10.679	8.1362	14.1968	9.40413	3.63662	1.51789	12.5138	8.1338	11.5802	17.4814	4.03662	5.84907	6.78662	9.93008	8.80734	0	7.93987	13.2482	7.86234	
18.4786	7.44457	14.1022	10.9342	18.4694	5.05276	9.45777	5.33548	1.12178	6.28163	7.94586	3.46187	3.40652	9.42751	5.77194	9.19359	7.93987	0	11.8828	4.84	
8.49316	10.0195	3.60555	0.948683	26.5773	14.218	10.2239	13.7297	17.7641	21.3056	8.16625	16.0311	13.3392	12.1987	18.8678	18.0708	13.2482	11.8828	0	9.93708	
16.5329	6.24679	14.0598	8.98839	17.4485	10.9956	9.38023	4.65146	5.16973	8.61611	14.3815	9.49276	2.885	10.5047	10.6119	9.685	7.86234	4.84	9.93708	0	

0	14.0413	10.8396	8.76137	0.79196	13.936	12.7641	8.544	9.91104	16.5221	7.80612	16.244	16.9023	15.6611	18.3141	4.56157	15.8947	12.6135	7.05374	17.2012	
14.0413	0	8.62309	14.9028	19.5388	4.07492	8.14563	8.74339	4.13021	3.9	13.3934	4.08678	6.4846	7.40492	15.9605	18.0446	7.19877	3.10077	11.0721	8.18545	
10.8396	8.62309	0	5.49346	11.5749	6.01631	10.822	6.6776	6.95506	13.446	4.5607	4.53631	6.68381	9.31246	7.75051	15.295	8.2076	8.39711	3.78583	12.1729	
8.76137	14.9028	5.49346	0	9.7873	8.70477	13.8535	10.8702	14.3155	11.0028	11.9211	11.8967	14.0442	17.9873	15.1109	7.93463	16.583	13.8609	1.70763	9.41641	
0.79196	19.5388	11.5749	9.7873	0	16.932	13.556	9.33596	10.703	20.7183	7.01416	15.452	15.3296	11.7659	14.5442	3.76962	12.4179	19.3128	7.8457	14.6263	
13.936	4.07492	6.01631	8.70477	16.932	0	6.57754	10.4471	4.02492	7.97492	8.08176	1.48	8.16563	3.33	12.1275	15.2992	5.15129	5.3408	6.99714	6.28318	
12.7641	8.14563	10.822	13.8535	13.556	6.57754	0	6.04669	4.35412	7.90292	11.3818	6.80195	4.13824	6.63	5.55	11.779	3.13065	5.04486	13.5747	4.43714	
8.544	8.74339	6.6776	10.8702	9.33596	10.4471	6.04669	0	7.13987	12.6434	11.2383	11.2139	10.1849	7.11709	11.5967	18.2219	9.17735	9.84235	10.4634	10.4838	
9.91104	4.13021	6.95506	14.3155	10.703	4.02492	4.35412	7.13987	0	5.56054	11.5158	5.50492	8.49236	7.35492	9.90412	18.2013	6.80048	2.70248	10.7409	8.78248	
16.5221	3.9	13.446	11.0028	20.7183	7.97492	7.90292	12.6434	5.56054	0	15.7905	6.71886	7.13297	14.8899	13.7121	15.0349	6.38659	2.85806	12.7105	8.17839	
7.80612	13.3934	4.5607	11.9211	7.01416	8.08176	11.3818	11.2383	11.5158	15.7905	0	9.09701	11.2445	4.75176	12.3112	10.7452	12.9779	13.1674	8.34653	7.61215	
16.244	4.08678	4.53631	11.8967	15.452	1.48	6.80195	11.2139	5.50492	6.71886	9.09701	0	6.68563	4.81	10.9968	12.3196	3.67129	3.8608	8.32214	7.76318	
16.9023	6.4846	6.68381	14.0442	15.3296	8.16563	4.13824	10.1849	8.49236	7.13297	11.2445	6.68563	0	10.7682	9.47589	11.56	7.26889	6.19806	10.4696	6.53367	
15.6611	7.40492	9.31246	17.9873	11.7659	3.33	6.63	7.11709	7.35492	14.8899	4.75176	4.81	10.7682	0	8.98661	15.4969	9.76065	11.6749	10.3271	9.61318	
18.3141	15.9605	7.75051	15.1109	14.5442	12.1275	5.55	11.5967	9.90412	13.7121	12.3112	10.9968	9.47589	8.98661	0	10.7746	7.32547	10.5949	11.5363	9.98714	
4.56157	18.0446	15.295	7.93463	3.76962	15.2992	11.779	18.2219	18.2013	15.0349	10.7452	12.3196	11.56	15.4969	10.7746	0	8.64833	12.7463	9.64226	17.351	
15.8947	7.19877	8.2076	16.583	12.4179	5.15129	3.13065	9.17735	6.80048	6.38659	12.9779	3.67129	7.26889	9.76065	7.32547	8.64833	0	4.098	23.1843	7.56779	
12.6135	3.10077	8.39711	13.8609	19.3128	5.3408	5.04486	9.84235	2.70248	2.85806	13.1674	3.8608	6.19806	11.6749	10.5949	12.7463	4.098	0	14.3737	6.08	
7.05374	11.0721	3.78583	1.70763	7.8457	6.99714	13.5747	10.4634	10.7409	12.7105	8.34653	8.32214	10.4696	10.3271	11.5363	9.64226	23.1843	14.3737	0	11.124	
17.2012	8.18545	12.1729	9.41641	14.6263	6.28318	4.43714	10.4838	8.78248	8.17839	7.61215	7.76318	6.53367	9.61318	9.98714	17.351	7.56779	6.08	11.124	0	

0	15.7349	11.8611	11.3033	0.975807	15.9336	18.2815	17.731	15.7553	10.5149	8.31299	23.7084	14.9678	21.6607	13.9989	5.45668	18.2233	14.4793	22.1369	11.1838	
15.7349	0	20.9195	19.9313	26.2309	7.02935	12.5236	9.92332	8.05645	5.22	11	8.61538	1.4758	10.0955	19.4707	8.52741	8.93937	7.06688	15.9384	2.80029	
11.8611	20.9195	0	15.2406	12.8369	9.78007	14.9823	23.9101	14.0286	15.1988	9.91953	10.6801	19.809	11.566	22.9429	9.8387	22.6053	17.0756	10.2758	14.0091	
11.3033	19.9313	15.2406	0	14.1397	21.3244	17.5453	7.8715	17.0759	15.0876	8.70288	12.2878	16.319	18.75	7.54923	5.84657	18.6132	19.6386	4.96478	11.5737	
0.975807	26.2309	12.8369	14.1397	0	27.1229	25.8634	26.6078	20.7979	11.4907	11.1495	33.3544	24.7551	24.4972	13.0231	6.43249	21.0597	21.2164	30.5214	14.0203	
15.9336	7.02935	9.78007	21.3244	27.1229	0	11.3	12.6348	4.24853	5.41872	11.5556	0.9	6.94436	3.24	15.6628	9.95619	10.3682	7.82812	8.22306	4.22907	
18.2815	12.5236	14.9823	17.5453	25.8634	11.3	0	14.9827	8.83631	7.7666	5.06281	13.6733	12.2195	8.06	15.45	7.91911	1.70763	5.45668	21.4591	7.84672	
17.731	9.92332	23.9101	7.8715	26.6078	12.6348	14.9827	0	12.4566	7.21612	20.354	12.5119	8.44751	17.5957	15.4207	13.7181	20.3314	11.1805	12.8363	11.1628	
15.7553	8.05645	14.0286	17.0759	20.7979	4.24853	8.83631	12.4566	0	5.24047	12.9191	5.14853	9.53226	4.60353	11.4142	18.8574	10.1193	7.85249	12.6228	8.4776	
10.5149	5.22	15.1988	15.0876	11.4907	5.41872	7.7666	7.21612	5.24047	0	11.1205	6.31872	4.45295	8.65872	16.6547	15.9716	9.47423	3.9644	17.8632	7.16824	
8.31299	11	9.91953	8.70288	11.1495	11.5556	5.06281	20.354	12.9191	11.1205	0	15.3727	12.4758	8.31558	15.1225	2.85631	6.77044	7.15612	17.4473	8.58344	
23.7084	8.61538	10.6801	12.2878	33.3544	0.9	13.6733	12.5119	5.14853	6.31872	15.3727	0	10.0912	4.14	18.3713	19.7298	17.0763	8.21658	7.32306	5.12907	
14.9678	1.4758	19.809	16.319	24.7551	6.94436	12.2195	8.44751	9.53226	4.45295	12.4758	10.0912	0	11.5713	21.2958	8.44242	8.85438	8.23529	26.3312	2.71529	
21.6607	10.0955	11.566	18.75	24.4972	3.24	8.06	17.5957	4.60353	8.65872	8.31558	4.14	11.5713	0	12.7945	11.1719	9.76763	11.0681	17.1484	7.46907	
13.9989	19.4707	22.9429	7.54923	13.0231	15.6628	15.45	15.4207	11.4142	16.6547	15.1225	18.3713	21.2958	12.7945	0	13.1042	15.3021	19.2667	12.514	18.8313	
5.45668	8.52741	9.8387	5.84657	6.43249	9.95619	7.91911	13.7181	18.8574	15.9716	2.85631	19.7298	8.44242	11.1719	13.1042	0	11.8662	10.0124	10.8113	5.72713	
18.2233	8.93937	22.6053	18.6132	21.0597	10.3682	1.70763	20.3314	10.1193	9.47423	6.77044	17.0763	8.85438	9.76763	15.3021	11.8662	0	7.16431	22.7421	6.13909	
14.4793	7.06688	17.0756	19.6386	21.2164	7.82812	5.45668	11.1805	7.85249	3.9644	7.15612	8.21658	8.23529	11.0681	19.2667	10.0124	7.16431	0	15.5396	5.52	
22.1369	15.9384	10.2758	4.96478	30.5214	8.22306	21.4591	12.8363	12.6228	17.8632	17.4473	7.32306	26.3312	17.1484	12.514	10.8113	22.7421	15.5396	0	25.7531	
11.1838	2.80029	14.0091	11.5737	14.0203	4.22907	7.84672	11.1628	8.4776	7.16824	8.58344	5.12907	2.71529	7.46907	18.8313	5.72713	6.13909	5.52	25.7531	0	

0	17.1185	16.7661	11.6069	0.509117	8.35839	4.81664	22.6611	8.65851	14.4728	21.4265	14.9028	15.0869	10.6204	10.9666	2.77089	10.4139	13.7334	14.8324	10.5215	
17.1185	0	13.4704	23.2816	16.6094	3.54998	7.10525	5.60431	3.26337	0.66	7.38648	4.74951	2.01246	12.7295	9.27087	9.93039	10.3195	2.37966	14.2604	3.65966	
16.7661	13.4704	0	16.3858	16.2569	14.962	15.0416	5.16976	7.5107	10.1241	14.0242	8.12956	11.458	19.7887	20.1921	18.5187	20.6388	20.3756	13.1603	20.1129	
11.6069	23.2816	16.3858	0	12.116	19.2633	16.4235	21.4919	13.9427	22.1533	9.81956	18.5321	22.7674	17.3314	13.3222	22.0583	13.4466	21.3864	3.22552	12.3162	
0.509117	16.6094	16.2569	12.116	0	12.0919	5.32575	21.4267	14.2795	17.2694	21.7681	7.44266	18.6218	6.57293	10.9979	2.26177	14.5524	18.989	22.5325	16.1426	
8.35839	3.54998	14.962	19.2633	12.0919	0	3.54175	6.2798	5.67961	2.88998	9.80272	3.32	3.50408	8.91	9.69175	8.50089	9.13898	2.15058	22.4888	3.43058	
4.81664	7.10525	15.0416	16.4235	5.32575	3.54175	0	6.18281	3.84187	6.43173	7.96498	6.86175	7.04583	10.8755	6.15	12.6994	5.59723	5.69233	14.7955	5.70489	
22.6611	5.60431	5.16976	21.4919	21.4267	6.2798	6.18281	0	2.34094	4.95435	6.46405	2.9598	7.09837	10.9398	8.34844	8.14069	17.1957	7.7459	18.33	8.40805	
8.65851	3.26337	7.5107	13.9427	14.2795	5.67961	3.84187	2.34094	0	3.92337	4.12311	5.30074	5.27583	13.5475	6.0075	13.8455	9.43911	5.40496	15.1578	6.06711	
14.4728	0.66	10.1241	22.1533	17.2694	2.88998	6.43173	4.95435	3.92337	0	11.1373	5.40951	2.14401	11.8	13.0217	28.3397	12.8262	3.03966	13.2409	4.15023	
21.4265	7.38648	14.0242	9.81956	21.7681	9.80272	7.96498	6.46405	4.12311	11.1373	0	12.5997	13.262	13.4916	9.4176	17.7806	18.7698	9.52807	13.0451	10.1902	
14.9028	4.74951	8.12956	18.5321	7.44266	3.32	6.86175	2.9598	5.30074	5.40951	12.5997	0	6.76197	7.98	13.917	5.18089	13.2582	5.47058	21.7577	9.91926	
15.0869	2.01246	11.458	22.7674	18.6218	3.50408	7.04583	7.09837	5.27583	2.14401	13.262	6.76197	0	12.4141	15.1464	14.9308	16.8575	4.39213	17.7456	6.29424	
10.6204	12.7295	19.7887	17.3314	6.57293	8.91	10.8755	10.9398	13.5475	11.8	13.4916	7.98	12.4141	0	7.61577	4.31116	5.27822	11.0606	14.1059	17.1256	
10.9666	9.27087	20.1921	13.3222	10.9979	9.69175	6.15	8.34844	6.0075	13.0217	9.4176	13.917	15.1464	7.61577	0	8.73613	11.7472	11.4125	16.5477	11.8549	
2.77089	9.93039	18.5187	22.0583	2.26177	8.50089	12.6994	8.14069	13.8455	28.3397	17.7806	5.18089	14.9308	4.31116	8.73613	0	9.58938	21.2181	18.4171	22.2937	
10.4139	10.3195	20.6388	13.4466	14.5524	9.13898	5.59723	17.1957	9.43911	12.8262	18.7698	13.2582	16.8575	5.27822	11.7472	9.58938	0	7.93987	16.6721	9.21987	
13.7334	2.37966	20.3756	21.3864	18.989	2.15058	5.69233	7.7459	5.40496	3.03966	9.52807	5.47058	4.39213	11.0606	11.4125	21.2181	7.93987	0	10.3707	1.28	
14.8324	14.2604	13.1603	3.22552	22.5325	22.4888	14.7955	18.33	15.1578	13.2409	13.0451	21.7577	17.7456	14.1059	16.5477	18.4171	16.6721	10.3707	0	9.09065	
10.5215	3.65966	20.1129	12.3162	16.1426	3.43058	5.70489	8.40805	6.06711	4.15023	10.1902	9.91926	6.29424	17.1256	11.8549	22.2937	9.21987	1.28	9.09065	0	

0	10.1965	21.6838	21.3301	1.64049	15.7883	14.8615	8.544	15.1426	11.5597	15.5049	12.5801	12.2984	13.6275	9.99533	5.04486	8.90049	13.4663	24.3412	9.70275	
10.1965	0	19.6376	15.2555	11.837	6.64747	5.27911	4.60569	4.94605	1.59	9.48147	11.272	2.1019	8.89193	9.78115	14.7316	7.74569	7.40057	18.8289	4.9869	
21.6838	19.6376	0	12.3244	26.0945	19.7627	24.9167	13.1398	17.8844	16.1555	18.1496	17.1759	21.7395	21.8303	23.398	18.4476	25.4739	26.869	15.8978	25.2382	
21.3301	15.2555	12.3244	0	23.9338	14.7107	15.0867	22.4914	10.3606	15.7952	5.82516	22.8634	14.3108	8.03133	18.5933	16.2869	17.5532	21.1414	3.57337	17.1958	
1.64049	11.837	26.0945	23.9338	0	16.7628	9.72658	10.1845	14.8495	13.9214	17.1454	14.9288	10.9473	13.302	10.2557	6.68535	7.26	9.86226	24.1893	8.06226	
15.7883	6.64747	19.7627	14.7107	16.7628	0	3.54175	6.53609	1.8783	5.05747	6.34617	2.5	6.54179	4.14	7.18631	12.911	6.00833	7.31198	17.7218	7.88834	
14.8615	5.27911	24.9167	15.0867	9.72658	3.54175	0	12.515	5.42005	6.86911	9.09617	6.04175	7.23158	6.89	9.93631	15.661	2.46658	6.14658	18.66	4.34658	
8.544	4.60569	13.1398	22.4914	10.1845	6.53609	12.515	0	11.2392	3.01569	21.0743	4.03609	4.50001	9.84609	17.0171	13.5889	14.4381	14.9089	37.297	8.87484	
15.1426	4.94605	17.8844	10.3606	14.8495	1.8783	5.42005	11.2392	0	6.53605	4.53542	4.3783	7.04795	3.94588	6.99219	12.7169	7.58947	9.07625	13.3717	10.5466	
11.5597	1.59	16.1555	15.7952	13.9214	5.05747	6.86911	3.01569	6.53605	0	12.7589	7.05178	1.48432	9.19747	11.3712	20.3146	15.4447	7.65915	28.148	4.36931	
15.5049	9.48147	18.1496	5.82516	17.1454	6.34617	9.09617	21.0743	4.53542	12.7589	0	8.01617	16.5683	2.20617	5.25248	10.9772	12.1249	13.6117	8.83631	11.1084	
12.5801	11.272	17.1759	22.8634	14.9288	2.5	6.04175	4.03609	4.3783	7.05178	8.01617	0	13.3157	5.81	8.85631	14.581	10.402	9.81198	25.5906	10.4307	
12.2984	2.1019	21.7395	14.3108	10.9473	6.54179	7.23158	4.50001	7.04795	1.48432	16.5683	13.3157	0	11.7872	11.8831	15.2519	12.4706	4.685	17.8842	2.885	
13.6275	8.89193	21.8303	8.03133	13.302	4.14	6.89	9.84609	3.94588	9.19747	2.20617	5.81	11.7872	0	3.04631	7.99678	9.35658	10.7022	11.0425	8.90225	
9.99533	9.78115	23.398	18.5933	10.2557	7.18631	9.93631	17.0171	6.99219	11.3712	5.25248	8.85631	11.8831	3.04631	0	4.95047	17.5157	11.463	21.6044	9.66305	
5.04486	14.7316	18.4476	16.2869	6.68535	12.911	15.661	13.5889	12.7169	20.3146	10.9772	14.581	15.2519	7.99678	4.95047	0	14.9069	8.4214	19.8603	10.2214	
8.90049	7.74569	25.4739	17.5532	7.26	6.00833	2.46658	14.4381	7.58947	15.4447	12.1249	10.402	12.4706	9.35658	17.5157	14.9069	0	11.2179	31.4493	6.81316	
13.4663	7.40057	26.869	21.1414	9.86226	7.31198	6.14658	14.9089	9.07625	7.65915	13.6117	9.81198	4.685	10.7022	11.463	8.4214	11.2179	0	30.4025	1.8	
24.3412	18.8289	15.8978	3.57337	24.1893	17.7218	18.66	37.297	13.3717	28.148	8.83631	25.5906	17.8842	11.0425	21.6044	19.8603	31.4493	30.4025	0	30.9082	
9.70275	4.9869	25.2382	17.1958	8.06226	7.88834	4.34658	8.87484	10.5466	4.36931	11.1084	10.4307	2.885	8.90225	9.66305	10.2214	6.81316	1.8	30.9082	0	

0	14.8846	10.269	13.6248	0.59397	10.0929	23.5725	10.7791	13.2661	17.6761	7.63319	10.8579	18.6691	6.15738	4.55807	10.0897	7.97662	12.1443	18.4611	17.1843	
14.8846	0	15.5895	12.4595	20.6642	5.75103	6.13058	5.9311	3.862	2.7	12.945	9.2781	2.90689	7.27944	13.9563	7.73977	11.5243	2.74022	22.1906	5.70827	
10.269	15.5895	0	5.64869	14.5482	7.93139	12.5394	17.3939	12.443	17.2592	3.99061	6.31139	23.0255	7.31021	5.7109	12.1902	6.8789	15.3679	4.50694	10.7444	
13.6248	12.4595	5.64869	0	34.0483	10.5151	19.9711	16.5235	10.841	15.251	5.99159	11.146	19.5223	11.1045	11.3596	25.3057	12.5276	9.71926	3.63662	14.7593	
0.59397	20.6642	14.5482	34.0483	0	16.1215	16.8805	10.1852	26.4547	13.4163	8.22716	21.8661	18.0751	16.4015	5.15204	10.6837	11.22	12.7383	23.0721	17.036	
10.0929	5.75103	7.93139	10.5151	16.1215	0	10.03	11.299	4.1326	7.05082	4.52354	1.62	8.21647	2.88	4.47931	8.70877	4.90153	3.01081	10.3478	6.05306	
23.5725	6.13058	12.5394	19.9711	16.8805	10.03	0	10.884	5.1225	6.8962	13.5749	12.206	9.03747	7.15	8.74931	13.8703	5.66048	6.24428	14.6178	11.3192	
10.7791	5.9311	17.3939	16.5235	10.1852	11.299	10.884	0	5.0048	3.2311	16.8591	11.7047	4.50926	16.4761	18.0045	17.3222	16.5445	8.76283	12.8869	9.70057	
13.2661	3.862	12.443	10.841	26.4547	4.1326	5.1225	5.0048	0	1.7737	8.45237	6.89712	3.05186	5.661	10.8119	12.2779	10.1787	1.12178	18.4852	6.16178	
17.6761	2.7	17.2592	15.251	13.4163	7.05082	6.8962	3.2311	1.7737	0	10.2261	8.8572	1.27816	10.0709	13.6027	10.4398	12.2855	2.89548	16.118	6.46947	
7.63319	12.945	3.99061	5.99159	8.22716	4.52354	13.5749	16.8591	8.45237	10.2261	0	5.15442	12.74	7.40354	9.40577	13.2323	9.42507	7.53435	8.49755	9.58747	
10.8579	9.2781	6.31139	11.146	21.8661	1.62	12.206	11.7047	6.89712	8.8572	5.15442	0	9.83647	4.5	6.29984	10.3288	6.52153	4.63081	10.8183	4.43306	
18.6691	2.90689	23.0255	19.5223	18.0751	8.21647	9.03747	4.50926	3.05186	1.27816	12.74	9.83647	0	10.3078	11.9071	10.6467	13.118	5.64711	17.7756	7.74764	
6.15738	7.27944	7.31021	11.1045	16.4015	2.88	7.15	16.4761	5.661	10.0709	7.40354	4.5	10.3078	0	1.59931	8.07861	5.01786	4.53922	7.46783	9.57922	
4.55807	13.9563	5.7109	11.3596	5.15204	4.47931	8.74931	18.0045	10.8119	13.6027	9.40577	6.29984	11.9071	1.59931	0	6.4793	3.41855	6.13853	9.06714	9.23453	
10.0897	7.73977	12.1902	25.3057	10.6837	8.70877	13.8703	17.3222	12.2779	10.4398	13.2323	10.3288	10.6467	8.07861	6.4793	0	9.89785	10.48	29.8116	13.448	
7.97662	11.5243	6.8789	12.5276	11.22	4.90153	5.66048	16.5445	10.1787	12.2855	9.42507	6.52153	13.118	5.01786	3.41855	9.89785	0	7.91234	11.3858	5.81598	
12.1443	2.74022	15.3679	9.71926	12.7383	3.01081	6.24428	8.76283	1.12178	2.89548	7.53435	4.63081	5.64711	4.53922	6.13853	10.48	7.91234	0	12.007	5.04	
18.4611	22.1906	4.50694	3.63662	23.0721	10.3478	14.6178	12.8869	18.4852	16.118	8.49755	10.8183	17.7756	7.46783	9.06714	29.8116	11.3858	12.007	0	16.8177	
17.1843	5.70827	10.7444	14.7593	17.036	6.05306	11.3192	9.70057	6.16178	6.46947	9.58747	4.43306	7.74764	9.57922	9.23453	13.448	5.81598	5.04	16.8177	0	

0	12.5495	31.634	29.0172	0.353553	16.6734	4.99252	11.5344	11.6198	15.3095	8.57706	17.1849	14.9707	18.5133	11.0976	4.01547	12.4536	10.249	29.1267	18.3896	
12.5495	0	19.0845	25.4669	11.2804	6.15766	6.64146	5.22594	2.80446	2.76	9.73316	7.21766	4.87463	14.471	7.20996	13.6896	6.75731	7.24061	21.1991	9.96187	
31.634	19.0845	0	7.01807	19.3797	5.79354	14.7408	10.3841	14.7263	18.9943	15.7344	4.73354	20.0231	8.44354	19.131	15.0953	12.535	15.524	11.635	10.8616	
29.0172	25.4669	7.01807	0	21.828	24.534	15.0815	20.241	16.631	23.056	16.3105	11.7516	23.6773	16.0935	19.2555	18.1661	12.6782	15.2394	4.61693	18.8105	
0.353553	11.2804	19.3797	21.828	0	11.1938	4.63897	11.888	11.8105	15.1967	8.2235	14.0237	14.4491	8.27039	5.11793	3.66191	7.0423	8.86017	25.3826	10.7061	
16.6734	6.15766	5.79354	24.534	11.1938	0	10.845	6.71052	5.05351	8.91766	12.2924	1.06	8.93756	4.77	4.55807	6.01409	8.8615	6.62379	19.1966	7.18805	
4.99252	6.64146	14.7408	15.0815	4.63897	10.845	0	7.63976	6.35618	9.40146	8.85991	10.2048	8.77489	5.81865	11.577	8.30088	2.40333	4.22121	21.8616	6.06711	
11.5344	5.22594	10.3841	20.241	11.888	6.71052	7.63976	0	7.32032	4.84665	11.8198	5.65052	3.43628	9.36052	12.8798	14.3358	5.9798	3.41855	23.2857	10.3386	
11.6198	2.80446	14.7263	16.631	11.8105	5.05351	6.35618	7.32032	0	5.24047	12.2136	6.11351	3.88404	7.36817	4.4055	5.86152	3.95285	4.43615	19.044	10.5948	
15.3095	2.76	18.9943	23.056	15.1967	8.91766	9.40146	4.84665	5.24047	0	6.97316	10.4972	4.53542	11.3855	9.64596	11.7337	9.19331	8.2652	18.4391	7.20187	
8.57706	9.73316	15.7344	16.3105	8.2235	12.2924	8.85991	11.8198	12.2136	6.97316	0	8.12235	11.5086	4.41235	6.21654	4.76051	7.82766	11.456	20.1698	14.175	
17.1849	7.21766	4.73354	11.7516	14.0237	1.06	10.2048	5.65052	6.11351	10.4972	8.12235	0	9.0868	3.71	5.61807	8.31848	7.12532	7.68379	27.2597	6.12805	
14.9707	4.87463	20.0231	23.6773	14.4491	8.93756	8.77489	3.43628	3.88404	4.53542	11.5086	9.0868	0	11.5973	8.28954	18.4066	7.11493	4.55368	22.9745	8.23072	
18.5133	14.471	8.44354	16.0935	8.27039	4.77	5.81865	9.36052	7.36817	11.3855	4.41235	3.71	11.5973	0	4.11252	4.60848	3.41532	5.97657	18.7511	9.83805	
11.0976	7.20996	19.131	19.2555	5.11793	4.55807	11.577	12.8798	4.4055	9.64596	6.21654	5.61807	8.28954	4.11252	0	1.45602	7.52784	8.84164	14.6385	14.1575	
4.01547	13.6896	15.0953	18.1661	3.66191	6.01409	8.30088	14.3358	5.86152	11.7337	4.76051	8.31848	18.4066	4.60848	1.45602	0	8.0238	11.6521	16.0946	15.6135	
12.4536	6.75731	12.535	12.6782	7.0423	8.8615	2.40333	5.9798	3.95285	9.19331	7.82766	7.12532	7.11493	3.41532	7.52784	8.0238	0	2.56125	17.2951	8.47044	
10.249	7.24061	15.524	15.2394	8.86017	6.62379	4.22121	3.41855	4.43615	8.2652	11.456	7.68379	4.55368	5.97657	8.84164	11.6521	2.56125	0	22.0195	6.92	
29.1267	21.1991	11.635	4.61693	25.3826	19.1966	21.8616	23.2857	19.044	18.4391	20.1698	27.2597	22.9745	18.7511	14.6385	16.0946	17.2951	22.0195	0	25.641	
18.3896	9.96187	10.8616	18.8105	10.7061	7.18805	6.06711	10.3386	10.5948	7.20187	14.175	6.12805	8.23072	9.83805	14.1575	15.6135	8.47044	6.92	25.641	0	

0	27.4899	19.5359	10.0806	1.06066	25.6146	7.22496	25.6069	13.6281	15.9624	17.3174	25.0962	12.4559	23.6008	14.7697	12.1488	8.90096	9.38704	18.6401	19.7214	
27.4899	0	9.50253	24.8087	18.9084	3.25994	8.57996	11.379	6.57774	3.84	9.07592	5.31994	7.51319	9.55631	12.2766	17.4145	11.9536	6.41788	23.9057	5.67655	
19.5359	9.50253	0	9.41448	18.4345	6.2426	12.613	14.4032	6.20987	17.0939	12.0586	8.3026	16.4912	14.2332	10.402	13.0228	11.5857	9.37126	10.6794	8.6592	
10.0806	24.8087	9.41448	0	9.01998	15.6571	17.5414	13.8688	15.6244	28.6883	11.638	15.65	17.7346	10.1157	16.1558	7.75615	19.3306	25.8422	1.26491	18.7225	
1.06066	18.9084	18.4345	9.01998	0	20.1343	8.28562	15.261	14.4547	18.6931	20.8592	20.0203	11.3952	17.3906	14.6297	13.2095	10.56	16.0121	10.2849	18.7044	
25.6146	3.25994	6.2426	15.6571	20.1343	0	9.38804	7.27031	5.67961	7.09994	5.81598	2.06	10.7731	5.21	7.93031	10.9845	11.0555	7.22595	16.189	2.41661	
7.22496	8.57996	12.613	17.5414	8.28562	9.38804	0	14.5964	5.32347	8.73742	8.84112	8.99273	6.77901	8.50664	5.74571	10.7362	1.67601	2.16208	16.2765	9.12208	
25.6069	11.379	14.4032	13.8688	15.261	7.27031	14.5964	0	8.19329	11.1637	9.04598	9.41754	3.86581	12.5675	6.17155	8.79239	10.2413	8.48274	15.1337	4.8537	
13.6281	6.57774	6.20987	15.6244	14.4547	5.67961	5.32347	8.19329	0	10.4177	9.84043	5.56561	7.77832	8.0233	9.44558	14.436	5.37587	3.16139	16.8741	8.09622	
15.9624	3.84	17.0939	28.6883	18.6931	7.09994	8.73742	11.1637	10.4177	0	14.7	10.2463	7.2979	16.1883	20.587	17.9662	10.4134	8.021	24.4574	13.1831	
17.3174	9.07592	12.0586	11.638	20.8592	5.81598	8.84112	9.04598	9.84043	14.7	0	5.29759	11.296	8.44759	7.7894	5.16856	14.2287	6.67904	10.3731	5.24976	
25.0962	5.31994	8.3026	15.65	20.0203	2.06	8.99273	9.41754	5.56561	10.2463	5.29759	0	11.4476	3.15	5.87031	8.49115	9.94001	6.83065	12.0008	4.47661	
12.4559	7.51319	16.4912	17.7346	11.3952	10.7731	6.77901	3.86581	7.77832	7.2979	11.296	11.4476	0	11.3385	10.0374	14.96	11.6981	4.61693	20.1893	8.71951	
23.6008	9.55631	14.2332	10.1157	17.3906	5.21	8.50664	12.5675	8.0233	16.1883	8.44759	3.15	11.3385	0	9.02031	14.5776	6.83064	9.98065	8.85076	13.0592	
14.7697	12.2766	10.402	16.1558	14.6297	7.93031	5.74571	6.17155	9.44558	20.587	7.7894	5.87031	10.0374	9.02031	0	2.62084	4.06971	12.701	9.11208	11.0252	
12.1488	17.4145	13.0228	7.75615	13.2095	10.9845	10.7362	8.79239	14.436	17.9662	5.16856	8.49115	14.96	14.5776	2.62084	0	6.69054	11.8476	6.49124	10.4183	
8.90096	11.9536	11.5857	19.3306	10.56	11.0555	1.67601	10.2413	5.37587	10.4134	14.2287	9.94001	11.6981	6.83064	4.06971	6.69054	0	3.83809	15.5514	12.4936	
9.38704	6.41788	9.37126	25.8422	16.0121	7.22595	2.16208	8.48274	3.16139	8.021	6.67904	6.83065	4.61693	9.98065	12.701	11.8476	3.83809	0	17.0521	6.96	
18.6401	23.9057	10.6794	1.26491	10.2849	16.189	16.2765	15.1337	16.8741	24.4574	10.3731	12.0008	20.1893	8.85076	9.11208	6.49124	15.5514	17.0521	0	15.6228	
19.7214	5.67655	8.6592	18.7225	18.7044	2.41661	9.12208	4.8537	8.09622	13.1831	5.24976	4.47661	8.71951	13.0592	11.0252	10.4183	12.4936	6.96	15.6228	0	

0	12.4343	10.8429	13.0578	0.59397	16.4763	19.2358	23.0187	15.4154	10.0943	21.5655	13.1305	16.7325	15.7167	17.5811	12.1488	6.53397	11.479	11.5289	7.68876	
12.4343	0	7.46783	18.9663	17.7168	4.18623	11.0213	11.0549	2.03961	2.34	9.87343	4.44294	6.39515	8.04766	14.2971	13.2606	11.6846	5.91486	19.0881	8.93676	
10.8429	7.46783	0	20.2411	10.2489	11.6234	10.603	18.3279	9.50744	9.80783	13.4829	20.8074	10.5751	17.4554	19.1487	18.6935	14.4449	8.23505	16.225	8.8443	
13.0578	18.9663	20.2411	0	13.6517	10.39	17.6	29.237	21.0059	20.904	10.791	16.76	25.3614	8.5	9.10348	12.0679	15.9516	20.6474	4.01609	17.6521	
0.59397	17.7168	10.2489	13.6517	0	9.87389	9.67149	20.9779	14.7603	10.6882	16.1328	12.5365	13.2251	13.3916	18.1751	12.7428	5.94	10.885	10.9349	7.09479	
16.4763	4.18623	11.6234	10.39	9.87389	0	8.98087	13.3831	2.14663	6.38205	3.71576	1.94	10.8286	1.89	7.70013	5.45786	8.37967	6.02188	15.0439	2.7791	
19.2358	11.0213	10.603	17.6	9.67149	8.98087	0	10.884	6.24325	14.63	7.61581	10.9209	4.70808	9.1	12.2114	7.08696	3.73149	2.36799	24.0247	8.00799	
23.0187	11.0549	18.3279	29.237	20.9779	13.3831	10.884	0	11.2365	12.9244	15.3407	13.6398	12.433	19.984	21.6368	17.971	14.6155	10.0929	30.143	15.7329	
15.4154	2.03961	9.50744	21.0059	14.7603	2.14663	6.24325	11.2365	0	4.37961	5.86239	2.40333	6.21534	4.03663	10.286	16.2417	9.64495	3.87525	17.1905	4.92573	
10.0943	2.34	9.80783	20.904	10.6882	6.38205	14.63	12.9244	4.37961	0	10.0978	7.72442	6.6382	8.27205	12.6321	10.9206	14.966	8.97829	21.4259	9.16115	
21.5655	9.87343	13.4829	10.791	16.1328	3.71576	7.61581	15.3407	5.86239	10.0978	0	5.65576	7.5879	2.29103	3.98437	5.85888	9.74263	5.24782	18.7596	6.49486	
13.1305	4.44294	20.8074	16.76	12.5365	1.94	10.9209	13.6398	2.40333	7.72442	5.65576	0	11.0853	3.83	10.0794	11.8279	12.0483	6.27859	16.9839	4.7191	
16.7325	6.39515	10.5751	25.3614	13.2251	10.8286	4.70808	12.433	6.21534	6.6382	7.5879	11.0853	0	16.8969	13.884	17.5588	15.9147	2.34009	25.4832	7.98009	
15.7167	8.04766	17.4554	8.5	13.3916	1.89	9.1	19.984	4.03663	8.27205	2.29103	3.83	16.8969	0	6.2754	3.56786	7.4516	7.53884	12.5161	4.6691	
17.5811	14.2971	19.1487	9.10348	18.1751	7.70013	12.2114	21.6368	10.286	12.6321	3.98437	10.0794	13.884	6.2754	0	5.75129	12.5347	9.23219	13.1196	10.9185	
12.1488	13.2606	18.6935	12.0679	12.7428	5.45786	7.08696	17.971	16.2417	10.9206	5.85888	11.8279	17.5588	3.56786	5.75129	0	10.8184	9.45495	27.4135	19.1908	
6.53397	11.6846	14.4449	15.9516	5.94	8.37967	3.73149	14.6155	9.64495	14.966	9.74263	12.0483	15.9147	7.4516	12.5347	10.8184	0	6.09948	16.8749	5.60057	
11.479	5.91486	8.23505	20.6474	10.885	6.02188	2.36799	10.0929	3.87525	8.97829	5.24782	6.27859	2.34009	7.53884	9.23219	9.45495	6.09948	0	19.276	5.64	
11.5289	19.0881	16.225	4.01609	10.9349	15.0439	24.0247	30.143	17.1905	21.4259	18.7596	16.9839	25.4832	12.5161	13.1196	27.4135	16.8749	19.276	0	13.636	
7.68876	8.93676	8.8443	17.6521	7.09479	2.7791	8.00799	15.7329	4.92573	9.16115	6.49486	4.7191	7.98009	4.6691	10.9185	19.1908	5.60057	5.64	13.636	0	

0	14.8786	9.07024	8.78944	1.27279	10.5389	22.1565	18.541	18.455	13.7038	14.5677	15.5586	26.7562	13.9245	8.95335	7.20694	7.21279	25.3508	17.7236	20.1895	
14.8786	0	5.80831	14.985	15.791	3.88134	5.3161	10.2954	7.25457	3.36	18.8629	2.76134	4.02492	7.87134	14.0724	17.7985	6.4622	6.20155	14.4616	2.90799	
9.07024	5.80831	0	10.8037	10.343	7.90729	20.6239	17.0456	11.923	9.16831	12.9155	8.56965	9.83324	12.4291	18.0236	16.2772	16.6207	12.0099	8.65332	8.7163	
8.78944	14.985	10.8037	0	7.51665	12.1648	18.3984	9.86649	13.4048	12.3232	7.15663	10.36	13.1468	5.25	11.3426	20.6221	9.44153	8.90932	2.15035	12.4293	
1.27279	15.791	10.343	7.51665	0	9.26607	10.0826	21.8199	15.7507	12.431	14.2743	9.76426	16.0593	10.1315	10.2261	8.47973	5.94	9.14156	9.667	9.49421	
10.5389	3.88134	7.90729	12.1648	9.26607	0	3.67476	8.65403	6.4846	3.49206	5.0082	1.12	7.1204	6.23	10.6225	14.5931	4.94426	8.34426	16.5606	7.15403	
22.1565	5.3161	20.6239	18.3984	10.0826	3.67476	0	10.0888	10.8665	9.57259	21.452	2.55476	12.0353	7.66476	13.8658	21.4104	4.14258	7.34415	20.5487	6.51988	
18.541	10.2954	17.0456	9.86649	21.8199	8.65403	10.0888	0	12.7713	12.1559	15.1382	7.53403	14.0094	4.61649	10.7091	23.3845	8.80802	12.014	19.2756	8.49397	
18.455	7.25457	11.923	13.4048	15.7507	6.4846	10.8665	12.7713	0	8.00855	11.4928	7.6046	8.30119	8.15483	14.2474	19.2371	7.90079	7.86658	17.2197	4.34658	
13.7038	3.36	9.16831	12.3232	12.431	3.49206	9.57259	12.1559	8.00855	0	8.50027	4.61206	3.62833	12.1278	14.7244	18.0851	7.21618	7.18197	14.4735	3.66197	
14.5677	18.8629	12.9155	7.15663	14.2743	5.0082	21.452	15.1382	11.4928	8.50027	0	6.1282	19.2482	10.5217	5.61434	13.4655	14.7133	13.3525	9.30698	16.8504	
15.5586	2.76134	8.56965	10.36	9.76426	1.12	2.55476	7.53403	7.6046	4.61206	6.1282	0	6.78626	5.11	11.2026	15.7131	3.82426	7.02583	17.5119	5.66933	
26.7562	4.02492	9.83324	13.1468	16.0593	7.1204	12.0353	14.0094	8.30119	3.62833	19.2482	6.78626	0	13.7599	16.7515	20.406	7.43901	4.23745	12.8398	5.51543	
13.9245	7.87134	12.4291	5.25	10.1315	6.23	7.66476	4.61649	8.15483	12.1278	10.5217	5.11	13.7599	0	6.09262	18.6872	4.19153	7.39309	7.40035	7.74574	
8.95335	14.0724	18.0236	11.3426	10.2261	10.6225	13.8658	10.7091	14.2474	14.7244	5.61434	11.2026	16.7515	6.09262	0	12.5946	10.2841	14.1084	15.6945	11.2361	
7.20694	17.7985	16.2772	20.6221	8.47973	14.5931	21.4104	23.3845	19.2371	18.0851	13.4655	15.7131	20.406	18.6872	12.5946	0	18.4447	18.4105	32.0202	14.8905	
7.21279	6.4622	16.6207	9.44153	5.94	4.94426	4.14258	8.80802	7.90079	7.21618	14.7133	3.82426	7.43901	4.19153	10.2841	18.4447	0	3.20156	11.8039	3.55421	
25.3508	6.20155	12.0099	8.90932	9.14156	8.34426	7.34415	12.014	7.86658	7.18197	13.3525	7.02583	4.23745	7.39309	14.1084	18.4105	3.20156	0	8.60233	3.52	
17.7236	14.4616	8.65332	2.15035	9.667	16.5606	20.5487	19.2756	17.2197	14.4735	9.30698	17.5119	12.8398	7.40035	15.6945	32.0202	11.8039	8.60233	0	12.1223	
20.1895	2.90799	8.7163	12.4293	9.49421	7.15403	6.51988	8.49397	4.34658	3.66197	16.8504	5.66933	5.51543	7.74574	11.2361	14.8905	3.55421	3.52	12.1223	0	

0	9.30391	9.44447	7.54448	0.806102	7.02618	11.7461	10.1497	8.77053	12.4717	6.82294	7.26618	11.1408	4.95618	8.07864	15.8084	11.0504	13.8678	8.87264	9.2781	
9.30391	0	10.3961	19.394	8.49781	2.80717	8.32929	3.71845	3.72228	3.99	7.25	5.90717	2.37023	4.87717	9.32928	11.7513	12.1197	6.73418	16.4516	6.5699	
9.44447	10.3961	0	10.6127	26.0446	6.5583	19.0394	6.6776	8.30265	18.1287	6.35506	6.7983	10.673	4.4883	7.61076	14.5121	11.0084	13.0263	11.9408	19.654	
7.54448	19.394	10.6127	0	8.35058	14.9726	10.6846	17.2903	15.9622	15.404	29.1817	18.9129	17.3006	12.5007	20.4047	11.4256	9.98887	12.8062	1.32816	16.8226	
0.806102	8.49781	26.0446	8.35058	0	11.305	17.4157	12.2163	10.3754	12.4878	15.7478	22.094	10.868	5.76228	13.6664	15.1862	11.8565	17.8001	19.5503	10.0842	
7.02618	2.80717	6.5583	14.9726	11.305	0	7.47959	6.52562	5.88435	6.60892	3.93676	3.1	5.1774	2.07	5.19247	8.94414	8.59015	12.1095	13.6444	9.37707	
11.7461	8.32929	19.0394	10.6846	17.4157	7.47959	0	14.9793	6.51988	7.85569	11.2521	4.37959	5.95906	6.68959	15.15	11.2874	0.695701	3.51308	10.2178	2.71662	
10.1497	3.71845	6.6776	17.2903	12.2163	6.52562	14.9793	0	7.44074	7.70845	7.06032	7.50355	6.08869	5.19355	8.31602	9.86426	9.16611	6.34874	19.9617	10.2884	
8.77053	3.72228	8.30265	15.9622	10.3754	5.88435	6.51988	7.44074	0	2.90241	5.68112	3.54175	4.79904	3.81435	5.607	10.4496	10.3345	7.90348	17.2904	3.80326	
12.4717	3.99	18.1287	15.404	12.4878	6.60892	7.85569	7.70845	2.90241	0	10.3815	3.50892	1.89663	5.81892	8.50941	10.4168	11.6681	6.26057	16.7321	6.70567	
6.82294	7.25	6.35506	29.1817	15.7478	3.93676	11.2521	7.06032	5.68112	10.3815	0	4.17676	8.05142	1.86676	4.98923	12.719	8.38692	12.4039	20.9144	13.8199	
7.26618	5.90717	6.7983	18.9129	22.094	3.1	4.37959	7.50355	3.54175	3.50892	4.17676	0	5.40555	2.31	5.43247	6.90785	5.07529	11.2854	16.7444	7.0962	
11.1408	2.37023	10.673	17.3006	10.868	5.1774	5.95906	6.08869	4.79904	1.89663	8.05142	5.40555	0	6.18466	9.30713	15.9878	6.65476	4.36394	21.4416	6.36396	
4.95618	4.87717	4.4883	12.5007	5.76228	2.07	6.68959	5.19355	3.81435	5.81892	1.86676	2.31	6.18466	0	3.12247	9.21785	6.52015	9.33753	15.7144	7.61762	
8.07864	9.32928	7.61076	20.4047	13.6664	5.19247	15.15	8.31602	5.607	8.50941	4.98923	5.43247	9.30713	3.12247	0	13.1042	9.64262	10.6888	23.2017	9.41026	
15.8084	11.7513	14.5121	11.4256	15.1862	8.94414	11.2874	9.86426	10.4496	10.4168	12.719	6.90785	15.9878	9.21785	13.1042	0	17.3724	16.213	10.0975	14.6005	
11.0504	12.1197	11.0084	9.98887	11.8565	8.59015	0.695701	9.16611	10.3345	11.6681	8.38692	5.07529	6.65476	6.52015	9.64262	17.3724	0	2.81737	9.52211	3.41232	
13.8678	6.73418	13.0263	12.8062	17.8001	12.1095	3.51308	6.34874	7.90348	6.26057	12.4039	11.2854	4.36394	9.33753	10.6888	16.213	2.81737	0	12.3395	7	
8.87264	16.4516	11.9408	1.32816	19.5503	13.6444	10.2178	19.9617	17.2904	16.7321	20.9144	16.7444	21.4416	15.7144	23.2017	10.0975	9.52211	12.3395	0	18.1992	
9.2781	6.5699	19.654	16.8226	10.0842	9.37707	2.71662	10.2884	3.80326	6.70567	13.8199	7.0962	6.36396	7.61762	9.41026	14.6005	3.41232	7	18.1992	0	

0	19.6087	20.9313	17.9403	0.678823	17.1803	19.9758	16.7498	19.1735	23.5387	10.5954	20.2903	8.53758	9.44034	11.1158	13.2801	18.6476	24.2481	23.2269	23.1498	
19.6087	0	20.744	13.484	15.1931	6.33877	10.766	2.11047	4.94605	3.93	15.46	9.59877	7.15462	9.41992	9.08701	15.298	15.6675	9.16842	20.1227	12.5967	
20.9313	20.744	0	3.59462	20.9763	19.4833	11.4827	17.4635	12.1325	15.4777	8.58762	24.0259	28.0783	12.0946	13.8604	9.34676	10.1546	22.5318	4.68722	20.4941	
17.9403	13.484	3.59462	0	14.9096	12.4734	19.68	13.8688	8.53793	11.8831	4.993	15.1155	10.7465	8.5	10.1755	10.0227	13.7492	12.8721	2.62469	16.4161	
0.678823	15.1931	20.9763	14.9096	0	19.209	21.1073	17.5578	10.0673	14.7031	9.91658	24.9503	7.85875	10.1192	10.5812	12.6013	19.3264	9.69287	19.9196	18.5502	
17.1803	6.33877	19.4833	12.4734	19.209	0	4.42719	8.44924	3.93548	10.224	14.4494	3.26	6.14405	7.74	8.62777	13.1414	5.75535	7.10405	16.7931	8.41156	
19.9758	10.766	11.4827	19.68	21.1073	4.42719	0	18.4894	7.01103	10.6057	20.6335	7.68719	4.51098	11.18	12.8555	18.0184	1.32816	2.67686	21.2203	3.98437	
16.7498	2.11047	17.4635	13.8688	17.5578	8.44924	18.4894	0	7.05652	6.04047	14.7642	14.2608	9.44478	7.30945	6.97653	11.4902	22.9889	11.4128	16.3149	15.2366	
19.1735	4.94605	12.1325	8.53793	10.0673	3.93548	7.01103	7.05652	0	6.28856	10.5139	6.57754	2.20857	7.1563	11.4087	16.5716	13.2642	4.0427	11.1626	7.87819	
23.5387	3.93	15.4777	11.8831	14.7031	10.224	10.6057	6.04047	6.28856	0	16.8025	12.8661	6.84436	11.7921	13.5464	18.2686	19.0062	7.92881	14.5078	8.66665	
10.5954	15.46	8.58762	4.993	9.91658	14.4494	20.6335	14.7642	10.5139	16.8025	0	15.0337	12.7225	9.4631	7.78763	12.3013	19.3053	14.8481	7.61769	18.3921	
20.2903	9.59877	24.0259	15.1155	24.9503	3.26	7.68719	14.2608	6.57754	12.8661	15.0337	0	8.78611	10.85	11.8878	14.6792	12.5887	10.9117	20.0531	13.1681	
8.53758	7.15462	28.0783	10.7465	7.85875	6.14405	4.51098	9.44478	2.20857	6.84436	12.7225	8.78611	0	4.94773	6.6232	11.7861	18.3542	1.83412	20.168	8.59412	
9.44034	9.41992	12.0946	8.5	10.1192	7.74	11.18	7.30945	7.1563	11.7921	9.4631	10.85	4.94773	0	1.67547	6.18914	12.5082	6.78185	11.0138	13.7095	
11.1158	9.08701	13.8604	10.1755	10.5812	8.62777	12.8555	6.97653	11.4087	13.5464	7.78763	11.8878	6.6232	1.67547	0	4.51367	17.3549	12.6637	9.33838	15.3849	
13.2801	15.298	9.34676	10.0227	12.6013	13.1414	18.0184	11.4902	16.5716	18.2686	12.3013	14.6792	11.7861	6.18914	4.51367	0	19.5013	23.9672	12.6474	20.5479	
18.6476	15.6675	10.1546	13.7492	19.3264	5.75535	1.32816	22.9889	13.2642	19.0062	19.3053	12.5887	18.3542	12.5082	17.3549	19.5013	0	4.00502	14.8418	5.31253	
24.2481	9.16842	22.5318	12.8721	9.69287	7.10405	2.67686	11.4128	4.0427	7.92881	14.8481	10.9117	1.83412	6.78185	12.6637	23.9672	4.00502	0	27.0973	6.66123	
23.2269	20.1227	4.68722	2.62469	19.9196	16.7931	21.2203	16.3149	11.1626	14.5078	7.61769	20.0531	20.168	11.0138	9.33838	12.6474	14.8418	27.0973	0	21.4575	
23.1498	12.5967	20.4941	16.4161	18.5502	8.41156	3.98437	15.2366	7.87819	8.66665	18.3921	13.1681	8.59412	13.7095	15.3849	20.5479	5.31253	6.66123	21.4575	0	

0	10.2115	19.5667	8.60869	1.99404	9.39149	11.9678	12.9824	8.88576	11.391	11.2112	10.5715	9.20575	12.832	11.8477	3.91234	12.1488	7.75888	13.3257	12.6847	
10.2115	0	12.0067	14.3108	18.7372	6.42398	10.3581	5.42239	1.32575	2.04	10.8089	4.10855	3.76279	6.67027	8.65037	15.5899	7.54568	3.894	14.4147	4.20043	
19.5667	12.0067	0	17.4596	20.8513	15.7792	21.3591	14.7776	10.681	10.5	19.8391	13.4638	12.6852	18.6993	23.2967	22.1371	16.0057	19.5352	18.598	24.7168	
8.60869	14.3108	17.4596	0	6.61465	12.4484	16.5884	23.4538	11.3813	11.1295	8.32166	18.9168	8.94427	8.88284	11.7387	12.9188	12.6782	10.9049	1.13842	12.4232	
1.99404	18.7372	20.8513	6.61465	0	11.3855	9.97378	22.3314	10.8798	20.6983	13.2053	12.92	11.1998	18.5845	16.6044	5.90638	14.6223	9.75292	7.75307	16.1314	
9.39149	6.42398	15.7792	12.4484	11.3855	0	6.32456	6.0208	3.9628	5.68933	4.20043	1.18	3.50408	5.24	8.45646	13.3038	10.9731	5.4647	13.9972	6.98305	
11.9678	10.3581	21.3591	16.5884	9.97378	6.32456	0	12.3454	8.5006	10.1542	10.525	5.7178	9.63663	9.7778	13.3062	12.8851	4.64855	8.2365	26.4644	6.15766	
12.9824	5.42239	14.7776	23.4538	22.3314	6.0208	12.3454	0	4.09664	9.37019	10.2212	6.87945	6.53369	11.325	14.8534	26.9841	11.528	7.48826	28.3526	12.7683	
8.88576	1.32575	10.681	11.3813	10.8798	3.9628	8.5006	4.09664	0	3.36575	9.29866	2.7828	2.43705	6.8428	10.3712	12.7981	7.43135	4.39766	17.083	5.52617	
11.391	2.04	10.5	11.1295	20.6983	5.68933	10.1542	9.37019	3.36575	0	16.8543	8.99858	2.18525	8.19928	10.1794	13.7422	5.50568	4.14586	15.2221	5.66421	
11.2112	10.8089	19.8391	8.32166	13.2053	4.20043	10.525	10.2212	9.29866	16.8543	0	5.38043	7.70451	6.23613	4.25603	12.1914	16.9145	13.8203	9.46008	13.3835	
10.5715	4.10855	13.4638	18.9168	12.92	1.18	5.7178	6.87945	2.7828	8.99858	5.38043	0	4.68408	4.06	6.0401	12.9796	10.2142	9.22532	11.8044	10.0396	
9.20575	3.76279	12.6852	8.94427	11.1998	3.50408	9.63663	6.53369	2.43705	2.18525	7.70451	4.68408	0	7.12593	15.0528	13.1181	7.69092	1.96061	10.0827	3.47897	
12.832	6.67027	18.6993	8.88284	18.5845	5.24	9.7778	11.325	6.8428	8.19928	6.23613	4.06	7.12593	0	1.9801	8.91964	11.8246	5.16532	7.74442	10.4453	
11.8477	8.65037	23.2967	11.7387	16.6044	8.45646	13.3062	14.8534	10.3712	10.1794	4.25603	6.0401	15.0528	1.9801	0	7.93532	16.1718	7.14542	9.72452	17.628	
3.91234	15.5899	22.1371	12.9188	5.90638	13.3038	12.8851	26.9841	12.7981	13.7422	12.1914	12.9796	13.1181	8.91964	7.93532	0	8.2365	11.6712	11.7804	14.9141	
12.1488	7.54568	16.0057	12.6782	14.6223	10.9731	4.64855	11.528	7.43135	5.50568	16.9145	10.2142	7.69092	11.8246	16.1718	8.2365	0	6.65925	13.8166	6.6776	
7.75888	3.894	19.5352	10.9049	9.75292	5.4647	8.2365	7.48826	4.39766	4.14586	13.8203	9.22532	1.96061	5.16532	7.14542	11.6712	6.65925	0	12.9097	5.28	
13.3257	14.4147	18.598	1.13842	7.75307	13.9972	26.4644	28.3526	17.083	15.2221	9.46008	11.8044	10.0827	7.74442	9.72452	11.7804	13.8166	12.9097	0	27.2476	
12.6847	4.20043	24.7168	12.4232	16.1314	6.98305	6.15766	12.7683	5.52617	5.66421	13.3835	10.0396	3.47897	10.4453	17.628	14.9141	6.6776	5.28	27.2476	0	

0	12.9417	19.8564	21.6002	1.68291	8.76539	5.05747	13.6704	13.9615	12.2719	12.598	11.9854	19.0238	11.6454	5.5348	8.46822	7.84291	12.8945	21.0104	20.4516	
12.9417	0	6.91466	8.65852	14.6246	8.71188	9.53646	7.33641	1.0198	3.19661	6.37984	8.73576	6.0821	6.30971	10.5335	14.5397	14.2799	4.13021	12.5808	12.1915	
19.8564	6.91466	0	13.865	14.4103	15.3923	14.9144	14.2511	7.93446	12.2847	20.5232	21.4304	12.9968	13.2244	17.4482	7.62499	15.8615	17.515	16.0396	22.5316	
21.6002	8.65852	13.865	0	18.454	12.38	17.0374	15.9949	9.67833	14.0285	11.151	14.7305	14.7406	9.5	17.3442	13.6007	12.294	19.2588	5.18614	18.5803	
1.68291	14.6246	14.4103	18.454	0	10.4483	6.74038	14.6214	15.8338	25.7833	15.7566	16.6795	22.8345	10.3095	7.21771	6.78531	6.16	13.8536	15.1999	15.7456	
8.76539	8.71188	15.3923	12.38	10.4483	0	10.81	6.98701	7.23952	8.91078	6.62375	3.22	7.81637	2.88	10.7242	7.76728	15.6098	4.12912	12.245	5.95807	
5.05747	9.53646	14.9144	17.0374	6.74038	10.81	0	9.67471	10.5563	14.9065	11.3913	13.4417	15.6186	7.93	10.5923	7.28944	4.74342	14.208	15.704	14.329	
13.6704	7.33641	14.2511	15.9949	14.6214	6.98701	9.67471	0	8.35621	12.7064	7.34647	3.76701	8.36338	10.137	17.87	16.6979	8.46135	11.3952	12.4964	6.50508	
13.9615	1.0198	7.93446	9.67833	15.8338	7.23952	10.5563	8.35621	0	2.17681	5.36004	7.71596	3.37251	5.52424	8.91393	15.4594	18.2541	3.1104	13.6006	9.9104	
12.2719	3.19661	12.2847	14.0285	25.7833	8.91078	14.9065	12.7064	2.17681	0	7.53685	5.79207	1.1957	7.70105	6.73712	16.6781	19.3508	5.28721	17.9508	7.3051	
12.598	6.37984	20.5232	11.151	15.7566	6.62375	11.3913	7.34647	5.36004	7.53685	0	3.57946	8.17582	6.53367	7.0632	14.391	16.1347	8.47044	16.3372	6.31752	
11.9854	8.73576	21.4304	14.7305	16.6795	3.22	13.4417	3.76701	7.71596	5.79207	3.57946	0	4.59637	6.1	10.6427	10.9873	12.2284	7.34912	15.465	2.73807	
19.0238	6.0821	12.9968	14.7406	22.8345	7.81637	15.6186	8.36338	3.37251	1.1957	8.17582	4.59637	0	10.9664	7.93282	22.7503	15.695	8.98087	18.6629	6.1094	
11.6454	6.30971	13.2244	9.5	10.3095	2.88	7.93	10.137	5.52424	7.70105	6.53367	6.1	10.9664	0	7.84425	10.6473	12.6734	7.00912	14.6861	9.08029	
5.5348	10.5335	17.4482	17.3442	7.21771	10.7242	10.5923	17.87	8.91393	6.73712	7.0632	10.6427	7.93282	7.84425	0	11.1386	19.3751	12.6128	19.5531	16.5024	
8.46822	14.5397	7.62499	13.6007	6.78531	7.76728	7.28944	16.6979	15.4594	16.6781	14.391	10.9873	22.7503	10.6473	11.1386	0	8.2365	11.8964	8.41457	17.8221	
7.84291	14.2799	15.8615	12.294	6.16	15.6098	4.74342	8.46135	18.2541	19.3508	16.1347	12.2284	15.695	12.6734	19.3751	8.2365	0	16.3856	16.6511	9.58559	
12.8945	4.13021	17.515	19.2588	13.8536	4.12912	14.208	11.3952	3.1104	5.28721	8.47044	7.34912	8.98087	7.00912	12.6128	11.8964	16.3856	0	16.3741	6.8	
21.0104	12.5808	16.0396	5.18614	15.1999	12.245	15.704	12.4964	13.6006	17.9508	16.3372	15.465	18.6629	14.6861	19.5531	8.41457	16.6511	16.3741	0	27.4431	
20.4516	12.1915	22.5316	18.5803	15.7456	5.95807	14.329	6.50508	9.9104	7.3051	6.31752	2.73807	6.1094	9.08029	16.5024	17.8221	9.58559	6.8	27.4431	0	

0	24.4146	16.5537	13.4246	2.40416	13.1442	8.54205	26.4149	17.024	16.0783	7.20141	15.6612	12.2043	6.84425	5.20922	7.20694	6.6763	14.232	17.0264	16.9162	
24.4146	0	18.0169	14.3724	18.8041	2.98828	11.4097	9.84888	4.64297	5.13	15.2665	3.44828	5.2324	9.28828	13.5695	21.2124	11.1612	3.60555	18.0374	6.72555	
16.5537	18.0169	0	4.27931	16.0053	8.34923	15.6235	14.8851	14.8462	13.5217	9.69149	7.88923	21.4316	19.6492	11.6837	9.34676	13.7578	13.235	7.22023	15.8358	
13.4246	14.3724	4.27931	0	11.726	14.7815	16.9153	14.6276	12.5479	9.24239	10.2075	12.1685	15.5507	16.8973	8.21533	6.8906	13.291	14.6765	2.94092	11.5565	
2.40416	18.8041	16.0053	11.726	0	19.2132	15.4091	19.0593	16.9796	13.6741	16.4803	23.2184	19.9825	9.24841	7.61339	9.6111	9.08046	17.6321	14.6669	14.5121	
13.1442	2.98828	8.34923	14.7815	19.2132	0	14.398	7.45588	1.65469	4.96022	6.75984	0.46	2.89993	6.3	10.5812	16.3244	12.3544	4.96905	18.4465	11.0458	
8.54205	11.4097	15.6235	16.9153	15.4091	14.398	0	21.2586	15.3675	16.5397	10.6922	19.152	13.7526	7.92017	8.7	15.5433	1.86574	9.42143	12.2159	14.8508	
26.4149	9.84888	14.8851	14.6276	19.0593	7.45588	21.2586	0	8.69069	5.38516	13.2957	6.99588	11.6935	18.7559	17.4479	26.5219	28.1058	11.7467	18.2925	12.465	
17.024	4.64297	14.8462	12.5479	16.9796	1.65469	15.3675	8.69069	0	3.30553	11.957	2.11469	4.55462	7.95469	11.8147	14.6697	10.87	3.31436	16.2129	6.43436	
16.0783	5.13	13.5217	9.24239	13.6741	4.96022	16.5397	5.38516	3.30553	0	15.2625	5.99913	6.30835	11.6684	15.1203	16.133	13.9172	6.36149	12.1833	7.0798	
7.20141	15.2665	9.69149	10.2075	16.4803	6.75984	10.6922	13.2957	11.957	15.2625	0	6.29984	15.1781	10.6742	1.99218	8.83549	19.3763	11.6456	9.60469	15.2854	
15.6612	3.44828	7.88923	12.1685	23.2184	0.46	19.152	6.99588	2.11469	5.99913	6.29984	0	3.35993	6.76	8.29203	17.236	12.9014	5.34573	15.9045	8.46573	
12.2043	5.2324	21.4316	15.5507	19.9825	2.89993	13.7526	11.6935	4.55462	6.30835	15.1781	3.35993	0	5.36004	13.4812	15.98	11.4145	7.02026	19.2157	8.14587	
6.84425	9.28828	19.6492	16.8973	9.24841	6.3	7.92017	18.7559	7.95469	11.6684	10.6742	6.76	5.36004	0	8.68198	14.0512	6.05443	12.3803	16.4045	13.3534	
5.20922	13.5695	11.6837	8.21533	7.61339	10.5812	8.7	17.4479	11.8147	15.1203	1.99218	8.29203	13.4812	8.68198	0	6.8433	10.5657	11.9714	11.1563	15.0914	
7.20694	21.2124	9.34676	6.8906	9.6111	16.3244	15.5433	26.5219	14.6697	16.133	8.83549	17.236	15.98	14.0512	6.8433	0	13.8832	17.9841	9.83152	17.7541	
6.6763	11.1612	13.7578	13.291	9.08046	12.3544	1.86574	28.1058	10.87	13.9172	19.3763	12.9014	11.4145	6.05443	10.5657	13.8832	0	7.55569	10.3501	10.6757	
14.232	3.60555	13.235	14.6765	17.6321	4.96905	9.42143	11.7467	3.31436	6.36149	11.6456	5.34573	7.02026	12.3803	11.9714	17.9841	7.55569	0	17.9058	3.12	
17.0264	18.0374	7.22023	2.94092	14.6669	18.4465	12.2159	18.2925	16.2129	12.1833	9.60469	15.9045	19.2157	16.4045	11.1563	9.83152	10.3501	17.9058	0	14.4974	
16.9162	6.72555	15.8358	11.5565	14.5121	11.0458	14.8508	12.465	6.43436	7.0798	15.2854	8.46573	8.14587	13.3534	15.0914	17.7541	10.6757	3.12	14.4974	0	

0	13.452	10.8145	9.15714	1.64049	13.4726	9.75868	10.2528	14.5625	13.8116	13.2089	17.1142	9.606	11.8004	9.29153	6.16403	9.56049	15.7876	17.6343	12.9276	
13.452	0	23.64	21.2874	13.0567	7.71261	4.93852	8.56346	5.06827	1.14	14.4313	10.8245	3.84604	10.1047	22.4219	10.0006	7.65808	3.02866	14.0474	6.93071	
10.8145	23.64	0	17.5398	12.455	10.7952	11.8871	21.0673	16.2068	22.5	2.39437	18.4303	20.4205	9.69171	8.09926	20.0806	28.6157	21.9544	20.2575	9.21906	
9.15714	21.2874	17.5398	0	7.51665	12.2666	14.0408	31.5709	17.4002	14.6782	12.366	18.2585	17.4413	14.4292	6.66108	8.97866	15.4366	24.6513	1.77088	16.0994	
1.64049	13.0567	12.455	7.51665	0	17.7315	8.11819	11.8933	12.945	19.5301	13.3559	12.8151	11.2465	13.4409	7.65105	4.52354	7.92	16.2072	9.28752	10.1104	
13.4726	7.71261	10.7952	12.2666	17.7315	0	9.61332	7.94745	5.50073	8.07214	8.40086	3.1	3.86657	8.26285	14.1057	13.9222	7.99506	7.54034	10.4957	6.22922	
9.75868	4.93852	11.8871	14.0408	8.11819	9.61332	0	17.5608	12.2811	6.07852	8.81688	5.1214	8.78456	14.8114	11.4305	5.06211	2.71956	6.91218	19.0653	1.99218	
10.2528	8.56346	21.0673	31.5709	11.8933	7.94745	17.5608	0	7.57441	8.83167	16.3483	6.86135	11.814	12.5313	18.4588	19.5189	11.7564	5.5348	18.4432	9.99057	
14.5625	5.06827	16.2068	17.4002	12.945	5.50073	12.2811	7.57441	0	7.41728	10.0595	7.71596	9.2496	2.76212	10.5302	8.42151	12.611	2.03961	15.9964	6.95961	
13.8116	1.14	22.5	14.6782	19.5301	8.07214	6.07852	8.83167	7.41728	0	18.2297	11.9645	4.20557	10.1794	18.7005	15.8388	14.3148	4.16866	12.9074	13.2176	
13.2089	14.4313	2.39437	12.366	13.3559	8.40086	8.81688	16.3483	10.0595	18.2297	0	9.95391	12.2674	7.29734	5.70489	14.5549	12.2123	11.7447	16.9163	6.82469	
17.1142	10.8245	18.4303	18.2585	12.8151	3.1	5.1214	6.86135	7.71596	11.9645	9.95391	0	6.96657	5.67	11.5974	16.1375	4.89506	8.01859	13.5957	3.12922	
9.606	3.84604	20.4205	17.4413	11.2465	3.86657	8.78456	11.814	9.2496	4.20557	12.2674	6.96657	0	13.8124	20.5116	18.8721	13.8092	6.8747	14.3623	12.0434	
11.8004	10.1047	9.69171	14.4292	13.4409	8.26285	14.8114	12.5313	2.76212	10.1794	7.29734	5.67	13.8124	0	7.76809	11.1836	10.5651	4.80173	23.6357	8.79922	
9.29153	22.4219	8.09926	6.66108	7.65105	14.1057	11.4305	18.4588	10.5302	18.7005	5.70489	11.5974	20.5116	7.76809	0	11.9394	15.571	14.3583	8.43196	9.43833	
6.16403	10.0006	20.0806	8.97866	4.52354	13.9222	5.06211	19.5189	8.42151	15.8388	14.5549	16.1375	18.8721	11.1836	11.9394	0	7.78167	10.4611	10.7495	7.0543	
9.56049	7.65808	28.6157	15.4366	7.92	7.99506	2.71956	11.7564	12.611	14.3148	12.2123	4.89506	13.8092	10.5651	15.571	7.78167	0	12.0379	16.5602	4.71174	
15.7876	3.02866	21.9544	24.6513	16.2072	7.54034	6.91218	5.5348	2.03961	4.16866	11.7447	8.01859	6.8747	4.80173	14.3583	10.4611	12.0379	0	19.7862	4.92	
17.6343	14.0474	20.2575	1.77088	9.28752	10.4957	19.0653	18.4432	15.9964	12.9074	16.9163	13.5957	14.3623	23.6357	8.43196	10.7495	16.5602	19.7862	0	23.884	
12.9276	6.93071	9.21906	16.0994	10.1104	6.22922	1.99218	9.99057	6.95961	13.2176	6.82469	3.12922	12.0434	8.79922	9.43833	7.0543	4.71174	4.92	23.884	0	

0	15.2948	12.5783	17.834	1.59806	14.4178	5.05747	12.7972	11.6827	13.0182	11.8079	9.68037	12.2074	16.0486	13.7575	11.5311	9.959	9.48459	17.955	16.1956	
15.2948	0	23.5284	28.0951	12.9795	11.3518	12.2208	8.3414	8.92328	4.26	10.9512	7.8023	2.37023	17.3412	8.77796	14.8932	13.6241	9.01388	31.7608	5.76434	
12.5783	23.5284	0	13.3514	14.4793	14.7741	7.5208	15.2606	13.1428	15.4816	12.998	12.1437	13.5487	10.185	15.1713	16.1314	12.4223	11.9479	16.6086	10.1546	
17.834	28.0951	13.3514	0	16.236	22.06	20.8723	25.4887	22.9179	30.4068	17.309	23.95	26.8453	14.5	19.3171	18.7926	21.1303	25.7406	3.25715	23.506	
1.59806	12.9795	14.4793	16.236	0	14.4226	6.65553	11.4583	10.0846	14.9192	13.7089	11.5813	10.6093	14.7614	15.4649	13.1292	11.86	11.3856	19.4931	13.0729	
14.4178	11.3518	14.7741	22.06	14.4226	0	6.0629	3.0104	4.33797	13.7708	9.82434	1.44	6.87207	7.56	7.65105	13.5064	14.2619	11.1415	21.1127	5.07488	
5.05747	12.2208	7.5208	20.8723	6.65553	6.0629	0	7.73977	12.7385	7.96076	6.75041	4.6229	10.055	13.1992	8.7	14.8153	4.90153	4.42712	21.9258	10.7071	
12.7972	8.3414	15.2606	25.4887	11.4583	3.0104	7.73977	0	7.34837	12.6014	9.95481	4.4504	10.7116	10.5704	7.78152	13.8968	12.6413	11.2324	28.7458	8.08528	
11.6827	8.92328	13.1428	22.9179	10.0846	4.33797	12.7385	7.34837	0	9.43284	14.8667	5.77797	6.38239	8.41789	10.1794	14.3643	12.9217	8.3114	21.9706	2.98828	
13.0182	4.26	15.4816	30.4068	14.9192	13.7708	7.96076	12.6014	9.43284	0	14.7112	11.2044	5.77235	17.8507	13.038	21.8352	10.6951	6.0849	35.4952	9.16646	
11.8079	10.9512	12.998	17.309	13.7089	9.82434	6.75041	9.95481	14.8667	14.7112	0	11.3733	21.4825	6.44881	2.17329	8.28858	11.6519	11.1775	15.1754	9.3644	
9.68037	7.8023	12.1437	23.95	11.5813	1.44	4.6229	4.4504	5.77797	11.2044	11.3733	0	5.43207	9	9.09105	15.3964	9.52443	9.05002	23.0027	6.51488	
12.2074	2.37023	13.5487	26.8453	10.6093	6.87207	10.055	10.7116	6.38239	5.77235	21.4825	5.43207	0	14.8821	10.5852	18.7	14.856	9.67411	31.5751	3.39411	
16.0486	17.3412	10.185	14.5	14.7614	7.56	13.1992	10.5704	8.41789	17.8507	6.44881	9	14.8821	0	8.62211	5.94643	14.748	16.7293	13.5527	11.4062	
13.7575	8.77796	15.1713	19.3171	15.4649	7.65105	8.7	7.78152	10.1794	13.038	2.17329	9.09105	10.5852	8.62211	0	6.11529	13.6015	13.1271	17.3487	7.19111	
11.5311	14.8932	16.1314	18.7926	13.1292	13.5064	14.8153	13.8968	14.3643	21.8352	8.28858	15.3964	18.7	5.94643	6.11529	0	20.6944	25.8192	19.4992	13.3064	
9.959	13.6241	12.4223	21.1303	11.86	14.2619	4.90153	12.6413	12.9217	10.6951	11.6519	9.52443	14.856	14.748	13.6015	20.6944	0	4.61025	24.3875	10.8902	
9.48459	9.01388	11.9479	25.7406	11.3856	11.1415	4.42712	11.2324	8.3114	6.0849	11.1775	9.05002	9.67411	16.7293	13.1271	25.8192	4.61025	0	34.461	6.28	
17.955	31.7608	16.6086	3.25715	19.4931	21.1127	21.9258	28.7458	21.9706	35.4952	15.1754	23.0027	31.5751	13.5527	17.3487	19.4992	24.3875	34.461	0	28.181	
16.1956	5.76434	10.1546	23.506	13.0729	5.07488	10.7071	8.08528	2.98828	9.16646	9.3644	6.51488	3.39411	11.4062	7.19111	13.3064	10.8902	6.28	28.181	0	

0	12.4373	24.0779	17.0415	2.00818	24.5193	15.9251	14.5248	23.4683	23.3565	13.1341	17.2155	23.1789	23.4671	13.1858	15.8553	15.2082	17.5111	24.423	26.2546	
12.4373	0	5.53173	9.29752	10.4291	6.41435	6.06591	5.12544	2.70248	4.95	9.71176	4.35605	1.43108	6.37881	14.7971	13.756	9.17062	5.55793	23.87	7.28099	
24.0779	5.53173	0	3.76579	15.9609	13.3993	12.8538	10.6572	8.23421	10.4817	8.77935	12.3799	6.96281	14.6855	15.6914	13.5282	10.4821	11.3727	7.87675	14.7903	
17.0415	9.29752	3.76579	0	15.0333	21.8753	28.9502	22.8556	13.4532	25.0658	12.5451	23.0353	28.7371	23.1	23.7973	17.0934	14.2479	22.5298	4.11096	28.0959	
2.00818	10.4291	15.9609	15.0333	0	20.2995	13.9169	15.5546	13.1316	15.3791	11.1259	15.5644	11.8602	21.3931	15.194	17.8635	13.2	15.5029	19.1443	16.9429	
24.5193	6.41435	13.3993	21.8753	20.2995	0	8.45932	3.85072	3.71187	10.5018	5.59852	1.16	4.08496	2.52	10.7529	8.06785	11.1577	6.56732	25.9862	9.26812	
15.9251	6.06591	12.8538	28.9502	13.9169	8.45932	0	9.91658	13.6976	8.88162	11.7378	7.29932	4.63482	9.18932	7.58093	7.49193	2.37171	5.70133	20.4744	6.67984	
14.5248	5.12544	10.6572	22.8556	15.5546	3.85072	9.91658	0	7.82792	8.83167	7.12925	2.69072	5.61569	4.58072	9.92814	9.59858	12.2883	10.9664	18.7446	11.7298	
23.4683	2.70248	8.23421	13.4532	13.1316	3.71187	13.6976	7.82792	0	5.52912	7.00928	4.87187	4.13356	4.99812	14.163	13.7384	6.18508	2.85545	23.7853	4.29545	
23.3565	4.95	10.4817	25.0658	15.3791	10.5018	8.88162	8.83167	5.52912	0	14.1277	7.17176	4.2468	9.19453	12.9128	18.8668	6.00329	2.67367	27.5763	4.11367	
13.1341	9.71176	8.77935	12.5451	11.1259	5.59852	11.7378	7.12925	7.00928	14.1277	0	4.43852	7.36349	6.32852	7.15375	11.3464	12.363	9.86473	26.8401	14.8692	
17.2155	4.35605	12.3799	23.0353	15.5644	1.16	7.29932	2.69072	4.87187	7.17176	4.43852	0	2.92496	1.89	9.59294	6.90785	9.67102	8.98812	19.8903	10.4307	
23.1789	1.43108	6.96281	28.7371	11.8602	4.08496	4.63482	5.61569	4.13356	4.2468	7.36349	2.92496	0	4.81496	12.5179	9.83281	7.00653	6.92047	27.6025	9.66192	
23.4671	6.37881	14.6855	23.1	21.3931	2.52	9.18932	4.58072	4.99812	9.19453	6.32852	1.89	4.81496	0	10.2813	8.79785	15.3689	7.85357	28.361	12.3207	
13.1858	14.7971	15.6914	23.7973	15.194	10.7529	7.58093	9.92814	14.163	12.9128	7.15375	9.59294	12.5179	10.2813	0	6.4793	5.20922	8.53885	19.4618	9.51735	
15.8553	13.756	13.5282	17.0934	17.8635	8.06785	7.49193	9.59858	13.7384	18.8668	11.3464	6.90785	9.83281	8.79785	6.4793	0	9.86364	19.6499	12.9825	16.6379	
15.2082	9.17062	10.4821	14.2479	13.2	11.1577	2.37171	12.2883	6.18508	6.00329	12.363	9.67102	7.00653	15.3689	5.20922	9.86364	0	3.32962	24.8955	4.30813	
17.5111	5.55793	11.3727	22.5298	15.5029	6.56732	5.70133	10.9664	2.85545	2.67367	9.86473	8.98812	6.92047	7.85357	8.53885	19.6499	3.32962	0	32.6324	1.44	
24.423	23.87	7.87675	4.11096	19.1443	25.9862	20.4744	18.7446	23.7853	27.5763	26.8401	19.8903	27.6025	28.361	19.4618	12.9825	24.8955	32.6324	0	30.4744	
26.2546	7.28099	14.7903	28.0959	16.9429	9.26812	6.67984	11.7298	4.29545	4.11367	14.8692	10.4307	9.66192	12.3207	9.51735	16.6379	4.30813	1.44	30.4744	0	

0	19.352	19.9038	34.495	0.636396	10.5989	15.1724	10.8216	17.5235	17.2867	20.9533	8.85889	16.8129	14.5989	6.98514	4.1906	12.662	15.1946	31.7062	18.7946	
19.352	0	18.2547	13.9014	16.2151	5.886	7.54722	6.02993	7.00403	2.13	11.3789	7.626	5.76906	4.68722	11.5367	10.2324	6.75477	9.78222	23.4972	10.7703	
19.9038	18.2547	0	11.1262	16.7507	12.7849	14.4319	18.9977	15.6085	20.3847	8.20926	11.0449	16.6786	16.7849	10.402	19.7205	17.7756	15.7297	14.6363	10.8097	
34.495	13.9014	11.1262	0	18.0567	11.9656	24.5932	7.8715	19.292	14.0506	13.6475	19.3071	9.39149	24.0292	19.663	20.9515	13.5424	13.9452	3.51013	16.237	
0.636396	16.2151	16.7507	18.0567	0	14.2793	15.8088	10.1852	11.5552	11.6566	17.9718	9.49529	15.1142	15.64	6.34874	3.55421	13.2983	24.5105	22.5016	26.8139	
10.5989	5.886	12.7849	11.9656	14.2793	0	5.18614	4.09414	1.11803	6.74329	5.49287	1.74	8.57896	7.38	6.32453	14.6922	8.44328	2.23982	23.0999	8.80829	
15.1724	7.54722	14.4319	24.5932	15.8088	5.18614	0	9.28028	6.30417	7.88192	10.679	6.92614	7.4081	2.86	11.7	18.4261	3.25715	5.55964	16.3491	3.62215	
10.8216	6.02993	18.9977	7.8715	10.1852	4.09414	9.28028	0	5.21218	8.15993	9.58701	5.83414	11.799	10.7171	16.368	13.7394	18.1663	14.3254	11.3816	16.6605	
17.5235	7.00403	15.6085	19.292	11.5552	1.11803	6.30417	5.21218	0	7.86133	6.6109	2.85803	5.67546	8.49803	5.2065	14.525	14.0515	1.12178	12.7349	6.04178	
17.2867	2.13	20.3847	14.0506	11.6566	6.74329	7.88192	8.15993	7.86133	0	12.2362	8.48329	4.65911	6.81722	13.6667	8.1024	4.62477	7.65222	19.2654	12.2066	
20.9533	11.3789	8.20926	13.6475	17.9718	5.49287	10.679	9.58701	6.6109	12.2362	0	7.23287	8.46936	12.0491	12.6281	14.4176	12.6203	8.54337	17.1576	14.7	
8.85889	7.626	11.0449	19.3071	9.49529	1.74	6.92614	5.83414	2.85803	8.48329	7.23287	0	10.319	5.74	12.5997	12.9522	6.73071	6.33568	17.9488	11.2557	
16.8129	5.76906	16.6786	9.39149	15.1142	8.57896	7.4081	11.799	5.67546	4.65911	8.46936	10.319	0	10.4563	15.107	11.56	4.15095	4.55368	12.9016	9.47368	
14.5989	4.68722	16.7849	24.0292	15.64	7.38	2.86	10.7171	8.49803	6.81722	12.0491	5.74	10.4563	0	9.29124	18.6098	6.11715	8.41964	25.4441	6.48215	
6.98514	11.5367	10.402	19.663	6.34874	6.32453	11.7	16.368	5.2065	13.6667	12.6281	12.5997	15.107	9.29124	0	9.31854	14.9571	6.32828	16.1529	15.3222	
4.1906	10.2324	19.7205	20.9515	3.55421	14.6922	18.4261	13.7394	14.525	8.1024	14.4176	12.9522	11.56	18.6098	9.31854	0	12.7272	15.7546	25.4714	20.309	
12.662	6.75477	17.7756	13.5424	13.2983	8.44328	3.25715	18.1663	14.0515	4.62477	12.6203	6.73071	4.15095	6.11715	14.9571	12.7272	0	8.70463	19.0442	6.8793	
15.1946	9.78222	15.7297	13.9452	24.5105	2.23982	5.55964	14.3254	1.12178	7.65222	8.54337	6.33568	4.55368	8.41964	6.32828	15.7546	8.70463	0	11.6131	4.92	
31.7062	23.4972	14.6363	3.51013	22.5016	23.0999	16.3491	11.3816	12.7349	19.2654	17.1576	17.9488	12.9016	25.4441	16.1529	25.4714	19.0442	11.6131	0	12.7269	
18.7946	10.7703	10.8097	16.237	26.8139	8.80829	3.62215	16.6605	6.04178	12.2066	14.7	11.2557	9.47368	6.48215	15.3222	20.309	6.8793	4.92	12.7269	0	

-111