10
10
2
2
30

6	25
1	50
11	25
47	42
3	33
22	35
37	29
8	32
40	14
47	10

40	12
50	19
49	12
45	9
11	8
25	5
17	28
33	35
2	41
7	15

150

1.79769e+308
1.79769e+308
1.79769e+308
1.79769e+308
1.79769e+308
1.79769e+308
1.79769e+308
1.79769e+308
1.79769e+308
1.79769e+308

13
15
11
18
13
13
19
18
19
14

0
0
0
0
0
0
0
0
0
0

0

0	8.70928	6.83041	9.35352	5.86253	17.3294	6.77249	7.53122	6.76968	12.4767	11.0889	11.4847	9.52386	14.3046	9.51474	17.3167	4.88381	9.52162	1.83787	3.25111	
8.70928	0	7.05347	5.91027	6.35764	11.0397	12.8313	7.41388	7.93161	5.77957	8.20705	10.5907	8.81088	8.94169	16.8893	8.2525	5.14362	4.44825	9.60611	6.77632	
6.83041	7.05347	0	3.076	4.05457	9.10062	3.59638	2.99834	4.5339	4.02252	4.25847	7.69439	5.2721	5.14693	9.39799	6.49545	1.90984	2.6912	8.13955	3.54254	
9.35352	5.91027	3.076	0	7.19089	6.02462	0.520375	6.07434	5.42007	2.79334	7.27533	10.3786	5.06137	10.5502	5.46069	5.26627	4.98584	1.46202	5.45499	8.24713	
5.86253	6.35764	4.05457	7.19089	0	8.9986	8.95927	1.05624	6.73638	12.1551	8.37336	8.17252	9.6941	3.20483	13.5129	13.8083	6.02473	6.80609	4.02466	9.28602	
17.3294	11.0397	9.10062	6.02462	8.9986	0	6.54499	10.0332	8.89468	9.90887	10.6689	14.8063	8.24531	7.8846	7.81465	4.80975	8.75974	7.48664	13.0233	10.3924	
6.77249	12.8313	3.59638	0.520375	8.95927	6.54499	0	10.5798	4.78243	3.64351	5.17513	7.5588	4.541	4.90171	4.94032	12.7422	14.5925	1.9824	4.93462	8.41827	
7.53122	7.41388	2.99834	6.07434	1.05624	10.0332	10.5798	0	3.15867	6.7863	4.93293	7.11628	2.5093	2.14859	12.3963	11.6254	4.90818	5.68954	5.08089	7.57909	
6.76968	7.93161	4.5339	5.42007	6.73638	8.89468	4.78243	3.15867	0	1.13891	0.275437	2.65911	0.879271	1.01008	8.95767	7.60014	5.15127	2.47023	9.83431	3.51857	
12.4767	5.77957	4.02252	2.79334	12.1551	9.90887	3.64351	6.7863	1.13891	0	1.41435	3.79802	2.01819	2.14899	8.58383	5.13556	14.1113	1.33132	8.57813	4.65749	
11.0889	8.20705	4.25847	7.27533	8.37336	10.6689	5.17513	4.93293	0.275437	1.41435	0	2.93455	1.01364	1.28552	9.23311	7.3247	6.16831	4.806	11.7315	3.79401	
11.4847	10.5907	7.69439	10.3786	8.17252	14.8063	7.5588	7.11628	2.65911	3.79802	2.93455	0	3.53838	3.66919	11.6168	9.99658	9.24082	9.24923	9.64687	6.17768	
9.52386	8.81088	5.2721	5.06137	9.6941	8.24531	4.541	2.5093	0.879271	2.01819	1.01364	3.53838	0	0.360712	9.48131	8.33834	7.90545	6.23882	9.47561	4.39784	
14.3046	8.94169	5.14693	10.5502	3.20483	7.8846	4.90171	2.14859	1.01008	2.14899	1.28552	3.66919	0.360712	0	9.96775	10.109	8.09498	5.96903	7.84193	4.52865	
9.51474	16.8893	9.39799	5.46069	13.5129	7.81465	4.94032	12.3963	8.95767	8.58383	9.23311	11.6168	9.48131	9.96775	0	7.80192	11.3078	11.6062	9.87493	10.0863	
17.3167	8.2525	6.49545	5.26627	13.8083	4.80975	12.7422	11.6254	7.60014	5.13556	7.3247	9.99658	8.33834	10.109	7.80192	0	5.67904	3.80425	18.919	7.31174	
4.88381	5.14362	1.90984	4.98584	6.02473	8.75974	14.5925	4.90818	5.15127	14.1113	6.16831	9.24082	7.90545	8.09498	11.3078	5.67904	0	4.60104	11.4538	1.6327	
9.52162	4.44825	2.6912	1.46202	6.80609	7.48664	1.9824	5.68954	2.47023	1.33132	4.806	9.24923	6.23882	5.96903	11.6062	3.80425	4.60104	0	12.2352	7.86233	
1.83787	9.60611	8.13955	5.45499	4.02466	13.0233	4.93462	5.08089	9.83431	8.57813	11.7315	9.64687	9.47561	7.84193	9.87493	18.919	11.4538	12.2352	0	5.08898	
3.25111	6.77632	3.54254	8.24713	9.28602	10.3924	8.41827	7.57909	3.51857	4.65749	3.79401	6.17768	4.39784	4.52865	10.0863	7.31174	1.6327	7.86233	5.08898	0	

0	5.04303	1.75909	15.7059	4.70205	5.60999	4.39844	2.20643	8.51228	13.1533	9.87946	4.90583	8.97529	5.53156	9.0495	13.4814	3.69649	7.25078	3.72284	4.37139	
5.04303	0	6.80211	13.7266	10.1891	12.0839	13.1204	2.3292	13.616	5.48545	12.9912	4.84376	13.3405	14.0572	13.8451	19.9954	15.5928	11.7699	0.812788	9.51644	
1.75909	6.80211	0	12.3154	2.94296	3.8509	7.13971	3.96552	5.3223	5.23742	6.66288	8.94909	7.2162	3.77248	7.18839	11.6203	3.14869	5.4917	11.3388	2.61231	
15.7059	13.7266	12.3154	0	9.37242	16.4562	9.0858	7.54543	11.8742	8.47641	8.95666	4.84604	14.6985	10.0227	26.7419	21.1643	14.455	11.3808	8.877	13.4605	
4.70205	10.1891	2.94296	9.37242	0	6.79387	9.74402	7.55201	8.55522	6.81985	13.8048	10.2514	8.59156	6.71544	8.66415	11.7919	6.09165	8.43466	9.06842	4.08806	
5.60999	12.0839	3.8509	16.4562	6.79387	0	8.45738	9.24732	1.4714	6.19229	4.90739	8.49956	5.02331	3.46285	8.20599	7.85179	6.42722	7.69397	14.2746	3.6299	
4.39844	13.1204	7.13971	9.0858	9.74402	8.45738	0	2.19201	4.11701	7.87014	0.68102	4.23977	8.97042	3.57142	10.4509	8.53919	3.68207	6.87775	3.70841	6.90753	
2.20643	2.3292	3.96552	7.54543	7.55201	9.24732	2.19201	0	6.44588	3.98721	2.87303	2.69939	12.5519	5.05582	12.8064	10.7312	1.49006	6.24514	1.51641	6.67985	
8.51228	13.616	5.3223	11.8742	8.55522	1.4714	4.11701	6.44588	0	3.4564	3.43599	7.02816	3.55191	1.99145	13.2058	6.3804	4.95582	9.16536	9.54758	5.1013	
13.1533	5.48545	5.23742	8.47641	6.81985	6.19229	7.87014	3.98721	3.4564	0	4.35535	3.63038	1.77171	1.46495	17.705	11.2553	2.49715	7.25223	4.67266	10.9079	
9.87946	12.9912	6.66288	8.95666	13.8048	4.90739	0.68102	2.87303	3.43599	4.35535	0	4.11063	6.98791	2.8904	9.76985	9.22021	6.45616	7.55877	8.1416	7.58855	
4.90583	4.84376	8.94909	4.84604	10.2514	8.49956	4.23977	2.69939	7.02816	3.63038	4.11063	0	5.40209	5.09532	13.8805	12.779	4.18946	6.53472	4.03097	10.9297	
8.97529	13.3405	7.2162	14.6985	8.59156	5.02331	8.97042	12.5519	3.55191	1.77171	6.98791	5.40209	0	3.23666	18.0592	9.93231	4.26886	8.36574	6.44437	9.8285	
5.53156	14.0572	3.77248	10.0227	6.71544	3.46285	3.57142	5.05582	1.99145	1.46495	2.8904	5.09532	3.23666	0	12.6603	8.37185	3.56576	8.32084	6.13761	6.38478	
9.0495	13.8451	7.18839	26.7419	8.66415	8.20599	10.4509	12.8064	13.2058	17.705	9.76985	13.8805	18.0592	12.6603	0	13.5841	13.3825	20.6606	13.0323	4.57608	
13.4814	19.9954	11.6203	21.1643	11.7919	7.85179	8.53919	10.7312	6.3804	11.2553	9.22021	12.779	9.93231	8.37185	13.5841	0	11.3362	8.5446	19.1836	9.00799	
3.69649	15.5928	3.14869	14.455	6.09165	6.42722	3.68207	1.49006	4.95582	2.49715	6.45616	4.18946	4.26886	3.56576	13.3825	11.3362	0	4.75508	3.00647	5.761	
7.25078	11.7699	5.4917	11.3808	8.43466	7.69397	6.87775	6.24514	9.16536	7.25223	7.55877	6.53472	8.36574	8.32084	20.6606	8.5446	4.75508	0	10.5657	8.104	
3.72284	0.812788	11.3388	8.877	9.06842	14.2746	3.70841	1.51641	9.54758	4.67266	8.1416	4.03097	6.44437	6.13761	13.0323	19.1836	3.00647	10.5657	0	9.74672	
4.37139	9.51644	2.61231	13.4605	4.08806	3.6299	6.90753	6.67985	5.1013	10.9079	7.58855	10.9297	9.8285	6.38478	4.57608	9.00799	5.761	8.104	9.74672	0	

0	9.31258	2.85612	10.7625	0.796735	1.60089	7.09819	4.61149	4.1107	3.60228	3.6785	10.5529	3.29155	4.94413	8.60304	7.17672	3.64689	8.58806	6.56034	2.14765	
9.31258	0	4.52031	19.6687	6.66173	7.22702	11.5202	8.51754	14.2553	13.7235	12.8647	8.52127	9.71932	12.3697	6.88646	5.83414	3.72954	11.1727	3.79845	7.22649	
2.85612	4.52031	0	13.6186	3.65286	2.974	8.58138	5.57876	7.55358	5.60398	6.53462	12.71	6.14767	15.1111	6.06337	5.01105	0.790769	13.4834	7.43426	0.770035	
10.7625	19.6687	13.6186	0	7.64271	12.2443	16.2413	3.82796	10.1704	9.04252	9.73821	10.0327	7.82173	11.0038	11.2572	12.3096	8.61595	14.6478	10.7226	11.6546	
0.796735	6.66173	3.65286	7.64271	0	2.39763	6.30146	3.81476	3.63302	9.02932	3.20082	10.0195	4.08829	4.46645	10.8147	12.3603	2.93219	8.11038	5.76361	2.94438	
1.60089	7.22702	2.974	12.2443	2.39763	0	11.2881	7.84454	9.82582	2.62998	5.27939	7.83217	2.9407	4.00857	9.49767	7.98505	3.49748	10.4024	8.79796	3.04228	
7.09819	11.5202	8.58138	16.2413	6.30146	11.2881	0	10.1162	10.0392	9.47593	9.50227	8.32248	9.78666	10.6018	15.7633	15.4886	7.79061	5.66471	12.0651	10.6608	
4.61149	8.51754	5.57876	3.82796	3.81476	7.84454	10.1162	0	11.2762	4.3045	7.01557	6.20476	3.99378	6.59316	14.282	7.87895	4.78799	9.09198	6.89463	7.82663	
4.1107	14.2553	7.55358	10.1704	3.63302	9.82582	10.0392	11.2762	0	7.59314	0.432203	12.0526	7.28241	1.69784	8.13278	9.59169	10.3269	5.34176	10.4569	6.78354	
3.60228	13.7235	5.60398	9.04252	9.02932	2.62998	9.47593	4.3045	7.59314	0	2.64423	5.20219	0.310726	1.37859	6.54008	4.1959	6.12746	7.77241	9.94987	5.67226	
3.6785	12.8647	6.53462	9.73821	3.20082	5.27939	9.50227	7.01557	0.432203	2.64423	0	6.3323	6.97005	1.26563	6.42711	8.7529	6.13301	4.90956	8.96442	5.82615	
10.5529	8.52127	12.71	10.0327	10.0195	7.83217	8.32248	6.20476	12.0526	5.20219	6.3323	0	5.51291	5.06666	10.2281	11.1465	10.9927	2.88722	10.2615	12.7783	
3.29155	9.71932	6.14767	7.82173	4.08829	2.9407	9.78666	3.99378	7.28241	0.310726	6.97005	5.51291	0	1.68932	4.9375	3.88517	8.78177	8.08313	10.4886	5.4392	
4.94413	12.3697	15.1111	11.0038	4.46645	4.00857	10.6018	6.59316	1.69784	1.37859	1.26563	5.06666	1.68932	0	5.16148	6.2138	11.1604	6.17519	8.57127	10.3339	
8.60304	6.88646	6.06337	11.2572	10.8147	9.49767	15.7633	14.282	8.13278	6.54008	6.42711	10.2281	4.9375	5.16148	0	1.05232	16.3051	10.8762	13.7328	6.45539	
7.17672	5.83414	5.01105	12.3096	12.3603	7.98505	15.4886	7.87895	9.59169	4.1959	8.7529	11.1465	3.88517	6.2138	1.05232	0	5.80182	9.82389	9.63259	5.78109	
3.64689	3.72954	0.790769	8.61595	2.93219	3.49748	7.79061	4.78799	10.3269	6.12746	6.13301	10.9927	8.78177	11.1604	16.3051	5.80182	0	13.4553	6.64349	1.5608	
8.58806	11.1727	13.4834	14.6478	8.11038	10.4024	5.66471	9.09198	5.34176	7.77241	4.90956	2.88722	8.08313	6.17519	10.8762	9.82389	13.4553	0	7.37429	12.7749	
6.56034	3.79845	7.43426	10.7226	5.76361	8.79796	12.0651	6.89463	10.4569	9.94987	8.96442	10.2615	10.4886	8.57127	13.7328	9.63259	6.64349	7.37429	0	9.34472	
2.14765	7.22649	0.770035	11.6546	2.94438	3.04228	10.6608	7.82663	6.78354	5.67226	5.82615	12.7783	5.4392	10.3339	6.45539	5.78109	1.5608	12.7749	9.34472	0	

0	8.33587	2.18435	12.4726	4.67379	6.57387	3.34379	2.93874	6.83621	10.8106	4.1376	9.76881	7.01135	8.157	4.98402	20.4859	4.47541	4.04377	13.9384	2.99762	
8.33587	0	6.15153	16.4272	6.25458	8.93214	10.0043	12.4092	8.08332	5.48338	8.10478	6.95238	7.05797	8.13702	13.7931	19.3555	8.44259	13.4063	2.1225	13.0633	
2.18435	6.15153	0	15.301	2.48944	2.95191	3.85278	4.82672	2.24361	6.63954	1.95326	8.10635	7.31474	7.50379	7.64158	2.97967	2.29106	3.15243	6.62151	5.18197	
12.4726	16.4272	15.301	0	13.2808	7.70633	4.9813	9.53387	6.77171	3.45511	5.48049	6.9663	1.88052	4.36877	20.1766	10.1709	9.97538	4.28131	15.5651	5.89424	
4.67379	6.25458	2.48944	13.2808	0	7.38209	4.62398	3.74696	8.11641	15.8789	4.4427	10.5958	7.7585	11.1017	5.73117	8.86176	4.7805	5.32397	4.13207	3.74477	
6.57387	8.93214	2.95191	7.70633	7.38209	0	4.12501	3.19651	8.76565	9.76007	4.6242	10.8666	8.75571	8.91245	7.99448	9.5017	0.660847	3.42502	6.80964	9.10581	
3.34379	10.0043	3.85278	4.9813	4.62398	4.12501	0	6.28253	3.49243	6.09238	1.89917	8.14159	8.38362	6.18742	11.4944	13.4857	6.14384	0.699988	8.75606	6.34141	
2.93874	12.4092	4.82672	9.53387	3.74696	3.19651	6.28253	0	13.8362	10.0084	6.80001	8.96654	9.48441	7.35473	7.45708	12.6087	2.53566	7.06015	7.87903	5.47068	
6.83621	8.08332	2.24361	6.77171	8.11641	8.76565	3.49243	13.8362	0	2.59995	0.290358	4.06895	4.17454	5.25359	25.1738	1.31677	4.55471	1.48954	25.2096	8.50029	
10.8106	5.48338	6.63954	3.45511	15.8789	9.76007	6.09238	10.0084	2.59995	0	2.89031	1.469	1.5746	2.65364	23.4546	5.7127	8.95064	5.88547	7.60588	5.58832	
4.1376	8.10478	1.95326	5.48049	4.4427	4.6242	1.89917	6.80001	0.290358	2.89031	0	6.15529	5.18155	5.55053	6.58618	1.02641	4.24432	1.19918	12.483	7.28282	
9.76881	6.95238	8.10635	6.9663	10.5958	10.8666	8.14159	8.96654	4.06895	1.469	6.15529	0	3.0436	1.61181	14.1978	7.51966	10.3974	7.09924	18.7254	9.0995	
7.01135	7.05797	7.31474	1.88052	7.7585	8.75571	8.38362	9.48441	4.17454	1.5746	5.18155	3.0436	0	2.48825	6.00012	6.3879	8.09487	6.16183	14.9545	4.01372	
8.157	8.13702	7.50379	4.36877	11.1017	8.91245	6.18742	7.35473	5.25359	2.65364	5.55053	1.61181	2.48825	0	20.801	6.57695	9.81488	5.48743	16.7712	6.50197	
4.98402	13.7931	7.64158	20.1766	5.73117	7.99448	11.4944	7.45708	25.1738	23.4546	6.58618	14.1978	6.00012	20.801	0	5.55976	8.65532	8.07004	12.2922	1.98639	
20.4859	19.3555	2.97967	10.1709	8.86176	9.5017	13.4857	12.6087	1.31677	5.7127	1.02641	7.51966	6.3879	6.57695	5.55976	0	5.29076	2.22559	12.9938	7.54616	
4.47541	8.44259	2.29106	9.97538	4.7805	0.660847	6.14384	2.53566	4.55471	8.95064	4.24432	10.3974	8.09487	9.81488	8.65532	5.29076	0	4.08587	7.47049	8.00634	
4.04377	13.4063	3.15243	4.28131	5.32397	3.42502	0.699988	7.06015	1.48954	5.88547	1.19918	7.09924	6.16183	5.48743	8.07004	2.22559	4.08587	0	10.2347	6.08364	
13.9384	2.1225	6.62151	15.5651	4.13207	6.80964	8.75606	7.87903	25.2096	7.60588	12.483	18.7254	14.9545	16.7712	12.2922	12.9938	7.47049	10.2347	0	7.87685	
2.99762	13.0633	5.18197	5.89424	3.74477	9.10581	6.34141	5.47068	8.50029	5.58832	7.28282	9.0995	4.01372	6.50197	1.98639	7.54616	8.00634	6.08364	7.87685	0	

0	10.7715	1.78549	8.26311	4.08622	12.4883	9.83136	10.3169	2.74629	8.2601	4.62978	5.58651	4.98431	11.4177	1.45915	6.58874	6.96183	6.48545	8.57346	3.38291	
10.7715	0	6.83067	10.7352	6.68526	12.803	14.7827	3.8782	13.8956	9.49348	14.3787	6.93479	9.07127	12.1522	5.80358	15.11	5.58165	8.60311	5.32093	3.87982	
1.78549	6.83067	0	9.51192	5.87172	11.5328	11.9714	5.92975	4.53178	7.49524	7.97522	6.00583	5.90921	8.5773	3.24464	4.80325	5.17634	4.69995	12.2737	2.95085	
8.26311	10.7352	9.51192	0	5.98873	13.8742	8.26883	9.8343	5.51682	5.18876	5.66873	9.28282	3.60272	5.63834	8.77917	18.0503	13.8307	6.94595	13.9165	6.85541	
4.08622	6.68526	5.87172	5.98873	0	8.75569	18.331	8.15101	4.62403	3.97205	4.45202	8.06612	2.38601	5.0541	5.54537	8.42476	11.5548	11.0784	11.6987	9.32928	
12.4883	12.803	11.5328	13.8742	8.75569	0	11.1466	8.9248	11.3698	9.57537	17.3025	6.90178	11.1417	16.3815	13.7888	13.3822	14.5983	7.07046	8.10334	9.95675	
9.83136	14.7827	11.9714	8.26883	18.331	11.1466	0	11.9963	8.71282	4.13554	9.69255	4.24485	5.29859	2.6305	12.7466	15.6828	11.9413	7.27144	10.9087	7.29982	
10.3169	3.8782	5.92975	9.8343	8.15101	8.9248	11.9963	0	12.384	10.4697	10.5005	6.03387	10.537	11.8259	4.90266	14.3905	9.45985	4.72491	3.54773	2.97889	
2.74629	13.8956	4.53178	5.51682	4.62403	11.3698	8.71282	12.384	0	3.59321	1.88349	4.46798	2.23802	4.90611	4.20544	10.7119	8.31392	7.86101	13.2345	7.52295	
8.2601	9.49348	7.49524	5.18876	3.97205	9.57537	4.13554	10.4697	3.59321	0	1.70972	2.67359	1.58604	1.50505	7.56015	10.5381	3.91183	5.74477	9.78321	5.72856	
4.62978	14.3787	7.97522	5.66873	4.45202	17.3025	9.69255	10.5005	1.88349	1.70972	0	4.38331	2.06601	3.21476	8.04013	8.82837	5.62154	7.45449	14.0483	13.4794	
5.58651	6.93479	6.00583	9.28282	8.06612	6.90178	4.24485	6.03387	4.46798	2.67359	4.38331	0	4.25963	4.17863	4.97874	11.4379	6.58542	8.41836	15.0051	3.05497	
4.98431	9.07127	5.90921	3.60272	2.38601	11.1417	5.29859	10.537	2.23802	1.58604	2.06601	4.25963	0	2.66809	5.97412	10.7125	5.49787	7.33081	10.9463	7.89788	
11.4177	12.1522	8.5773	5.63834	5.0541	16.3815	2.6305	11.8259	4.90611	1.50505	3.21476	4.17863	2.66809	0	8.64221	15.8904	5.41687	7.24981	8.27816	12.4937	
1.45915	5.80358	3.24464	8.77917	5.54537	13.7888	12.7466	4.90266	4.20544	7.56015	8.04013	4.97874	5.97412	8.64221	0	19.9397	16.1983	7.70759	7.11431	1.92377	
6.58874	15.11	4.80325	18.0503	8.42476	13.3822	15.6828	14.3905	10.7119	10.5381	8.82837	11.4379	10.7125	15.8904	19.9397	0	9.97959	9.5032	20.1329	7.7541	
6.96183	5.58165	5.17634	13.8307	11.5548	14.5983	11.9413	9.45985	8.31392	3.91183	5.62154	6.58542	5.49787	5.41687	16.1983	9.97959	0	9.6566	10.9026	8.12719	
6.48545	8.60311	4.69995	6.94595	11.0784	7.07046	7.27144	4.72491	7.86101	5.74477	7.45449	8.41836	7.33081	7.24981	7.70759	9.5032	9.6566	0	8.27264	7.65081	
8.57346	5.32093	12.2737	13.9165	11.6987	8.10334	10.9087	3.54773	13.2345	9.78321	14.0483	15.0051	10.9463	8.27816	7.11431	20.1329	10.9026	8.27264	0	6.52663	
3.38291	3.87982	2.95085	6.85541	9.32928	9.95675	7.29982	2.97889	7.52295	5.72856	13.4794	3.05497	7.89788	12.4937	1.92377	7.7541	8.12719	7.65081	6.52663	0	

0	15.2669	0.862643	12.9456	4.16912	9.82687	4.69572	2.8811	9.2234	16.8077	14.7428	11.6632	9.27791	9.66464	2.96562	4.63308	4.12719	6.68573	7.29732	2.86644	
15.2669	0	11.8221	19.0873	10.1613	6.96895	12.4606	9.20769	14.8549	18.5959	9.75355	20.2008	13.2411	14.7204	18.9233	24.8932	14.0836	5.40306	12.3531	14.6834	
0.862643	11.8221	0	11.3741	3.30648	7.9849	3.83308	3.74374	3.68599	18.3904	10.7695	12.6947	4.61358	7.86556	3.82827	6.08389	3.26455	6.41901	5.49825	2.0038	
12.9456	19.0873	11.3741	0	11.9836	12.7283	7.54104	9.89561	8.41548	6.08913	8.16114	1.11352	2.65367	7.42454	10.4827	9.93821	13.1088	14.2941	9.67903	14.6571	
4.16912	10.1613	3.30648	11.9836	0	4.72131	7.13956	1.51905	6.55693	4.95949	5.29569	10.3011	4.53285	4.55908	7.72292	9.89403	3.92225	5.32368	2.19177	5.31028	
9.82687	6.96895	7.9849	12.7283	4.72131	0	8.30012	5.37052	7.86103	9.36521	5.91637	13.8418	9.08062	9.2804	12.1529	16.1274	4.91417	1.56589	6.91308	7.91298	
4.69572	12.4606	3.83308	7.54104	7.13956	8.30012	0	5.87419	2.39429	3.89848	2.97243	2.32065	0.780498	1.55934	8.24952	10.6607	7.09763	9.21446	3.12159	4.07648	
2.8811	9.20769	3.74374	9.89561	1.51905	5.37052	5.87419	0	6.1248	11.1613	8.15512	7.93697	6.39682	6.07813	5.84672	10.7559	5.4413	3.80463	3.71081	4.44261	
9.2234	14.8549	3.68599	8.41548	6.55693	7.86103	2.39429	6.1248	0	1.50418	0.578138	6.47979	2.77669	1.31474	5.92209	5.23208	12.6522	4.92863	4.27191	1.68219	
16.8077	18.5959	18.3904	6.08913	4.95949	9.36521	3.89848	11.1613	1.50418	0	1.32573	4.97561	1.36796	0.589128	5.39535	3.7279	9.52421	7.26647	2.76772	3.18637	
14.7428	9.75355	10.7695	8.16114	5.29569	5.91637	2.97243	8.15512	0.578138	1.32573	0	7.8916	1.51544	0.736604	6.50639	4.83893	13.6431	4.35049	5.68371	2.26033	
11.6632	20.2008	12.6947	1.11352	10.3011	13.8418	2.32065	7.93697	6.47979	4.97561	7.8916	0	1.54016	2.31899	9.3692	8.7035	14.2224	12.5867	3.88124	12.8424	
9.27791	13.2411	4.61358	2.65367	4.53285	9.08062	0.780498	6.39682	2.77669	1.36796	1.51544	1.54016	0	0.778837	8.22865	6.11378	9.09758	9.99496	2.34109	6.35598	
9.66464	14.7204	7.86556	7.42454	4.55908	9.2804	1.55934	6.07813	1.31474	0.589128	0.736604	2.31899	0.778837	0	7.0024	4.31702	8.48133	5.08709	3.11992	3.68004	
2.96562	18.9233	3.82827	10.4827	7.72292	12.1529	8.24952	5.84672	5.92209	5.39535	6.50639	9.3692	8.22865	7.0024	0	1.66746	7.68099	10.8354	8.25479	4.2399	
4.63308	24.8932	6.08389	9.93821	9.89403	16.1274	10.6607	10.7559	5.23208	3.7279	4.83893	8.7035	6.11378	4.31702	1.66746	0	17.9593	9.18942	6.49562	5.90736	
4.12719	14.0836	3.26455	13.1088	3.92225	4.91417	7.09763	5.4413	12.6522	9.52421	13.6431	14.2224	9.09758	8.48133	7.68099	17.9593	0	6.48006	6.11402	5.26835	
6.68573	5.40306	6.41901	14.2941	5.32368	1.56589	9.21446	3.80463	4.92863	7.26647	4.35049	12.5867	9.99496	5.08709	10.8354	9.18942	6.48006	0	9.55097	8.24724	
7.29732	12.3531	5.49825	9.67903	2.19177	6.91308	3.12159	3.71081	4.27191	2.76772	5.68371	3.88124	2.34109	3.11992	8.25479	6.49562	6.11402	9.55097	0	4.01489	
2.86644	14.6834	2.0038	14.6571	5.31028	7.91298	4.07648	4.44261	1.68219	3.18637	2.26033	12.8424	6.35598	3.68004	4.2399	5.90736	5.26835	8.24724	4.01489	0	

0	12.3934	2.34398	5.19363	0.702451	2.68516	7.25939	2.06261	7.15961	4.84843	8.34685	3.9702	8.11231	7.06763	9.64053	9.00131	3.98922	8.85017	3.83263	7.53892	
12.3934	0	11.7757	13.9718	14.3881	11.698	3.73378	10.3308	16.7885	15.7785	19.7572	10.0653	4.91931	8.59813	11.0347	14.0664	10.7835	2.143	10.287	13.6878	
2.34398	11.7757	0	5.17347	3.04643	5.02914	9.60337	4.40659	2.37484	10.0964	9.48869	1.62622	5.54802	9.41161	3.91604	8.38428	5.10133	9.54848	1.48865	5.4227	
5.19363	13.9718	5.17347	0	4.49118	3.47711	16.4592	4.84435	9.2813	5.14176	9.24921	6.4189	2.4971	3.54178	6.1122	14.7017	5.61639	5.27341	3.68482	12.5442	
0.702451	14.3881	3.04643	4.49118	0	3.38761	7.96185	2.76506	7.98885	4.14598	10.8239	7.11344	6.79064	5.99384	14.7858	10.4281	7.14512	13.5426	8.17599	12.5648	
2.68516	11.698	5.02914	3.47711	3.38761	0	9.94455	1.36724	7.51956	7.13433	8.45134	8.26818	5.9742	7.17903	8.94517	5.42224	2.13929	15.1139	6.67021	6.84355	
7.25939	3.73378	9.60337	16.4592	7.96185	9.94455	0	9.322	8.37471	6.7758	6.20715	9.51304	4.36709	4.92794	9.17291	6.86162	9.96768	1.59078	16.2099	7.35054	
2.06261	10.3308	4.40659	4.84435	2.76506	1.36724	9.322	0	7.93165	6.92166	12.254	8.4736	11.1312	6.96636	7.57793	5.20957	1.92662	12.4738	8.03745	5.47631	
7.15961	16.7885	2.37484	9.2813	7.98885	7.51956	8.37471	7.93165	0	5.29464	0.931786	0.748623	4.49146	2.211	7.00312	5.18074	6.00503	8.67089	5.50019	11.8151	
4.84843	15.7785	10.0964	5.14176	4.14598	7.13433	6.7758	6.92166	5.29464	0	3.12708	6.56647	2.64466	1.84786	6.09284	3.78155	4.99504	5.42097	11.6392	8.41882	
8.34685	19.7572	9.48869	9.24921	10.8239	8.45134	6.20715	12.254	0.931786	3.12708	0	1.68041	2.3239	1.27922	5.5242	3.2129	6.31896	7.73435	12.614	12.7469	
3.9702	10.0653	1.62622	6.4189	7.11344	8.26818	9.51304	8.4736	0.748623	6.56647	1.68041	0	3.92181	4.1954	7.17895	5.92937	6.72754	6.69812	3.11487	7.04892	
8.11231	4.91931	5.54802	2.4971	6.79064	5.9742	4.36709	11.1312	4.49146	2.64466	2.3239	3.92181	0	1.04468	5.28966	2.97837	6.08443	2.77631	6.18191	11.0635	
7.06763	8.59813	9.41161	3.54178	5.99384	7.17903	4.92794	6.96636	2.211	1.84786	1.27922	4.1954	1.04468	0	4.24498	1.93369	5.03974	3.82099	6.67236	10.2667	
9.64053	11.0347	3.91604	6.1122	14.7858	8.94517	9.17291	7.57793	7.00312	6.09284	5.5242	7.17895	5.28966	4.24498	0	6.17866	9.28472	10.7001	2.42739	11.2868	
9.00131	14.0664	8.38428	14.7017	10.4281	5.42224	6.86162	5.20957	5.18074	3.78155	3.2129	5.92937	2.97837	1.93369	6.17866	0	3.28295	8.38882	16.966	13.9083	
3.98922	10.7835	5.10133	5.61639	7.14512	2.13929	9.96768	1.92662	6.00503	4.99504	6.31896	6.72754	6.08443	5.03974	9.28472	3.28295	0	11.4949	6.58998	7.40293	
8.85017	2.143	9.54848	5.27341	13.5426	15.1139	1.59078	12.4738	8.67089	5.42097	7.73435	6.69812	2.77631	3.82099	10.7001	8.38882	11.4949	0	12.43	8.94131	
3.83263	10.287	1.48865	3.68482	8.17599	6.67021	16.2099	8.03745	5.50019	11.6392	12.614	3.11487	6.18191	6.67236	2.42739	16.966	6.58998	12.43	0	6.91135	
7.53892	13.6878	5.4227	12.5442	12.5648	6.84355	7.35054	5.47631	11.8151	8.41882	12.7469	7.04892	11.0635	10.2667	11.2868	13.9083	7.40293	8.94131	6.91135	0	

0	6.72824	1.65168	13.9253	6.99873	3.60365	7.12235	4.84727	3.94282	8.06235	4.97971	5.31557	3.92439	6.99203	3.80424	8.47125	1.98403	5.17858	8.26719	3.31665	
6.72824	0	11.3692	13.6574	12.6011	3.04726	5.33578	7.42546	3.61338	4.02551	4.89771	5.56255	6.63422	2.88538	15.1518	10.4562	13.5834	1.54966	8.70189	10.8162	
1.65168	11.3692	0	15.6625	5.13583	1.95197	8.63723	6.46232	3.89125	9.68959	6.63139	13.1756	5.57607	12.6305	2.46029	8.88528	1.93245	3.44957	6.61551	4.93171	
13.9253	13.6574	15.6625	0	7.19632	17.6145	19.6157	4.08622	7.13347	2.77542	4.83451	1.64759	3.03877	4.32476	9.48318	17.4838	9.09227	18.4043	15.9689	20.5942	
6.99873	12.6011	5.13583	7.19632	0	3.18387	14.1211	6.32022	8.14744	6.67655	8.24473	5.54873	6.9399	8.22589	10.803	8.47746	6.18864	4.68147	11.9422	4.78961	
3.60365	3.04726	1.95197	17.6145	3.18387	0	5.28373	7.37341	6.7744	4.94977	5.06087	8.24778	6.99217	7.07319	4.41226	10.4042	3.88442	1.4976	8.56747	6.88367	
7.12235	5.33578	8.63723	19.6157	14.1211	5.28373	0	3.68634	7.95512	7.23829	6.24159	6.12496	8.17289	8.25391	6.17693	12.6019	9.10638	3.78612	9.36654	5.21696	
4.84727	7.42546	6.46232	4.08622	6.32022	7.37341	3.68634	0	7.78377	3.56644	5.62554	2.43862	3.8298	5.11579	8.68269	6.68522	6.07803	5.87581	5.6802	1.53061	
3.94282	3.61338	3.89125	7.13347	8.14744	6.7744	7.95512	7.78377	0	1.86813	1.71353	2.27461	0.883441	0.727999	2.34971	8.77469	1.95879	6.45487	13.6151	6.50621	
8.06235	4.02551	9.68959	2.77542	6.67655	4.94977	7.23829	3.56644	1.86813	0	3.08264	1.12782	2.51899	1.14013	8.47004	2.04505	11.8381	3.45217	3.07409	7.19965	
4.97971	4.89771	6.63139	4.83451	8.24473	5.06087	6.24159	5.62554	1.71353	3.08264	0	3.18692	1.9313	2.01232	4.06324	5.12769	3.67233	4.74134	6.15673	8.29636	
5.31557	5.56255	13.1756	1.64759	5.54873	8.24778	6.12496	2.43862	2.27461	1.12782	3.18692	0	1.39117	2.26795	10.6023	3.17287	10.2114	4.57999	4.20191	3.96924	
3.92439	6.63422	5.57607	3.03877	6.9399	6.99217	8.17289	3.8298	0.883441	2.51899	1.9313	1.39117	0	1.61144	3.23315	7.54503	2.84224	6.67264	8.57408	7.24105	
6.99203	2.88538	12.6305	4.32476	8.22589	7.07319	8.25391	5.11579	0.727999	1.14013	2.01232	2.26795	1.61144	0	3.0777	3.18518	2.68679	4.43504	4.21422	14.1573	
3.80424	15.1518	2.46029	9.48318	10.803	4.41226	6.17693	8.68269	2.34971	8.47004	4.06324	10.6023	3.23315	3.0777	0	6.42499	4.3085	8.98282	9.0758	7.12089	
8.47125	10.4562	8.88528	17.4838	8.47746	10.4042	12.6019	6.68522	8.77469	2.04505	5.12769	3.17287	7.54503	3.18518	6.42499	0	9.70201	5.49721	5.11914	5.1546	
1.98403	13.5834	1.93245	9.09227	6.18864	3.88442	9.10638	6.07803	1.95879	11.8381	3.67233	10.2114	2.84224	2.68679	4.3085	9.70201	0	7.16261	8.54796	4.54741	
5.17858	1.54966	3.44957	18.4043	4.68147	1.4976	3.78612	5.87581	6.45487	3.45217	4.74134	4.57999	6.67264	4.43504	8.98282	5.49721	7.16261	0	6.52626	7.40642	
8.26719	8.70189	6.61551	15.9689	11.9422	8.56747	9.36654	5.6802	13.6151	3.07409	6.15673	4.20191	8.57408	4.21422	9.0758	5.11914	8.54796	6.52626	0	7.21081	
3.31665	10.8162	4.93171	20.5942	4.78961	6.88367	5.21696	1.53061	6.50621	7.19965	8.29636	3.96924	7.24105	14.1573	7.12089	5.1546	4.54741	7.40642	7.21081	0	

0	6.45998	2.42667	19.8106	6.83045	7.57558	5.46843	6.31934	5.75804	12.6727	11.4821	7.29816	15.4285	10.3957	5.41195	5.5894	2.79833	9.89585	5.26399	14.8117	
6.45998	0	7.73813	28.9783	3.75563	6.66137	15.4777	6.22154	15.5119	11.2045	17.9346	10.0908	11.7926	13.1883	8.20458	10.2629	9.25832	14.5188	3.33517	19.3948	
2.42667	7.73813	0	26.1943	6.35858	6.95775	8.82669	3.89267	3.33137	7.63875	13.9087	6.66394	13.8351	5.20456	4.77772	8.01607	5.225	9.81835	4.40296	12.385	
19.8106	28.9783	26.1943	0	22.1422	15.7545	11.9499	15.8404	17.4452	25.5909	14.3576	16.2213	18.3066	18.3664	31.3277	19.3472	14.62	9.91473	21.0983	29.6089	
6.83045	3.75563	6.35858	22.1422	0	2.90574	6.71037	2.46591	16.4269	9.26009	18.3125	9.94067	14.8925	8.49532	11.9602	9.91458	6.18288	8.39159	2.05708	12.9922	
7.57558	6.66137	6.95775	15.7545	2.90574	0	3.80463	5.21143	7.46277	6.35435	6.21239	9.86249	6.94236	5.58958	10.5733	12.8203	4.77725	6.24825	4.96282	11.7301	
5.46843	15.4777	8.82669	11.9499	6.71037	3.80463	0	6.38706	5.49532	9.80269	2.40775	4.26885	6.35418	6.41395	17.2183	11.8761	2.67009	2.44361	13.6272	14.8045	
6.31934	6.22154	3.89267	15.8404	2.46591	5.21143	6.38706	0	7.22404	11.5658	11.4414	16.6314	17.1982	10.801	8.67039	10.2535	3.71697	5.92568	4.523	10.5263	
5.75804	15.5119	3.33137	17.4452	16.4269	7.46277	5.49532	7.22404	0	4.30737	5.72282	3.86172	4.89539	1.87319	5.74794	8.96742	8.16541	7.93893	7.73433	8.01371	
12.6727	11.2045	7.63875	25.5909	9.26009	6.35435	9.80269	11.5658	4.30737	0	4.53444	3.50814	0.588015	3.77233	5.39436	13.2748	11.1316	13.3922	11.3917	9.91285	
11.4821	17.9346	13.9087	14.3576	18.3125	6.21239	2.40775	11.4414	5.72282	4.53444	0	1.8611	3.94643	4.00619	3.74731	10.6187	5.07785	4.85137	9.74468	10.1467	
7.29816	10.0908	6.66394	16.2213	9.94067	9.86249	4.26885	16.6314	3.86172	3.50814	1.8611	0	3.18495	5.57939	1.88622	8.73996	15.3178	7.37681	7.88359	11.7199	
15.4285	11.7926	13.8351	18.3066	14.8925	6.94236	6.35418	17.1982	4.89539	0.588015	3.94643	3.18495	0	4.16225	5.07117	13.4999	16.764	9.46214	11.0685	10.3028	
10.3957	13.1883	5.20456	18.3664	8.49532	5.58958	6.41395	10.801	1.87319	3.77233	4.00619	5.57939	4.16225	0	4.98372	10.0297	10.3668	9.52191	13.463	6.14052	
5.41195	8.20458	4.77772	31.3277	11.9602	10.5733	17.2183	8.67039	5.74794	5.39436	3.74731	1.88622	5.07117	4.98372	0	6.85375	8.21028	14.6036	9.18068	11.1242	
5.5894	10.2629	8.01607	19.3472	9.91458	12.8203	11.8761	10.2535	8.96742	13.2748	10.6187	8.73996	13.4999	10.0297	6.85375	0	8.38774	9.43246	10.8534	16.1702	
2.79833	9.25832	5.225	14.62	6.18288	4.77725	2.67009	3.71697	8.16541	11.1316	5.07785	15.3178	16.764	10.3668	8.21028	8.38774	0	5.1137	8.06233	12.1344	
9.89585	14.5188	9.81835	9.91473	8.39159	6.24825	2.44361	5.92568	7.93893	13.3922	4.85137	7.37681	9.46214	9.52191	14.6036	9.43246	5.1137	0	11.1836	15.7604	
5.26399	3.33517	4.40296	21.0983	2.05708	4.96282	13.6272	4.523	7.73433	11.3917	9.74468	7.88359	11.0685	13.463	9.18068	10.8534	8.06233	11.1836	0	16.2155	
14.8117	19.3948	12.385	29.6089	12.9922	11.7301	14.8045	10.5263	8.01371	9.91285	10.1467	11.7199	10.3028	6.14052	11.1242	16.1702	12.1344	15.7604	16.2155	0	

0	2.04234	3.23509	6.62179	6.46593	5.05313	7.89386	0.834366	7.3261	9.49565	6.62663	15.0581	8.89012	8.62675	5.48475	6.11613	4.21455	7.00557	3.29763	3.83092	
2.04234	0	4.858	8.23657	6.55815	5.42674	11.7668	1.20798	13.6261	9.03044	8.24954	18.3297	12.0377	8.57169	5.85837	6.48974	8.80953	11.7335	3.67124	4.20453	
3.23509	4.858	0	9.85688	3.51866	10.4875	6.26808	4.06946	5.58736	5.91524	3.39154	10.1054	5.41227	7.7532	8.87301	4.54735	5.77003	9.37264	1.91897	9.72774	
6.62179	8.23657	9.85688	0	8.03607	6.46122	7.88254	7.02859	4.29082	8.88648	6.48665	8.43636	5.85484	10.1969	11.679	11.9746	5.7847	8.77083	9.49185	6.92985	
6.46593	6.55815	3.51866	8.03607	0	8.18429	6.78721	7.76613	9.23512	7.53247	6.9102	11.9818	7.67111	6.66358	11.1716	8.06601	2.25138	10.0452	5.43763	3.39652	
5.05313	5.42674	10.4875	6.46122	8.18429	0	10.1919	4.21877	2.17039	6.28355	4.36622	12.5656	3.73441	8.49807	2.98734	9.50053	7.52712	11.0802	6.68203	7.21532	
7.89386	11.7668	6.26808	7.88254	6.78721	10.1919	0	6.81238	11.8774	9.81693	6.86939	7.53021	5.65552	8.94804	10.0088	11.8824	4.53583	0.888289	4.34912	5.68098	
0.834366	1.20798	4.06946	7.02859	7.76613	4.21877	6.81238	0	6.38916	7.9466	7.48261	15.465	10.6827	9.77967	4.65039	5.28177	4.1417	7.83993	2.46326	2.99655	
7.3261	13.6261	5.58736	4.29082	9.23512	2.17039	11.8774	6.38916	0	4.59565	2.19583	5.8747	1.56401	5.03001	5.15774	4.39667	9.69751	6.33125	13.2095	14.1817	
9.49565	9.03044	5.91524	8.88648	7.53247	6.28355	9.81693	7.9466	4.59565	0	2.5237	9.23755	4.16178	0.695783	3.29621	4.72454	5.10799	8.5048	16.4481	6.42624	
6.62663	8.24954	3.39154	6.48665	6.9102	4.36622	6.86939	7.48261	2.19583	2.5237	0	6.33141	2.02073	3.21948	5.81991	2.20084	7.8048	5.9811	5.3105	7.38123	
15.0581	18.3297	10.1054	8.43636	11.9818	12.5656	7.53021	15.465	5.8747	9.23755	6.33141	0	4.31068	7.77668	12.5955	8.91468	12.066	8.4185	11.8793	15.7918	
8.89012	12.0377	5.41227	5.85484	7.67111	3.73441	5.65552	10.6827	1.56401	4.16178	2.02073	4.31068	0	3.466	15.63	4.22157	7.8782	4.76723	12.5105	10.5814	
8.62675	8.57169	7.7532	10.1969	6.66358	8.49807	8.94804	9.77967	5.03001	0.695783	3.21948	7.77668	3.466	0	3.99199	6.5625	4.4122	8.23323	15.9764	5.55735	
5.48475	5.85837	8.87301	11.679	11.1716	2.98734	10.0088	4.65039	5.15774	3.29621	5.81991	12.5955	15.63	3.99199	0	9.93215	8.5773	10.8971	7.11365	7.64694	
6.11613	6.48974	4.54735	11.9746	8.06601	9.50053	11.8824	5.28177	4.39667	4.72454	2.20084	8.91468	4.22157	6.5625	9.93215	0	6.32554	8.18194	6.46632	5.18039	
4.21455	8.80953	5.77003	5.7847	2.25138	7.52712	4.53583	4.1417	9.69751	5.10799	7.8048	12.066	7.8782	4.4122	8.5773	6.32554	0	5.42412	8.88495	1.14515	
7.00557	11.7335	9.37264	8.77083	10.0452	11.0802	0.888289	7.83993	6.33125	8.5048	5.9811	8.4185	4.76723	8.23323	10.8971	8.18194	5.42412	0	5.23741	8.93896	
3.29763	3.67124	1.91897	9.49185	5.43763	6.68203	4.34912	2.46326	13.2095	16.4481	5.3105	11.8793	12.5105	15.9764	7.11365	6.46632	8.88495	5.23741	0	5.45981	
3.83092	4.20453	9.72774	6.92985	3.39652	7.21532	5.68098	2.99655	14.1817	6.42624	7.38123	15.7918	10.5814	5.55735	7.64694	5.18039	1.14515	8.93896	5.45981	0	

0	8.48777	3.71701	7.04075	2.87335	4.48683	2.34672	0.764421	6.26779	5.76896	4.57957	4.89222	7.39816	7.60673	4.35557	9.55918	1.90652	11.8677	5.47803	1.2712	
8.48777	0	2.83384	9.07504	1.09448	3.55298	7.58203	3.20341	11.2497	10.957	7.24294	9.73549	9.32776	9.77269	12.0382	5.06992	6.81345	0.890706	3.26965	5.27965	
3.71701	2.83384	0	9.11384	1.74885	6.3506	8.91497	3.85777	15.2867	8.77661	6.65265	9.46599	11.8959	6.93885	5.53018	7.59107	3.9796	3.68833	3.92401	2.44581	
7.04075	9.07504	9.11384	0	7.9066	7.71454	18.6087	10.0589	6.30453	10.2919	7.80728	17.6695	8.66269	3.94458	13.5181	3.29236	5.13423	7.47157	5.73143	12.1396	
2.87335	1.09448	1.74885	7.9066	0	6.04955	7.4755	2.10893	7.61229	13.1622	8.03898	10.021	10.4222	8.68769	10.9437	13.4133	5.72845	1.98519	2.17516	4.19466	
4.48683	3.55298	6.3506	7.71454	6.04955	0	12.5371	7.50499	14.2606	12.0918	5.25335	12.7811	14.2746	10.254	10.9642	6.84149	2.58031	2.66227	8.29867	12.7591	
2.34672	7.58203	8.91497	18.6087	7.4755	12.5371	0	3.11115	8.94863	8.11568	9.43984	2.5455	10.2125	5.07264	10.9397	11.9608	4.25325	8.47274	9.65067	3.61793	
0.764421	3.20341	3.85777	10.0589	2.10893	7.50499	3.11115	0	5.50336	6.53338	7.28577	6.14357	7.42533	14.4857	13.0526	8.51554	2.67094	15.101	4.28409	2.03562	
6.26779	11.2497	15.2867	6.30453	7.61229	14.2606	8.94863	5.50336	0	3.55116	1.7824	7.18102	1.92197	2.63772	7.10906	3.01217	4.45545	7.19139	10.217	11.372	
5.76896	10.957	8.77661	10.2919	13.1622	12.0918	8.11568	6.53338	3.55116	0	2.69309	4.36491	1.6292	1.83777	6.81629	2.48999	7.67548	13.2415	22.6837	7.04016	
4.57957	7.24294	6.65265	7.80728	8.03898	5.25335	9.43984	7.28577	1.7824	2.69309	0	3.38246	2.59509	0.85532	7.78218	1.50754	2.67305	6.35223	10.2141	9.51858	
4.89222	9.73549	9.46599	17.6695	10.021	12.7811	2.5455	6.14357	7.18102	4.36491	3.38246	0	9.10298	2.52714	8.39425	3.17936	7.28567	10.6262	13.0791	6.65035	
7.39816	9.32776	11.8959	8.66269	10.4222	14.2746	10.2125	7.42533	1.92197	1.6292	2.59509	9.10298	0	3.45041	5.18709	4.93414	5.26814	8.94732	12.6389	8.27146	
7.60673	9.77269	6.93885	3.94458	8.68769	10.254	5.07264	14.4857	2.63772	1.83777	0.85532	2.52714	3.45041	0	10.9214	0.652221	3.52837	4.83144	16.8217	8.66326	
4.35557	12.0382	5.53018	13.5181	10.9437	10.9642	10.9397	13.0526	7.10906	6.81629	7.78218	8.39425	5.18709	10.9214	0	10.4811	8.38385	14.0584	13.1189	3.08437	
9.55918	5.06992	7.59107	3.29236	13.4133	6.84149	11.9608	8.51554	3.01217	2.48999	1.50754	3.17936	4.93414	0.652221	10.4811	0	7.65266	4.17922	9.02379	9.31548	
1.90652	6.81345	3.9796	5.13423	5.72845	2.58031	4.25325	2.67094	4.45545	7.67548	2.67305	7.28567	5.26814	3.52837	8.38385	7.65266	0	5.24257	9.63829	3.17772	
11.8677	0.890706	3.68833	7.47157	1.98519	2.66227	8.47274	15.101	7.19139	13.2415	6.35223	10.6262	8.94732	4.83144	14.0584	4.17922	5.24257	0	4.23431	6.13414	
5.47803	3.26965	3.92401	5.73143	2.17516	8.29867	9.65067	4.28409	10.217	22.6837	10.2141	13.0791	12.6389	16.8217	13.1189	9.02379	9.63829	4.23431	0	12.3286	
1.2712	5.27965	2.44581	12.1396	4.19466	12.7591	3.61793	2.03562	11.372	7.04016	9.51858	6.65035	8.27146	8.66326	3.08437	9.31548	3.17772	6.13414	12.3286	0	

0	5.92135	2.37634	8.88888	3.39496	5.6587	8.2578	4.99897	10.8326	12.076	4.63524	4.80785	6.0005	6.31284	5.5012	6.37169	3.5319	4.31161	8.2027	1.51876	
5.92135	0	7.92286	8.893	2.52638	5.7666	2.0414	5.27413	3.92907	4.21467	9.77297	8.13339	9.32604	11.8696	9.71844	5.50311	5.56411	12.2042	5.4616	4.8443	
2.37634	7.92286	0	6.40877	5.7713	3.28237	5.88147	4.25285	2.68992	6.87601	2.25891	4.21026	6.00854	3.9365	3.12486	6.91473	5.2229	6.68794	9.16726	3.89509	
8.88888	8.893	6.40877	0	7.29493	3.1264	6.88682	13.3209	8.77449	9.06009	7.40954	5.45819	9.54778	14.3437	11.4023	12.0756	8.80672	4.57728	9.01129	8.74728	
3.39496	2.52638	5.7713	7.29493	0	4.16853	4.56778	2.74775	7.6776	10.1813	4.74169	9.19793	10.9962	9.34322	6.55831	2.97673	6.92686	7.70657	6.30789	4.91372	
5.6587	5.7666	3.28237	3.1264	4.16853	0	7.80799	6.91628	12.9586	6.01279	5.54127	8.58459	6.32418	7.21887	6.40723	7.14526	5.68032	6.43758	5.88489	10.6109	
8.2578	2.0414	5.88147	6.88682	4.56778	7.80799	0	6.43411	1.88767	2.17327	2.31869	6.34939	2.48466	5.11279	9.00633	14.5015	7.60551	8.40871	7.503	6.8857	
4.99897	5.27413	4.25285	13.3209	2.74775	6.91628	6.43411	0	2.42496	8.60739	1.99394	3.94529	5.74357	9.47953	3.81056	5.72448	7.54407	12.6902	4.31525	3.48021	
10.8326	3.92907	2.68992	8.77449	7.6776	12.9586	1.88767	2.42496	0	4.06095	0.431017	2.38237	4.18065	5.54779	9.97976	12.6626	7.94329	6.52104	10.4844	9.64941	
12.076	4.21467	6.87601	9.06009	10.1813	6.01279	2.17327	8.60739	4.06095	0	4.06102	4.40098	0.311385	2.93951	14.2887	11.1213	9.88441	7.24669	11.8977	4.79313	
4.63524	9.77297	2.25891	7.40954	4.74169	5.54127	2.31869	1.99394	0.431017	4.06102	0	1.95135	3.74963	5.97881	5.38377	10.2233	7.48181	6.95205	6.30919	5.24044	
4.80785	8.13339	4.21026	5.45819	9.19793	8.58459	6.34939	3.94529	2.38237	4.40098	1.95135	0	4.08959	7.38634	8.16324	13.6563	9.46362	9.6227	11.2249	3.28909	
6.0005	9.32604	6.00854	9.54778	10.9962	6.32418	2.48466	5.74357	4.18065	0.311385	3.74963	4.08959	0	3.2509	9.35589	10.8099	10.0315	6.93531	12.4176	4.48174	
6.31284	11.8696	3.9365	14.3437	9.34322	7.21887	5.11279	9.47953	5.54779	2.93951	5.97881	7.38634	3.2509	0	7.06136	8.21664	9.1594	12.0688	15.6511	12.1746	
5.5012	9.71844	3.12486	11.4023	6.55831	6.40723	9.00633	3.81056	9.97976	14.2887	5.38377	8.16324	9.35589	7.06136	0	3.78987	8.34777	10.0329	8.12581	4.87414	
6.37169	5.50311	6.91473	12.0756	2.97673	7.14526	14.5015	5.72448	12.6626	11.1213	10.2233	13.6563	10.8099	8.21664	3.78987	0	6.79034	12.7622	9.28461	8.66401	
3.5319	5.56411	5.2229	8.80672	6.92686	5.68032	7.60551	7.54407	7.94329	9.88441	7.48181	9.46362	10.0315	9.1594	8.34777	6.79034	0	7.0433	11.0257	5.05066	
4.31161	12.2042	6.68794	4.57728	7.70657	6.43758	8.40871	12.6902	6.52104	7.24669	6.95205	9.6227	6.93531	12.0688	10.0329	12.7622	7.0433	0	12.3225	5.83037	
8.2027	5.4616	9.16726	9.01129	6.30789	5.88489	7.503	4.31525	10.4844	11.8977	6.30919	11.2249	12.4176	15.6511	8.12581	9.28461	11.0257	12.3225	0	7.79546	
1.51876	4.8443	3.89509	8.74728	4.91372	10.6109	6.8857	3.48021	9.64941	4.79313	5.24044	3.28909	4.48174	12.1746	4.87414	8.66401	5.05066	5.83037	7.79546	0	

0	5.535	1.95293	6.19243	2.83568	5.46092	5.0086	1.47904	6.56211	8.7655	7.91726	7.65264	7.22844	7.9174	4.18435	5.92462	2.10016	2.24784	5.47169	3.78033	
5.535	0	10.1955	12.0525	5.41261	8.66662	13.2824	4.05596	7.71545	9.56945	6.27326	11.7527	10.1406	8.0986	9.21698	9.59187	7.20153	4.82476	5.33718	14.7932	
1.95293	10.1955	0	10.5627	4.91879	3.89237	6.96153	3.43197	6.51655	7.35908	6.28573	5.45869	8.97998	6.51098	5.16894	7.7339	4.05309	4.24707	4.85833	1.82739	
6.19243	12.0525	10.5627	0	13.1999	8.60232	3.27859	7.23784	7.65116	7.71993	6.20896	8.12963	7.92595	8.03431	9.94187	12.2248	4.09228	8.67249	14.0036	8.73527	
2.83568	5.41261	4.91879	13.1999	0	7.88347	7.97446	1.35664	5.10664	6.26948	10.5317	8.09591	6.84062	7.11758	6.51766	6.89255	4.50221	2.12544	3.70604	4.46461	
5.46092	8.66662	3.89237	8.60232	7.88347	0	5.72469	5.8151	3.83556	4.11481	2.39336	6.52877	4.32066	4.21871	1.27657	9.01476	4.8198	5.04631	8.7507	5.34101	
5.0086	13.2824	6.96153	3.27859	7.97446	5.72469	0	6.1627	4.84895	4.44134	6.29115	4.85105	4.64737	5.28944	7.00126	7.34183	3.85234	5.3939	8.53913	7.48313	
1.47904	4.05596	3.43197	7.23784	1.35664	5.8151	6.1627	0	3.03828	7.62612	8.89393	8.69805	8.2051	9.21852	5.16102	5.5359	3.14556	0.768794	3.99265	5.81079	
6.56211	7.71545	6.51655	7.65116	5.10664	3.83556	4.84895	3.03828	0	2.55718	1.44219	2.40421	4.17808	1.70909	4.16875	2.49287	4.46195	2.26948	3.69017	6.0355	
8.7655	9.56945	7.35908	7.71993	6.26948	4.11481	4.44134	7.62612	2.55718	0	2.67344	2.63663	0.571143	0.848097	3.61523	7.51855	8.29369	9.10664	9.97552	6.64621	
7.91726	6.27326	6.28573	6.20896	10.5317	2.39336	6.29115	8.89393	1.44219	2.67344	0	3.61388	4.29434	1.82534	3.66993	3.93506	5.90414	3.71167	5.13237	7.79735	
7.65264	11.7527	5.45869	8.12963	8.09591	6.52877	4.85105	8.69805	2.40421	2.63663	3.61388	0	3.58606	1.78853	6.57296	4.89708	5.55249	4.67369	6.09438	3.63129	
7.22844	10.1406	8.97998	7.92595	6.84062	4.32066	4.64737	8.2051	4.17808	0.571143	4.29434	3.58606	0	1.41924	3.04408	9.13945	8.49971	10.0413	19.9574	7.10852	
7.9174	8.0986	6.51098	8.03431	7.11758	4.21871	5.28944	9.21852	1.70909	0.848097	1.82534	1.78853	1.41924	0	5.51308	4.20196	6.17104	3.97857	5.39926	5.41983	
4.18435	9.21698	5.16894	9.94187	6.51766	1.27657	7.00126	5.16102	4.16875	3.61523	3.66993	6.57296	3.04408	5.51308	0	6.66162	6.09637	5.92981	7.85892	4.06444	
5.92462	9.59187	7.7339	12.2248	6.89255	9.01476	7.34183	5.5359	2.49287	7.51855	3.93506	4.89708	9.13945	4.20196	6.66162	0	6.95482	4.76235	6.18305	5.90651	
2.10016	7.20153	4.05309	4.09228	4.50221	4.8198	3.85234	3.14556	4.46195	8.29369	5.90414	5.55249	8.49971	6.17104	6.09637	6.95482	0	3.91436	7.13822	5.98239	
2.24784	4.82476	4.24707	8.67249	2.12544	5.04631	5.3939	0.768794	2.26948	9.10664	3.71167	4.67369	10.0413	3.97857	5.92981	4.76235	3.91436	0	4.76145	6.07446	
5.47169	5.33718	4.85833	14.0036	3.70604	8.7507	8.53913	3.99265	3.69017	9.97552	5.13237	6.09438	19.9574	5.39926	7.85892	6.18305	7.13822	4.76145	0	6.68572	
3.78033	14.7932	1.82739	8.73527	4.46461	5.34101	7.48313	5.81079	6.0355	6.64621	7.79735	3.63129	7.10852	5.41983	4.06444	5.90651	5.98239	6.07446	6.68572	0	

0	6.20082	1.27776	15.7682	2.70609	10.9886	12.0712	5.31491	7.99819	15.3628	10.1365	11.9569	19.3088	14.8077	5.24575	6.38818	4.18747	7.75482	1.32327	6.49938	
6.20082	0	3.12163	17.6761	1.6933	15.7123	13.0638	4.55237	16.8622	12.4957	9.86213	9.08985	10.1484	14.5941	9.88069	6.61237	5.09769	4.88774	4.07785	8.59073	
1.27776	3.12163	0	11.5085	1.42833	9.71086	9.67047	4.03715	12.5488	9.37493	8.09705	8.82488	7.95084	15.5088	3.96799	5.11042	2.90971	4.62277	2.60103	7.77714	
15.7682	17.6761	11.5085	0	4.64713	4.78247	4.74929	10.3477	8.7596	8.46104	10.6393	5.64129	9.2795	11.8751	7.54055	10.1132	14.6033	1.45269	17.1665	9.9213	
2.70609	1.6933	1.42833	4.64713	0	6.52422	6.62213	2.85907	8.39625	9.86961	8.16883	7.39655	7.75948	8.42283	5.39633	4.91907	3.40439	3.19444	2.38455	6.89743	
10.9886	15.7123	9.71086	4.78247	6.52422	0	0.633546	6.26686	15.0462	10.3381	7.84217	7.33645	9.19429	7.75934	9.03107	11.6037	12.6206	3.32978	12.7609	11.7984	
12.0712	13.0638	9.67047	4.74929	6.62213	0.633546	0	5.63332	7.69824	8.08124	7.20863	6.7029	8.56074	7.12579	9.66462	11.4012	13.55	3.4277	20.1297	10.8458	
5.31491	4.55237	4.03715	10.3477	2.85907	6.26686	5.63332	0	7.31302	12.7471	6.42033	10.2556	11.1755	6.67434	8.00515	7.77814	6.26346	6.05351	5.24363	9.75651	
7.99819	16.8622	12.5488	8.7596	8.39625	15.0462	7.69824	7.31302	0	1.52789	0.826458	3.11832	2.61	0.57245	5.02174	5.45041	14.509	9.96742	16.3526	1.49881	
15.3628	12.4957	9.37493	8.46104	9.86961	10.3381	8.08124	12.7471	1.52789	0	1.20945	5.73824	2.10002	0.955443	9.42467	4.94044	6.46522	7.00835	13.1869	9.96389	
10.1365	9.86213	8.09705	10.6393	8.16883	7.84217	7.20863	6.42033	0.826458	1.20945	0	4.01101	3.50268	0.254008	4.12906	6.70173	11.5732	10.6363	10.5534	2.3915	
11.9569	9.08985	8.82488	5.64129	7.39655	7.33645	6.7029	10.2556	3.11832	5.73824	4.01101	0	3.63822	3.69077	9.12707	6.47863	10.8009	7.09398	9.7811	4.61713	
19.3088	10.1484	7.95084	9.2795	7.75948	9.19429	8.56074	11.1755	2.61	2.10002	3.50268	3.63822	0	3.05546	5.41309	2.84042	8.56524	9.10837	9.63884	4.10881	
14.8077	14.5941	15.5088	11.8751	8.42283	7.75934	7.12579	6.67434	0.57245	0.955443	0.254008	3.69077	3.05546	0	4.38306	7.80744	7.42067	7.96379	20.602	2.07126	
5.24575	9.88069	3.96799	7.54055	5.39633	9.03107	9.66462	8.00515	5.02174	9.42467	4.12906	9.12707	5.41309	4.38306	0	2.57267	6.87771	8.99324	9.37109	7.76622	
6.38818	6.61237	5.11042	10.1132	4.91907	11.6037	11.4012	7.77814	5.45041	4.94044	6.70173	6.47863	2.84042	7.80744	2.57267	0	8.02013	8.1135	6.79842	9.86052	
4.18747	5.09769	2.90971	14.6033	3.40439	12.6206	13.55	6.26346	14.509	6.46522	11.5732	10.8009	8.56524	7.42067	6.87771	8.02013	0	6.59882	5.78894	10.3018	
7.75482	4.88774	4.62277	1.45269	3.19444	3.32978	3.4277	6.05351	9.96742	7.00835	10.6363	7.09398	9.10837	7.96379	8.99324	8.1135	6.59882	0	5.57899	8.46861	
1.32327	4.07785	2.60103	17.1665	2.38455	12.7609	20.1297	5.24363	16.3526	13.1869	10.5534	9.7811	9.63884	20.602	9.37109	6.79842	5.78894	5.57899	0	7.82265	
6.49938	8.59073	7.77714	9.9213	6.89743	11.7984	10.8458	9.75651	1.49881	9.96389	2.3915	4.61713	4.10881	2.07126	7.76622	9.86052	10.3018	8.46861	7.82265	0	

0	11.8481	5.85023	6.58009	9.2613	6.41917	9.9926	6.0298	3.68198	2.84935	4.73324	5.55435	6.15737	5.30062	4.38237	5.65898	7.47865	6.21912	6.02769	2.73035	
11.8481	0	5.99787	8.58986	9.79695	9.72731	19.3226	9.57337	10.7194	17.4714	19.9645	11.4891	13.0523	15.1092	17.3421	15.7872	7.62629	10.7068	13.643	12.4396	
5.85023	5.99787	0	10.8297	9.60645	3.72945	7.53033	3.5755	13.4648	8.69958	13.9666	5.49126	7.36681	8.51042	16.3305	4.65151	1.62842	7.72057	3.73013	7.01265	
6.58009	8.58986	10.8297	0	14.8004	6.10803	3.84623	7.28689	2.12951	2.96214	2.24269	6.33794	4.46239	9.45781	5.50177	7.19733	9.20879	2.1169	4.45998	3.84975	
9.2613	9.79695	9.60645	14.8004	0	10.0865	16.9471	11.9254	13.8026	12.1106	18.2996	18.4024	19.2628	22.0178	10.2693	11.0011	7.97803	16.9173	10.0797	11.9213	
6.41917	9.72731	3.72945	6.10803	10.0865	0	3.80089	2.08195	9.22979	7.36089	16.2116	9.22071	11.5627	9.65991	10.4787	5.13159	2.1085	3.99112	2.96766	5.5191	
9.9926	19.3226	7.53033	3.84623	16.9471	3.80089	0	5.88284	10.2111	5.09909	11.2094	10.0863	8.51193	9.07023	6.67783	12.8067	5.90939	1.72932	4.0724	7.26226	
6.0298	9.57337	3.5755	7.28689	11.9254	2.08195	5.88284	0	7.55884	8.84186	11.0816	6.26115	10.0665	7.77214	5.08917	6.97045	2.98742	3.22879	0.885713	3.43715	
3.68198	10.7194	13.4648	2.12951	13.8026	9.22979	10.2111	7.55884	0	0.832633	0.113179	5.02307	3.14752	3.2839	3.53325	3.64226	9.64896	4.2024	8.78878	4.1217	
2.84935	17.4714	8.69958	2.96214	12.1106	7.36089	5.09909	8.84186	0.832633	0	0.945812	5.18357	3.30802	2.45127	4.36588	2.80963	5.83272	3.36976	5.71284	4.95433	
4.73324	19.9645	13.9666	2.24269	18.2996	16.2116	11.2094	11.0816	0.113179	0.945812	0	8.08668	3.2607	4.33516	3.64643	4.69352	12.5926	5.25365	9.84004	4.23487	
5.55435	11.4891	5.49126	6.33794	18.4024	9.22071	10.0863	6.26115	5.02307	5.18357	8.08668	0	1.87555	3.01915	4.47603	5.79939	7.11969	10.0602	9.07662	2.824	
6.15737	13.0523	7.36681	4.46239	19.2628	11.5627	8.51193	10.0665	3.14752	3.30802	3.2607	1.87555	0	4.8947	6.68078	6.11765	9.86831	6.5793	11.2642	4.69955	
5.30062	15.1092	8.51042	9.45781	22.0178	9.65991	9.07023	7.77214	3.2839	2.45127	4.33516	3.01915	4.8947	0	16.9161	5.2609	11.7195	5.82103	8.65785	5.84316	
4.38237	17.3421	16.3305	5.50177	10.2693	10.4787	6.67783	5.08917	3.53325	4.36588	3.64643	4.47603	6.68078	16.9161	0	7.19645	9.3544	8.40715	7.25269	1.65203	
5.65898	15.7872	4.65151	7.19733	11.0011	5.13159	12.8067	6.97045	3.64226	2.80963	4.69352	5.79939	6.11765	5.2609	7.19645	0	3.02309	6.17939	5.1248	5.54442	
7.47865	7.62629	1.62842	9.20879	7.97803	2.1085	5.90939	2.98742	9.64896	5.83272	12.5926	7.11969	9.86831	11.7195	9.3544	3.02309	0	4.44478	2.10171	7.3845	
6.21912	10.7068	7.72057	2.1169	16.9173	3.99112	1.72932	3.22879	4.2024	3.36976	5.25365	10.0602	6.5793	5.82103	8.40715	6.17939	4.44478	0	2.34308	5.96665	
6.02769	13.643	3.73013	4.45998	10.0797	2.96766	4.0724	0.885713	8.78878	5.71284	9.84004	9.07662	11.2642	8.65785	7.25269	5.1248	2.10171	2.34308	0	4.32286	
2.73035	12.4396	7.01265	3.84975	11.9213	5.5191	7.26226	3.43715	4.1217	4.95433	4.23487	2.824	4.69955	5.84316	1.65203	5.54442	7.3845	5.96665	4.32286	0	

0	7.86899	5.23954	12.4025	4.85455	6.2765	3.21855	3.2207	6.12363	3.03596	9.80517	6.69669	9.26341	9.49795	1.63682	6.03583	3.47687	9.75615	7.72277	3.51319	
7.86899	0	8.44669	16.686	4.80165	11.3157	7.1529	4.64828	9.77783	6.58445	9.77937	6.44359	7.34737	9.29584	15.4582	11.3282	6.37125	3.65779	1.11826	10.7764	
5.23954	8.44669	0	7.16298	10.0941	8.775	5.91187	3.79841	5.45756	5.52598	4.56562	6.82939	7.53878	5.04915	6.87637	11.6098	4.6261	8.82322	8.30048	6.46116	
12.4025	16.686	7.16298	0	9.46027	5.60514	8.66308	10.9614	10.7415	16.6702	10.5818	13.9924	17.6316	16.1934	13.3241	9.1294	9.75403	6.3242	8.86373	11.4477	
4.85455	4.80165	10.0941	9.46027	0	15.0654	8.07311	8.07526	20.9693	8.31617	8.19895	12.1103	8.16464	7.71542	6.49138	11.0612	8.33142	6.22291	3.68339	10.8223	
6.2765	11.3157	8.775	5.60514	15.0654	0	3.05795	5.56257	5.96303	9.60519	10.9661	6.53609	9.10281	12.9447	10.6658	11.1326	4.1489	9.59554	9.40188	5.98396	
3.21855	7.1529	5.91187	8.66308	8.07311	3.05795	0	2.50462	2.90508	9.07003	3.79701	3.47814	4.38192	6.49408	4.85538	8.11755	4.38417	6.5376	7.00669	6.21923	
3.2207	4.64828	3.79841	10.9614	8.07526	5.56257	2.50462	0	5.4097	6.878	6.76078	5.98276	6.72647	6.27725	4.85753	10.6892	3.70543	7.0416	4.50207	5.54049	
6.12363	9.77783	5.45756	10.7415	20.9693	5.96303	2.90508	5.4097	0	1.85229	0.891933	3.33424	3.86509	1.37546	7.69116	7.2225	7.28925	4.4173	6.95682	5.8148	
3.03596	6.58445	5.52598	16.6702	8.31617	9.60519	9.07003	6.878	1.85229	0	0.960354	4.4951	1.04997	0.600747	1.39914	4.48652	5.4563	5.21795	5.46619	3.2755	
9.80517	9.77937	4.56562	10.5818	8.19895	10.9661	3.79701	6.76078	0.891933	0.960354	0	3.87694	0.932748	0.483527	2.35949	5.04585	6.41665	4.25759	6.42654	6.70673	
6.69669	6.44359	6.82939	13.9924	12.1103	6.53609	3.47814	5.98276	3.33424	4.4951	3.87694	0	0.903781	1.353	9.28361	2.97647	7.86231	7.6898	7.56185	9.14904	
9.26341	7.34737	7.53878	17.6316	8.16464	9.10281	4.38192	6.72647	3.86509	1.04997	0.932748	0.903781	0	0.449222	4.99045	2.07269	9.04761	4.87789	9.05751	10.1908	
9.49795	9.29584	5.04915	16.1934	7.71542	12.9447	6.49408	6.27725	1.37546	0.600747	0.483527	1.353	0.449222	0	1.99988	2.52191	6.05705	4.74112	6.06694	7.20021	
1.63682	15.4582	6.87637	13.3241	6.49138	10.6658	4.85538	4.85753	7.69116	1.39914	2.35949	9.28361	4.99045	1.99988	0	4.39901	3.71143	7.20421	6.86532	1.87636	
6.03583	11.3282	11.6098	9.1294	11.0612	11.1326	8.11755	10.6892	7.2225	4.48652	5.04585	2.97647	2.07269	2.52191	4.39901	0	6.98373	2.8052	5.34472	6.27537	
3.47687	6.37125	4.6261	9.75403	8.33142	4.1489	4.38417	3.70543	7.28925	5.4563	6.41665	7.86231	9.04761	6.05705	3.71143	6.98373	0	7.79251	5.25298	1.83506	
9.75615	3.65779	8.82322	6.3242	6.22291	9.59554	6.5376	7.0416	4.4173	5.21795	4.25759	7.6898	4.87789	4.74112	7.20421	2.8052	7.79251	0	2.53952	10.2321	
7.72277	1.11826	8.30048	8.86373	3.68339	9.40188	7.00669	4.50207	6.95682	5.46619	6.42654	7.56185	9.05751	6.06694	6.86532	5.34472	5.25298	2.53952	0	7.08804	
3.51319	10.7764	6.46116	11.4477	10.8223	5.98396	6.21923	5.54049	5.8148	3.2755	6.70673	9.14904	10.1908	7.20021	1.87636	6.27537	1.83506	10.2321	7.08804	0	

0	6.61371	1.64089	10.8274	5.81611	3.14958	12.0077	3.99791	2.44306	4.87186	4.44741	13.6207	4.16566	4.49961	6.66567	3.93696	2.81394	8.73614	5.06283	4.17147	
6.61371	0	4.97282	17.852	7.44188	7.46433	7.95985	5.14206	15.0308	15.2378	20.5014	25.7085	21.774	13.0484	7.36857	7.26889	4.89123	17.0956	12.5423	5.39558	
1.64089	4.97282	0	13.0453	4.17522	3.74616	3.74661	5.6388	4.08395	11.5196	4.38613	15.1766	5.65867	9.8816	3.07559	2.29608	1.17305	10.1644	6.70372	1.67741	
10.8274	17.852	13.0453	0	8.59089	9.45749	5.58004	11.1699	8.38438	8.96477	7.33554	10.3898	7.83658	10.4409	12.1934	7.03058	8.64866	2.6017	10.5906	7.16636	
5.81611	7.44188	4.17522	8.59089	0	6.82888	9.07509	2.29982	6.90867	9.75842	10.1879	11.7479	6.81856	10.5689	5.50699	6.3146	2.85158	5.9892	3.90416	2.34722	
3.14958	7.46433	3.74616	9.45749	6.82888	0	5.64172	7.14749	5.59265	9.80398	11.2822	18.415	13.6474	3.74006	5.05045	11.3256	2.5731	7.78726	8.21241	3.07746	
12.0077	7.95985	3.74661	5.58004	9.07509	5.64172	0	9.99469	3.97912	5.1964	3.54058	4.80978	2.25653	9.03606	2.23004	1.45053	3.06862	8.10872	11.0106	3.57297	
3.99791	5.14206	5.6388	11.1699	2.29982	7.14749	9.99469	0	6.44098	18.3744	10.6342	14.0478	9.11838	12.2478	9.04047	8.54416	8.02783	8.28902	6.20398	4.64705	
2.44306	15.0308	4.08395	8.38438	6.90867	5.59265	3.97912	6.44098	0	2.4288	2.00434	5.98814	1.72259	2.05655	4.60735	4.09439	9.75285	6.73819	3.00452	6.61454	
4.87186	15.2378	11.5196	8.96477	9.75842	9.80398	5.1964	18.3744	2.4288	0	4.24055	3.55934	2.93987	4.48535	9.7043	6.30246	10.3465	8.97439	5.43331	10.8509	
4.44741	20.5014	4.38613	7.33554	10.1879	11.2822	3.54058	10.6342	2.00434	4.24055	0	7.79989	3.72694	4.06089	2.86956	2.09005	8.60163	4.73385	5.00886	6.05743	
13.6207	25.7085	15.1766	10.3898	11.7479	18.415	4.80978	14.0478	5.98814	3.55934	7.79989	0	6.49921	9.62326	14.769	6.26032	7.8784	12.9185	14.1821	14.0952	
4.16566	21.774	5.65867	7.83658	6.81856	13.6474	2.25653	9.11838	1.72259	2.93987	3.72694	6.49921	0	3.77914	4.1421	3.36259	5.32515	10.3652	4.72711	7.32997	
4.49961	13.0484	9.8816	10.4409	10.5689	3.74006	9.03606	12.2478	2.05655	4.48535	4.06089	9.62326	3.77914	0	8.36504	7.58553	6.31316	11.5273	5.06106	11.5529	
6.66567	7.36857	3.07559	12.1934	5.50699	5.05045	2.23004	9.04047	4.60735	9.7043	2.86956	14.769	4.1421	8.36504	0	0.779511	2.47734	8.28632	1.60284	2.9817	
3.93696	7.26889	2.29608	7.03058	6.3146	11.3256	1.45053	8.54416	4.09439	6.30246	2.09005	6.26032	3.36259	7.58553	0.779511	0	3.25685	6.8239	2.38235	3.96738	
2.81394	4.89123	1.17305	8.64866	2.85158	2.5731	3.06862	8.02783	9.75285	10.3465	8.60163	7.8784	5.32515	6.31316	2.47734	3.25685	0	5.06902	4.08018	0.504354	
8.73614	17.0956	10.1644	2.6017	5.9892	7.78726	8.10872	8.28902	6.73819	8.97439	4.73385	12.9185	10.3652	11.5273	8.28632	6.8239	5.06902	0	9.89335	4.56467	
5.06283	12.5423	6.70372	10.5906	3.90416	8.21241	11.0106	6.20398	3.00452	5.43331	5.00886	14.1821	4.72711	5.06106	1.60284	2.38235	4.08018	9.89335	0	5.32448	
4.17147	5.39558	1.67741	7.16636	2.34722	3.07746	3.57297	4.64705	6.61454	10.8509	6.05743	14.0952	7.32997	11.5529	2.9817	3.96738	0.504354	4.56467	5.32448	0	

0	5.30332	3.74075	3.39064	1.61382	8.31233	5.3195	2.36819	5.95702	5.36345	11.741	11.8372	8.10436	10.1173	6.63145	5.04113	1.21375	10.4895	5.9494	5.52812	
5.30332	0	5.71088	10.5958	3.6895	11.3588	11.4929	3.19883	6.03507	8.74448	18.2196	14.0952	16.2962	13.6015	3.81383	5.9267	4.35327	7.53505	3.3921	4.55705	
3.74075	5.71088	0	4.70389	5.7568	8.77469	6.63275	2.51205	5.34829	6.6767	7.14447	8.31515	9.77852	6.53194	1.98114	2.90166	2.527	9.88079	7.26265	3.08447	
3.39064	10.5958	4.70389	0	14.2853	14.448	6.28264	3.33133	16.6867	6.32659	12.4637	10.335	11.6062	11.0804	14.4097	9.16356	2.17689	8.20092	6.91254	10.0744	
1.61382	3.6895	5.7568	14.2853	0	8.81353	7.80344	3.24475	4.99168	8.7904	7.67012	10.2282	10.3415	11.0563	5.54018	3.42732	2.82757	9.60589	7.07047	7.14193	
8.31233	11.3588	8.77469	14.448	8.81353	0	7.98925	9.33833	6.50209	5.18957	3.53262	4.02596	4.93744	2.24276	11.4488	11.1036	9.52608	14.0903	9.37762	7.51368	
5.3195	11.4929	6.63275	6.28264	7.80344	7.98925	0	5.26019	8.40165	3.30395	4.55352	2.42478	3.05182	4.20799	12.6372	11.0924	4.10575	1.80245	5.9454	5.62806	
2.36819	3.19883	2.51205	3.33133	3.24475	9.33833	5.26019	0	2.83624	5.30413	8.09165	8.51836	5.79778	9.04399	4.49318	5.41371	1.15444	7.36875	5.71177	8.6489	
5.95702	6.03507	5.34829	16.6867	4.99168	6.50209	8.40165	2.83624	0	5.60196	5.25541	7.38415	5.34983	6.43618	9.84444	8.419	3.99067	7.01848	2.87553	4.04048	
5.36345	8.74448	6.6767	6.32659	8.7904	5.18957	3.30395	5.30413	5.60196	0	5.10145	2.97271	0.252132	3.49871	11.7804	9.71691	4.1497	8.41197	8.88534	2.82838	
11.741	18.2196	7.14447	12.4637	7.67012	3.53262	4.55352	8.09165	5.25541	5.10145	0	2.12874	4.53644	1.28987	6.35567	4.2428	9.62381	13.1375	7.37785	6.2129	
11.8372	14.0952	8.31515	10.335	10.2282	4.02596	2.42478	8.51836	7.38415	2.97271	2.12874	0	2.74937	1.78321	10.8785	6.37154	6.53053	4.22722	13.0187	5.32562	
8.10436	16.2962	9.77852	11.6062	10.3415	4.93744	3.05182	5.79778	5.34983	0.252132	4.53644	2.74937	0	3.24658	3.67958	10.9436	4.40183	4.85426	3.74119	2.57624	
10.1173	13.6015	6.53194	11.0804	11.0563	2.24276	4.20799	9.04399	6.43618	3.49871	1.28987	1.78321	3.24658	0	8.51308	5.53267	8.90351	11.8476	9.31171	5.82282	
6.63145	3.81383	1.98114	14.4097	5.54018	11.4488	12.6372	4.49318	9.84444	11.7804	6.35567	10.8785	3.67958	8.51308	0	2.11287	4.50814	10.8347	2.26828	1.10333	
5.04113	5.9267	2.90166	9.16356	3.42732	11.1036	11.0924	5.41371	8.419	9.71691	4.2428	6.37154	10.9436	5.53267	2.11287	0	5.42867	12.483	9.53228	3.2162	
1.21375	4.35327	2.527	2.17689	2.82757	9.52608	4.10575	1.15444	3.99067	4.1497	9.62381	6.53053	4.40183	8.90351	4.50814	5.42867	0	5.9082	4.73565	5.90059	
10.4895	7.53505	9.88079	8.20092	9.60589	14.0903	1.80245	7.36875	7.01848	8.41197	13.1375	4.22722	4.85426	11.8476	10.8347	12.483	5.9082	0	4.14295	5.3079	
5.9494	3.3921	7.26265	6.91254	7.07047	9.37762	5.9454	5.71177	2.87553	8.88534	7.37785	13.0187	3.74119	9.31171	2.26828	9.53228	4.73565	4.14295	0	1.16495	
5.52812	4.55705	3.08447	10.0744	7.14193	7.51368	5.62806	8.6489	4.04048	2.82838	6.2129	5.32562	2.57624	5.82282	1.10333	3.2162	5.90059	5.3079	1.16495	0	

0	9.66806	4.06958	12.5851	2.26534	5.14489	8.80947	2.89198	10.0496	10.1134	12.8328	15.0086	8.68862	9.84049	6.78804	12.4262	3.91667	10.8513	6.29886	4.61778	
9.66806	0	6.2048	12.7014	2.55742	2.87554	9.17648	1.93079	14.6279	11.8993	12.2595	7.07369	14.2884	10.5008	5.88972	13.0225	3.43729	11.231	14.5437	11.2995	
4.06958	6.2048	0	13.0558	6.30908	1.68163	12.7324	1.95992	5.98	6.65016	6.48414	11.5372	8.59517	6.37724	6.67051	9.21297	0.453417	11.322	3.56456	6.0015	
12.5851	12.7014	13.0558	0	15.2941	8.54538	3.14423	13.4836	9.60736	9.29334	9.10322	5.62771	8.87079	9.05482	7.73958	11.5765	13.7671	1.73383	20.6598	15.0447	
2.26534	2.55742	6.30908	15.2941	0	1.5714	6.54413	0.626638	12.222	6.84582	10.712	8.64693	6.42328	6.9084	4.58557	13.432	2.13314	7.95454	4.03352	6.88312	
5.14489	2.87554	1.68163	8.54538	1.5714	0	1.45528	0.944758	13.785	7.42496	10.1444	3.55807	9.63693	7.15204	4.90369	12.0212	1.22821	2.86569	8.12091	4.7675	
8.80947	9.17648	12.7324	3.14423	6.54413	1.45528	0	2.40004	9.65703	6.92843	7.28858	2.10279	9.31753	5.52991	4.21467	8.05159	2.68349	1.41041	9.57619	6.22278	
2.89198	1.93079	1.95992	13.4836	0.626638	0.944758	2.40004	0	10.0682	7.70325	10.4227	6.07081	7.04991	7.43032	3.95893	8.41053	1.5065	7.75631	4.66015	5.71226	
10.0496	14.6279	5.98	9.60736	12.222	13.785	9.65703	10.0682	0	2.17726	0.504139	5.68992	2.5998	2.04136	6.10924	10.5608	6.43342	11.7115	9.54456	8.27951	
10.1134	11.8993	6.65016	9.29334	6.84582	7.42496	6.92843	7.70325	2.17726	0	2.46777	4.35766	0.422545	0.907666	6.93752	7.43122	6.19675	8.98295	16.8345	11.7448	
12.8328	12.2595	6.48414	9.10322	10.712	10.1444	7.28858	10.4227	0.504139	2.46777	0	4.96433	2.02234	1.53722	6.61338	11.1346	7.46104	9.34309	15.1614	14.4643	
15.0086	7.07369	11.5372	5.62771	8.64693	3.55807	2.10279	6.07081	5.68992	4.35766	4.96433	0	3.91223	3.42711	2.11188	5.94879	8.32897	3.5132	22.2115	4.28214	
8.68862	14.2884	8.59517	8.87079	6.42328	9.63693	9.31753	7.04991	2.5998	0.422545	2.02234	3.91223	0	0.48512	9.32661	7.00868	6.40894	10.2136	10.4568	14.4044	
9.84049	10.5008	6.37724	9.05482	6.9084	7.15204	5.52991	7.43032	2.04136	0.907666	1.53722	3.42711	0.48512	0	5.53899	7.4938	5.92382	7.58442	11.6746	11.4719	
6.78804	5.88972	6.67051	7.73958	4.58557	4.90369	4.21467	3.95893	6.10924	6.93752	6.61338	2.11188	9.32661	5.53899	0	4.4516	5.46543	6.26918	16.5718	2.17026	
12.4262	13.0225	9.21297	11.5765	13.432	12.0212	8.05159	8.41053	10.5608	7.43122	11.1346	5.94879	7.00868	7.4938	4.4516	0	9.66639	10.1061	12.7775	6.62186	
3.91667	3.43729	0.453417	13.7671	2.13314	1.22821	2.68349	1.5065	6.43342	6.19675	7.46104	8.32897	6.40894	5.92382	5.46543	9.66639	0	8.03977	4.01798	5.54809	
10.8513	11.231	11.322	1.73383	7.95454	2.86569	1.41041	7.75631	11.7115	8.98295	9.34309	3.5132	10.2136	7.58442	6.26918	10.1061	8.03977	0	14.8866	11.5791	
6.29886	14.5437	3.56456	20.6598	4.03352	8.12091	9.57619	4.66015	9.54456	16.8345	15.1614	22.2115	10.4568	11.6746	16.5718	12.7775	4.01798	14.8866	0	12.2892	
4.61778	11.2995	6.0015	15.0447	6.88312	4.7675	6.22278	5.71226	8.27951	11.7448	14.4643	4.28214	14.4044	11.4719	2.17026	6.62186	5.54809	11.5791	12.2892	0	

0	5.58432	2.96621	10.3363	8.95203	2.45734	7.82454	5.07481	13.034	8.95895	12.2107	12.7023	13.0716	7.57488	7.51104	4.01538	3.03722	4.00094	7.3865	0.818786	
5.58432	0	4.34081	13.1658	3.51206	3.41671	5.03934	5.33317	7.10653	9.91833	6.62642	13.0547	15.7351	6.17787	12.5416	9.5997	9.53171	3.60697	1.80218	6.40311	
2.96621	4.34081	0	13.3025	3.35054	0.924092	6.29129	5.52372	12.0847	7.4257	5.59025	10.8507	7.25442	6.04163	4.54483	4.76654	0.0710135	2.46769	9.19631	3.785	
10.3363	13.1658	13.3025	0	30.6076	11.1024	9.81578	15.4111	15.7429	8.37661	8.25709	18.1726	9.78295	6.80522	22.5649	14.3517	13.1948	9.37612	13.0994	11.1551	
8.95203	3.51206	3.35054	30.6076	0	8.41053	4.94703	3.87722	6.81489	9.8348	6.33479	12.7631	10.4629	7.78665	11.2411	6.92325	3.27953	11.9129	1.70987	7.05371	
2.45734	3.41671	0.924092	11.1024	8.41053	0	3.48121	4.59963	11.0883	6.50161	6.5694	11.7913	7.38338	4.1145	5.46892	6.47272	0.995105	1.5436	5.2189	3.27613	
7.82454	5.03934	6.29129	9.81578	4.94703	3.48121	0	6.14846	5.88064	4.58194	4.46242	8.31027	5.98829	3.01056	13.4205	13.2152	9.40012	1.93761	3.23715	10.0186	
5.07481	5.33317	5.52372	15.4111	3.87722	4.59963	6.14846	0	12.0291	5.95757	10.212	11.2472	6.83934	7.52896	9.91726	9.09019	7.15675	6.14323	3.53099	5.89359	
13.034	7.10653	12.0847	15.7429	6.81489	11.0883	5.88064	12.0291	0	2.86166	0.480105	2.7252	1.9799	1.93197	7.53989	11.8578	5.99935	7.81825	9.11779	13.8528	
8.95895	9.91833	7.4257	8.37661	9.8348	6.50161	4.58194	5.95757	2.86166	0	3.02325	1.62707	0.881766	1.57139	7.53248	9.80378	7.96095	4.14229	9.48856	8.92525	
12.2107	6.62642	5.59025	8.25709	6.33479	6.5694	4.46242	10.212	0.480105	3.02325	0	6.42827	2.46	1.45187	8.02	10.2148	5.51924	4.02276	8.04466	9.29342	
12.7023	13.0547	10.8507	18.1726	12.7631	11.7913	8.31027	11.2472	2.7252	1.62707	6.42827	0	0.745302	3.72303	7.39601	15.0935	7.92871	10.2479	11.5474	13.5211	
13.0716	15.7351	7.25442	9.78295	10.4629	7.38338	5.98829	6.83934	1.9799	0.881766	2.46	0.745302	0	2.45315	6.65071	10.6855	7.1834	5.54863	13.9329	9.80702	
7.57488	6.17787	6.04163	6.80522	7.78665	4.1145	3.01056	7.52896	1.93197	1.57139	1.45187	3.72303	2.45315	0	9.62844	11.0851	6.38956	2.5709	6.24771	10.1637	
7.51104	12.5416	4.54483	22.5649	11.2411	5.46892	13.4205	9.91726	7.53989	7.53248	8.02	7.39601	6.65071	9.62844	0	4.31787	4.61584	10.6685	13.4482	7.04183	
4.01538	9.5997	4.76654	14.3517	6.92325	6.47272	13.2152	9.09019	11.8578	9.80378	10.2148	15.0935	10.6855	11.0851	4.31787	0	4.69553	10.352	8.63312	4.83417	
3.03722	9.53171	0.0710135	13.1948	3.27953	0.995105	9.40012	7.15675	5.99935	7.96095	5.51924	7.92871	7.1834	6.38956	4.61584	4.69553	0	8.96046	4.9894	3.77418	
4.00094	3.60697	2.46769	9.37612	11.9129	1.5436	1.93761	6.14323	7.81825	4.14229	4.02276	10.2479	5.54863	2.5709	10.6685	10.352	8.96046	0	5.17476	12.1122	
7.3865	1.80218	9.19631	13.0994	1.70987	5.2189	3.23715	3.53099	9.11779	9.48856	8.04466	11.5474	13.9329	6.24771	13.4482	8.63312	4.9894	5.17476	0	8.6939	
0.818786	6.40311	3.785	11.1551	7.05371	3.27613	10.0186	5.89359	13.8528	8.92525	9.29342	13.5211	9.80702	10.1637	7.04183	4.83417	3.77418	12.1122	8.6939	0	

0	4.9234	0.814677	9.31914	6.3949	2.05367	5.91171	3.24397	3.79346	5.42839	5.94699	4.54351	9.94969	7.93294	15.1596	2.36977	4.65282	7.33581	6.4085	8.59985	
4.9234	0	5.84617	11.3477	4.83035	7.08515	8.89741	1.67942	5.42539	9.46745	3.89032	8.36273	7.29009	7.02175	12.1407	13.9221	4.89724	10.1965	1.37701	9.72159	
0.814677	5.84617	0	4.22216	6.27894	2.86834	5.09703	4.05865	8.56905	5.22391	8.05394	11.2727	3.93326	4.87943	3.10389	1.55509	3.83814	6.95863	7.85014	7.78517	
9.31914	11.3477	4.22216	0	23.8551	4.94411	9.39431	17.8061	5.92229	4.97669	5.49529	4.07662	5.04523	5.9914	4.21586	2.66707	6.36246	10.6934	9.49287	14.0242	
6.3949	4.83035	6.27894	23.8551	0	11.6588	7.55495	3.15093	6.8144	3.82657	8.76807	9.93936	15.5127	5.21804	5.57627	7.12506	2.4408	9.74717	8.81893	7.11124	
2.05367	7.08515	2.86834	4.94411	11.6588	0	5.21181	5.29764	1.73979	3.62783	4.8783	2.48984	3.60449	3.33615	3.82583	2.27704	6.74805	6.51088	11.5867	16.0495	
5.91171	8.89741	5.09703	9.39431	7.55495	5.21181	0	17.5541	3.47202	4.84146	6.61052	6.1757	5.33671	2.33691	10.5388	5.66125	5.75803	1.8616	12.9472	12.8822	
3.24397	1.67942	4.05865	17.8061	3.15093	5.29764	17.5541	0	7.10481	4.60359	8.18131	13.0305	18.9324	6.63894	8.7272	10.8408	3.21782	10.5798	3.05643	7.88825	
3.79346	5.42539	8.56905	5.92229	6.8144	1.73979	3.47202	7.10481	0	3.6571	3.1385	2.93734	1.86469	1.59635	6.33031	4.01684	5.00826	4.77109	5.65181	9.67869	
5.42839	9.46745	5.22391	4.97669	3.82657	3.62783	4.84146	4.60359	3.6571	0	0.518598	1.13799	3.18356	2.50455	3.7104	5.82889	1.38577	7.03368	3.03191	6.0562	
5.94699	3.89032	8.05394	5.49529	8.76807	4.8783	6.61052	8.18131	3.1385	0.518598	0	1.65659	2.66497	3.02315	3.1918	4.74059	1.90437	7.90959	2.51331	9.56608	
4.54351	8.36273	11.2727	4.07662	9.93936	2.48984	6.1757	13.0305	2.93734	1.13799	1.65659	0	3.34951	3.64254	4.36309	4.76688	2.52376	7.70842	7.66216	10.1855	
9.94969	7.29009	3.93326	5.04523	15.5127	3.60449	5.33671	18.9324	1.86469	3.18356	2.66497	3.34951	0	3.46105	3.92696	2.37817	5.90707	6.63578	5.17827	13.5688	
7.93294	7.02175	4.87943	5.9914	5.21804	3.33615	2.33691	6.63894	1.59635	2.50455	3.02315	3.64254	3.46105	0	4.87313	3.32434	3.42112	4.19851	15.3287	8.09155	
15.1596	12.1407	3.10389	4.21586	5.57627	3.82583	10.5388	8.7272	6.33031	3.7104	3.1918	4.36309	3.92696	4.87313	0	1.54879	8.01707	14.3161	5.70511	10.6382	
2.36977	13.9221	1.55509	2.66707	7.12506	2.27704	5.66125	10.8408	4.01684	5.82889	4.74059	4.76688	2.37817	3.32434	1.54879	0	5.39324	7.85346	9.01215	9.34027	
4.65282	4.89724	3.83814	6.36246	2.4408	6.74805	5.75803	3.21782	5.00826	1.38577	1.90437	2.52376	5.90707	3.42112	8.01707	5.39324	0	7.95025	8.88582	4.67043	
7.33581	10.1965	6.95863	10.6934	9.74717	6.51088	1.8616	10.5798	4.77109	7.03368	7.90959	7.70842	6.63578	4.19851	14.3161	7.85346	7.95025	0	16.8688	14.0378	
6.4085	1.37701	7.85014	9.49287	8.81893	11.5867	12.9472	3.05643	5.65181	3.03191	2.51331	7.66216	5.17827	15.3287	5.70511	9.01215	8.88582	16.8688	0	13.7102	
8.59985	9.72159	7.78517	14.0242	7.11124	16.0495	12.8822	7.88825	9.67869	6.0562	9.56608	10.1855	13.5688	8.09155	10.6382	9.34027	4.67043	14.0378	13.7102	0	

0	8.97807	0.726789	6.55562	7.97628	9.98314	9.1888	5.76651	8.75183	14.8759	9.68027	11.3533	10.4118	10.2237	7.5609	4.98746	10.4579	14.7614	6.6508	5.75789	
8.97807	0	8.19192	21.4165	11.9282	5.35626	15.6588	9.22288	17.2622	14.5093	14.5635	8.69691	13.2108	13.9731	7.47461	5.18757	9.69471	10.9639	3.89763	3.16082	
0.726789	8.19192	0	7.28241	8.24618	9.25636	12.8387	5.03972	9.47621	10.7216	10.4047	10.5672	9.72291	9.49694	7.58552	4.26067	10.4825	8.53928	5.92401	5.0311	
6.55562	21.4165	7.28241	0	14.5319	14.1233	12.5097	20.9176	7.19944	4.85494	6.27099	7.31583	3.8562	6.77985	9.65587	8.26997	12.818	6.10314	16.6175	10.2967	
7.97628	11.9282	8.24618	14.5319	0	6.57196	1.21253	3.20645	8.8595	7.94065	13.0486	4.1471	7.42091	12.2727	1.62124	10.6029	2.46604	6.70601	8.5317	5.93503	
9.98314	5.35626	9.25636	14.1233	6.57196	0	7.48272	9.77842	11.7915	17.2354	11.1929	4.54814	8.00777	15.727	8.1932	12.1303	10.0601	13.2589	9.25389	8.51708	
9.1888	15.6588	12.8387	12.5097	1.21253	7.48272	0	4.41898	7.64698	6.72813	8.57543	2.93458	6.39421	11.0253	2.83377	11.0232	1.25351	4.45231	9.52436	7.78741	
5.76651	9.22288	5.03972	20.9176	3.20645	9.77842	4.41898	0	14.5159	7.04501	12.1625	16.9409	5.7465	6.50881	4.82769	9.30039	6.69835	3.49956	5.32524	10.0708	
8.75183	17.2622	9.47621	7.19944	8.8595	11.7915	7.64698	14.5159	0	6.12405	0.928448	7.24338	4.18114	3.77719	12.3558	11.3244	8.53172	9.3639	13.3646	12.3311	
14.8759	14.5093	10.7216	4.85494	7.94065	17.2354	6.72813	7.04501	6.12405	0	4.25143	4.45836	0.998733	3.92238	6.7984	12.8305	6.74425	3.24567	17.6311	13.3941	
9.68027	14.5635	10.4047	6.27099	13.0486	11.1929	8.57543	12.1625	0.928448	4.25143	0	6.64473	3.25269	2.84874	9.05236	12.2529	7.60327	5.49963	14.293	11.4027	
11.3533	8.69691	10.5672	7.31583	4.1471	4.54814	2.93458	16.9409	7.24338	4.45836	6.64473	0	3.45963	6.38328	9.2593	7.56283	4.18809	5.70657	11.302	5.53609	
10.4118	13.2108	9.72291	3.8562	7.42091	8.00777	6.39421	5.7465	4.18114	0.998733	3.25269	3.45963	0	2.92365	5.79967	11.532	5.44574	2.24694	15.6469	8.99572	
10.2237	13.9731	9.49694	6.77985	12.2727	15.727	11.0253	6.50881	3.77719	3.92238	2.84874	6.38328	2.92365	0	8.72332	12.2943	6.20805	3.00926	15.421	14.2514	
7.5609	7.47461	7.58552	9.65587	1.62124	8.1932	2.83377	4.82769	12.3558	6.7984	9.05236	9.2593	5.79967	8.72332	0	6.34054	2.89697	6.09576	10.0797	4.31379	
4.98746	5.18757	4.26067	8.26997	10.6029	12.1303	11.0232	9.30039	11.3244	12.8305	12.2529	7.56283	11.532	12.2943	6.34054	0	8.56064	9.28507	7.79266	2.02675	
10.4579	9.69471	10.4825	12.818	2.46604	10.0601	1.25351	6.69835	8.53172	6.74425	7.60327	4.18809	5.44574	6.20805	2.89697	8.56064	0	3.1988	8.27085	6.53389	
14.7614	10.9639	8.53928	6.10314	6.70601	13.2589	4.45231	3.49956	9.3639	3.24567	5.49963	5.70657	2.24694	3.00926	6.09576	9.28507	3.1988	0	8.8248	9.73269	
6.6508	3.89763	5.92401	16.6175	8.5317	9.25389	9.52436	5.32524	13.3646	17.6311	14.293	11.302	15.6469	15.421	10.0797	7.79266	8.27085	8.8248	0	5.76591	
5.75789	3.16082	5.0311	10.2967	5.93503	8.51708	7.78741	10.0708	12.3311	13.3941	11.4027	5.53609	8.99572	14.2514	4.31379	2.02675	6.53389	9.73269	5.76591	0	

0	3.73012	4.59266	7.72462	5.93555	10.2153	14.9803	4.58397	7.41586	8.02339	9.12834	11.4401	8.64097	6.54329	8.71216	8.95581	3.00984	9.26711	7.13624	3.83551	
3.73012	0	2.03036	11.4547	2.70646	3.82177	11.3941	1.44945	7.78071	6.68386	7.8144	6.35963	5.89463	3.14202	9.93567	9.27995	3.02358	12.2348	6.27734	6.34375	
4.59266	2.03036	0	8.78646	4.09478	6.38501	12.1565	0.580915	2.8232	6.53672	3.63249	4.15904	4.70927	2.27348	6.80119	4.36316	2.15505	4.67445	2.54358	4.27775	
7.72462	11.4547	8.78646	0	5.48185	4.36654	5.48855	12.1221	8.6117	12.0472	7.80241	7.57151	9.72218	10.3498	16.2282	10.2755	10.7345	4.112	6.44957	7.02044	
5.93555	2.70646	4.09478	5.48185	0	1.11531	2.23732	3.51386	8.0929	9.39032	12.5431	4.32028	8.60109	5.20643	7.22921	9.63286	2.92571	6.43118	7.81328	3.63729	
10.2153	3.82177	6.38501	4.36654	1.11531	0	1.12201	4.62917	4.54081	8.23843	10.081	3.20497	3.66997	8.10173	8.34452	9.35389	4.04102	5.31587	7.65344	4.7526	
14.9803	11.3941	12.1565	5.48855	2.23732	1.12201	0	8.87758	10.3937	9.91706	11.022	4.32698	10.5346	8.43697	12.9837	10.4759	14.7074	6.43788	9.5345	7.50178	
4.58397	1.44945	0.580915	12.1221	3.51386	4.62917	8.87758	0	3.40411	3.17267	4.27762	6.58933	3.79025	1.69257	7.27646	4.94407	1.57413	5.25537	3.1245	4.85866	
7.41586	7.78071	2.8232	8.6117	8.0929	4.54081	10.3937	3.40411	0	4.91846	0.809293	1.33584	1.80084	3.39434	14.4188	2.58003	7.91773	7.49765	5.01287	7.10095	
8.02339	6.68386	6.53672	12.0472	9.39032	8.23843	9.91706	3.17267	4.91846	0	4.06515	3.49738	3.03239	1.4801	18.1164	6.4177	9.06404	7.71788	13.1078	7.64632	
9.12834	7.8144	3.63249	7.80241	12.5431	10.081	11.022	4.27762	0.809293	4.06515	0	2.14513	1.91977	2.58505	17.4026	3.38933	7.95143	8.82283	16.3161	8.75127	
11.4401	6.35963	4.15904	7.57151	4.32028	3.20497	4.32698	6.58933	1.33584	3.49738	2.14513	0	0.464997	2.56268	12.3319	3.85031	6.49665	8.52084	8.07433	9.58474	
8.64097	5.89463	4.70927	9.72218	8.60109	3.66997	10.5346	3.79025	1.80084	3.03239	1.91977	0.464997	0	2.09768	11.734	3.38532	6.03165	8.33546	5.81815	8.2639	
6.54329	3.14202	2.27348	10.3498	5.20643	8.10173	8.43697	1.69257	3.39434	1.4801	2.58505	2.56268	2.09768	0	12.242	5.483	3.2667	6.23778	6.52046	6.16622	
8.71216	9.93567	6.80119	16.2282	7.22921	8.34452	12.9837	7.27646	14.4188	18.1164	17.4026	12.3319	11.734	12.242	0	6.69045	5.70233	6.59518	4.25761	10.8665	
8.95581	9.27995	4.36316	10.2755	9.63286	9.35389	10.4759	4.94407	2.58003	6.4177	3.38933	3.85031	3.38532	5.483	6.69045	0	9.41697	4.77041	2.43284	8.6409	
3.00984	3.02358	2.15505	10.7345	2.92571	4.04102	14.7074	1.57413	7.91773	9.06404	7.95143	6.49665	6.03165	3.2667	5.70233	9.41697	0	11.2279	6.40202	6.51429	
9.26711	12.2348	4.67445	4.112	6.43118	5.31587	6.43788	5.25537	7.49765	7.71788	8.82283	8.52084	8.33546	6.23778	6.59518	4.77041	11.2279	0	2.33757	8.9522	
7.13624	6.27734	2.54358	6.44957	7.81328	7.65344	9.5345	3.1245	5.01287	13.1078	16.3161	8.07433	5.81815	6.52046	4.25761	2.43284	6.40202	2.33757	0	6.82133	
3.83551	6.34375	4.27775	7.02044	3.63729	4.7526	7.50178	4.85866	7.10095	7.64632	8.75127	9.58474	8.2639	6.16622	10.8665	8.6409	6.51429	8.9522	6.82133	0	

0	5.55508	3.95973	10.4427	8.54128	6.2549	10.4521	3.03538	22.2219	15.6465	8.95823	21.4081	15.4971	15.3338	5.32382	9.82338	5.2187	12.8113	2.49663	2.40295	
5.55508	0	8.10741	16.2394	8.75873	14.6624	8.38865	3.59721	9.18653	9.50408	10.1892	14.2064	15.265	20.0367	9.88302	18.1288	7.39696	16.959	3.05846	14.8971	
3.95973	8.10741	0	8.13203	4.11376	5.88214	10.5792	2.40742	11.377	11.6946	3.30326	10.8918	13.9035	22.2737	9.59454	12.6934	1.25897	8.85161	2.94618	6.36269	
10.4427	16.2394	8.13203	0	15.05	1.55522	7.829	5.02994	23.13	9.45278	7.15389	8.19007	8.54371	10.025	15.1022	9.99158	9.19818	10.1864	27.9241	5.40716	
8.54128	8.75873	4.11376	15.05	0	7.74679	14.9139	4.27207	14.116	7.41537	4.89908	8.93221	6.50631	7.98763	9.05919	12.3018	2.85479	11.6609	4.81083	6.13832	
6.2549	14.6624	5.88214	1.55522	7.74679	0	6.27378	3.47472	7.07165	7.3892	8.70912	9.80097	7.37506	8.64221	6.77281	14.1526	7.47333	11.7417	4.01348	3.85194	
10.4521	8.38865	10.5792	7.829	14.9139	6.27378	0	8.4942	0.797871	1.11543	6.85395	5.74645	2.02449	2.45573	4.16246	6.93851	11.8381	8.92933	7.95544	10.1257	
3.03538	3.59721	2.40742	5.02994	4.27207	3.47472	8.4942	0	10.1013	12.4348	6.0429	16.3332	10.7784	12.1169	7.36332	16.5738	3.66639	11.259	0.538755	6.00026	
22.2219	9.18653	11.377	23.13	14.116	7.07165	0.797871	10.1013	0	1.9133	11.8905	6.61564	3.24259	3.67383	3.36459	8.15661	13.1484	9.7272	8.75332	6.28545	
15.6465	9.50408	11.6946	9.45278	7.41537	7.3892	1.11543	12.4348	1.9133	0	4.95695	3.33497	0.909066	1.3403	5.69812	5.82308	14.4262	10.0448	9.07087	12.5175	
8.95823	10.1892	3.30326	7.15389	4.89908	8.70912	6.85395	6.0429	11.8905	4.95695	0	1.03618	3.46208	5.5292	9.47614	2.83769	2.04429	17.2039	6.38279	6.55527	
21.4081	14.2064	10.8918	8.19007	8.93221	9.80097	5.74645	16.3332	6.61564	3.33497	1.03618	0	2.4259	3.90723	18.6876	3.87387	3.08047	14.7471	13.7732	7.59145	
15.4971	15.265	13.9035	8.54371	6.50631	7.37506	2.02449	10.7784	3.24259	0.909066	3.46208	2.4259	0	1.48132	17.431	6.73215	6.09217	18.1512	14.5132	10.6032	
15.3338	20.0367	22.2737	10.025	7.98763	8.64221	2.45573	12.1169	3.67383	1.3403	5.5292	3.90723	1.48132	0	8.32334	5.51042	14.4623	21.344	23.0952	12.4942	
5.32382	9.88302	9.59454	15.1022	9.05919	6.77281	4.16246	7.36332	3.36459	5.69812	9.47614	18.6876	17.431	8.32334	0	10.0962	10.5054	18.4462	6.82457	2.92087	
9.82338	18.1288	12.6934	9.99158	12.3018	14.1526	6.93851	16.5738	8.15661	5.82308	2.83769	3.87387	6.73215	5.51042	10.0962	0	4.88197	15.8336	12.32	9.39296	
5.2187	7.39696	1.25897	9.19818	2.85479	7.47333	11.8381	3.66639	13.1484	14.4262	2.04429	3.08047	6.09217	14.4623	10.5054	4.88197	0	10.1106	4.3385	7.58451	
12.8113	16.959	8.85161	10.1864	11.6609	11.7417	8.92933	11.259	9.7272	10.0448	17.2039	14.7471	18.1512	21.344	18.4462	15.8336	10.1106	0	16.5304	16.4367	
2.49663	3.05846	2.94618	27.9241	4.81083	4.01348	7.95544	0.538755	8.75332	9.07087	6.38279	13.7732	14.5132	23.0952	6.82457	12.32	4.3385	16.5304	0	4.89958	
2.40295	14.8971	6.36269	5.40716	6.13832	3.85194	10.1257	6.00026	6.28545	12.5175	6.55527	7.59145	10.6032	12.4942	2.92087	9.39296	7.58451	16.4367	4.89958	0	

0	5.97322	1.06651	10.6953	6.34036	4.19811	4.47712	1.34591	10.4588	4.90661	7.95042	13.7324	6.88854	5.25719	8.41016	12.1225	1.30832	7.01544	4.2198	4.6934	
5.97322	0	7.03973	12.4508	10.586	10.9446	11.2236	7.31913	18.9751	7.47596	7.8265	13.9396	8.35631	7.68732	15.6884	15.0735	7.28153	13.7619	7.31019	10.6666	
1.06651	7.03973	0	11.1489	7.40687	7.02307	7.34715	2.36299	13.5491	3.8401	4.19064	10.3037	4.72045	4.05145	11.7776	11.056	2.37483	9.88547	5.23688	5.75991	
10.6953	12.4508	11.1489	0	8.41634	3.54576	2.4123	8.01445	10.2014	7.13659	6.78605	7.17436	7.84792	18.366	12.8267	16.4867	5.5811	2.87472	5.14056	7.81119	
6.34036	10.586	7.40687	8.41634	0	10.749	8.10957	6.14967	15.8986	11.9736	19.6978	12.8716	13.2289	17.2224	10.2003	23.9424	7.64867	8.57198	3.27578	6.48359	
4.19811	10.9446	7.02307	3.54576	10.749	0	5.95806	4.66008	12.3685	8.49241	8.83466	9.85795	9.37276	8.57135	7.98218	15.399	2.8898	8.59692	7.53396	4.26543	
4.47712	11.2236	7.34715	2.4123	8.10957	5.95806	0	9.52123	7.27264	9.94097	9.19835	4.76206	9.06062	13.7602	6.57614	16.864	3.1688	0.462418	7.55286	9.06605	
1.34591	7.31913	2.36299	8.01445	6.14967	4.66008	9.52123	0	9.88236	4.12263	8.33061	14.1126	7.26874	3.91128	11.252	8.34249	2.65423	12.0596	2.87389	6.03931	
10.4588	18.9751	13.5491	10.2014	15.8986	12.3685	7.27264	9.88236	0	4.45057	4.63209	2.51058	3.57022	5.97108	9.25881	10.4023	10.9579	7.85503	16.8336	12.9756	
4.90661	7.47596	3.8401	7.13659	11.9736	8.49241	9.94097	4.12263	4.45057	0	0.35054	6.46364	0.880349	0.211353	9.20679	4.64256	8.01845	11.5076	11.1865	5.49003	
7.95042	7.8265	4.19064	6.78605	19.6978	8.83466	9.19835	8.33061	4.63209	0.35054	0	6.81418	1.06188	0.561892	12.5908	12.8069	8.80187	11.8582	11.9266	5.84057	
13.7324	13.9396	10.3037	7.17436	12.8716	9.85795	4.76206	14.1126	2.51058	6.46364	6.81418	0	6.0808	6.67499	11.7694	12.3922	7.93086	5.22448	17.4178	11.7214	
6.88854	8.35631	4.72045	7.84792	13.2289	9.37276	9.06062	7.26874	3.57022	0.880349	1.06188	6.0808	0	1.0917	12.3993	12.6055	7.74	9.52304	10.1426	6.37038	
5.25719	7.68732	4.05145	18.366	17.2224	8.57135	13.7602	3.91128	5.97108	0.211353	0.561892	6.67499	1.0917	0	10.3828	4.43121	10.2637	11.719	6.78517	5.70139	
8.41016	15.6884	11.7776	12.8267	10.2003	7.98218	6.57614	11.252	9.25881	9.20679	12.5908	11.7694	12.3993	10.3828	0	5.95156	7.75158	6.11372	8.37816	3.71676	
12.1225	15.0735	11.056	16.4867	23.9424	15.399	16.864	8.34249	10.4023	4.64256	12.8069	12.3922	12.6055	4.43121	5.95156	0	13.7031	12.0653	14.3297	9.66832	
1.30832	7.28153	2.37483	5.5811	7.64867	2.8898	3.1688	2.65423	10.9579	8.01845	8.80187	7.93086	7.74	10.2637	7.75158	13.7031	0	3.63122	6.86303	5.89725	
7.01544	13.7619	9.88547	2.87472	8.57198	8.59692	0.462418	12.0596	7.85503	11.5076	11.8582	5.22448	9.52304	11.719	6.11372	12.0653	3.63122	0	11.8535	9.83048	
4.2198	7.31019	5.23688	5.14056	3.27578	7.53396	7.55286	2.87389	16.8336	11.1865	11.9266	17.4178	10.1426	6.78517	8.37816	14.3297	6.86303	11.8535	0	5.69645	
4.6934	10.6666	5.75991	7.81119	6.48359	4.26543	9.06605	6.03931	12.9756	5.49003	5.84057	11.7214	6.37038	5.70139	3.71676	9.66832	5.89725	9.83048	5.69645	0	

0	12.4771	1.32576	7.99456	6.7745	9.20254	4.54688	1.07622	7.88133	3.64049	6.70211	3.87325	5.96553	2.62993	3.89782	2.59453	2.61235	13.1892	4.90902	8.07563	
12.4771	0	10.9638	21.7134	14.4129	12.4575	15.146	9.64377	11.5741	12.0241	12.6687	6.84674	9.34855	21.0009	6.03741	12.0947	9.81821	24.3573	12.5475	4.21392	
1.32576	10.9638	0	10.1014	8.74567	8.25196	6.65374	2.40199	8.4108	13.0134	7.8011	5.98011	16.9835	3.95569	6.00469	4.7014	4.559	14.1032	6.23478	6.74987	
7.99456	21.7134	10.1014	0	6.20253	8.47115	10.389	6.91834	17.3432	16.7486	16.2857	9.71536	21.2049	13.2977	9.56585	6.11382	8.45446	7.95297	8.06802	16.6298	
6.7745	14.4129	8.74567	6.20253	0	2.26861	11.0229	8.49612	8.67698	14.4332	12.4787	9.25586	11.7577	10.0498	8.58607	8.57146	8.23792	8.11982	1.86548	10.5121	
9.20254	12.4575	8.25196	8.47115	2.26861	0	12.5741	7.50543	6.40837	11.0351	7.01807	8.94077	8.4295	10.2719	10.067	7.69036	5.96931	5.8512	4.1341	8.24353	
4.54688	15.146	6.65374	10.389	11.0229	12.5741	0	3.47066	3.48672	9.03082	2.87701	6.26768	11.6077	6.9492	6.29226	4.98897	5.00679	6.72288	12.8884	10.932	
1.07622	9.64377	2.40199	6.91834	8.49612	7.50543	3.47066	0	8.47137	7.97441	6.34767	2.79703	5.29883	3.70615	2.8216	1.51831	1.53613	3.35747	5.98524	4.64509	
7.88133	11.5741	8.4108	17.3432	8.67698	6.40837	3.48672	8.47137	0	4.53132	0.609703	4.52294	2.02113	4.68189	9.1837	10.9223	8.64581	12.2596	12.7903	7.36022	
3.64049	12.0241	13.0134	16.7486	14.4332	11.0351	9.03082	7.97441	4.53132	0	5.08275	5.01199	2.51018	1.01056	12.6519	8.19447	5.31311	9.51889	17.4537	11.987	
6.70211	12.6687	7.8011	16.2857	12.4787	7.01807	2.87701	6.34767	0.609703	5.08275	0	5.82199	2.63084	4.07219	12.189	9.4496	8.37473	9.59989	12.2392	7.96992	
3.87325	6.84674	5.98011	9.71536	9.25586	8.94077	6.26768	2.79703	4.52294	5.01199	5.82199	0	2.50181	5.83741	5.61863	4.31534	2.97147	7.08708	11.1213	11.0607	
5.96553	9.34855	16.9835	21.2049	11.7577	8.4295	11.6077	5.29883	2.02113	2.51018	2.63084	2.50181	0	3.3356	19.3028	7.74973	5.47327	12.0291	16.8539	9.38135	
2.62993	21.0009	3.95569	13.2977	10.0498	10.2719	6.9492	3.70615	4.68189	1.01056	4.07219	5.83741	3.3356	0	9.99114	7.18391	4.30254	9.02306	7.53895	10.8931	
3.89782	6.03741	6.00469	9.56585	8.58607	10.067	6.29226	2.8216	9.1837	12.6519	12.189	5.61863	19.3028	9.99114	0	3.45204	4.35773	5.29119	6.72058	1.82349	
2.59453	12.0947	4.7014	6.11382	8.57146	7.69036	4.98897	1.51831	10.9223	8.19447	9.4496	4.31534	7.74973	7.18391	3.45204	0	3.05444	1.83916	6.70598	5.27552	
2.61235	9.81821	4.559	8.45446	8.23792	5.96931	5.00679	1.53613	8.64581	5.31311	8.37473	2.97147	5.47327	4.30254	4.35773	3.05444	0	6.41124	8.14225	8.54138	
13.1892	24.3573	14.1032	7.95297	8.11982	5.8512	6.72288	3.35747	12.2596	9.51889	9.59989	7.08708	12.0291	9.02306	5.29119	1.83916	6.41124	0	8.54514	14.0774	
4.90902	12.5475	6.23478	8.06802	1.86548	4.1341	12.8884	5.98524	12.7903	17.4537	12.2392	11.1213	16.8539	7.53895	6.72058	6.70598	8.14225	8.54514	0	8.54407	
8.07563	4.21392	6.74987	16.6298	10.5121	8.24353	10.932	4.64509	7.36022	11.987	7.96992	11.0607	9.38135	10.8931	1.82349	5.27552	8.54138	14.0774	8.54407	0	

0	4.03681	2.55366	5.04632	3.5552	1.52289	5.2067	2.31769	4.78656	7.50619	7.79467	13.0105	16.8727	12.0343	6.95151	6.866	4.22373	6.90232	4.38826	3.2981	
4.03681	0	4.24421	6.03735	3.24971	2.51392	5.05603	4.62936	8.81935	8.49722	9.69805	13.8565	19.5881	11.1623	5.40349	6.4209	8.67148	7.89335	2.4096	11.5631	
2.55366	4.24421	0	11.0702	2.67472	4.07654	4.48104	4.59651	2.23291	4.1639	2.84211	7.7907	10.2303	3.62608	4.8285	6.09872	5.4419	14.6512	1.83461	5.85176	
5.04632	6.03735	11.0702	0	14.0808	3.52343	7.20724	15.6667	12.8074	9.50673	9.82489	12.6331	11.5197	11.4333	11.2224	5.64235	12.8636	8.90286	11.2924	12.937	
3.5552	3.24971	2.67472	14.0808	0	5.07809	3.48654	5.42968	5.24354	12.5977	14.8587	9.45526	10.2426	12.1495	3.76773	7.66871	8.45252	5.91347	0.840108	6.85331	
1.52289	2.51392	4.07654	3.52343	5.07809	0	3.68381	3.84058	7.79333	5.9833	7.18412	8.9359	6.62654	6.54012	7.52517	5.34312	6.62451	5.37943	4.92352	4.82099	
5.2067	5.05603	4.48104	7.20724	3.48654	3.68381	0	7.93272	8.61308	9.66711	8.00387	12.4156	12.149	12.1227	5.64032	9.02693	3.89061	8.85918	2.64643	4.81623	
2.31769	4.62936	4.59651	15.6667	5.42968	3.84058	7.93272	0	4.18999	6.12099	4.7992	9.74778	15.471	5.58317	9.19741	10.6952	4.04212	13.2514	6.26979	4.96774	
4.78656	8.81935	2.23291	12.8074	5.24354	7.79333	8.61308	4.18999	0	1.93099	0.609207	4.08737	2.57423	1.39318	11.8783	4.79175	5.74957	7.89308	4.06752	5.10577	
7.50619	8.49722	4.1639	9.50673	12.5977	5.9833	9.66711	6.12099	1.93099	0	2.1145	1.43054	0.643242	0.556825	8.10783	6.29704	7.25486	5.96209	11.4217	6.61106	
7.79467	9.69805	2.84211	9.82489	14.8587	7.18412	8.00387	4.7992	0.609207	2.1145	0	4.93244	2.75774	2.00238	8.14997	4.18254	5.14036	8.07659	10.6503	4.49656	
13.0105	13.8565	7.7907	12.6331	9.45526	8.9359	12.4156	9.74778	4.08737	1.43054	4.93244	0	0.787294	2.6942	5.7022	8.64325	11.0624	3.55647	10.2954	10.4186	
16.8727	19.5881	10.2303	11.5197	10.2426	6.62654	12.149	15.471	2.57423	0.643242	2.75774	0.787294	0	1.20007	7.5256	8.32769	9.28551	4.34376	10.5195	8.64171	
12.0343	11.1623	3.62608	11.4333	12.1495	6.54012	12.1227	5.58317	1.39318	0.556825	2.00238	2.6942	1.20007	0	12.2545	5.94906	13.1703	6.25066	11.3152	10.7809	
6.95151	5.40349	4.8285	11.2224	3.76773	7.52517	5.64032	9.19741	11.8783	8.10783	8.14997	5.7022	7.5256	12.2545	0	9.82249	4.57903	2.14574	2.99389	3.65341	
6.866	6.4209	6.09872	5.64235	7.66871	5.34312	9.02693	10.6952	4.79175	6.29704	4.18254	8.64325	8.32769	5.94906	9.82249	0	7.22123	10.7225	6.8286	7.29464	
4.22373	8.67148	5.4419	12.8636	8.45252	6.62451	3.89061	4.04212	5.74957	7.25486	5.14036	11.0624	9.28551	13.1703	4.57903	7.22123	0	9.2093	6.53704	0.925622	
6.90232	7.89335	14.6512	8.90286	5.91347	5.37943	8.85918	13.2514	7.89308	5.96209	8.07659	3.55647	4.34376	6.25066	2.14574	10.7225	9.2093	0	5.13963	5.79914	
4.38826	2.4096	1.83461	11.2924	0.840108	4.92352	2.64643	6.26979	4.06752	11.4217	10.6503	10.2954	10.5195	11.3152	2.99389	6.8286	6.53704	5.13963	0	6.6473	
3.2981	11.5631	5.85176	12.937	6.85331	4.82099	4.81623	4.96774	5.10577	6.61106	4.49656	10.4186	8.64171	10.7809	3.65341	7.29464	0.925622	5.79914	6.6473	0	

0	5.98146	2.64827	7.70259	4.8618	0.910107	14.9876	6.12945	9.7054	6.9519	2.69143	10.8391	10.9807	7.04818	7.01771	2.26012	3.29986	7.71914	8.51321	4.6187	
5.98146	0	4.64389	17.5847	1.11965	13.0809	14.2721	3.01741	7.71287	11.1029	6.948	16.8928	11.033	13.1919	9.18382	25.979	3.82197	14.0946	3.35014	6.94056	
2.64827	4.64389	0	10.4603	3.52424	2.42832	12.3393	4.87074	9.56619	11.8453	2.91906	13.7457	9.45925	4.62427	9.66598	1.0783	4.21298	9.29107	7.60568	2.19479	
7.70259	17.5847	10.4603	0	13.9846	6.79249	15.5056	11.5083	6.81281	9.32664	7.18858	9.18105	9.01861	11.2339	12.2526	8.1425	12.0107	4.72639	18.9735	12.6551	
4.8618	1.11965	3.52424	13.9846	0	5.77191	14.6466	4.13707	9.40626	9.98327	9.03049	11.8856	10.1415	8.25039	8.06416	4.60254	2.70231	10.6034	4.08144	5.71903	
0.910107	13.0809	2.42832	6.79249	5.77191	0	12.4302	5.71191	2.15709	6.04179	1.78132	8.1662	4.65995	7.03157	7.92782	1.35001	4.20997	8.62925	10.4316	5.52881	
14.9876	14.2721	12.3393	15.5056	14.6466	12.4302	0	11.2547	6.71087	6.38841	7.38369	7.78931	4.50507	6.38704	15.5845	13.4176	13.8823	10.7792	19.0957	11.7695	
6.12945	3.01741	4.87074	11.5083	4.13707	5.71191	11.2547	0	4.30636	7.20927	3.93059	10.3155	6.80921	9.11657	10.1353	5.77135	2.82959	10.7306	6.36755	6.38939	
9.7054	7.71287	9.56619	6.81281	9.40626	2.15709	6.71087	4.30636	0	2.51382	0.375767	5.49003	2.20579	3.5036	5.4398	2.21652	7.52504	11.1591	12.528	6.8506	
6.9519	11.1029	11.8453	9.32664	9.98327	6.04179	6.38841	7.20927	2.51382	0	2.88959	5.61223	2.32799	0.989781	7.95362	7.3918	11.26	7.72772	14.0647	3.41926	
2.69143	6.948	2.91906	7.18858	9.03049	1.78132	7.38369	3.93059	0.375767	2.88959	0	6.16286	2.58156	4.76059	5.81557	1.84076	6.76018	10.8395	12.1522	7.77292	
10.8391	16.8928	13.7457	9.18105	11.8856	8.1662	7.78931	10.3155	5.49003	5.61223	6.16286	0	3.28424	5.16621	3.82139	8.22563	12.3557	4.45466	16.1258	10.5487	
10.9807	11.033	9.45925	9.01861	10.1415	4.65995	4.50507	6.80921	2.20579	2.32799	2.58156	3.28424	0	1.88197	7.10564	4.71938	10.8243	7.7389	14.223	4.31145	
7.04818	13.1919	4.62427	11.2339	8.25039	7.03157	6.38704	9.11657	3.5036	0.989781	4.76059	5.16621	1.88197	0	9.86092	7.1842	5.98928	6.73794	16.1537	2.42948	
7.01771	9.18382	9.66598	12.2526	8.06416	7.92782	15.5845	10.1353	5.4398	7.95362	5.81557	3.82139	7.10564	9.86092	0	10.3507	10.3176	8.27605	12.1456	8.322	
2.26012	25.979	1.0783	8.1425	4.60254	1.35001	13.4176	5.77135	2.21652	7.3918	1.84076	8.22563	4.71938	7.1842	10.3507	0	5.29129	10.3694	11.8464	3.27309	
3.29986	3.82197	4.21298	12.0107	2.70231	4.20997	13.8823	2.82959	7.52504	11.26	6.76018	12.3557	10.8243	5.98928	10.3176	5.29129	0	7.90104	5.21335	3.5598	
7.71914	14.0946	9.29107	4.72639	10.6034	8.62925	10.7792	10.7306	11.1591	7.72772	10.8395	4.45466	7.7389	6.73794	8.27605	10.3694	7.90104	0	13.1144	9.16742	
8.51321	3.35014	7.60568	18.9735	4.08144	10.4316	19.0957	6.36755	12.528	14.0647	12.1522	16.1258	14.223	16.1537	12.1456	11.8464	5.21335	13.1144	0	8.77315	
4.6187	6.94056	2.19479	12.6551	5.71903	5.52881	11.7695	6.38939	6.8506	3.41926	7.77292	10.5487	4.31145	2.42948	8.322	3.27309	3.5598	9.16742	8.77315	0	

0	7.66903	3.40667	12.7531	5.22705	6.46867	10.6508	2.53255	14.8668	12.3497	10.6318	18.5776	9.7944	14.4184	4.73968	8.77746	6.76497	8.85312	4.13589	3.50126	
7.66903	0	15.5533	6.20685	4.6243	12.614	11.259	9.76974	20.4937	12.7475	23.3851	29.0036	14.5502	21.5845	22.9105	20.8632	9.621	9.84203	3.53314	16.3883	
3.40667	15.5533	0	9.34643	8.76764	4.16662	7.2441	2.748	12.5478	9.30122	7.22518	20.7795	9.24021	13.9889	1.333	3.65864	3.35829	6.51865	7.54256	5.70319	
12.7531	6.20685	9.34643	0	11.1798	6.40713	8.34757	10.3433	14.2868	10.8986	11.7019	24.0831	8.34334	11.8931	9.24075	23.6798	10.4091	9.97738	9.73999	15.0496	
5.22705	4.6243	8.76764	11.1798	0	4.77266	8.81701	7.32776	19.4919	10.3056	16.1646	14.2735	18.8528	20.4417	7.60628	13.8351	5.40934	7.40004	1.09116	8.55886	
6.46867	12.614	4.16662	6.40713	4.77266	0	5.69636	3.93612	18.5331	12.7091	5.21067	19.0461	14.7505	23.6185	2.83361	5.15925	4.4505	3.57025	5.86382	8.92211	
10.6508	11.259	7.2441	8.34757	8.81701	5.69636	0	9.9921	8.00933	4.55137	3.66827	16.2247	1.99611	6.47283	8.5771	7.41961	5.28646	2.1261	7.72586	7.47796	
2.53255	9.76974	2.748	10.3433	7.32776	3.93612	9.9921	0	15.2958	15.451	9.97318	22.4395	12.3269	18.4548	4.081	7.81878	6.10629	7.50638	6.2366	6.03381	
14.8668	20.4937	12.5478	14.2868	19.4919	18.5331	8.00933	15.2958	0	1.71669	7.62652	10.6718	6.06516	1.44118	13.8808	4.07729	14.0826	9.28228	14.7649	13.324	
12.3497	12.7475	9.30122	10.8986	10.3056	12.7091	4.55137	15.451	1.71669	0	2.07604	9.50616	2.55527	0.275513	14.3878	2.91163	12.2992	3.71646	9.2144	12.1584	
10.6318	23.3851	7.22518	11.7019	16.1646	5.21067	3.66827	9.97318	7.62652	2.07604	0	5.66424	3.35853	2.35156	6.07698	3.75134	4.80078	1.64042	7.94931	6.99228	
18.5776	29.0036	20.7795	24.0831	14.2735	19.0461	16.2247	22.4395	10.6718	9.50616	5.66424	0	13.8546	4.54901	4.23853	1.9129	19.6828	20.4282	15.3646	7.1891	
9.7944	14.5502	9.24021	8.34334	18.8528	14.7505	1.99611	12.3269	6.06516	2.55527	3.35853	13.8546	0	2.83078	18.5148	7.10987	13.4435	4.12221	9.72197	13.2957	
14.4184	21.5845	13.9889	11.8931	20.4417	23.6185	6.47283	18.4548	1.44118	0.275513	2.35156	4.54901	2.83078	0	4.96175	2.63612	15.5237	9.12018	9.48991	7.91232	
4.73968	22.9105	1.333	9.24075	7.60628	2.83361	8.5771	4.081	13.8808	14.3878	6.07698	4.23853	18.5148	4.96175	0	2.32564	4.6913	6.40387	11.7297	7.03619	
8.77746	20.8632	3.65864	23.6798	13.8351	5.15925	7.41961	7.81878	4.07729	2.91163	3.75134	1.9129	7.10987	2.63612	2.32564	0	12.713	5.39176	17.3301	5.2762	
6.76497	9.621	3.35829	10.4091	5.40934	4.4505	5.28646	6.10629	14.0826	12.2992	4.80078	19.6828	13.4435	15.5237	4.6913	12.713	0	3.16036	6.08785	8.51222	
8.85312	9.84203	6.51865	9.97738	7.40004	3.57025	2.1261	7.50638	9.28228	3.71646	1.64042	20.4282	4.12221	9.12018	6.40387	5.39176	3.16036	0	6.30888	5.35186	
4.13589	3.53314	7.54256	9.73999	1.09116	5.86382	7.72586	6.2366	14.7649	9.2144	7.94931	15.3646	9.72197	9.48991	11.7297	17.3301	6.08785	6.30888	0	7.63715	
3.50126	16.3883	5.70319	15.0496	8.55886	8.92211	7.47796	6.03381	13.324	12.1584	6.99228	7.1891	13.2957	7.91232	7.03619	5.2762	8.51222	5.35186	7.63715	0	

0	2.51904	2.24721	9.00323	1.25374	3.7909	2.82798	3.04436	9.48476	5.96611	23.6306	10.8271	8.38129	8.41275	1.89123	4.54999	1.46619	5.35576	3.40116	1.20137	
2.51904	0	3.13335	11.6014	1.26531	2.67018	2.83955	2.95954	14.2282	7.96629	12.1372	13.5005	9.29097	11.4816	8.80318	4.56156	4.99489	6.2419	3.63168	4.4647	
2.24721	3.13335	0	10.3874	3.50095	5.1751	3.93696	2.10423	7.71201	8.36808	11.1202	12.1492	6.15762	10.3718	4.13844	12.1083	2.85038	3.10855	1.15395	3.44858	
9.00323	11.6014	10.3874	0	10.3361	9.77725	5.57522	10.7902	1.24367	3.61266	4.10491	7.02736	2.79806	3.99021	17.4908	13.6323	7.53704	9.71427	11.0939	9.24588	
1.25374	1.26531	3.50095	10.3361	0	3.93549	1.57424	3.86981	11.3972	2.66832	7.5089	12.8251	3.26151	9.45685	3.14497	3.29625	2.71993	2.40265	4.89698	2.45511	
3.7909	2.67018	5.1751	9.77725	3.93549	0	2.92424	5.57789	7.66509	4.01832	11.1747	12.4127	4.61151	5.68701	6.53158	11.6451	2.32471	3.75266	5.88161	5.79558	
2.82798	2.83955	3.93696	5.57522	1.57424	2.92424	0	5.44405	3.24166	1.09408	6.9727	7.67888	1.68727	1.48498	9.11211	4.87049	5.24896	0.828415	5.90817	4.77364	
3.04436	2.95954	2.10423	10.7902	3.86981	5.57789	5.44405	0	12.3267	9.97108	11.0545	10.541	8.26185	9.58018	4.9356	7.16607	3.25317	5.21278	3.25818	4.24573	
9.48476	14.2282	7.71201	1.24367	11.3972	7.66509	3.24166	12.3267	0	2.36898	2.86124	5.78369	1.55439	2.74654	13.4271	7.07388	8.46949	7.62851	12.8275	7.13372	
5.96611	7.96629	8.36808	3.61266	2.66832	4.01832	1.09408	9.97108	2.36898	0	1.86526	5.20545	2.78134	0.390902	9.90841	9.4454	7.62082	1.92249	7.50872	4.76474	
23.6306	12.1372	11.1202	4.10491	7.5089	11.1747	6.9727	11.0545	2.86124	1.86526	0	4.60088	4.41563	1.47436	16.4994	4.21264	12.56	11.1381	9.96627	8.68574	
10.8271	13.5005	12.1492	7.02736	12.8251	12.4127	7.67888	10.541	5.78369	5.20545	4.60088	0	5.99162	4.81454	12.8273	8.81352	10.088	14.2543	13.6449	9.62572	
8.38129	9.29097	6.15762	2.79806	3.26151	4.61151	1.68727	8.26185	1.55439	2.78134	4.41563	5.99162	0	3.78505	17.8015	13.2687	6.9151	2.51568	7.31157	8.15888	
8.41275	11.4816	10.3718	3.99021	9.45685	5.68701	1.48498	9.58018	2.74654	0.390902	1.47436	4.81454	3.78505	0	12.355	5.687	11.1293	5.65043	11.4406	5.15564	
1.89123	8.80318	4.13844	17.4908	3.14497	6.53158	9.11211	4.9356	13.4271	9.90841	16.4994	12.8273	17.8015	12.355	0	10.8341	3.35742	12.8895	7.80972	3.09261	
4.54999	4.56156	12.1083	13.6323	3.29625	11.6451	4.87049	7.16607	7.07388	9.4454	4.21264	8.81352	13.2687	5.687	10.8341	0	9.89349	9.26802	12.6066	6.49565	
1.46619	4.99489	2.85038	7.53704	2.71993	2.32471	5.24896	3.25317	8.46949	7.62082	12.56	10.088	6.9151	11.1293	3.35742	9.89349	0	5.95893	3.5569	2.66756	
5.35576	6.2419	3.10855	9.71427	2.40265	3.75266	0.828415	5.21278	7.62851	1.92249	11.1381	14.2543	2.51568	5.65043	12.8895	9.26802	5.95893	0	4.2625	9.36876	
3.40116	3.63168	1.15395	11.0939	4.89698	5.88161	5.90817	3.25818	12.8275	7.50872	9.96627	13.6449	7.31157	11.4406	7.80972	12.6066	3.5569	4.2625	0	7.41416	
1.20137	4.4647	3.44858	9.24588	2.45511	5.79558	4.77364	4.24573	7.13372	4.76474	8.68574	9.62572	8.15888	5.15564	3.09261	6.49565	2.66756	9.36876	7.41416	0	

-111