20
5
3
5
20

6	21
10	1
47	15
18	25
31	42

9	22
22	5
8	17
2	22
20	29
2	24
25	15
20	24
15	2
4	18
29	47
34	25
27	39
46	33
33	29
28	46
44	28
33	32
35	23
40	39

70

1.79769e+308
1.79769e+308
1.79769e+308
1.79769e+308
1.79769e+308

20
11
18
13
12
17
19
13
18
14
12
15
15
20
13
14
17
19
14
16

0
0
0
0
0

0

0	4.29797	9.12701	2.69992	9.61589	2.51183	2.62239	0.417682	1.961	4.87082	1.24469	4.23157	3.65678	6.33663	1.05403	4.39724	1.6898	6.99041	5.49732	5.67777	12.1889	4.58812	5.70359	3.43772	4.65431	
4.29797	0	9.62079	9.78081	14.5228	5.15662	7.21508	4.71565	5.86131	8.60714	3.75106	8.52954	4.28776	4.3071	3.94173	6.93631	4.22887	10.5266	8.0364	8.23861	14.8476	7.1272	7.96532	5.82427	7.19339	
9.12701	9.62079	0	5.15128	5.69085	9.57859	7.717	7.43352	8.97996	8.12556	8.26365	8.71508	5.55546	5.98897	8.07299	5.0835	5.54445	5.53511	3.28275	6.21087	4.56462	3.31472	5.93758	3.79652	5.59897	
2.69992	9.78081	5.15128	0	8.27591	3.9524	2.56573	2.28224	8.33598	2.07538	0.940879	3.5638	0.404183	9.12758	5.69262	4.4196	6.36405	7.05946	8.43403	5.7973	9.90866	7.92344	4.752	4.80801	9.12534	
9.61589	14.5228	5.69085	8.27591	0	5.53705	10.8416	8.98592	9.46884	5.90966	8.29734	9.59012	4.62277	8.40798	7.91883	0.607347	3.31479	1.05895	2.91462	3.29509	1.12754	6.40846	1.89086	5.70944	3.32768	
2.51183	5.15662	9.57859	3.9524	5.53705	0	4.29886	2.09415	2.41258	5.21941	1.40556	6.75135	1.94226	4.30741	1.5056	4.92971	7.63715	5.38131	7.7519	6.12934	5.4499	11.4546	6.21323	7.70612	7.88324	
2.62239	7.21508	7.717	2.56573	10.8416	4.29886	0	2.20471	8.60711	1.73229	3.64463	3.86376	2.96991	8.63082	5.54908	6.50577	3.79833	8.77743	7.17832	4.34685	8.25454	5.35771	7.69815	5.54625	6.55962	
0.417682	4.71565	7.43352	2.28224	8.98592	2.09415	2.20471	0	3.55017	3.93699	1.43992	4.64925	1.97661	4.34177	1.47171	7.02386	2.10748	6.57273	7.16469	5.96618	8.44656	7.56242	7.41466	7.90959	8.76432	
1.961	5.86131	8.97996	8.33598	9.46884	2.41258	8.60711	3.55017	0	4.72377	1.09764	7.37079	2.64695	5.0121	0.906977	9.10669	4.82902	8.88578	13.5671	5.53072	10.647	12.2633	11.9852	7.1075	13.5289	
4.87082	8.60714	8.12556	2.07538	5.90966	5.21941	1.73229	3.93699	4.72377	0	2.20789	5.59605	1.67119	6.99619	3.8168	5.68661	5.53061	3.67803	6.63145	2.61457	10.5662	4.81084	4.25511	4.80375	6.60619	
1.24469	3.75106	8.26365	0.940879	8.29734	1.40556	3.64463	1.43992	1.09764	2.20789	0	5.34579	0.536696	2.90185	0.190667	4.55212	5.12457	6.77553	8.60461	4.81441	7.87559	10.3788	4.88452	4.94053	10.958	
4.23157	8.52954	8.71508	3.5638	9.59012	6.75135	3.86376	4.64925	7.37079	5.59605	5.34579	0	3.96799	8.24764	5.2856	6.85133	5.92137	6.39972	7.55054	7.46318	7.95737	5.72993	8.69623	10.425	9.65229	
3.65678	4.28776	5.55546	0.404183	4.62277	1.94226	2.96991	1.97661	2.64695	1.67119	0.536696	3.96799	0	3.43855	0.727363	4.01542	5.34657	4.46703	8.25393	4.28576	4.53561	6.48203	4.34782	4.40383	6.20627	
6.33663	4.3071	5.98897	9.12758	8.40798	4.30741	8.63082	4.34177	5.0121	6.99619	2.90185	8.24764	3.43855	0	3.09252	12.1224	3.94037	6.17635	9.49663	4.60679	11.5357	11.911	4.3335	2.19245	3.99489	
1.05403	3.94173	8.07299	5.69262	7.91883	1.5056	5.54908	1.47171	0.906977	3.8168	0.190667	5.2856	0.727363	3.09252	0	6.43531	2.74382	5.6872	9.00748	4.62374	7.97563	8.62764	6.26428	6.20052	8.00297	
4.39724	6.93631	5.0835	4.4196	0.607347	4.92971	6.50577	7.02386	9.10669	5.68661	4.55212	6.85133	4.01542	12.1224	6.43531	0	2.70744	0.451605	1.80206	1.51507	0.520192	4.05487	1.28352	3.42457	2.21511	
1.6898	4.22887	5.54445	6.36405	3.31479	7.63715	3.79833	2.10748	4.82902	5.53061	5.12457	5.92137	5.34657	3.94037	2.74382	2.70744	0	3.15905	3.80753	4.16227	3.22763	2.89833	3.88897	1.74792	2.96452	
6.99041	10.5266	5.53511	7.05946	1.05895	5.38131	8.77743	6.57273	8.88578	3.67803	6.77553	6.39972	4.46703	6.17635	5.6872	0.451605	3.15905	0	3.1811	1.06346	0.971797	3.60327	1.73512	3.47781	3.40513	
5.49732	8.0364	3.28275	8.43403	2.91462	7.7519	7.17832	7.16469	13.5671	6.63145	8.60461	7.55054	8.25393	9.49663	9.00748	1.80206	3.80753	3.1811	0	4.38374	1.28187	1.82061	3.90611	5.55545	2.97679	
5.67777	8.23861	6.21087	5.7973	3.29509	6.12934	4.34685	5.96618	5.53072	2.61457	4.81441	7.46318	4.28576	4.60679	4.62374	1.51507	4.16227	1.06346	4.38374	0	2.96269	4.66673	1.64054	2.41434	4.21679	
12.1889	14.8476	4.56462	9.90866	1.12754	5.4499	8.25454	8.44656	10.647	10.5662	7.87559	7.95737	4.53561	11.5357	7.97563	0.520192	3.22763	0.971797	1.28187	2.96269	0	3.10247	1.80371	3.49737	1.69492	
4.58812	7.1272	3.31472	7.92344	6.40846	11.4546	5.35771	7.56242	12.2633	4.81084	10.3788	5.72993	6.48203	11.911	8.62764	4.05487	2.89833	3.60327	1.82061	4.66673	3.10247	0	5.72672	4.64625	5.86285	
5.70359	7.96532	5.93758	4.752	1.89086	6.21323	7.69815	7.41466	11.9852	4.25511	4.88452	8.69623	4.34782	4.3335	6.26428	1.28352	3.88897	1.73512	3.90611	1.64054	1.80371	5.72672	0	2.14105	3.9435	
3.43772	5.82427	3.79652	4.80801	5.70944	7.70612	5.54625	7.90959	7.1075	4.80375	4.94053	10.425	4.40383	2.19245	6.20052	3.42457	1.74792	3.47781	5.55545	2.41434	3.49737	4.64625	2.14105	0	1.80244	
4.65431	7.19339	5.59897	9.12534	3.32768	7.88324	6.55962	8.76432	13.5289	6.60619	10.958	9.65229	6.20627	3.99489	8.00297	2.21511	2.96452	3.40513	2.97679	4.21679	1.69492	5.86285	3.9435	1.80244	0	

0	8.4279	5.49414	3.98554	2.88115	1.47708	3.77041	0.712948	1.95018	4.71467	0.515033	5.93673	4.62058	6.21864	0.615198	5.23244	8.13048	5.39306	6.68075	5.48342	6.69172	5.87579	4.76886	8.74939	8.81938	
8.4279	0	10.9178	5.01153	8.00874	5.16751	4.00117	5.93164	10.0414	8.24148	7.11663	4.59073	13.2869	1.55294	10.6059	7.13958	5.80419	7.43533	5.22945	10.2497	7.97644	10.2168	10.2272	4.20675	7.84259	
5.49414	10.9178	0	6.85437	7.96619	8.83245	9.8736	6.44517	9.48493	5.08869	5.44399	9.45292	4.87386	11.5659	4.87894	5.56891	7.43286	5.76708	1.50595	4.31697	5.27762	2.31092	5.56354	2.52865	5.47004	
3.98554	5.01153	6.85437	0	3.31816	0.725159	5.90682	1.48929	3.03795	2.24246	2.67427	3.90109	1.9805	3.45859	4.43068	2.69722	6.20698	1.56407	6.44013	3.79464	4.18653	5.63517	2.54808	4.79265	3.50532	
2.88115	8.00874	7.96619	3.31816	0	2.93233	8.34056	2.1682	3.22797	2.43248	3.22841	6.03037	3.09233	9.06816	3.73443	5.13159	5.39942	1.75409	4.0603	6.26209	4.37655	3.25534	3.68201	3.80198	3.47847	
1.47708	5.16751	8.83245	0.725159	2.93233	0	5.48612	0.764131	2.00136	5.98521	1.82434	3.17593	2.70566	4.18375	2.33036	1.97206	7.22378	2.28923	8.83195	4.5366	2.26336	6.36033	3.27324	9.37427	4.30519	
3.77041	4.00117	9.8736	5.90682	8.34056	5.48612	0	4.48336	3.8985	8.48507	4.28544	2.31019	10.3369	2.44823	4.38561	8.12116	4.36008	5.37238	10.2215	5.55662	6.4855	8.18841	6.80319	5.95752	7.88268	
0.712948	5.93164	6.44517	1.48929	2.1682	0.764131	4.48336	0	1.23723	5.42761	1.06021	3.94006	4.81843	8.37072	1.32815	2.73619	6.64379	2.71111	9.59608	4.77047	6.94107	5.42354	5.4818	5.97019	5.64668	
1.95018	10.0414	9.48493	3.03795	3.22797	2.00136	3.8985	1.23723	0	2.15227	2.29743	6.2087	6.05566	6.34674	2.80346	5.99513	5.40656	1.47388	14.1619	6.0077	4.09635	10.9184	3.40181	4.70246	3.41513	
4.71467	8.24148	5.08869	2.24246	2.43248	5.98521	8.48507	5.42761	2.15227	0	5.2297	8.23763	3.26358	8.71864	5.32986	5.11032	5.63216	0.678394	5.05742	4.30893	3.30086	6.53976	2.60632	3.90697	2.61964	
0.515033	7.11663	5.44399	2.67427	3.22841	1.82434	4.28544	1.06021	2.29743	5.2297	0	5.12504	4.57044	7.32422	0.565054	3.92118	8.93833	5.00565	10.7811	5.83067	6.39601	6.39082	5.28389	9.51872	13.2778	
5.93673	4.59073	9.45292	3.90109	6.03037	3.17593	2.31019	3.94006	6.2087	8.23763	5.12504	0	6.01036	3.03779	5.32153	4.4666	6.67027	5.59393	6.68317	7.86682	4.1753	5.87821	6.57794	9.18294	9.50049	
4.62058	13.2869	4.87386	1.9805	3.09233	2.70566	10.3369	4.81843	6.05566	3.26358	4.57044	6.01036	0	5.43909	4.00539	8.22392	6.69506	3.54457	5.46219	4.28271	6.85018	4.65723	3.03615	6.89431	6.5708	
6.21864	1.55294	11.5659	3.45859	9.06816	4.18375	2.44823	8.37072	6.34674	8.71864	7.32422	3.03779	5.43909	0	8.27297	9.23808	6.80831	5.02266	7.16785	8.00486	7.2131	8.916	6.00667	5.7597	9.39553	
0.615198	10.6059	4.87894	4.43068	3.73443	2.33036	4.38561	1.32815	2.80346	5.32986	0.565054	5.32153	4.00539	8.27297	0	7.10146	10.0126	5.22622	6.38489	6.3367	6.96106	6.49098	5.38405	8.4548	7.16747	
5.23244	7.13958	5.56891	2.69722	5.13159	1.97206	8.12116	2.73619	5.99513	5.11032	3.92118	4.4666	8.22392	9.23808	7.10146	0	5.25171	2.91376	6.29721	2.56453	0.291295	5.57128	3.8111	6.84916	2.33312	
8.13048	5.80419	7.43286	6.20698	5.39942	7.22378	4.36008	6.64379	5.40656	5.63216	8.93833	6.67027	6.69506	6.80831	10.0126	5.25171	0	4.82602	2.62014	3.11589	5.54301	5.51188	3.65891	1.59744	7.58484	
5.39306	7.43533	5.76708	1.56407	1.75409	2.28923	5.37238	2.71111	1.47388	0.678394	5.00565	5.59393	3.54457	5.02266	5.22622	2.91376	4.82602	0	4.25127	3.17449	2.62247	5.00943	1.92793	3.22858	1.94125	
6.68075	5.22945	1.50595	6.44013	4.0603	8.83195	10.2215	9.59608	14.1619	5.05742	10.7811	6.68317	5.46219	7.16785	6.38489	6.29721	2.62014	4.25127	0	3.81171	6.78357	0.804963	5.75553	1.0227	3.96409	
5.48342	10.2497	4.31697	3.79464	6.26209	4.5366	5.55662	4.77047	6.0077	4.30893	5.83067	7.86682	4.28271	8.00486	6.3367	2.56453	3.11589	3.17449	3.81171	0	2.85583	3.00675	1.24657	4.71333	4.89766	
6.69172	7.97644	5.27762	4.18653	4.37655	2.26336	6.4855	6.94107	4.09635	3.30086	6.39601	4.1753	6.85018	7.2131	6.96106	0.291295	5.54301	2.62247	6.78357	2.85583	0	10.0535	3.81403	5.85104	2.62442	
5.87579	10.2168	2.31092	5.63517	3.25534	6.36033	8.18841	5.42354	10.9184	6.53976	6.39082	5.87821	4.65723	8.916	6.49098	5.57128	5.51188	5.00943	0.804963	3.00675	10.0535	0	4.25331	1.82766	4.76905	
4.76886	10.2272	5.56354	2.54808	3.68201	3.27324	6.80319	5.4818	3.40181	2.60632	5.28389	6.57794	3.03615	6.00667	5.38405	3.8111	3.65891	1.92793	5.75553	1.24657	3.81403	4.25331	0	5.1565	3.86917	
8.74939	4.20675	2.52865	4.79265	3.80198	9.37427	5.95752	5.97019	4.70246	3.90697	9.51872	9.18294	6.89431	5.7597	8.4548	6.84916	1.59744	3.22858	1.0227	4.71333	5.85104	1.82766	5.1565	0	4.98678	
8.81938	7.84259	5.47004	3.50532	3.47847	4.30519	7.88268	5.64668	3.41513	2.61964	13.2778	9.50049	6.5708	9.39553	7.16747	2.33312	7.58484	1.94125	3.96409	4.89766	2.62442	4.76905	3.86917	4.98678	0	

0	4.94432	14.1362	3.84836	8.21281	1.98572	4.02956	1.43471	3.94784	1.75876	4.54758	8.55628	4.23825	3.49262	1.78762	5.82882	6.33246	2.64355	8.59354	4.71654	9.5907	5.33164	7.22309	9.20068	8.07327	
4.94432	0	5.69619	6.89295	15.6731	3.8357	1.18857	2.97542	4.68434	9.90096	8.93118	6.54663	4.64293	0.917504	3.37294	9.42257	6.43104	5.58229	6.19746	3.94227	23.9052	10.9372	14.3826	4.37258	10.2687	
14.1362	5.69619	0	6.72433	10.4813	11.8994	6.88476	12.5922	14.3012	10.7079	14.5632	7.65358	9.84403	6.61369	10.5056	11.3648	14.0098	9.82309	14.5303	13.4655	14.101	5.24105	5.13989	12.4363	4.57256	
3.84836	6.89295	6.72433	0	8.8675	3.36042	3.84424	2.43645	4.18619	4.9354	3.25773	3.89581	0.389887	4.96231	2.08354	6.69669	8.46971	5.82019	8.83189	7.89318	8.9723	1.48328	7.53675	8.97482	8.10409	
8.21281	15.6731	10.4813	8.8675	0	9.89569	5.0519	7.79282	8.80194	1.54297	5.39832	3.96551	9.25739	8.43261	9.901	2.3132	2.7816	0.658176	3.15265	2.46984	0.104795	10.3508	2.00444	5.35249	2.57178	
1.98572	3.8357	11.8994	3.36042	9.89569	0	2.64713	1.6298	3.37954	3.74448	2.56186	8.00519	6.10149	6.01254	1.27689	5.89004	7.8896	7.04085	8.02524	8.35665	18.0989	8.31599	7.89125	5.83114	8.45858	
4.02956	1.18857	6.88476	3.84424	5.0519	2.64713	0	2.53729	4.28703	5.27851	5.20899	5.35806	3.45435	2.10607	2.18437	4.16171	5.24247	4.39372	7.24686	7.16044	12.288	7.7706	9.16679	3.18401	11.8554	
1.43471	2.97542	12.5922	2.43645	7.79282	1.6298	2.53729	0	2.45557	3.07662	5.56315	11.5864	3.29428	2.05791	0.352913	4.96607	7.65032	3.96142	7.10126	5.08267	7.46833	4.38768	5.78837	6.23763	6.35571	
3.94784	4.68434	14.3012	4.18619	8.80194	3.37954	4.28703	2.45557	0	5.7314	2.90838	15.4083	5.58015	3.76684	2.10265	6.71581	10.2271	7.64852	8.851	6.7916	10.8108	6.67354	6.7975	8.01344	7.36484	
1.75876	9.90096	10.7079	4.9354	1.54297	3.74448	5.27851	3.07662	5.7314	0	5.62493	5.75761	5.32528	5.13454	3.42954	4.07006	4.5737	0.884791	4.58781	2.95778	6.27846	6.41868	3.42318	5.04776	7.98668	
4.54758	8.93118	14.5632	3.25773	5.39832	2.56186	5.20899	5.56315	2.90838	5.62493	0	10.3269	3.64761	6.67522	3.83875	10.7689	10.8158	4.74014	10.6608	11.0384	12.6344	4.74101	9.5132	10.9218	17.5211	
8.55628	6.54663	7.65358	3.89581	3.96551	8.00519	5.35806	11.5864	15.4083	5.75761	10.3269	0	4.26415	12.8755	7.54244	8.42188	1.18391	7.25958	3.18829	3.10187	8.60025	2.41253	7.66645	3.7548	9.17816	
4.23825	4.64293	9.84403	0.389887	9.25739	6.10149	3.45435	3.29428	5.58015	5.32528	3.64761	4.26415	0	8.31895	2.47342	9.45759	5.44806	7.84808	11.5928	12.6749	15.4783	1.87317	7.92664	6.63836	14.4166	
3.49262	0.917504	6.61369	4.96231	8.43261	6.01254	2.10607	2.05791	3.76684	5.13454	6.67522	12.8755	8.31895	0	2.41083	6.15157	4.94272	9.28642	4.65479	3.02476	10.2139	9.67443	3.49016	5.17386	11.9177	
1.78762	3.37294	10.5056	2.08354	9.901	1.27689	2.18437	0.352913	2.10265	3.42954	3.83875	7.54244	2.47342	2.41083	0	4.61316	7.42685	6.5781	6.74835	8.37838	6.82156	3.56682	6.14129	5.36838	9.67107	
5.82882	9.42257	11.3648	6.69669	2.3132	5.89004	4.16171	4.96607	6.71581	4.07006	10.7689	8.42188	9.45759	6.15157	4.61316	0	3.54859	4.95485	5.64944	4.01941	2.2084	6.12373	4.40966	0.977707	4.977	
6.33246	6.43104	14.0098	8.46971	2.7816	7.8896	5.24247	7.65032	10.2271	4.5737	10.8158	1.18391	5.44806	4.94272	7.42685	3.54859	0	3.43978	2.00439	1.91796	2.8864	3.59644	2.38336	2.57089	7.04988	
2.64355	5.58229	9.82309	5.82019	0.658176	7.04085	4.39372	3.96142	7.64852	0.884791	4.74014	7.25958	7.84808	9.28642	6.5781	4.95485	3.43978	0	3.81083	3.84258	0.762972	13.5003	2.66262	6.99484	5.3404	
8.59354	6.19746	14.5303	8.83189	3.15265	8.02524	7.24686	7.10126	8.851	4.58781	10.6608	3.18829	11.5928	4.65479	6.74835	5.64944	2.00439	3.81083	0	1.63003	3.25745	10.7731	2.09543	4.57527	9.95777	
4.71654	3.94227	13.4655	7.89318	2.46984	8.35665	7.16044	5.08267	6.7916	2.95778	11.0384	3.10187	12.6749	3.02476	8.37838	4.01941	1.91796	3.84258	1.63003	0	6.22781	10.1431	0.465401	4.48885	1.03274	
9.5907	23.9052	14.101	8.9723	0.104795	18.0989	12.288	7.46833	10.8108	6.27846	12.6344	8.60025	15.4783	10.2139	6.82156	2.2084	2.8864	0.762972	3.25745	6.22781	0	8.33213	2.10924	3.18611	8.94677	
5.33164	10.9372	5.24105	1.48328	10.3508	8.31599	7.7706	4.38768	6.67354	6.41868	4.74101	2.41253	1.87317	9.67443	3.56682	6.12373	3.59644	13.5003	10.7731	10.1431	8.33213	0	9.02003	7.10144	9.8136	
7.22309	14.3826	5.13989	7.53675	2.00444	7.89125	9.16679	5.78837	6.7975	3.42318	9.5132	7.66645	7.92664	3.49016	6.14129	4.40966	2.38336	2.66262	2.09543	0.465401	2.10924	9.02003	0	5.38737	0.567338	
9.20068	4.37258	12.4363	8.97482	5.35249	5.83114	3.18401	6.23763	8.01344	5.04776	10.9218	3.7548	6.63836	5.17386	5.36838	0.977707	2.57089	6.99484	4.57527	4.48885	3.18611	7.10144	5.38737	0	9.59981	
8.07327	10.2687	4.57256	8.10409	2.57178	8.45858	11.8554	6.35571	7.36484	7.98668	17.5211	9.17816	14.4166	11.9177	9.67107	4.977	7.04988	5.3404	9.95777	1.03274	8.94677	9.8136	0.567338	9.59981	0	

0	7.8109	8.63038	2.51035	8.43046	1.22908	4.35921	2.07598	3.19875	8.5948	2.77862	6.25331	4.03939	7.14882	2.13074	12.4355	4.18022	4.34824	5.81197	5.73372	9.49271	7.5385	7.2561	4.91652	8.69687	
7.8109	0	13.6949	9.33007	14.0172	12.3569	6.61287	7.6678	6.23999	8.03288	5.03228	7.502	8.81121	7.34081	8.96421	15.4084	12.1003	15.6054	11.7579	13.4966	11.5034	15.3014	14.1835	10.008	14.2016	
8.63038	13.6949	0	6.84945	10.9742	7.92027	8.74967	9.84505	5.95061	9.61818	7.15831	8.95024	7.64103	6.3541	7.88359	7.07982	4.45015	8.77159	6.0819	9.633	8.60764	5.81026	11.2545	8.43223	11.3938	
2.51035	9.33007	6.84945	0	8.48265	1.28127	3.86191	2.12816	2.05474	2.35894	3.26245	1.82807	1.36498	3.48422	2.40973	4.55959	2.3993	3.04498	4.03105	2.00641	4.77016	5.89585	2.10883	2.8236	5.11773	
8.43046	14.0172	10.9742	8.48265	0	7.20138	3.7136	8.04827	9.17104	10.9322	5.29419	8.27797	6.21053	7.14582	8.32984	4.90023	8.01312	5.81844	6.09191	7.45342	6.42806	5.16394	6.75459	7.6492	15.0048	
1.22908	12.3569	7.92027	1.28127	7.20138	0	6.63981	0.846895	1.96966	6.61848	3.17737	3.10934	2.64624	3.39914	1.12846	9.02717	3.68057	3.11915	3.73004	3.28767	5.6092	8.41608	3.39009	4.55514	8.81847	
4.35921	6.61287	8.74967	3.86191	3.7136	6.63981	0	4.21611	2.78829	5.09525	1.58059	3.80614	2.49694	3.43222	4.40559	8.61383	4.29952	7.41	5.93127	7.74245	7.79117	7.14974	6.47384	7.07032	6.24969	
2.07598	7.6678	9.84505	2.12816	8.04827	0.846895	4.21611	0	2.81656	6.76424	2.63552	6.23336	4.35337	3.8453	1.97536	6.29013	4.5149	3.96605	2.88315	5.96377	4.76231	3.81112	4.69517	7.03474	12.933	
3.19875	6.23999	5.95061	2.05474	9.17104	1.96966	2.78829	2.81656	0	4.64881	1.2077	3.88281	3.41972	1.42948	1.93299	10.6808	4.45404	5.08882	6.7776	4.06115	7.20905	10.6797	4.16357	5.32862	11.3718	
8.5948	8.03288	9.61818	2.35894	10.9322	6.61848	5.09525	6.76424	4.64881	0	5.85652	0.530876	1.84008	6.07829	6.01066	6.03195	5.12922	5.74316	4.78673	6.0756	4.53224	6.03086	4.807	3.03683	6.72301	
2.77862	5.03228	7.15831	3.26245	5.29419	3.17737	1.58059	2.63552	1.2077	5.85652	0	6.14496	4.07753	2.63718	3.14069	10.8158	5.88011	7.18503	5.51867	8.22603	7.39782	8.73033	7.33068	7.69515	13.934	
6.25331	7.502	8.95024	1.82807	8.27797	3.10934	3.80614	6.23336	3.88281	0.530876	6.14496	0	1.30921	7.99659	3.21786	5.5292	4.22737	6.75982	4.25585	3.32315	4.00137	5.12792	3.93689	2.50595	5.06196	
4.03939	8.81121	7.64103	1.36498	6.21053	2.64624	2.49694	4.35337	3.41972	1.84008	4.07753	1.30921	0	5.92915	1.90865	6.82206	3.76428	7.11755	5.56506	3.37138	5.29423	5.98704	3.4738	3.81516	3.75276	
7.14882	7.34081	6.3541	3.48422	7.14582	3.39914	3.43222	3.8453	1.42948	6.07829	2.63718	7.99659	5.92915	0	3.36247	7.3074	7.73174	7.40681	6.72845	12.3816	5.77957	9.34733	8.44091	13.2604	15.8443	
2.13074	8.96421	7.88359	2.40973	8.32984	1.12846	4.40559	1.97536	1.93299	6.01066	3.14069	3.21786	1.90865	3.36247	0	9.98818	6.31096	4.24761	5.32786	9.00013	7.20288	7.89569	7.13988	7.04726	5.66141	
12.4355	15.4084	7.07982	4.55959	4.90023	9.02717	8.61383	6.29013	10.6808	6.03195	10.8158	5.5292	6.82206	7.3074	9.98818	0	8.31422	4.30588	11.0634	2.55319	1.52783	10.0642	3.82179	3.37038	12.755	
4.18022	12.1003	4.45015	2.3993	8.01312	3.68057	4.29952	4.5149	4.45404	5.12922	5.88011	4.22737	3.76428	7.73174	6.31096	8.31422	0	4.32143	1.63175	4.40571	8.59972	2.55972	4.50813	5.15764	8.36133	
4.34824	15.6054	8.77159	3.04498	5.81844	3.11915	7.41	3.96605	5.08882	5.74316	7.18503	6.75982	7.11755	7.40681	4.24761	4.30588	4.32143	0	4.99199	1.7527	3.5975	5.29693	0.936157	2.56989	9.76755	
5.81197	11.7579	6.0819	4.03105	6.09191	3.73004	5.93127	2.88315	6.7776	4.78673	5.51867	4.25585	5.56506	6.72845	5.32786	11.0634	1.63175	4.99199	0	5.32444	6.71717	0.927969	4.05583	3.54994	10.9555	
5.73372	13.4966	9.633	2.00641	7.45342	3.28767	7.74245	5.96377	4.06115	6.0756	8.22603	3.32315	3.37138	12.3816	9.00013	2.55319	4.40571	1.7527	5.32444	0	3.92994	3.43917	1.2686	0.817196	11.5202	
9.49271	11.5034	8.60764	4.77016	6.42806	5.6092	7.79117	4.76231	7.20905	4.53224	7.39782	4.00137	5.29423	5.77957	7.20288	1.52783	8.59972	3.5975	6.71717	3.92994	0	8.1056	2.66134	5.00092	9.04699	
7.5385	15.3014	5.81026	5.89585	5.16394	8.41608	7.14974	3.81112	10.6797	6.03086	8.73033	5.12792	5.98704	9.34733	7.89569	10.0642	2.55972	5.29693	0.927969	3.43917	8.1056	0	4.96155	2.62197	9.73979	
7.2561	14.1835	11.2545	2.10883	6.75459	3.39009	6.47384	4.69517	4.16357	4.807	7.33068	3.93689	3.4738	8.44091	7.13988	3.82179	4.50813	0.936157	4.05583	1.2686	2.66134	4.96155	0	2.0858	10.7037	
4.91652	10.008	8.43223	2.8236	7.6492	4.55514	7.07032	7.03474	5.32862	3.03683	7.69515	2.50595	3.81516	13.2604	7.04726	3.37038	5.15764	2.56989	3.54994	0.817196	5.00092	2.62197	2.0858	0	9.20557	
8.69687	14.2016	11.3938	5.11773	15.0048	8.81847	6.24969	12.933	11.3718	6.72301	13.934	5.06196	3.75276	15.8443	5.66141	12.755	8.36133	9.76755	10.9555	11.5202	9.04699	9.73979	10.7037	9.20557	0	

0	4.88998	5.61284	1.87379	4.89961	0.544454	8.18958	1.13511	2.71396	3.97331	3.15006	5.44743	5.92621	5.79141	2.07394	3.31011	5.41593	7.98773	5.87171	2.5688	1.74387	3.00305	2.75508	4.61898	2.98169	
4.88998	0	4.99598	5.67487	10.7272	4.34553	7.35837	5.57905	5.17924	5.87062	5.6992	6.84063	11.5516	1.23738	6.42169	7.11119	6.73265	10.951	9.31234	8.50354	5.54495	7.60577	8.73772	7.5936	6.78276	
5.61284	4.99598	0	9.20332	4.50635	2.60962	2.36322	9.23509	10.0951	4.25182	4.14202	1.84465	6.65293	4.57878	8.2208	1.67414	4.77183	3.00605	2.63232	3.50756	1.4102	2.60979	3.69385	6.41936	3.87266	
1.87379	5.67487	9.20332	0	6.77255	1.32934	7.87724	2.56286	1.75241	4.47631	2.27237	6.89962	9.13336	8.34993	2.99486	4.095	3.63526	3.55111	4.91855	4.27188	2.52876	8.41016	4.0856	3.1998	3.76657	
4.89961	10.7272	4.50635	6.77255	0	3.40838	10.9658	9.10118	5.43408	2.71018	10.6468	7.57589	5.50702	7.34342	19.395	0.642719	5.94412	2.57165	3.00355	4.72382	0.906657	1.89656	5.0519	4.40805	1.69015	
0.544454	4.34553	2.60962	1.32934	3.40838	0	6.08886	1.23352	2.81237	3.42886	3.69451	5.57028	6.44214	5.58291	2.17235	1.46336	4.56105	2.79526	2.42153	3.11326	1.19942	3.54751	4.01931	4.52914	2.43723	
8.18958	7.35837	2.36322	7.87724	10.9658	6.08886	0	7.05448	8.63333	6.51584	2.81595	0.518576	14.6598	6.12099	6.89473	10.7453	7.92694	11.2096	9.21022	12.3457	11.319	12.5186	8.63559	5.09329	12.6559	
1.13511	5.57905	9.23509	2.56286	9.10118	1.23352	7.05448	0	1.57886	4.30276	2.09882	6.8038	7.40634	4.65631	0.938838	3.99918	6.44403	9.39831	6.09763	3.70391	2.43293	4.13816	4.60996	6.00857	3.67075	
2.71396	5.17924	10.0951	1.75241	5.43408	2.81237	8.63333	1.57886	0	2.7239	0.519963	2.81733	4.38988	6.23516	1.24245	5.95317	5.62024	5.30352	7.67649	9.99623	5.56552	10.4305	5.83801	4.95221	9.47665	
3.97331	5.87062	4.25182	4.47631	2.71018	3.42886	6.51584	4.30276	2.7239	0	3.24386	5.99726	5.99567	4.63324	3.96635	3.10556	4.42124	4.43747	4.06373	6.40529	2.84162	4.60674	5.12989	3.98577	4.40033	
3.15006	5.6992	4.14202	2.27237	10.6468	3.69451	2.81595	2.09882	0.519963	3.24386	0	2.29737	3.86992	7.11749	1.76241	7.94099	5.10027	7.81356	8.89916	5.71886	6.7263	6.15311	6.62491	5.53574	7.96412	
5.44743	6.84063	1.84465	6.89962	7.57589	5.57028	0.518576	6.8038	2.81733	5.99726	2.29737	0	6.16729	6.42343	6.37615	8.33594	5.01017	10.1109	6.29346	5.35221	3.25485	4.45443	5.71883	4.57471	8.00751	
5.92621	11.5516	6.65293	9.13336	5.50702	6.44214	14.6598	7.40634	4.38988	5.99567	3.86992	6.16729	0	10.3142	9.50287	4.8643	6.98883	6.79323	6.46484	3.3574	5.12824	6.63182	3.54369	6.19188	6.39108	
5.79141	1.23738	4.57878	8.34993	7.34342	5.58291	6.12099	4.65631	6.23516	4.63324	7.11749	6.42343	10.3142	0	5.59515	7.86251	5.49527	10.7731	10.2846	8.08634	5.98898	7.18856	7.43634	5.93073	13.2083	
2.07394	6.42169	8.2208	2.99486	19.395	2.17235	6.89473	0.938838	1.24245	3.96635	1.76241	6.37615	9.50287	5.59515	0	7.24652	10.7011	14.6248	7.03647	5.80044	5.68028	6.2347	6.7065	6.9474	6.91809	
3.31011	7.11119	1.67414	4.095	0.642719	1.46336	10.7453	3.99918	5.95317	3.10556	7.94099	8.33594	4.8643	7.86251	7.24652	0	3.62557	1.85978	1.48605	3.82761	0.263937	2.53928	4.10228	3.76533	2.33286	
5.41593	6.73265	4.77183	3.63526	5.94412	4.56105	7.92694	6.44403	5.62024	4.42124	5.10027	5.01017	6.98883	5.49527	10.7011	3.62557	0	4.95748	2.15421	2.12735	3.36163	5.64582	1.57958	0.435463	6.77563	
7.98773	10.951	3.00605	3.55111	2.57165	2.79526	11.2096	9.39831	5.30352	4.43747	7.81356	10.1109	6.79323	10.7731	14.6248	1.85978	4.95748	0	2.81796	4.69916	1.59585	5.118	4.51288	5.657	4.91159	
5.87171	9.31234	2.63232	4.91855	3.00355	2.42153	9.21022	6.09763	7.67649	4.06373	8.89916	6.29346	6.46484	10.2846	7.03647	1.48605	2.15421	2.81796	0	4.78578	1.22211	2.86866	2.86287	1.71875	4.13153	
2.5688	8.50354	3.50756	4.27188	4.72382	3.11326	12.3457	3.70391	9.99623	6.40529	5.71886	5.35221	3.3574	8.08634	5.80044	3.82761	2.12735	4.69916	4.78578	0	3.56367	3.27441	0.186282	1.3304	3.03368	
1.74387	5.54495	1.4102	2.52876	0.906657	1.19942	11.319	2.43293	5.56552	2.84162	6.7263	3.25485	5.12824	5.98898	5.68028	0.263937	3.36163	1.59585	1.22211	3.56367	0	4.01999	3.74995	2.94086	3.63665	
3.00305	7.60577	2.60979	8.41016	1.89656	3.54751	12.5186	4.13816	10.4305	4.60674	6.15311	4.45443	6.63182	7.18856	6.2347	2.53928	5.64582	5.118	2.86866	3.27441	4.01999	0	3.4607	4.5874	1.26288	
2.75508	8.73772	3.69385	4.0856	5.0519	4.01931	8.63559	4.60996	5.83801	5.12989	6.62491	5.71883	3.54369	7.43634	6.7065	4.10228	1.57958	4.51288	2.86287	0.186282	3.74995	3.4607	0	1.14412	3.21996	
4.61898	7.5936	6.41936	3.1998	4.40805	4.52914	5.09329	6.00857	4.95221	3.98577	5.53574	4.57471	6.19188	5.93073	6.9474	3.76533	0.435463	5.657	1.71875	1.3304	2.94086	4.5874	1.14412	0	6.47324	
2.98169	6.78276	3.87266	3.76657	1.69015	2.43723	12.6559	3.67075	9.47665	4.40033	7.96412	8.00751	6.39108	13.2083	6.91809	2.33286	6.77563	4.91159	4.13153	3.03368	3.63665	1.26288	3.21996	6.47324	0	

0	4.3668	4.07911	1.26736	10.4291	1.44515	5.59096	0.980341	2.11941	5.36798	3.79976	3.40373	1.55275	2.46283	1.44482	8.03091	4.86268	5.88504	4.81173	8.40309	6.44019	7.50431	3.52053	5.9988	6.48984	
4.3668	0	6.48523	4.7045	7.30097	3.85127	11.0378	3.38646	6.5267	8.80512	6.91138	10.8428	4.98989	6.48712	3.98603	10.6924	7.47112	9.26366	8.24887	11.8402	8.76614	10.9517	8.23543	9.43594	10.5141	
4.07911	6.48523	0	4.7032	8.42961	3.56357	2.65101	3.09877	5.10008	7.56957	6.20608	8.4015	4.41781	6.97373	3.69834	9.78737	3.91228	12.1363	2.41649	2.18529	8.58936	2.02071	2.77934	6.60331	5.99655	
1.26736	4.7045	4.7032	0	5.92275	1.66415	6.85833	1.72898	4.68244	4.10061	3.79346	4.6711	0.285389	3.73019	2.32854	6.36305	5.1511	6.45624	3.54436	4.39555	5.99849	3.94015	4.98829	4.73143	6.10318	
10.4291	7.30097	8.42961	5.92275	0	2.33592	5.7786	5.11119	2.47414	8.17803	10.2479	4.444	9.68879	8.64685	8.48447	1.85992	1.02654	1.96269	3.9193	1.52851	1.46518	2.91811	0.934465	1.44621	10.1806	
1.44515	3.85127	3.56357	1.66415	2.33592	0	6.91925	0.464804	0.831833	7.37881	1.21652	4.56753	1.37876	4.33977	1.06437	4.71586	2.27944	7.04884	5.78101	1.9955	4.32112	5.38523	1.40145	7.45141	9.36107	
5.59096	11.0378	2.65101	6.85833	5.7786	6.91925	0	5.74978	9.00604	10.6877	9.77904	5.75049	7.06882	4.55068	7.03579	11.8448	6.80514	7.74129	14.2235	4.83631	7.24378	4.67172	6.71307	6.85866	8.5777	
0.980341	3.38646	3.09877	1.72898	5.11119	0.464804	5.74978	0	1.27416	5.82959	2.40264	4.38408	1.84356	3.44317	0.599568	6.37664	4.08465	9.9376	5.27334	5.28406	4.78592	5.11948	1.86626	4.50432	7.90198	
2.11941	6.5267	5.10008	4.68244	2.47414	0.831833	9.00604	1.27416	0	5.82565	0.384684	5.12524	2.21059	5.19277	0.674587	6.74367	1.4476	11.8769	7.84244	6.1826	2.37741	3.33917	2.23329	1.86727	9.21978	
5.36798	8.80512	7.56957	4.10061	8.17803	7.37881	10.6877	5.82959	5.82565	0	5.44097	4.93723	4.386	6.02958	9.14136	8.2588	4.80671	6.30144	7.64498	5.38428	9.0451	5.9784	5.97833	4.38704	2.00256	
3.79976	6.91138	6.20608	3.79346	10.2479	1.21652	9.77904	2.40264	0.384684	5.44097	0	5.78704	3.31659	5.57745	1.05927	7.84967	1.83229	8.26834	8.07	5.79792	6.25896	7.32307	3.33929	8.67091	7.44354	
3.40373	10.8428	8.4015	4.6711	4.444	4.56753	5.75049	4.38408	5.12524	4.93723	5.78704	0	5.94629	5.74095	4.84856	4.43867	3.30355	2.48131	5.39318	10.3215	4.60745	5.56921	5.96898	2.88388	6.9398	
1.55275	4.98989	4.41781	0.285389	9.68879	1.37876	7.06882	1.84356	2.21059	4.386	3.31659	5.94629	0	9.88581	4.71259	6.07766	8.14018	7.4738	3.82975	4.11016	5.69988	4.95771	2.78021	5.01682	12.1358	
2.46283	6.48712	6.97373	3.73019	8.64685	4.33977	4.55068	3.44317	5.19277	6.02958	5.57745	5.74095	9.88581	0	3.90765	8.64152	4.03538	6.68416	9.59603	11.5395	9.42782	8.00285	14.8965	3.61571	4.02701	
1.44482	3.98603	3.69834	2.32854	8.48447	1.06437	7.03579	0.599568	0.674587	9.14136	1.05927	4.84856	4.71259	3.90765	0	9.24566	2.12219	12.2969	13.9937	8.14406	7.65495	8.71906	4.73528	14.7976	13.8819	
8.03091	10.6924	9.78737	6.36305	1.85992	4.71586	11.8448	6.37664	6.74367	8.2588	7.84967	4.43867	6.07766	8.64152	9.24566	0	1.32454	1.95736	2.84886	4.3629	0.394737	7.13446	3.76885	5.18923	7.00439	
4.86268	7.47112	3.91228	5.1511	1.02654	2.27944	6.80514	4.08465	1.4476	4.80671	1.83229	3.30355	8.14018	4.03538	2.12219	1.32454	0	2.98923	2.28735	4.42795	0.929808	1.89157	1.961	0.419672	5.86741	
5.88504	9.26366	12.1363	6.45624	1.96269	7.04884	7.74129	9.9376	11.8769	6.30144	8.26834	2.48131	7.4738	6.68416	12.2969	1.95736	2.98923	0	2.91187	8.80641	2.3521	3.30765	2.89716	5.36519	8.304	
4.81173	8.24887	2.41649	3.54436	3.9193	5.78101	14.2235	5.27334	7.84244	7.64498	8.07	5.39318	3.82975	9.59603	13.9937	2.84886	2.28735	2.91187	0	5.13628	2.45412	0.395783	5.93273	6.81451	4.37162	
8.40309	11.8402	2.18529	4.39555	1.52851	1.9955	4.83631	5.28406	6.1826	5.38428	5.79792	10.3215	4.11016	11.5395	8.14406	4.3629	4.42795	8.80641	5.13628	0	9.55356	4.206	0.594048	8.7886	7.38684	
6.44019	8.76614	8.58936	5.99849	1.46518	4.32112	7.24378	4.78592	2.37741	9.0451	6.25896	4.60745	5.69988	9.42782	7.65495	0.394737	0.929808	2.3521	2.45412	9.55356	0	2.82138	2.39964	1.34948	7.39913	
7.50431	10.9517	2.02071	3.94015	2.91811	5.38523	4.67172	5.11948	3.33917	5.9784	7.32307	5.56921	4.95771	8.00285	8.71906	7.13446	1.89157	3.30765	0.395783	4.206	2.82138	0	5.33455	2.31124	3.97584	
3.52053	8.23543	2.77934	4.98829	0.934465	1.40145	6.71307	1.86626	2.23329	5.97833	3.33929	5.96898	2.78021	14.8965	4.73528	3.76885	1.961	2.89716	5.93273	0.594048	2.39964	5.33455	0	4.25357	9.51278	
5.9988	9.43594	6.60331	4.73143	1.44621	7.45141	6.85866	4.50432	1.86727	4.38704	8.67091	2.88388	5.01682	3.61571	14.7976	5.18923	0.419672	5.36519	6.81451	8.7886	1.34948	2.31124	4.25357	0	6.3896	
6.48984	10.5141	5.99655	6.10318	10.1806	9.36107	8.5777	7.90198	9.21978	2.00256	7.44354	6.9398	12.1358	4.02701	13.8819	7.00439	5.86741	8.304	4.37162	7.38684	7.39913	3.97584	9.51278	6.3896	0	

0	3.10136	13.1246	2.73593	9.11252	3.03932	11.6547	2.17608	2.3247	2.31656	3.38777	6.55001	3.07139	8.93498	1.77581	9.21773	2.51865	5.46417	8.68184	7.81657	5.7124	13.11	10.2979	3.36797	4.51753	
3.10136	0	13.8608	8.52186	12.2139	10.3011	10.7808	13.6413	6.32896	5.41792	6.74331	11.2933	6.42693	12.0363	4.87717	11.4374	5.62001	6.62195	12.4807	7.07997	11.8601	7.85418	10.3702	8.33391	4.73063	
13.1246	13.8608	0	5.33898	11.6026	12.0874	10.0074	5.73715	8.14205	8.20371	11.8793	8.08515	6.16371	9.4998	6.13742	7.09086	10.4561	9.70786	12.0443	9.04749	12.0934	9.33776	6.1242	10.5022	10.6199	
2.73593	8.52186	5.33898	0	8.23857	2.22364	11.5509	1.3604	1.50902	1.57956	3.90408	1.44805	0.824727	2.02751	0.960123	11.1647	7.28926	4.36887	6.70536	5.10301	5.28786	8.13396	6.12014	9.8181	6.26019	
9.11252	12.2139	11.6026	8.23857	0	10.0248	9.55561	9.55992	7.52928	8.16867	8.53003	7.21192	7.41384	6.83589	10.8883	3.95789	10.3117	6.57195	7.16824	7.00236	4.41688	5.73965	4.92455	11.6158	8.31277	
3.03932	10.3011	12.0874	2.22364	10.0248	0	3.75663	1.66379	1.81241	3.10684	2.03562	6.45948	4.39173	3.18895	1.26351	8.8242	2.90492	7.13115	10.7539	3.75765	4.5733	10.3892	6.68094	2.05559	6.10698	
11.6547	10.7808	10.0074	11.5509	9.55561	3.75663	0	4.27023	5.84513	11.3376	5.79225	4.78155	3.9225	2.71972	4.6705	9.64816	8.04902	7.94145	8.87389	7.51427	10.1072	7.44529	10.6148	5.81222	6.05014	
2.17608	13.6413	5.73715	1.3604	9.55992	1.66379	4.27023	0	0.949168	2.29126	7.90665	2.348	2.97132	6.04883	0.400273	10.8948	4.71899	6.26791	8.66361	7.1901	9.14797	10.0922	10.1134	5.56832	6.71787	
2.3247	6.32896	8.14205	1.50902	7.52928	1.81241	5.84513	0.949168	0	2.17223	1.10102	7.54296	3.62779	5.27746	0.548895	2.94378	5.74625	4.01226	8.43846	4.44266	2.4848	9.05315	9.94605	4.1441	10.9076	
2.31656	5.41792	8.20371	1.57956	8.16867	3.10684	11.3376	2.29126	2.17223	0	1.07122	1.37815	0.754832	1.95762	1.89099	8.94802	4.8352	3.14761	6.88972	5.50002	4.55675	9.42478	6.05025	8.70484	5.03893	
3.38777	6.74331	11.8793	3.90408	8.53003	2.03562	5.79225	7.90665	1.10102	1.07122	0	7.62727	1.82605	5.22457	1.64991	3.94453	7.27513	4.21883	9.4392	5.4434	3.48554	8.35356	9.05257	4.09121	11.4771	
6.55001	11.2933	8.08515	1.44805	7.21192	6.45948	4.78155	2.348	7.54296	1.37815	7.62727	0	0.623319	1.82611	2.74827	11.1698	4.03137	9.70367	7.35392	8.81673	12.2564	8.78251	5.91873	4.40389	6.03025	
3.07139	6.42693	6.16371	0.824727	7.41384	4.39173	3.9225	2.97132	3.62779	0.754832	1.82605	0.623319	0	1.20279	1.78485	6.26207	4.65469	3.90245	7.53009	5.92774	9.40444	8.50898	5.29542	5.02721	8.46342	
8.93498	12.0363	9.4998	2.02751	6.83589	3.18895	2.71972	6.04883	5.27746	1.95762	5.22457	1.82611	1.20279	0	4.45246	9.50874	7.66732	14.9236	13.6919	6.9466	9.96773	10.165	6.4982	5.24454	8.76985	
1.77581	4.87717	6.13742	0.960123	10.8883	1.26351	4.6705	0.400273	0.548895	1.89099	1.64991	2.74827	1.78485	4.45246	0	10.4945	4.29445	5.0386	7.66548	5.02116	3.03369	13.0456	9.12105	3.3191	7.75895	
9.21773	11.4374	7.09086	11.1647	3.95789	8.8242	9.64816	10.8948	2.94378	8.94802	3.94453	11.1698	6.26207	9.50874	10.4945	0	10.8647	1.98645	6.41265	2.41686	0.458989	4.18022	0.966659	8.44998	6.60618	
2.51865	5.62001	10.4561	7.28926	10.3117	2.90492	8.04902	4.71899	5.74625	4.8352	7.27513	4.03137	4.65469	7.66732	4.29445	10.8647	0	3.89019	6.16319	4.34821	7.74221	5.12243	7.6384	0.849326	1.99888	
5.46417	6.62195	9.70786	4.36887	6.57195	7.13115	7.94145	6.26791	4.01226	3.14761	4.21883	9.70367	3.90245	14.9236	5.0386	1.98645	3.89019	0	3.7421	3.48533	1.52747	5.01486	7.53083	8.62582	1.89131	
8.68184	12.4807	12.0443	6.70536	7.16824	10.7539	8.87389	8.66361	8.43846	6.88972	9.4392	7.35392	7.53009	13.6919	7.66548	6.41265	6.16319	3.7421	0	7.91153	5.26957	1.4286	4.64216	7.01252	4.55215	
7.81657	7.07997	9.04749	5.10301	7.00236	3.75765	7.51427	7.1901	4.44266	5.50002	5.4434	8.81673	5.92774	6.9466	5.02116	2.41686	4.34821	3.48533	7.91153	0	1.95787	5.47288	2.92329	5.81324	2.34933	
5.7124	11.8601	12.0934	5.28786	4.41688	4.5733	10.1072	9.14797	2.4848	4.55675	3.48554	12.2564	9.40444	9.96773	3.03369	0.458989	7.74221	1.52747	5.26957	1.95787	0	6.56835	1.42565	7.99099	3.41878	
13.11	7.85418	9.33776	8.13396	5.73965	10.3892	7.44529	10.0922	9.05315	9.42478	8.35356	8.78251	8.50898	10.165	13.0456	4.18022	5.12243	5.01486	1.4286	5.47288	6.56835	0	3.21356	10.1269	3.12355	
10.2979	10.3702	6.1242	6.12014	4.92455	6.68094	10.6148	10.1134	9.94605	6.05025	9.05257	5.91873	5.29542	6.4982	9.12105	0.966659	7.6384	7.53083	4.64216	2.92329	1.42565	3.21356	0	9.91313	5.27262	
3.36797	8.33391	10.5022	9.8181	11.6158	2.05559	5.81222	5.56832	4.1441	8.70484	4.09121	4.40389	5.02721	5.24454	3.3191	8.44998	0.849326	8.62582	7.01252	5.81324	7.99099	10.1269	9.91313	0	2.84821	
4.51753	4.73063	10.6199	6.26019	8.31277	6.10698	6.05014	6.71787	10.9076	5.03893	11.4771	6.03025	8.46342	8.76985	7.75895	6.60618	1.99888	1.89131	4.55215	2.34933	3.41878	3.12355	5.27262	2.84821	0	

0	8.19386	17.9641	6.3564	9.81615	3.26911	6.02948	3.46437	0.385083	5.40577	0.745832	8.36237	11.5057	12.5829	1.04415	4.5859	9.67655	2.9542	8.68901	6.56309	3.61013	8.32169	3.29875	6.32442	6.81503	
8.19386	0	13.3852	9.12403	9.18148	10.1464	9.33161	6.41284	3.07219	10.8422	2.71144	5.22175	7.33592	5.87524	6.45664	12.0982	6.53837	11.6926	11.1177	10.8401	11.0338	14.8273	8.25268	9.47187	15.4859	
17.9641	13.3852	0	3.58408	11.2288	11.3571	12.2733	12.2141	20.8203	9.99221	5.08494	3.73283	10.2547	8.71932	13.2122	17.3048	1.25801	8.69433	7.20654	3.28684	8.54688	10.1271	10.3555	8.23377	10.4092	
6.3564	9.12403	3.58408	0	7.28468	4.20952	7.0952	2.89204	6.03533	1.71574	6.153	3.90228	4.51363	9.56767	5.56697	8.10803	2.32607	5.09135	9.16397	4.17232	6.58715	1.97999	3.31236	5.85942	6.89234	
9.81615	9.18148	11.2288	7.28468	0	10.1323	7.75514	13.6577	8.65501	8.30031	10.8752	7.00324	14.9353	12.6383	6.22691	5.30263	9.97075	5.75129	9.50712	4.83227	5.42997	5.6458	3.97231	7.25762	6.30445	
3.26911	10.1464	11.3571	4.20952	10.1323	0	1.57666	1.31749	4.46078	6.72532	5.01888	4.99262	9.67379	8.13007	2.22496	9.03872	7.46743	4.58212	9.97183	6.74073	8.4113	8.04632	4.47956	7.22452	8.44296	
6.02948	9.33161	12.2733	7.0952	7.75514	1.57666	0	2.89415	6.76292	8.11083	8.58401	4.10986	8.09713	9.70674	3.80162	7.60286	6.58467	5.56181	8.33175	4.64279	10.1672	7.55467	3.78283	5.64786	7.42838	
3.46437	6.41284	12.2141	2.89204	13.6577	1.31749	2.89415	0	3.14329	4.60777	3.50404	6.3101	7.40566	9.44756	3.54244	8.05026	5.21811	5.89961	14.7864	8.05822	6.36833	4.87203	6.2044	8.60543	12.0461	
0.385083	3.07219	20.8203	6.03533	8.65501	4.46078	6.76292	3.14329	0	5.02068	0.360749	10.1789	10.597	13.3163	1.42923	4.74592	4.18768	3.33928	8.62323	8.44628	3.22504	9.81876	5.48432	5.93934	10.1973	
5.40577	10.8422	9.99221	1.71574	8.30031	6.72532	8.11083	4.60777	5.02068	0	5.38143	5.61802	6.22936	15.9643	4.50036	8.23798	4.04181	4.48219	8.37927	5.18795	8.24573	3.69573	4.328	8.075	5.1766	
0.745832	2.71144	5.08494	6.153	10.8752	5.01888	8.58401	3.50404	0.360749	5.38143	0	6.30175	10.0474	8.58668	3.59047	9.38677	3.82693	8.80382	13.5531	5.85576	3.58579	11.0227	5.99981	6.30009	17.3087	
8.36237	5.22175	3.73283	3.90228	7.00324	4.99262	4.10986	6.3101	10.1789	5.61802	6.30175	0	8.41591	5.66539	5.28553	6.20511	2.47482	4.8099	5.89592	3.89088	9.76369	5.88227	3.03092	4.25012	6.67647	
11.5057	7.33592	10.2547	4.51363	14.9353	9.67379	8.09713	7.40566	10.597	6.22936	10.0474	8.41591	0	13.2112	10.257	6.61266	6.8397	8.25047	7.34155	5.03877	10.26	6.49362	5.89873	4.65766	10.3227	
12.5829	5.87524	8.71932	9.56767	12.6383	8.13007	9.70674	9.44756	13.3163	15.9643	8.58668	5.66539	13.2112	0	10.355	14.8067	7.46131	12.7122	11.5613	9.49014	14.7502	16.2285	8.69631	9.9155	13.5108	
1.04415	6.45664	13.2122	5.56697	6.22691	2.22496	3.80162	3.54244	1.42923	4.50036	3.59047	5.28553	10.257	10.355	0	5.63005	7.57214	3.99835	8.1062	3.11456	6.45476	6.02644	2.2546	9.16906	5.90015	
4.5859	12.0982	17.3048	8.10803	5.30263	9.03872	7.60286	8.05026	4.74592	8.23798	9.38677	6.20511	6.61266	14.8067	5.63005	0	7.00967	5.54781	4.63889	4.98084	1.52088	5.83442	5.84079	1.955	11.3758	
9.67655	6.53837	1.25801	2.32607	9.97075	7.46743	6.58467	5.21811	4.18768	4.04181	3.82693	2.47482	6.8397	7.46131	7.57214	7.00967	0	5.63772	8.37074	2.02883	7.25007	4.30606	2.88879	5.60336	11.2972	
2.9542	11.6926	8.69433	5.09135	5.75129	4.58212	5.56181	5.89961	3.33928	4.48219	8.80382	4.8099	8.25047	12.7122	3.99835	5.54781	5.63772	0	5.73481	2.63894	5.75795	5.55082	1.77898	3.59281	3.86083	
8.68901	11.1177	7.20654	9.16397	9.50712	9.97183	8.33175	14.7864	8.62323	8.37927	13.5531	5.89592	7.34155	11.5613	8.1062	4.63889	8.37074	5.73481	0	6.25841	6.23579	6.56331	5.8516	2.68389	3.20267	
6.56309	10.8401	3.28684	4.17232	4.83227	6.74073	4.64279	8.05822	8.44628	5.18795	5.85576	3.89088	5.03877	9.49014	3.11456	4.98084	2.02883	2.63894	6.25841	0	5.22124	3.09026	0.859955	3.57452	4.5055	
3.61013	11.0338	8.54688	6.58715	5.42997	8.4113	10.1672	6.36833	3.22504	8.24573	3.58579	9.76369	10.26	14.7502	6.45476	1.52088	7.25007	5.75795	6.23579	5.22124	0	8.3115	6.08119	3.47587	9.43847	
8.32169	14.8273	10.1271	1.97999	5.6458	8.04632	7.55467	4.87203	9.81876	3.69573	11.0227	5.88227	6.49362	16.2285	6.02644	5.83442	4.30606	5.55082	6.56331	3.09026	8.3115	0	3.77184	3.87943	6.18526	
3.29875	8.25268	10.3555	3.31236	3.97231	4.47956	3.78283	6.2044	5.48432	4.328	5.99981	3.03092	5.89873	8.69631	2.2546	5.84079	2.88879	1.77898	5.8516	0.859955	6.08119	3.77184	0	4.43448	3.64555	
6.32442	9.47187	8.23377	5.85942	7.25762	7.22452	5.64786	8.60543	5.93934	8.075	6.30009	4.25012	4.65766	9.9155	9.16906	1.955	5.60336	3.59281	2.68389	3.57452	3.47587	3.87943	4.43448	0	5.88656	
6.81503	15.4859	10.4092	6.89234	6.30445	8.44296	7.42838	12.0461	10.1973	5.1766	17.3087	6.67647	10.3227	13.5108	5.90015	11.3758	11.2972	3.86083	3.20267	4.5055	9.43847	6.18526	3.64555	5.88656	0	

0	6.512	12.0573	4.22113	8.06218	3.1308	3.85541	4.62785	2.63714	4.42691	1.5113	3.43993	3.65587	6.3695	2.53358	8.14301	7.36142	5.21576	7.48722	6.9928	12.9735	7.21162	6.73127	5.9378	7.373	
6.512	0	9.63404	4.26012	7.10112	9.7043	5.13287	4.00957	3.87487	5.59954	6.33994	3.88205	7.10603	2.2514	8.13872	9.51272	7.40041	2.10621	5.57291	7.24636	6.88443	3.80925	3.66458	8.99247	8.51945	
12.0573	9.63404	0	6.012	3.28814	15.1881	4.40463	9.14079	11.115	5.59164	9.92095	4.82011	9.37463	7.38263	6.62003	3.28924	4.41351	8.4376	5.89812	3.02576	5.91753	6.73457	5.82507	3.21581	9.74096	
4.22113	4.26012	6.012	0	3.24863	6.57394	5.56118	4.75266	6.74337	5.55213	5.73243	5.14569	2.84591	6.51082	3.9682	5.04597	3.14029	4.0685	5.85861	2.98624	4.30067	7.52371	2.51014	6.90449	3.48476	
8.06218	7.10112	3.28814	3.24863	0	9.87109	5.21463	10.4065	7.84052	2.82828	6.55088	4.79914	9.9005	9.084	8.22047	8.65045	1.65015	4.99491	3.13476	0.262389	6.02215	6.69794	4.1056	4.8629	3.10465	
3.1308	9.7043	15.1881	6.57394	9.87109	0	10.0079	3.96022	5.76794	7.52474	3.75581	5.28269	2.98365	6.77916	1.86136	13.387	10.3449	7.59808	11.1869	10.0906	10.7587	6.53941	9.15644	5.26558	11.7875	
3.85541	5.13287	4.40463	5.56118	5.21463	10.0079	0	9.59996	5.00082	7.00709	7.98682	0.415486	9.26886	4.70035	3.83682	7.69387	3.46642	2.19132	4.46278	4.85418	8.63245	7.47412	6.09186	4.69057	3.81089	
4.62785	4.00957	9.14079	4.75266	10.4065	3.96022	9.59996	0	1.99071	8.55036	3.99331	5.52019	3.22115	1.75816	2.09886	14.6905	7.89295	9.04269	11.3993	7.7389	15.0873	6.77691	7.2628	5.50308	6.72657	
2.63714	3.87487	11.115	6.74337	7.84052	5.76794	5.00082	1.99071	0	7.06405	2.46508	4.58534	6.19025	3.73236	4.08957	9.09678	5.08033	5.98108	7.68241	10.3418	8.73014	10.1321	10.3236	8.85823	4.73586	
4.42691	5.59954	5.59164	5.55213	2.82828	7.52474	7.00709	8.55036	7.06405	0	5.93821	6.59161	6.89106	6.7922	6.96049	11.1509	3.92601	7.70576	5.43826	2.56589	12.484	8.30943	6.40909	3.78659	4.27047	
1.5113	6.33994	9.92095	5.73243	6.55088	3.75581	7.98682	3.99331	2.46508	5.93821	0	4.95123	3.01675	6.19744	1.89445	6.63171	11.4532	9.81522	10.9739	6.81327	9.26	6.5725	9.16754	5.29868	7.20094	
3.43993	3.88205	4.82011	5.14569	4.79914	5.28269	0.415486	5.52019	4.58534	6.59161	4.95123	0	4.54363	4.28486	3.42133	10.3077	3.88191	1.77583	4.04729	5.06153	7.82041	3.47887	3.3342	4.27508	5.63767	
3.65587	7.10603	9.37463	2.84591	9.9005	2.98365	9.26886	3.22115	6.19025	6.89106	3.01675	4.54363	0	11.0689	1.12229	6.08539	5.9862	10.0221	9.4925	5.83215	6.63017	5.80034	5.35605	4.52652	10.6244	
6.3695	2.2514	7.38263	6.51082	9.084	6.77916	4.70035	1.75816	3.73236	6.7922	6.19744	4.28486	11.0689	0	3.85702	10.6719	10.7182	4.35762	7.82431	9.35809	9.13583	10.1684	12.0567	7.4546	8.46823	
2.53358	8.13872	6.62003	3.9682	8.22047	1.86136	3.83682	2.09886	4.08957	6.96049	1.89445	3.42133	1.12229	3.85702	0	7.20769	7.16842	5.19717	7.46863	7.69882	7.75246	4.67805	7.22272	3.40422	9.059	
8.14301	9.51272	3.28924	5.04597	8.65045	13.387	7.69387	14.6905	9.09678	11.1509	6.63171	10.3077	6.08539	10.6719	7.20769	0	5.16127	4.09419	6.66699	6.31499	2.62829	9.52534	2.53583	6.50505	6.62257	
7.36142	7.40041	4.41351	3.14029	1.65015	10.3449	3.46642	7.89295	5.08033	3.92601	11.4532	3.88191	5.9862	10.7182	7.16842	5.16127	0	4.1838	3.29102	1.38776	4.33875	4.38342	2.62544	3.7642	0.344469	
5.21576	2.10621	8.4376	4.0685	4.99491	7.59808	2.19132	9.04269	5.98108	7.70576	9.81522	1.77583	10.0221	4.35762	5.19717	4.09419	4.1838	0	5.82313	5.2573	3.34889	1.70304	1.55836	6.05092	6.33527	
7.48722	5.57291	5.89812	5.85861	3.13476	11.1869	4.46278	11.3993	7.68241	5.43826	10.9739	4.04729	9.4925	7.82431	7.46863	6.66699	3.29102	5.82313	0	2.87237	4.03869	5.75296	5.82922	4.83878	2.94655	
6.9928	7.24636	3.02576	2.98624	0.262389	10.0906	4.85418	7.7389	10.3418	2.56589	6.81327	5.06153	5.83215	9.35809	7.69882	6.31499	1.38776	5.2573	2.87237	0	5.63373	5.77118	3.84321	5.12529	1.73223	
12.9735	6.88443	5.91753	4.30067	6.02215	10.7587	8.63245	15.0873	8.73014	12.484	9.26	7.82041	6.63017	9.13583	7.75246	2.62829	4.33875	3.34889	4.03869	5.63373	0	7.74761	1.79053	8.87748	3.99428	
7.21162	3.80925	6.73457	7.52371	6.69794	6.53941	7.47412	6.77691	10.1321	8.30943	6.5725	3.47887	5.80034	10.1684	4.67805	9.52534	4.38342	1.70304	5.75296	5.77118	7.74761	0	3.2614	6.10134	4.72789	
6.73127	3.66458	5.82507	2.51014	4.1056	9.15644	6.09186	7.2628	10.3236	6.40909	9.16754	3.3342	5.35605	12.0567	7.22272	2.53583	2.62544	1.55836	5.82922	3.84321	1.79053	3.2614	0	6.38964	2.9699	
5.9378	8.99247	3.21581	6.90449	4.8629	5.26558	4.69057	5.50308	8.85823	3.78659	5.29868	4.27508	4.52652	7.4546	3.40422	6.50505	3.7642	6.05092	4.83878	5.12529	8.87748	6.10134	6.38964	0	4.10867	
7.373	8.51945	9.74096	3.48476	3.10465	11.7875	3.81089	6.72657	4.73586	4.27047	7.20094	5.63767	10.6244	8.46823	9.059	6.62257	0.344469	6.33527	2.94655	1.73223	3.99428	4.72789	2.9699	4.10867	0	

0	11.5966	4.78894	4.60065	7.31377	2.21316	4.16876	1.50892	1.80905	4.55693	1.94168	5.15066	6.62568	3.08424	3.20568	7.88678	10.246	6.54641	11.804	6.38658	10.2181	13.3589	3.47067	7.15275	14.446	
11.5966	0	7.45101	7.56082	9.66273	9.41479	5.61678	7.59206	10.307	5.41965	17.4881	3.95032	14.6277	9.16818	10.8632	6.51104	3.49746	7.50527	5.63595	6.68292	20.0278	11.6926	7.8881	2.00887	1.89043	
4.78894	7.45101	0	5.77147	8.84235	10.4617	7.84852	7.14243	2.97988	4.97002	4.473	3.50069	10.6791	11.677	7.37613	5.6734	10.4177	9.20686	5.70611	7.12835	10.6987	2.13993	4.64149	12.2961	9.81369	
4.60065	7.56082	5.77147	0	2.17722	7.00435	6.42057	3.76073	2.79159	2.569	4.28471	4.03833	1.91246	5.33606	4.47875	10.1386	4.99786	1.83319	5.92131	5.46319	12.0043	7.39351	2.261	5.55196	7.44803	
7.31377	9.66273	8.84235	2.17722	0	5.64358	6.20289	8.52622	5.86247	4.39893	5.3721	5.86826	9.62336	7.99248	6.48482	6.25259	3.76051	0.344033	2.34391	6.82702	5.85984	5.9101	2.59462	6.02301	5.95887	
2.21316	9.41479	10.4617	7.00435	5.64358	0	7.94693	3.80004	1.7646	5.4548	0.271479	8.92883	9.32429	6.86241	1.53548	11.665	8.89452	12.8204	14.0951	9.00596	22.1297	17.9667	9.14342	7.40592	13.7984	
4.16876	5.61678	7.84852	6.42057	6.20289	7.94693	0	2.65984	4.86864	4.09734	4.74026	6.09271	8.65821	4.23516	3.47626	7.51113	1.66848	5.08496	6.09345	4.95788	7.90388	7.55138	5.69401	3.15708	9.83897	
1.50892	7.59206	7.14243	3.76073	8.52622	3.80004	2.65984	0	3.31797	4.59579	3.4506	3.64174	5.6732	1.57532	2.5099	6.37786	4.32832	5.59392	8.75329	4.87766	6.77061	9.91134	4.72765	5.64383	9.67014	
1.80905	10.307	2.97988	2.79159	5.86247	1.7646	4.86864	3.31797	0	2.74787	1.49312	4.2172	4.70405	7.39621	2.75712	11.6344	5.17673	3.9122	5.32192	10.1082	11.7223	5.11981	1.66161	7.54085	12.7936	
4.55693	5.41965	4.97002	2.569	4.39893	5.4548	4.09734	4.59579	2.74787	0	3.34989	1.46933	4.48146	6.28072	2.08589	8.35798	2.42886	4.40219	6.74284	5.71826	10.2588	4.8245	4.30364	3.91746	10.7605	
1.94168	17.4881	4.473	4.28471	5.3721	0.271479	4.74026	3.4506	1.49312	3.34989	0	6.65264	9.59577	8.70106	1.264	11.7671	5.78269	5.71613	7.71601	9.27744	11.2319	10.0078	3.15473	7.6774	19.0106	
5.15066	3.95032	3.50069	4.03833	5.86826	8.92883	6.09271	3.64174	4.2172	1.46933	6.65264	0	6.73192	5.21706	3.55522	10.0196	3.89819	9.47413	11.474	8.5194	14.9899	5.64061	12.5957	5.95918	5.84075	
6.62568	14.6277	10.6791	1.91246	9.62336	9.32429	8.65821	5.6732	4.70405	4.48146	9.59577	6.73192	0	6.38394	6.89339	13.524	6.84013	3.74565	11.3441	3.55073	15.4832	10.0871	4.17346	7.46442	8.34321	
3.08424	9.16818	11.677	5.33606	7.99248	6.86241	4.23516	1.57532	7.39621	6.28072	8.70106	5.21706	6.38394	0	4.08522	7.35112	6.0491	7.64845	10.4741	6.45298	7.74386	9.53711	9.89904	7.21915	11.0586	
3.20568	10.8632	7.37613	4.47875	6.48482	1.53548	3.47626	2.5099	2.75712	2.08589	1.264	3.55522	6.89339	4.08522	0	8.88776	4.51475	4.46834	5.87806	7.38756	14.4639	6.91039	2.21775	6.00729	13.0287	
7.88678	6.51104	5.6734	10.1386	6.25259	11.665	7.51113	6.37786	11.6344	8.35798	11.7671	10.0196	13.524	7.35112	8.88776	0	9.17961	7.48796	7.09966	9.41309	0.392747	3.53348	10.5291	11.119	4.62061	
10.246	3.49746	10.4177	4.99786	3.76051	8.89452	1.66848	4.32832	5.17673	2.42886	5.78269	3.89819	6.84013	6.0491	4.51475	9.17961	0	3.41648	6.87833	3.2894	10.3943	7.25336	5.66707	1.4886	8.08188	
6.54641	7.50527	9.20686	1.83319	0.344033	12.8204	5.08496	5.59392	3.9122	4.40219	5.71613	9.47413	3.74565	7.64845	4.46834	7.48796	3.41648	0	2.68794	6.48298	6.20387	7.06693	2.25059	4.90508	5.61484	
11.804	5.63595	5.70611	5.92131	2.34391	14.0951	6.09345	8.75329	5.32192	6.74284	7.71601	11.474	11.3441	10.4741	5.87806	7.09966	6.87833	2.68794	0	8.538	8.20375	3.56619	3.66031	9.53954	3.74552	
6.38658	6.68292	7.12835	5.46319	6.82702	9.00596	4.95788	4.87766	10.1082	5.71826	9.27744	8.5194	3.55073	6.45298	7.38756	9.41309	3.2894	6.48298	8.538	0	12.6703	9.26827	8.73357	4.778	4.79248	
10.2181	20.0278	10.6987	12.0043	5.85984	22.1297	7.90388	6.77061	11.7223	10.2588	11.2319	14.9899	15.4832	7.74386	14.4639	0.392747	10.3943	6.20387	8.20375	12.6703	0	3.92622	10.9218	13.5137	5.01335	
13.3589	11.6926	2.13993	7.39351	5.9101	17.9667	7.55138	9.91134	5.11981	4.8245	10.0078	5.64061	10.0871	9.53711	6.91039	3.53348	7.25336	7.06693	3.56619	9.26827	3.92622	0	7.22649	10.6802	7.31171	
3.47067	7.8881	4.64149	2.261	2.59462	9.14342	5.69401	4.72765	1.66161	4.30364	3.15473	12.5957	4.17346	9.89904	2.21775	10.5291	5.66707	2.25059	3.66031	8.73357	10.9218	7.22649	0	5.87924	7.40582	
7.15275	2.00887	12.2961	5.55196	6.02301	7.40592	3.15708	5.64383	7.54085	3.91746	7.6774	5.95918	7.46442	7.21915	6.00729	11.119	1.4886	4.90508	9.53954	4.778	13.5137	10.6802	5.87924	0	3.8993	
14.446	1.89043	9.81369	7.44803	5.95887	13.7984	9.83897	9.67014	12.7936	10.7605	19.0106	5.84075	8.34321	11.0586	13.0287	4.62061	8.08188	5.61484	3.74552	4.79248	5.01335	7.31171	7.40582	3.8993	0	

0	4.59578	5.22047	7.19951	3.5749	3.16007	5.30921	2.90464	0.435741	3.30005	1.07998	2.74151	1.95449	8.51974	1.61342	7.83227	4.05016	5.7688	7.7669	8.07309	3.66094	5.16818	3.1494	5.0818	2.1788	
4.59578	0	7.76084	6.79717	8.48289	1.4357	4.46611	3.47725	5.18394	5.84041	3.62035	3.57	2.78298	3.21912	4.065	6.46685	6.74168	10.2333	16.0057	8.0684	4.48944	7.61052	3.97789	7.56831	8.61305	
5.22047	7.76084	0	10.26	6.18794	14.7242	6.58773	7.62892	5.70408	6.36055	4.14049	4.97538	14.3164	8.07018	4.67392	10.576	2.907	7.07316	6.83712	4.23372	17.0298	7.39069	8.12264	3.73363	4.77836	
7.19951	6.79717	10.26	0	6.73611	8.23287	6.99016	9.60796	4.18353	0.62687	2.84693	2.82033	5.67755	6.49266	5.58971	11.642	6.95892	12.8011	18.3299	9.2131	1.65063	6.50779	6.45327	15.4163	11.8185	
3.5749	8.48289	6.18794	6.73611	0	13.0786	5.73235	8.07694	8.37116	3.58736	3.75068	1.84558	2.6326	6.97935	10.514	1.21956	3.26747	4.98611	6.98421	4.60767	1.76713	4.23673	4.34712	4.10758	1.39611	
3.16007	1.4357	14.7242	8.23287	13.0786	0	8.91061	2.04155	3.59581	7.82767	4.24006	5.93711	4.21869	4.65482	5.50071	12.2112	8.17738	8.79755	7.58347	7.68417	7.35499	7.0299	7.45819	8.91707	5.33887	
5.30921	4.46611	6.58773	6.99016	5.73235	8.91061	0	14.0932	4.87347	6.36329	6.43706	5.74912	7.81225	1.247	7.03775	6.95192	3.68074	7.8469	12.9447	5.00746	7.38705	12.2442	10.0795	4.50737	5.5521	
2.90464	3.47725	7.62892	9.60796	8.07694	2.04155	14.0932	0	3.34038	5.7085	3.48843	5.39353	4.85913	10.7249	4.02186	7.90776	6.96935	10.8391	10.8285	5.64263	7.36019	6.3146	5.88631	9.73384	5.08343	
0.435741	5.18394	5.70408	4.18353	8.37116	3.59581	4.87347	3.34038	0	3.55666	1.51573	3.21277	2.39023	6.12047	2.09702	6.35512	5.47269	9.87245	10.0771	8.50883	4.58042	5.7098	10.1712	4.64606	2.61454	
3.30005	5.84041	6.36055	0.62687	3.58736	7.82767	6.36329	5.7085	3.55666	0	2.22006	2.19347	2.73021	5.86579	2.75349	1.57132	4.26185	6.7121	6.43449	8.58624	1.02376	4.58462	6.30922	8.20273	11.8303	
1.07998	3.62035	4.14049	2.84693	3.75068	4.24006	6.43706	3.48843	1.51573	2.22006	0	1.9051	2.69212	6.83946	0.533432	13.658	3.97348	8.2416	10.9776	9.13106	3.24382	4.07895	9.37474	6.20965	3.25878	
2.74151	3.57	4.97538	2.82033	1.84558	5.93711	5.74912	5.39353	3.21277	2.19347	1.9051	0	0.78702	7.23156	2.43853	3.06514	2.06838	6.23455	2.94472	3.39511	2.49347	2.39115	1.98193	2.89501	3.24169	
1.95449	2.78298	14.3164	5.67755	2.6326	4.21869	7.81225	4.85913	2.39023	2.73021	2.69212	0.78702	0	6.0021	6.84799	2.25402	2.8554	7.3948	11.8991	10.0276	1.70645	1.6232	1.19491	8.7837	4.13329	
8.51974	3.21912	8.07018	6.49266	6.97935	4.65482	1.247	10.7249	6.12047	5.86579	6.83946	7.23156	6.0021	0	7.28412	12.8321	4.92773	9.32934	14.4272	6.4899	6.88954	11.7467	7.76016	5.98981	7.03455	
1.61342	4.065	4.67392	5.58971	10.514	5.50071	7.03775	4.02186	2.09702	2.75349	0.533432	2.43853	6.84799	7.28412	0	20.4421	10.8067	7.70817	4.09909	9.69282	5.9866	3.54552	3.97381	6.81035	7.585	
7.83227	6.46685	10.576	11.642	1.21956	12.2112	6.95192	7.90776	6.35512	1.57132	13.658	3.06514	2.25402	12.8321	20.4421	0	4.50051	6.23591	7.75959	8.99569	0.547563	6.20143	5.56668	4.85848	2.61567	
4.05016	6.74168	2.907	6.95892	3.26747	8.17738	3.68074	6.96935	5.47269	4.26185	3.97348	2.06838	2.8554	4.92773	10.8067	4.50051	0	4.16616	6.25763	1.32672	5.84455	4.45953	7.62807	0.826629	1.87137	
5.7688	10.2333	7.07316	12.8011	4.98611	8.79755	7.8469	10.8391	9.87245	6.7121	8.2416	6.23455	7.3948	9.32934	7.70817	6.23591	4.16616	0	9.17811	5.49289	5.68835	10.2902	9.94522	4.99279	3.59001	
7.7669	16.0057	6.83712	18.3299	6.98421	7.58347	12.9447	10.8285	10.0771	6.43449	10.9776	2.94472	11.8991	14.4272	4.09909	7.75959	6.25763	9.17811	0	5.80053	8.30715	0.553569	0.981859	5.431	5.5881	
8.07309	8.0684	4.23372	9.2131	4.60767	7.68417	5.00746	5.64263	8.50883	8.58624	9.13106	3.39511	10.0276	6.4899	9.69282	8.99569	1.32672	5.49289	5.80053	0	9.60999	6.1473	6.57559	2.15335	3.19809	
3.66094	4.48944	17.0298	1.65063	1.76713	7.35499	7.38705	7.36019	4.58042	1.02376	3.24382	2.49347	1.70645	6.88954	5.9866	0.547563	5.84455	5.68835	8.30715	9.60999	0	5.83767	2.90136	5.40605	3.95971	
5.16818	7.61052	7.39069	6.50779	4.23673	7.0299	12.2442	6.3146	5.7098	4.58462	4.07895	2.39115	1.6232	11.7467	3.54552	6.20143	4.45953	10.2902	0.553569	6.1473	5.83767	0	0.42829	5.98457	6.14167	
3.1494	3.97789	8.12264	6.45327	4.34712	7.45819	10.0795	5.88631	10.1712	6.30922	9.37474	1.98193	1.19491	7.76016	3.97381	5.56668	7.62807	9.94522	0.981859	6.57559	2.90136	0.42829	0	6.57922	5.74323	
5.0818	7.56831	3.73363	15.4163	4.10758	8.91707	4.50737	9.73384	4.64606	8.20273	6.20965	2.89501	8.7837	5.98981	6.81035	4.85848	0.826629	4.99279	5.431	2.15335	5.40605	5.98457	6.57922	0	2.69799	
2.1788	8.61305	4.77836	11.8185	1.39611	5.33887	5.5521	5.08343	2.61454	11.8303	3.25878	3.24169	4.13329	7.03455	7.585	2.61567	1.87137	3.59001	5.5881	3.19809	3.95971	6.14167	5.74323	2.69799	0	

0	1.81571	6.15191	3.205	3.39524	1.7507	10.4886	1.04076	6.17392	5.6474	3.99264	7.65531	4.16159	2.54451	1.85689	4.41007	3.99519	5.33381	7.0973	4.21474	4.18062	8.83518	4.65953	5.14486	8.06219	
1.81571	0	6.95984	1.96002	5.21095	1.78753	4.77683	1.07759	2.16696	2.01791	4.91629	4.01761	2.91661	0.728802	1.89371	4.34849	2.17948	7.80368	8.91301	2.62287	5.70151	7.87854	8.23033	3.78788	6.97393	
6.15191	6.95984	0	6.98494	3.58283	4.83772	3.5798	9.47176	9.72036	4.85725	7.78124	5.59867	5.01527	8.88748	10.955	10.9389	2.38055	3.05623	3.37239	1.93716	5.28699	8.94628	1.66139	1.83321	2.93312	
3.205	1.96002	6.98494	0	4.2808	2.4836	5.45766	2.80419	4.95052	1.12915	4.23899	1.66502	0.956591	2.68882	3.62031	2.38847	4.1395	1.9681	6.64519	4.0347	2.61792	5.91853	5.49256	7.19527	4.99806	
3.39524	5.21095	3.58283	4.2808	0	5.28964	3.49622	4.43599	9.56915	8.38173	6.08777	8.93111	3.07294	9.8358	11.9783	1.89233	3.35802	2.06144	3.2888	3.18051	2.12178	6.42896	3.99625	1.74963	4.50191	
1.7507	1.78753	4.83772	2.4836	5.28964	0	9.8559	0.709944	2.46692	5.31658	1.75539	6.0014	3.44019	3.90508	1.52607	1.37286	3.34394	4.01962	9.87554	2.90055	1.14341	8.19129	3.34534	4.59719	8.43659	
10.4886	4.77683	3.5798	5.45766	3.49622	9.8559	0	8.1434	5.48619	4.67363	7.69462	4.79702	3.95758	4.04803	7.32727	7.63901	3.35499	2.94607	3.28577	4.06514	5.20037	8.85966	6.30115	1.74659	5.02942	
1.04076	1.07759	9.47176	2.80419	4.43599	0.709944	8.1434	0	3.17687	4.60664	2.46534	6.89755	3.76078	1.80639	0.816128	5.19266	3.25707	8.64785	8.13806	3.6105	1.85335	8.72271	7.80249	11.3711	7.72664	
6.17392	2.16696	9.72036	4.95052	9.56915	2.46692	5.48619	3.17687	0	2.72727	3.7004	4.12169	4.83012	1.43816	6.55894	7.89585	11.2951	10.7349	9.39489	5.36748	3.61033	16.4012	8.71573	9.64843	11.6955	
5.6474	2.01791	4.85725	1.12915	8.38173	5.31658	4.67363	4.60664	2.72727	0	4.58931	0.880988	0.172559	1.28911	5.42277	5.94355	9.2467	1.18407	3.87501	3.25067	6.91931	5.61289	3.19585	5.41419	4.46758	
3.99264	4.91629	7.78124	4.23899	6.08777	1.75539	7.69462	2.46534	3.7004	4.58931	0	4.24601	4.76187	4.18748	3.78403	4.19545	7.55643	8.61177	7.48721	4.65595	2.8988	13.0611	7.78517	5.94803	6.80503	
7.65531	4.01761	5.59867	1.66502	8.93111	6.0014	4.79702	6.89755	4.12169	0.880988	4.24601	0	0.708429	3.28881	8.03004	7.03878	10.379	1.71994	9.16722	3.78654	7.26823	9.34376	5.08358	6.54361	5.14652	
4.16159	2.91661	5.01527	0.956591	3.07294	3.44019	3.95758	3.76078	4.83012	0.172559	4.76187	0.708429	0	1.46167	8.90609	3.34506	3.5215	1.01151	4.04757	2.13058	4.69808	6.87512	3.36841	6.24766	4.43809	
2.54451	0.728802	8.88748	2.68882	9.8358	3.90508	4.04803	1.80639	1.43816	1.28911	4.18748	3.28881	1.46167	0	5.52669	8.38293	2.90828	6.37238	5.16412	8.43898	6.95128	13.7641	4.48497	5.79462	7.70273	
1.85689	1.89371	10.955	3.62031	11.9783	1.52607	7.32727	0.816128	6.55894	5.42277	3.78403	8.03004	8.90609	5.52669	0	7.97947	6.17461	9.9176	14.3426	6.61799	10.3154	12.3148	12.2255	7.78301	8.54277	
4.41007	4.34849	10.9389	2.38847	1.89233	1.37286	7.63901	5.19266	7.89585	5.94355	4.19545	7.03878	3.34506	8.38293	7.97947	0	8.81915	3.95376	4.25671	5.44378	0.229449	5.99459	3.88131	3.64195	2.60959	
3.99519	2.17948	2.38055	4.1395	3.35802	3.34394	3.35499	3.25707	11.2951	9.2467	7.55643	10.379	3.5215	2.90828	6.17461	8.81915	0	1.56246	3.14758	0.443387	5.06217	6.14017	0.888178	1.6084	7.06453	
5.33381	7.80368	3.05623	1.9681	2.06144	4.01962	2.94607	8.64785	10.7349	1.18407	8.61177	1.71994	1.01151	6.37238	9.9176	3.95376	1.56246	0	3.21073	1.11907	4.13422	4.94861	1.56386	3.81106	5.4496	
7.0973	8.91301	3.37239	6.64519	3.2888	9.87554	3.28577	8.13806	9.39489	3.87501	7.48721	9.16722	4.04757	5.16412	14.3426	4.25671	3.14758	3.21073	0	4.3298	4.48616	1.73788	3.68138	1.53918	2.40965	
4.21474	2.62287	1.93716	4.0347	3.18051	2.90055	4.06514	3.6105	5.36748	3.25067	4.65595	3.78654	2.13058	8.43898	6.61799	5.44378	0.443387	1.11907	4.3298	0	4.04396	6.58355	0.444791	2.05178	1.71652	
4.18062	5.70151	5.28699	2.61792	2.12178	1.14341	5.20037	1.85335	3.61033	6.91931	2.8988	7.26823	4.69808	6.95128	10.3154	0.229449	5.06217	4.13422	4.48616	4.04396	0	7.04788	3.72346	3.45378	2.83904	
8.83518	7.87854	8.94628	5.91853	6.42896	8.19129	8.85966	8.72271	16.4012	5.61289	13.0611	9.34376	6.87512	13.7641	12.3148	5.99459	6.14017	4.94861	1.73788	6.58355	7.04788	0	5.82151	3.27706	4.14753	
4.65953	8.23033	1.66139	5.49256	3.99625	3.34534	6.30115	7.80249	8.71573	3.19585	7.78517	5.08358	3.36841	4.48497	12.2255	3.88131	0.888178	1.56386	3.68138	0.444791	3.72346	5.82151	0	3.4946	1.27173	
5.14486	3.78788	1.83321	7.19527	1.74963	4.59719	1.74659	11.3711	9.64843	5.41419	5.94803	6.54361	6.24766	5.79462	7.78301	3.64195	1.6084	3.81106	1.53918	2.05178	3.45378	3.27706	3.4946	0	3.94883	
8.06219	6.97393	2.93312	4.99806	4.50191	8.43659	5.02942	7.72664	11.6955	4.46758	6.80503	5.14652	4.43809	7.70273	8.54277	2.60959	7.06453	5.4496	2.40965	1.71652	2.83904	4.14753	1.27173	3.94883	0	

0	6.07661	5.6274	5.6625	14.2235	3.58687	5.30853	2.1691	2.30062	5.99778	4.12308	4.04196	4.58946	7.8289	2.42309	13.1098	5.26978	7.03103	9.39753	3.85899	5.48719	6.6564	7.3462	2.52239	9.35333	
6.07661	0	2.57679	8.00406	10.1087	6.90814	6.4569	5.53927	8.37723	4.68732	7.49325	4.16224	8.69675	7.90416	5.79326	8.99508	6.83459	2.91629	9.65399	6.30828	8.85735	6.63115	3.23146	7.64488	4.82552	
5.6274	2.57679	0	3.66639	14.0813	3.11722	3.62028	5.06579	6.98928	2.11053	3.71503	1.58544	4.96033	4.89186	5.38794	8.44332	3.78844	4.57103	8.95329	5.05453	8.37169	4.3287	10.1208	9.14973	2.24873	
5.6625	8.00406	3.66639	0	4.77623	2.56255	7.24862	5.25325	5.54228	1.55586	3.16036	8.05678	3.25345	6.23686	6.86329	2.58372	3.23377	5.08777	9.05313	4.47671	1.93516	4.54151	5.40294	3.14011	7.3753	
14.2235	10.1087	14.0813	4.77623	0	8.84441	6.16229	6.15916	6.13213	4.55615	6.92228	9.31238	8.75816	6.02136	4.74736	0.880826	2.87825	6.95961	4.43797	3.40455	1.52939	5.44742	4.83701	5.62564	7.07541	
3.58687	6.90814	3.11722	2.56255	8.84441	0	3.72444	1.41777	3.16894	1.00669	2.61119	4.89811	3.85649	4.70482	1.67176	9.013	2.6846	4.61073	4.40644	7.49432	4.27166	1.66531	4.92589	7.07791	3.74528	
5.30853	6.4569	3.62028	7.24862	6.16229	3.72444	0	1.76182	2.59696	4.96196	4.7867	2.03483	5.39801	1.01176	1.50783	11.0821	3.28405	6.23196	14.6392	3.81035	6.45753	4.05127	5.24282	5.26962	6.12884	
2.1691	5.53927	5.06579	5.25325	6.15916	1.41777	1.76182	0	1.34312	2.42446	1.95398	3.48034	3.15748	4.1512	0.253991	3.96665	2.1231	6.0285	5.82421	6.94943	3.31809	3.08309	8.97612	4.69149	8.83561	
2.30062	8.37723	6.98928	5.54228	6.13213	3.16894	2.59696	1.34312	0	3.61917	2.01467	5.14401	2.28883	4.12093	1.08913	5.22318	2.95824	7.24595	7.57538	3.78019	4.57462	4.83425	5.21266	4.82301	8.55764	
5.99778	4.68732	2.11053	1.55586	4.55615	1.00669	4.96196	2.42446	3.61917	0	1.6045	3.69598	2.8498	7.79273	3.22329	7.64595	1.67791	5.61742	5.41313	2.20421	3.49102	2.672	3.63668	4.4253	4.35926	
4.12308	7.49325	3.71503	3.16036	6.92228	2.61119	4.7867	1.95398	2.01467	1.6045	0	5.43433	4.3035	7.61379	2.20797	6.04145	3.28241	7.58227	7.37799	10.4659	5.27207	4.63686	10.9301	8.29931	8.95016	
4.04196	4.16224	1.58544	8.05678	9.31238	4.89811	2.03483	3.48034	5.14401	3.69598	5.43433	0	6.63783	3.04659	3.54267	7.43481	3.99539	4.19712	6.81479	3.46909	6.78625	7.42874	4.51229	4.80568	3.83418	
4.58946	8.69675	4.96033	3.25345	8.75816	3.85649	5.39801	3.15748	2.28883	2.8498	4.3035	6.63783	0	6.82088	3.37796	10.3823	4.52771	7.76433	7.46899	6.40622	5.18861	4.04947	7.83868	5.20456	6.12944	
7.8289	7.90416	4.89186	6.23686	6.02136	4.70482	1.01176	4.1512	4.12093	7.79273	7.61379	3.04659	6.82088	0	2.51959	6.90219	4.29581	6.75436	6.45902	3.86398	5.64586	3.03951	5.64449	5.20058	5.11947	
2.42309	5.79326	5.38794	6.86329	4.74736	1.67176	1.50783	0.253991	1.08913	3.22329	2.20797	3.54267	3.37796	2.51959	0	9.32032	1.86911	6.15682	6.62304	2.39542	3.57208	3.88191	3.82788	4.6165	7.17287	
13.1098	8.99508	8.44332	2.58372	0.880826	9.013	11.0821	3.96665	5.22318	7.64595	6.04145	7.43481	10.3823	6.90219	9.32032	0	3.75907	6.07879	5.3188	8.24901	0.64856	3.25491	6.39396	14.5355	6.19458	
5.26978	6.83459	3.78844	3.23377	2.87825	2.6846	3.28405	2.1231	2.95824	1.67791	3.28241	3.99539	4.52771	4.29581	1.86911	3.75907	0	2.27394	3.87201	0.526306	5.71932	6.68137	1.95877	1.8629	5.30376	
7.03103	2.91629	4.57103	5.08777	6.95961	4.61073	6.23196	6.0285	7.24595	5.61742	7.58227	4.19712	7.76433	6.75436	6.15682	6.07879	2.27394	0	4.70064	2.09568	6.3212	3.71486	0.315169	6.01695	2.3223	
9.39753	9.65399	8.95329	9.05313	4.43797	4.40644	14.6392	5.82421	7.57538	5.41313	7.37799	6.81479	7.46899	6.45902	6.62304	5.3188	3.87201	4.70064	0	3.3457	6.02586	3.41951	4.38547	4.6823	5.49948	
3.85899	6.30828	5.05453	4.47671	3.40455	7.49432	3.81035	6.94943	3.78019	2.20421	10.4659	3.46909	6.40622	3.86398	2.39542	8.24901	0.526306	2.09568	3.3457	0	7.60045	6.15507	1.78051	1.3366	5.83006	
5.48719	8.85735	8.37169	1.93516	1.52939	4.27166	6.45753	3.31809	4.57462	3.49102	5.27207	6.78625	5.18861	5.64586	3.57208	0.64856	5.71932	6.3212	6.02586	7.60045	0	2.60635	7.60724	5.07527	4.68631	
6.6564	6.63115	4.3287	4.54151	5.44742	1.66531	4.05127	3.08309	4.83425	2.672	4.63686	7.42874	4.04947	3.03951	3.88191	3.25491	6.68137	3.71486	3.41951	6.15507	2.60635	0	4.03002	5.4126	2.07997	
7.3462	3.23146	10.1208	5.40294	4.83701	4.92589	5.24282	8.97612	5.21266	3.63668	10.9301	4.51229	7.83868	5.64449	3.82788	6.39396	1.95877	0.315169	4.38547	1.78051	7.60724	4.03002	0	3.11711	2.63747	
2.52239	7.64488	9.14973	3.14011	5.62564	7.07791	5.26962	4.69149	4.82301	4.4253	8.29931	4.80568	5.20456	5.20058	4.6165	14.5355	1.8629	6.01695	4.6823	1.3366	5.07527	5.4126	3.11711	0	7.49256	
9.35333	4.82552	2.24873	7.3753	7.07541	3.74528	6.12884	8.83561	8.55764	4.35926	8.95016	3.83418	6.12944	5.11947	7.17287	6.19458	5.30376	2.3223	5.49948	5.83006	4.68631	2.07997	2.63747	7.49256	0	

0	3.99478	7.73634	7.93464	12.2024	4.2017	10.2656	1.40763	4.1864	5.3694	2.45148	3.82141	4.08008	6.88247	0.291225	15.183	12.5291	6.58777	12.6471	9.87504	10.4425	8.03871	9.18864	9.34572	6.89597	
3.99478	0	7.64284	4.35323	10.1152	5.64702	5.66333	1.26599	1.4483	4.93322	2.05344	5.81571	3.51259	2.96625	2.3824	9.13145	11.519	10.0001	10.0306	11.6534	8.94736	4.58786	4.58639	6.51219	6.84421	
7.73634	7.64284	0	2.24965	4.41248	5.17833	6.25135	5.33689	7.26617	1.82857	4.79963	6.0691	4.29461	6.52585	6.90675	6.65014	3.99619	6.03182	4.11422	5.75792	3.43539	3.09192	4.63738	1.60938	6.22248	
7.93464	4.35323	2.24965	0	4.35578	3.73294	5.67558	3.08724	10.822	4.07822	3.14422	4.90473	2.18724	4.2762	4.20364	7.58497	6.06831	3.95604	8.62678	11.7184	11.2811	5.30313	6.40763	3.85904	13.4891	
12.2024	10.1152	4.41248	4.35578	0	6.79489	4.45355	6.25114	6.72091	2.58392	5.55498	2.3535	5.07098	11.2872	5.88368	4.02868	6.13231	0.399746	5.05293	4.71235	4.19074	5.24694	6.42156	3.76441	6.97782	
4.2017	5.64702	5.17833	3.73294	6.79489	0	8.82017	5.97932	8.3881	4.21976	6.28882	4.4414	5.33184	2.68077	4.49293	15.0319	6.6374	7.68898	7.16066	14.6471	5.82658	3.83701	8.50947	5.31954	8.61367	
10.2656	5.66333	6.25135	5.67558	4.45355	8.82017	0	4.39733	6.54321	7.03747	4.44532	6.20583	3.48834	6.83365	5.51373	9.68272	3.06498	4.8533	4.6878	5.43324	9.37996	5.86536	3.74005	4.64196	6.94785	
1.40763	1.26599	5.33689	3.08724	6.25114	5.97932	4.39733	0	2.52063	3.66722	1.91549	4.64659	2.2466	4.23225	1.1164	10.2869	6.12226	7.04327	6.64552	5.87656	5.27404	3.32187	3.32039	4.8044	6.52819	
4.1864	1.4483	7.26617	10.822	6.72091	8.3881	6.54321	2.52063	0	3.5762	0.605141	4.36741	1.56212	4.41455	2.7654	14.958	9.60818	11.1307	10.328	6.40057	7.04443	10.4684	8.20523	8.82713	8.2925	
5.3694	4.93322	1.82857	4.07822	2.58392	4.21976	7.03747	3.66722	3.5762	0	2.97106	4.93741	3.92804	6.90052	4.78362	1.79204	7.9218	2.98366	7.58027	6.49848	1.60682	6.98909	6.46594	3.43795	3.70997	
2.45148	2.05344	4.79963	3.14422	5.55498	6.28882	4.44532	1.91549	0.605141	2.97106	0	3.67447	0.956981	7.13873	2.16026	9.12053	4.83805	8.4568	8.5897	5.79543	4.57788	5.23736	5.23589	3.6422	7.36497	
3.82141	5.81571	6.0691	4.90473	2.3535	4.4414	6.20583	4.64659	4.36741	4.93741	3.67447	0	2.71749	7.12216	3.53018	9.06441	6.1042	2.75324	6.76622	6.62423	8.04665	5.94225	4.06807	4.45972	7.27587	
4.08008	3.51259	4.29461	2.18724	5.07098	5.33184	3.48834	2.2466	1.56212	3.92804	0.956981	2.71749	0	6.46344	3.11724	7.72598	3.88107	6.14327	5.19005	6.24934	9.09386	4.16775	4.36055	2.68522	7.56835	
6.88247	2.96625	6.52585	4.2762	11.2872	2.68077	6.83365	4.23225	4.41455	6.90052	7.13873	7.12216	6.46344	0	6.66981	16.7525	9.89863	8.23224	16.8616	12.9342	21.6226	6.51777	10.5737	11.4756	9.81046	
0.291225	2.3824	6.90675	4.20364	5.88368	4.49293	5.51373	1.1164	2.7654	4.78362	2.16026	3.53018	3.11724	6.66981	0	8.89199	7.66993	6.29654	9.7911	7.95569	6.685	4.43827	4.4368	6.36259	6.60474	
15.183	9.13145	6.65014	7.58497	4.02868	15.0319	9.68272	10.2869	14.958	1.79204	9.12053	9.06441	7.72598	16.7525	8.89199	0	5.69337	3.62893	5.47361	3.3251	0.185219	6.52329	5.49505	5.04076	2.28725	
12.5291	11.519	3.99619	6.06831	6.13231	6.6374	3.06498	6.12226	9.60818	7.9218	4.83805	6.1042	3.88107	9.89863	7.66993	5.69337	0	5.73256	1.62282	2.36827	6.31498	2.80039	4.92443	2.3868	4.67484	
6.58777	10.0001	6.03182	3.95604	0.399746	7.68898	4.8533	7.04327	11.1307	2.98366	8.4568	2.75324	6.14327	8.23224	6.29654	3.62893	5.73256	0	5.45268	5.1121	3.81415	8.53295	10.451	4.16416	5.91618	
12.6471	10.0306	4.11422	8.62678	5.05293	7.16066	4.6878	6.64552	10.328	7.58027	8.5897	6.76622	5.19005	16.8616	9.7911	5.47361	1.62282	5.45268	0	2.79427	5.28951	3.32365	5.35043	2.50483	3.18636	
9.87504	11.6534	5.75792	11.7184	4.71235	14.6471	5.43324	5.87656	6.40057	6.49848	5.79543	6.62423	6.24934	12.9342	7.95569	3.3251	2.36827	5.1121	2.79427	0	3.51032	5.16866	2.55616	4.14854	5.61235	
10.4425	8.94736	3.43539	11.2811	4.19074	5.82658	9.37996	5.27404	7.04443	1.60682	4.57788	8.04665	9.09386	21.6226	6.685	0.185219	6.31498	3.81415	5.28951	3.51032	0	8.97738	5.31095	5.22597	2.10315	
8.03871	4.58786	3.09192	5.30313	5.24694	3.83701	5.86536	3.32187	10.4684	6.98909	5.23736	5.94225	4.16775	6.51777	4.43827	6.52329	2.80039	8.53295	3.32365	5.16866	8.97738	0	6.41761	1.48253	6.51001	
9.18864	4.58639	4.63738	6.40763	6.42156	8.50947	3.74005	3.32039	8.20523	6.46594	5.23589	4.06807	4.36055	10.5737	4.4368	5.49505	4.92443	10.451	5.35043	2.55616	5.31095	6.41761	0	4.93508	3.2078	
9.34572	6.51219	1.60938	3.85904	3.76441	5.31954	4.64196	4.8044	8.82713	3.43795	3.6422	4.45972	2.68522	11.4756	6.36259	5.04076	2.3868	4.16416	2.50483	4.14854	5.22597	1.48253	4.93508	0	5.69119	
6.89597	6.84421	6.22248	13.4891	6.97782	8.61367	6.94785	6.52819	8.2925	3.70997	7.36497	7.27587	7.56835	9.81046	6.60474	2.28725	4.67484	5.91618	3.18636	5.61235	2.10315	6.51001	3.2078	5.69119	0	

0	3.8468	7.01034	3.39527	6.34475	3.33184	3.44592	2.2332	4.23531	3.14783	4.77149	4.79633	5.60709	3.06988	3.12537	7.83117	3.5591	5.57291	4.87506	4.35651	6.47961	3.36736	4.67288	4.7637	8.86447	
3.8468	0	15.3893	7.24207	6.67035	7.17864	3.51295	6.08	4.30234	6.99463	11.4803	11.716	5.84804	3.13691	6.97218	10.0032	7.4059	7.12663	7.82447	12.3963	8.68951	7.0216	8.32712	8.3415	9.65896	
7.01034	15.3893	0	3.61507	11.1584	4.76416	13.1382	6.06521	3.91006	10.8477	6.48123	10.2095	2.94135	5.07549	5.24922	9.86246	12.2641	4.13666	8.26986	10.3909	6.69942	12.6113	15.154	12.6829	12.2593	
3.39527	7.24207	3.61507	0	5.10351	1.14909	7.79075	4.74173	7.36422	6.5431	2.58874	10.7693	2.21183	4.92296	2.68943	5.61843	6.95436	3.40714	8.27033	6.60705	3.08435	6.76263	7.06949	9.07889	9.24022	
6.34475	6.67035	11.1584	5.10351	0	10.4721	9.68294	6.32294	7.24836	8.58232	10.9528	5.04564	6.15325	8.41379	8.58752	4.55324	6.52334	9.63727	6.97803	5.45301	2.01917	2.97738	4.2829	5.33869	2.98861	
3.33184	7.17864	4.76416	1.14909	10.4721	0	6.42453	2.76542	2.8795	6.47967	1.43965	6.15577	2.50614	5.21727	1.54034	5.35488	4.80478	3.70145	7.76519	7.15826	4.23344	6.69921	7.82226	9.17	9.62266	
3.44592	3.51295	13.1382	7.79075	9.68294	6.42453	0	6.10927	1.54147	10.9857	7.44161	8.45393	3.08717	0.376038	4.88419	9.09706	4.07648	6.20617	8.72085	4.87389	7.24363	8.30476	8.22727	5.28108	6.69432	
2.2332	6.08	6.06521	4.74173	6.32294	2.76542	6.10927	0	2.15516	5.38103	4.80249	2.56313	6.09878	3.32059	1.22508	6.83785	5.79229	4.87039	4.17255	7.82648	4.30378	5.60056	8.28892	9.30612	8.16196	
4.23531	4.30234	3.91006	7.36422	7.24836	2.8795	1.54147	2.15516	0	9.18813	3.70442	4.71829	3.87656	1.16543	1.33916	7.61965	7.06955	7.06885	6.3277	12.9743	6.45893	9.40767	9.01666	6.37002	10.237	
3.14783	6.99463	10.8477	6.5431	8.58232	6.47967	10.9857	5.38103	9.18813	0	8.6808	3.53668	6.20485	6.21771	6.27321	7.88608	6.24688	5.00954	4.70315	7.34535	8.53458	6.5152	11.4397	5.04228	8.69257	
4.77149	11.4803	6.48123	2.58874	10.9528	1.43965	7.44161	4.80249	3.70442	8.6808	0	7.74258	3.53989	4.86985	2.97999	3.91523	3.36513	4.7352	7.32357	4.16254	6.44931	8.37903	9.26191	4.56974	8.60145	
4.79633	11.716	10.2095	10.7693	5.04564	6.15577	8.45393	2.56313	4.71829	3.53668	7.74258	0	12.173	7.46486	3.78821	10.9118	4.37745	6.50714	6.73567	5.17486	6.8669	8.02302	11.5472	5.58205	8.03426	
5.60709	5.84804	2.94135	2.21183	6.15325	2.50614	3.08717	6.09878	3.87656	6.20485	3.53989	12.173	0	2.71113	4.04648	4.07186	3.32501	1.19531	1.89316	7.65678	4.13408	12.3018	7.62546	4.32018	13.1278	
3.06988	3.13691	5.07549	4.92296	8.41379	5.21727	0.376038	3.32059	1.16543	6.21771	4.86985	7.46486	2.71113	0	2.50459	8.3582	4.45252	3.90644	6.69162	7.50766	6.84521	6.43725	7.85123	5.20459	7.07036	
3.12537	6.97218	5.24922	2.68943	8.58752	1.54034	4.88419	1.22508	1.33916	6.27321	2.97999	3.78821	4.04648	2.50459	0	7.49264	6.68447	7.17549	5.39762	8.6986	5.52885	6.49274	9.3626	10.8276	11.5785	
7.83117	10.0032	9.86246	5.61843	4.55324	5.35488	9.09706	6.83785	7.61965	7.88608	3.91523	10.9118	4.07186	8.3582	7.49264	0	4.35822	2.87654	3.57439	5.45668	2.53408	4.4638	5.76932	3.15361	4.68622	
3.5591	7.4059	12.2641	6.95436	6.52334	4.80478	4.07648	5.79229	7.06955	6.24688	3.36513	4.37745	3.32501	4.45252	6.68447	4.35822	0	2.12969	2.82754	0.79741	4.32012	3.56591	8.55984	1.2046	3.26181	
5.57291	7.12663	4.13666	3.40714	9.63727	3.70145	6.20617	4.87039	7.06885	5.00954	4.7352	6.50714	1.19531	3.90644	7.17549	2.87654	2.12969	0	0.697848	2.9271	5.32939	5.03924	6.43015	3.12487	4.68726	
4.87506	7.82447	8.26986	8.27033	6.97803	7.76519	8.72085	4.17255	6.3277	4.70315	7.32357	6.73567	1.89316	6.69162	5.39762	3.57439	2.82754	0.697848	0	6.45382	8.31595	4.34139	5.64691	3.82272	3.98942	
4.35651	12.3963	10.3909	6.60705	5.45301	7.15826	4.87389	7.82648	12.9743	7.34535	4.16254	5.17486	7.65678	7.50766	8.6986	5.45668	0.79741	2.9271	6.45382	0	3.52271	4.66438	7.50785	2.00201	2.4644	
6.47961	8.68951	6.69942	3.08435	2.01917	4.23344	7.24363	4.30378	6.45893	8.53458	6.44931	6.8669	4.13408	6.84521	5.52885	2.53408	4.32012	5.32939	8.31595	3.52271	0	4.99655	3.98515	5.68769	5.00778	
3.36736	7.0216	12.6113	6.76263	2.97738	6.69921	8.30476	5.60056	9.40767	6.5152	8.37903	8.02302	12.3018	6.43725	6.49274	4.4638	3.56591	5.03924	4.34139	4.66438	4.99655	0	1.30552	2.36131	5.96599	
4.67288	8.32712	15.154	7.06949	4.2829	7.82226	8.22727	8.28892	9.01666	11.4397	9.26191	11.5472	7.62546	7.85123	9.3626	5.76932	8.55984	6.43015	5.64691	7.50785	3.98515	1.30552	0	3.66683	11.5077	
4.7637	8.3415	12.6829	9.07889	5.33869	9.17	5.28108	9.30612	6.37002	5.04228	4.56974	5.58205	4.32018	5.20459	10.8276	3.15361	1.2046	3.12487	3.82272	2.00201	5.68769	2.36131	3.66683	0	4.76747	
8.86447	9.65896	12.2593	9.24022	2.98861	9.62266	6.69432	8.16196	10.237	8.69257	8.60145	8.03426	13.1278	7.07036	11.5785	4.68622	3.26181	4.68726	3.98942	2.4644	5.00778	5.96599	11.5077	4.76747	0	

0	4.02081	10.1472	1.9303	9.62818	1.69037	5.40718	0.545887	2.69361	2.58586	5.28451	7.63993	3.45421	2.93363	1.0092	9.57135	4.37484	5.44136	10.1203	6.3119	4.28576	7.61226	6.24427	7.88152	9.58872	
4.02081	0	2.64405	7.80374	3.6301	4.61941	3.4101	3.47492	6.00615	11.0489	4.76694	7.24995	6.75452	8.0845	3.93823	8.26333	10.0594	8.37039	11.222	5.15312	6.67672	6.50683	5.22724	5.74827	9.21795	
10.1472	2.64405	0	6.98235	4.49914	6.23638	6.05415	6.11897	5.29537	6.24813	8.24081	4.48392	5.37978	10.1758	9.18274	5.61929	2.66508	5.84544	5.42444	2.50907	5.97212	3.86279	7.01568	4.08769	6.5739	
1.9303	7.80374	6.98235	0	4.727	3.27429	3.42829	1.06933	1.97535	1.32502	2.07145	3.00067	1.60258	2.21538	0.606021	3.34763	3.114	5.32248	8.85949	6.40226	3.02492	7.30513	3.77099	4.82364	3.90714	
9.62818	3.6301	4.49914	4.727	0	7.10897	7.04021	7.10502	4.77637	3.99277	6.58673	3.21088	3.12442	8.16061	10.5524	3.57492	2.14608	6.87254	8.0232	1.99007	3.04662	6.50488	5.29283	2.11817	5.42898	
1.69037	4.61941	6.23638	3.27429	7.10897	0	3.36127	1.14449	3.67571	1.94927	2.00443	6.08352	2.81763	3.93946	1.6078	8.01205	3.73826	6.03996	8.4195	6.56943	3.64918	6.85785	5.60769	4.99081	7.74633	
5.40718	3.4101	6.05415	3.42829	7.04021	3.36127	0	5.95307	3.38618	5.47555	1.35684	3.83985	3.98554	6.82769	4.99965	7.74127	3.42678	8.57058	7.93099	5.81469	4.89695	5.15477	1.81713	4.93256	2.77838	
0.545887	3.47492	6.11897	1.06933	7.10502	1.14449	5.95307	0	1.83264	3.09376	3.14892	6.42787	5.02978	2.07267	0.463311	8.83721	6.47832	4.89547	16.3697	5.31752	8.72139	6.87812	5.63022	6.13529	7.33434	
2.69361	6.00615	5.29537	1.97535	4.77637	3.67571	3.38618	1.83264	0	5.5922	2.02934	4.76114	4.72385	2.97869	1.36933	10.2837	2.9423	7.4267	5.54102	2.78629	5.56945	4.86277	3.099	4.35592	4.06025	
2.58586	11.0489	6.24813	1.32502	3.99277	1.94927	5.47555	3.09376	5.5922	0	3.39647	2.26645	0.868351	5.88873	1.93104	2.22821	1.78899	5.52582	3.38291	1.94499	1.6999	2.70466	3.03676	2.23118	3.17291	
5.28451	4.76694	8.24081	2.07145	6.58673	2.00443	1.35684	3.14892	2.02934	3.39647	0	5.19668	3.67403	5.47086	2.67747	4.06841	5.97643	7.21374	11.9055	4.81563	3.54011	8.86228	3.17397	6.38525	6.44518	
7.63993	7.24995	4.48392	3.00067	3.21088	6.08352	3.83985	6.42787	4.76114	2.26645	5.19668	0	1.39809	7.13515	7.55735	7.02048	1.53491	9.07848	6.70526	1.97484	8.63661	5.47942	3.5665	1.09271	3.70266	
3.45421	6.75452	5.37978	1.60258	3.12442	2.81763	3.98554	5.02978	4.72385	0.868351	3.67403	1.39809	0	9.22179	2.2086	4.95021	2.65734	6.92506	4.92131	3.37294	2.56825	5.33786	2.16841	2.49081	2.30456	
2.93363	8.0845	10.1758	2.21538	8.16061	3.93946	6.82769	2.07267	2.97869	5.88873	5.47086	7.13515	9.22179	0	1.60936	11.9515	6.48464	8.27223	11.7602	7.62106	9.01097	10.4292	12.1692	6.04244	12.3054	
1.0092	3.93823	9.18274	0.606021	10.5524	1.6078	4.99965	0.463311	1.36933	1.93104	2.67747	7.55735	2.2086	1.60936	0	3.95365	5.31643	5.35878	10.9113	4.15563	7.50035	8.64552	4.46833	5.42966	9.91699	
9.57135	8.26333	5.61929	3.34763	3.57492	8.01205	7.74127	8.83721	10.2837	2.22821	4.06841	7.02048	4.95021	11.9515	3.95365	0	6.36996	3.94174	10.9136	6.9434	0.528303	5.92439	7.12183	5.92777	5.94944	
4.37484	10.0594	2.66508	3.114	2.14608	3.73826	3.42678	6.47832	2.9423	1.78899	5.97643	1.53491	2.65734	6.48464	5.31643	6.36996	0	2.89833	1.59392	0.156005	3.48889	0.915676	1.60964	0.442197	2.57089	
5.44136	8.37039	5.84544	5.32248	6.87254	6.03996	8.57058	4.89547	7.4267	5.52582	7.21374	9.07848	6.92506	8.27223	5.35878	3.94174	2.89833	0	3.5443	9.56439	3.82592	1.98265	5.32028	6.36936	5.01595	
10.1203	11.222	5.42444	8.85949	8.0232	8.4195	7.93099	16.3697	5.54102	3.38291	11.9055	6.70526	4.92131	11.7602	10.9113	10.9136	1.59392	3.5443	0	1.74993	8.03788	1.56165	3.20357	2.03612	2.61675	
6.3119	5.15312	2.50907	6.40226	1.99007	6.56943	5.81469	5.31752	2.78629	1.94499	4.81563	1.97484	3.37294	7.62106	4.15563	6.9434	0.156005	9.56439	1.74993	0	5.03669	1.07168	1.76565	0.598202	5.46786	
4.28576	6.67672	5.97212	3.02492	3.04662	3.64918	4.89695	8.72139	5.56945	1.6999	3.54011	8.63661	2.56825	9.01097	7.50035	0.528303	3.48889	3.82592	8.03788	5.03669	0	5.80857	5.35832	5.16479	5.42114	
7.61226	6.50683	3.86279	7.30513	6.50488	6.85785	5.15477	6.87812	4.86277	2.70466	8.86228	5.47942	5.33786	10.4292	8.64552	5.92439	0.915676	1.98265	1.56165	1.07168	5.80857	0	2.52532	1.35787	3.0333	
6.24427	5.22724	7.01568	3.77099	5.29283	5.60769	1.81713	5.63022	3.099	3.03676	3.17397	3.5665	2.16841	12.1692	4.46833	7.12183	1.60964	5.32028	3.20357	1.76565	5.35832	2.52532	0	2.05184	0.961247	
7.88152	5.74827	4.08769	4.82364	2.11817	4.99081	4.93256	6.13529	4.35592	2.23118	6.38525	1.09271	2.49081	6.04244	5.42966	5.92777	0.442197	6.36936	2.03612	0.598202	5.16479	1.35787	2.05184	0	5.18123	
9.58872	9.21795	6.5739	3.90714	5.42898	7.74633	2.77838	7.33434	4.06025	3.17291	6.44518	3.70266	2.30456	12.3054	9.91699	5.94944	2.57089	5.01595	2.61675	5.46786	5.42114	3.0333	0.961247	5.18123	0	

0	3.98497	8.80792	4.69091	6.11538	1.6641	3.21551	4.17197	0.682118	4.74251	1.37952	3.02503	3.70838	6.84703	1.62799	4.24481	4.8225	4.73061	6.25793	1.73479	4.4586	6.39371	2.78002	6.12452	3.72117	
3.98497	0	3.84382	7.46039	6.56872	2.32087	6.45155	5.56384	4.11837	5.51449	3.42097	8.51384	9.81863	2.82003	4.81523	5.21002	7.3207	6.15362	7.13636	7.14887	4.91194	7.11121	4.78711	7.0361	5.16249	
8.80792	3.84382	0	12.9061	6.6764	6.1647	4.07458	15.4192	7.98682	5.12357	7.2648	5.99638	5.53614	6.66385	10.4359	9.35156	3.47688	2.55948	7.13847	6.56459	3.80116	3.26739	5.23995	5.23528	6.87595	
4.69091	7.46039	12.9061	0	3.80992	8.01961	7.59106	5.03673	5.98637	3.07789	5.1714	6.08372	0.982528	4.64036	4.88656	4.51889	3.14126	3.95918	3.53207	7.37397	5.46669	8.3594	7.68714	6.78652	8.90187	
6.11538	6.56872	6.6764	3.80992	0	6.34346	5.63203	7.66947	9.54426	6.68101	4.34898	5.68066	4.79244	5.918	8.69647	0.708978	7.18458	2.89846	8.21783	3.219	1.00706	5.37749	3.87723	3.78094	6.02117	
1.6641	2.32087	6.1647	8.01961	6.34346	0	4.87961	4.14025	2.34622	4.0909	1.99738	7.09024	5.37248	5.1409	3.29208	12.467	11.1733	5.14671	9.99833	3.39889	4.68958	7.63068	2.46624	10.5323	7.48336	
3.21551	6.45155	4.07458	7.59106	5.63203	4.87961	0	9.29227	3.89762	4.0792	6.60669	6.39778	4.49176	3.63152	4.84349	8.30718	4.58276	1.5151	6.12577	4.95029	2.75679	8.03906	4.19558	5.69499	6.8167	
4.17197	5.56384	15.4192	5.03673	7.66947	4.14025	9.29227	0	2.84027	4.23639	2.14287	6.9703	6.01926	9.67709	2.54399	6.31077	12.8686	7.25437	11.824	8.34605	4.83507	11.5252	7.38868	8.13685	9.85014	
0.682118	4.11837	7.98682	5.98637	9.54426	2.34622	3.89762	2.84027	0	2.79092	0.697399	5.52613	4.3905	9.53826	1.09981	12.2194	8.49499	5.42734	9.01634	2.4169	3.3896	9.79564	8.10781	8.29857	10.7289	
4.74251	5.51449	5.12357	3.07789	6.68101	4.0909	4.0792	4.23639	2.79092	0	2.09352	7.18638	3.60466	7.71824	3.48777	5.6502	5.63175	2.56409	6.15421	6.27675	3.80577	5.28152	5.23152	7.14864	5.82399	
1.37952	3.42097	7.2648	5.1714	4.34898	1.99738	6.60669	2.14287	0.697399	2.09352	0	5.09286	5.69818	6.241	1.39426	2.99029	9.54811	3.93389	9.25326	6.3831	2.6922	7.37504	4.46362	4.81637	7.0566	
3.02503	8.51384	5.99638	6.08372	5.68066	7.09024	6.39778	6.9703	5.52613	7.18638	5.09286	0	7.06625	5.77623	4.42632	3.80026	2.4612	5.28733	12.253	1.29024	2.82695	4.72257	2.33548	0.70279	3.27662	
3.70838	9.81863	5.53614	0.982528	4.79244	5.37248	4.49176	6.01926	4.3905	3.60466	5.69818	7.06625	0	5.62288	5.33637	9.76873	2.15873	2.97666	2.54955	5.24644	4.21834	6.42062	5.65713	3.91713	4.52341	
6.84703	2.82003	6.66385	4.64036	5.918	5.1409	3.63152	9.67709	9.53826	7.71824	6.241	5.77623	5.62288	0	9.52691	4.55931	6.83185	5.14662	10.8223	5.14674	4.26122	9.09322	4.10151	5.07344	7.98252	
1.62799	4.81523	10.4359	4.88656	8.69647	3.29208	4.84349	2.54399	1.09981	3.48777	1.39426	4.42632	5.33637	9.52691	0	15.1562	13.906	6.52715	9.96221	3.36277	4.08646	10.2773	9.49588	5.12911	10.8198	
4.24481	5.21002	9.35156	4.51889	0.708978	12.467	8.30718	6.31077	12.2194	5.6502	2.99029	3.80026	9.76873	4.55931	15.1562	0	5.59773	1.53976	6.85914	2.51002	0.298082	6.08647	3.55526	2.42224	4.49641	
4.8225	7.3207	3.47688	3.14126	7.18458	11.1733	4.58276	12.8686	8.49499	5.63175	9.54811	2.4612	2.15873	6.83185	13.906	5.59773	0	3.06766	4.70827	3.08771	3.88257	5.77819	4.13294	1.7584	3.39907	
4.73061	6.15362	2.55948	3.95918	2.89846	5.14671	1.5151	7.25437	5.42734	2.56409	3.93389	5.28733	2.97666	5.14662	6.52715	1.53976	3.06766	0	4.61067	3.72571	1.24168	5.82687	2.68047	3.36584	5.30159	
6.25793	7.13636	7.13847	3.53207	8.21783	9.99833	6.12577	11.824	9.01634	6.15421	9.25326	12.253	2.54955	10.8223	9.96221	6.85914	4.70827	4.61067	0	3.96025	5.85235	3.87108	7.29114	7.02046	1.97386	
1.73479	7.14887	6.56459	7.37397	3.219	3.39889	4.95029	8.34605	2.4169	6.27675	6.3831	1.29024	5.24644	5.14674	3.36277	2.51002	3.08771	3.72571	3.96025	0	2.80811	4.65892	1.04523	1.99303	1.98638	
4.4586	4.91194	3.80116	5.46669	1.00706	4.68958	2.75679	4.83507	3.3896	3.80577	2.6922	2.82695	4.21834	4.26122	4.08646	0.298082	3.88257	1.24168	5.85235	2.80811	0	6.14394	3.92216	2.12416	4.3644	
6.39371	7.11121	3.26739	8.3594	5.37749	7.63068	8.03906	11.5252	9.79564	5.28152	7.37504	4.72257	6.42062	9.09322	10.2773	6.08647	5.77819	5.82687	3.87108	4.65892	6.14394	0	5.70416	4.01978	5.84494	
2.78002	4.78711	5.23995	7.68714	3.87723	2.46624	4.19558	7.38868	8.10781	5.23152	4.46362	2.33548	5.65713	4.10151	9.49588	3.55526	4.13294	2.68047	7.29114	1.04523	3.92216	5.70416	0	5.43497	3.03162	
6.12452	7.0361	5.23528	6.78652	3.78094	10.5323	5.69499	8.13685	8.29857	7.14864	4.81637	0.70279	3.91713	5.07344	5.12911	2.42224	1.7584	3.36584	7.02046	1.99303	2.12416	4.01978	5.43497	0	5.15747	
3.72117	5.16249	6.87595	8.90187	6.02117	7.48336	6.8167	9.85014	10.7289	5.82399	7.0566	3.27662	4.52341	7.98252	10.8198	4.49641	3.39907	5.30159	1.97386	1.98638	4.3644	5.84494	3.03162	5.15747	0	

0	6.35234	8.51622	2.98271	7.49021	1.00635	2.02682	0.602076	3.99467	6.81365	3.03882	7.42919	4.90962	6.32591	1.86551	6.69627	8.14836	6.37312	9.27852	8.1879	7.23247	5.99848	6.82155	5.28882	7.64665	
6.35234	0	5.25625	4.14266	2.87948	2.37015	1.34968	5.37343	3.89322	4.88535	2.93669	2.71422	5.23378	6.37976	8.21785	8.86869	1.79602	8.26077	8.89735	4.22192	9.06595	7.99002	4.45028	3.02371	4.10804	
8.51622	5.25625	0	2.99303	4.54369	4.96939	7.83012	13.7798	12.5415	3.70603	14.2201	4.42147	5.22541	7.89852	11.1771	6.01186	3.46023	5.44335	10.0607	8.03568	4.32573	9.65422	6.11448	4.68792	5.77224	
2.98271	4.14266	2.99303	0	4.81296	1.97636	2.99683	7.91942	7.26588	0.712995	11.6578	1.42844	2.23237	9.25557	7.5979	7.66628	3.80232	5.89243	7.06771	5.35233	4.78923	5.85942	6.04587	4.32717	4.57902	
7.49021	2.87948	4.54369	4.81296	0	7.87977	5.45335	8.26763	9.01374	4.17278	9.97027	5.10015	2.58058	12.0212	6.43283	2.3553	1.08346	1.92522	3.65951	5.6589	1.65365	7.27745	3.64774	2.31115	3.39547	
1.00635	2.37015	4.96939	1.97636	7.87977	0	1.02047	1.60843	4.75868	2.68936	6.24605	3.4048	4.20874	6.05054	2.87186	5.68992	5.39036	7.34373	9.04407	7.36828	6.22612	5.95369	7.06136	6.30353	8.6586	
2.02682	1.34968	7.83012	2.99683	5.45335	1.02047	0	12.1255	3.73821	6.82777	4.28637	4.0639	8.7521	5.03007	6.94025	6.71038	3.14571	8.9163	12.8923	5.57161	7.24659	6.97416	7.02414	5.59758	6.6819	
0.602076	5.37343	13.7798	7.91942	8.26763	1.60843	12.1255	0	3.39328	7.58196	2.43674	7.03645	5.5117	6.98138	2.46759	11.0035	5.91443	13.1978	9.88059	6.97792	12.3311	5.3964	6.40544	4.68674	7.04457	
3.99467	3.89322	12.5415	7.26588	9.01374	4.75868	3.73821	3.39328	0	10.0869	0.956537	12.3832	8.90429	7.66244	3.20204	10.1458	8.1081	7.70965	9.57848	6.73147	10.0534	11.2432	8.65735	8.43806	9.27873	
6.81365	4.88535	3.70603	0.712995	4.17278	2.68936	6.82777	7.58196	10.0869	0	9.43007	2.14143	2.94537	11.3453	6.8849	5.76237	3.08933	5.19385	7.78071	4.63933	4.07624	5.56185	5.74358	4.02961	3.86603	
3.03882	2.93669	14.2201	11.6578	9.97027	6.24605	4.28637	2.43674	0.956537	9.43007	0	5.65091	8.12379	16.81	4.15858	10.4524	4.73271	10.3562	8.62194	7.15861	9.8944	7.83314	11.8238	7.12348	8.68471	
7.42919	2.71422	4.42147	1.42844	5.10015	3.4048	4.0639	7.03645	12.3832	2.14143	5.65091	0	2.51956	13.675	11.8297	11.2602	4.16988	7.32087	8.49615	6.61342	11.4574	8.1259	6.82414	5.39757	6.4819	
4.90962	5.23378	5.22541	2.23237	2.58058	4.20874	8.7521	5.5117	8.90429	2.94537	8.12379	2.51956	0	11.2889	6.77514	4.93589	3.66404	4.5058	8.48178	7.62429	4.23423	7.28123	7.46769	5.74899	7.20757	
6.32591	6.37976	7.89852	9.25557	12.0212	6.05054	5.03007	6.98138	7.66244	11.3453	16.81	13.675	11.2889	0	4.46039	11.4042	9.39996	8.96801	9.12411	10.7828	11.3118	9.63622	9.91571	9.69641	13.2714	
1.86551	8.21785	11.1771	7.5979	6.43283	2.87186	6.94025	2.46759	3.20204	6.8849	4.15858	11.8297	6.77514	4.46039	0	6.82676	6.4637	4.50761	6.2419	6.32239	5.62522	6.76826	5.45531	5.23601	10.7509	
6.69627	8.86869	6.01186	7.66628	2.3553	5.68992	6.71038	11.0035	10.1458	5.76237	10.4524	11.2602	4.93589	11.4042	6.82676	0	3.43876	2.80375	8.2565	4.64676	1.68613	5.10047	1.37145	3.09015	9.03536	
8.14836	1.79602	3.46023	3.80232	1.08346	5.39036	3.14571	5.91443	8.1081	3.08933	4.73271	4.16988	3.66404	9.39996	6.4637	3.43876	0	3.00868	6.45925	3.51887	2.73711	2.75993	2.65425	1.22769	2.31201	
6.37312	8.26077	5.44335	5.89243	1.92522	7.34373	8.9163	13.1978	7.70965	5.19385	10.3562	7.32087	4.5058	8.96801	4.50761	2.80375	3.00868	0	1.73428	5.96164	1.11761	5.45154	1.72252	3.44122	5.88152	
9.27852	8.89735	10.0607	7.06771	3.65951	9.04407	12.8923	9.88059	9.57848	7.78071	8.62194	8.49615	8.48178	9.12411	6.2419	8.2565	6.45925	1.73428	0	4.67543	2.8519	8.21033	3.4568	6.9666	4.14724	
8.1879	4.22192	8.03568	5.35233	5.6589	7.36828	5.57161	6.97792	6.73147	4.63933	7.15861	6.61342	7.62429	10.7828	6.32239	4.64676	3.51887	5.96164	4.67543	0	4.84402	3.82342	4.00988	2.29118	6.88746	
7.23247	9.06595	4.32573	4.78923	1.65365	6.22612	7.24659	12.3311	10.0534	4.07624	9.8944	11.4574	4.23423	11.3118	5.62522	1.68613	2.73711	1.11761	2.8519	4.84402	0	7.29321	2.84013	7.1352	7.34923	
5.99848	7.99002	9.65422	5.85942	7.27745	5.95369	6.97416	5.3964	11.2432	5.56185	7.83314	8.1259	7.28123	9.63622	6.76826	5.10047	2.75993	5.45154	8.21033	3.82342	7.29321	0	3.25094	1.53224	4.06309	
6.82155	4.45028	6.11448	6.04587	3.64774	7.06136	7.02414	6.40544	8.65735	5.74358	11.8238	6.82414	7.46769	9.91571	5.45531	1.37145	2.65425	1.72252	3.4568	4.00988	2.84013	3.25094	0	1.7187	4.96627	
5.28882	3.02371	4.68792	4.32717	2.31115	6.30353	5.59758	4.68674	8.43806	4.02961	7.12348	5.39757	5.74899	9.69641	5.23601	3.09015	1.22769	3.44122	6.9666	2.29118	7.1352	1.53224	1.7187	0	3.5397	
7.64665	4.10804	5.77224	4.57902	3.39547	8.6586	6.6819	7.04457	9.27873	3.86603	8.68471	6.4819	7.20757	13.2714	10.7509	9.03536	2.31201	5.88152	4.14724	6.88746	7.34923	4.06309	4.96627	3.5397	0	

0	4.60311	6.32469	2.24811	1.60174	2.93063	7.46777	1.83075	1.33643	4.43309	0.808805	8.3414	3.3467	8.01103	1.67194	1.7918	6.20376	6.18417	13.0889	3.84488	4.68184	11.7528	2.26021	7.75684	4.32539	
4.60311	0	3.80428	4.13777	6.30998	4.7333	5.10335	2.77236	5.35793	5.3747	8.15118	5.92129	3.03918	4.56009	5.15634	7.47395	2.19766	1.83246	4.7586	3.16766	2.57712	6.524	4.53185	1.07168	7.9942	
6.32469	3.80428	0	6.18607	5.62034	11.2716	8.80805	8.15544	7.26737	6.21464	7.13349	7.93442	4.89996	16.4439	11.2031	7.52111	3.85858	11.9135	6.41952	3.46994	8.54882	7.59762	3.93495	2.7326	7.3973	
2.24811	4.13777	6.18607	0	3.84985	1.04335	7.26865	3.00428	2.63754	3.13485	3.05692	3.98069	1.09859	3.57251	3.21575	7.36248	3.76667	5.91707	9.05346	2.52861	6.66173	11.1953	3.18114	4.81211	6.64349	
1.60174	6.30998	5.62034	3.84985	0	6.54867	9.06951	3.43248	2.93817	4.98784	2.41054	6.36988	3.67316	8.55313	8.19637	0.190064	2.25433	4.58243	5.52641	1.12348	1.51848	3.29421	0.65847	4.33912	2.16079	
2.93063	4.7333	11.2716	1.04335	6.54867	0	6.70319	1.96094	1.5942	2.09151	2.4869	8.4111	2.14193	9.38407	1.92971	7.55249	6.33395	6.96042	6.86013	3.75948	4.81203	11.8829	12.1991	11.9439	6.00349	
7.46777	5.10335	8.80805	7.26865	9.06951	6.70319	0	7.21403	8.80421	4.61168	8.27658	0.873633	3.01718	0.543263	9.90071	9.64813	4.65062	5.64343	5.20522	5.70116	3.06066	6.24557	6.24648	5.77659	7.67741	
1.83075	2.77236	8.15544	3.00428	3.43248	1.96094	7.21403	0	2.58557	2.60235	2.63955	5.03812	5.81154	7.33245	2.92108	4.17951	4.37301	3.59575	7.37097	5.34704	2.85109	9.4019	5.96887	3.84404	6.17419	
1.33643	5.35793	7.26737	2.63754	2.93817	1.5942	8.80421	2.58557	0	3.6857	2.14524	8.05083	2.45267	7.64265	0.33551	11.0598	4.84797	6.81794	13.8438	3.79743	5.43666	12.2766	4.26244	5.89341	2.55881	
4.43309	5.3747	6.21464	3.13485	4.98784	2.09151	4.61168	2.60235	3.6857	0	4.57841	5.48531	4.17472	5.15494	11.1601	7.32313	3.79524	10.2019	4.76863	2.7447	5.45344	5.71666	3.2097	4.84068	6.67206	
0.808805	8.15118	7.13349	3.05692	2.41054	2.4869	8.27658	2.63955	2.14524	4.57841	0	9.837	9.39705	10.4916	5.73989	5.48731	13.271	7.55286	13.1781	6.46966	6.83969	10.1973	7.9218	9.22286	3.51659	
8.3414	5.92129	7.93442	3.98069	6.36988	8.4111	0.873633	5.03812	8.05083	5.48531	9.837	0	2.88211	1.4169	4.99926	3.51544	4.73742	2.93169	6.31996	4.31212	2.18703	5.37193	5.71141	5.8634	5.51012	
3.3467	3.03918	4.89996	1.09859	3.67316	2.14193	3.01718	5.81154	2.45267	4.17472	9.39705	2.88211	0	2.47392	2.11716	6.26389	2.48056	4.87164	7.13588	1.43002	5.06913	8.25404	1.89503	3.526	4.34046	
8.01103	4.56009	16.4439	3.57251	8.55313	9.38407	0.543263	7.33245	7.64265	5.15494	10.4916	1.4169	2.47392	0	4.59108	8.73781	5.19388	6.39255	4.66196	3.90394	11.1047	5.60999	9.5299	5.63177	8.22067	
1.67194	5.15634	11.2031	3.21575	8.19637	1.92971	9.90071	2.92108	0.33551	11.1601	5.73989	4.99926	2.11716	4.59108	0	4.19403	9.4739	7.15345	11.0301	3.54718	5.5464	8.90397	6.62852	13.0903	2.2233	
1.7918	7.47395	7.52111	7.36248	0.190064	7.55249	9.64813	4.17951	11.0598	7.32313	5.48731	3.51544	6.26389	8.73781	4.19403	0	5.66001	2.07307	7.77113	2.4332	1.32841	6.6999	0.848534	7.14463	1.97073	
6.20376	2.19766	3.85858	3.76667	2.25433	6.33395	4.65062	4.37301	4.84797	3.79524	13.271	4.73742	2.48056	5.19388	9.4739	5.66001	0	9.50721	4.8129	1.05054	6.92445	4.23161	1.51555	1.12598	4.9779	
6.18417	1.83246	11.9135	5.91707	4.58243	6.96042	5.64343	3.59575	6.81794	10.2019	7.55286	2.93169	4.87164	6.39255	7.15345	2.07307	9.50721	0	7.18737	5.8993	0.744658	6.32185	5.2409	2.90413	4.06775	
13.0889	4.7586	6.41952	9.05346	5.52641	6.86013	5.20522	7.37097	13.8438	4.76863	13.1781	6.31996	7.13588	4.66196	11.0301	7.77113	4.8129	7.18737	0	5.33295	6.44271	0.948032	3.58378	3.68692	7.6287	
3.84488	3.16766	3.46994	2.52861	1.12348	3.75948	5.70116	5.34704	3.79743	2.7447	6.46966	4.31212	1.43002	3.90394	3.54718	2.4332	1.05054	5.8993	5.33295	0	7.25046	3.10075	0.465007	2.09598	3.92736	
4.68184	2.57712	8.54882	6.66173	1.51848	4.81203	3.06066	2.85109	5.43666	5.45344	6.83969	2.18703	5.06913	11.1047	5.5464	1.32841	6.92445	0.744658	6.44271	7.25046	0	7.06651	5.39257	5.81621	3.29914	
11.7528	6.524	7.59762	11.1953	3.29421	11.8829	6.24557	9.4019	12.2766	5.71666	10.1973	5.37193	8.25404	5.60999	8.90397	6.6999	4.23161	6.32185	0.948032	3.10075	7.06651	0	2.63574	4.63495	6.68066	
2.26021	4.53185	3.93495	3.18114	0.65847	12.1991	6.24648	5.96887	4.26244	3.2097	7.9218	5.71141	1.89503	9.5299	6.62852	0.848534	1.51555	5.2409	3.58378	0.465007	5.39257	2.63574	0	2.56099	4.39237	
7.75684	1.07168	2.7326	4.81211	4.33912	11.9439	5.77659	3.84404	5.89341	4.84068	9.22286	5.8634	3.526	5.63177	13.0903	7.14463	1.12598	2.90413	3.68692	2.09598	5.81621	4.63495	2.56099	0	6.02334	
4.32539	7.9942	7.3973	6.64349	2.16079	6.00349	7.67741	6.17419	2.55881	6.67206	3.51659	5.51012	4.34046	8.22067	2.2233	1.97073	4.9779	4.06775	7.6287	3.92736	3.29914	6.68066	4.39237	6.02334	0	

0	6.50455	10.204	7.94748	8.97898	0.874429	5.75894	4.87004	2.02867	6.79591	1.96043	5.21857	3.1216	8.87107	0.990897	5.65908	7.74737	3.72244	7.95148	4.84101	8.65668	2.15528	7.15818	4.21299	6.59016	
6.50455	0	8.51716	9.25813	4.49437	6.102	0.745611	5.39798	6.10511	6.50589	5.73479	4.92855	6.65792	2.98159	7.22607	7.30182	7.07062	8.88675	7.66147	12.8246	4.85585	10.5716	6.86817	9.87624	7.20447	
10.204	8.51716	0	15.6179	11.6043	11.0785	7.77155	7.3988	13.3693	6.88754	12.7607	8.82423	9.79847	14.8897	11.1949	10.503	12.4887	13.6107	6.09131	9.89078	10.9849	10.0272	8.15623	15.0613	5.59231	
7.94748	9.25813	15.6179	0	2.68965	6.36999	8.81635	2.59609	0.980739	5.45221	2.15664	7.02955	4.04306	4.10426	2.01851	3.35467	0.923447	4.48205	7.35854	3.24882	2.32817	6.17929	5.61324	1.85733	5.66664	
8.97898	4.49437	11.6043	2.68965	0	8.14374	5.23998	6.07137	10.1504	3.15422	10.0821	4.73156	7.81118	7.47595	9.1126	1.38799	6.62799	4.39238	5.51301	7.2338	0.361487	5.95954	6.39327	5.843	4.44945	
0.874429	6.102	11.0785	6.36999	8.14374	0	5.35639	3.99561	4.10699	6.91276	2.93109	6.09299	3.92659	9.85317	1.86533	8.74532	4.27244	4.78918	7.63374	3.55594	7.78225	3.02971	5.7487	3.33856	5.8021	
5.75894	0.745611	7.77155	8.81635	5.23998	5.35639	0	6.14359	6.16508	7.72504	4.98918	5.67416	8.94833	3.7272	5.95871	15.1476	7.8929	16.711	8.88061	15.8345	13.1386	7.91422	8.08732	8.69494	10.6158	
4.87004	5.39798	7.3988	2.59609	6.07137	3.99561	6.14359	0	4.58461	2.91715	3.40871	3.6927	1.25994	8.37957	3.39064	6.3341	1.67264	5.92888	3.818	2.15526	6.18832	6.24137	1.75309	2.60652	1.80649	
2.02867	6.10511	13.3693	0.980739	10.1504	4.10699	6.16508	4.58461	0	6.43295	1.1759	10.8704	3.16848	3.12352	1.03778	5.70595	1.90419	9.69486	11.9219	13.9551	3.30891	8.09109	6.4244	4.01217	7.3504	
6.79591	6.50589	6.88754	5.45221	3.15422	6.91276	7.72504	2.91715	6.43295	0	6.32586	1.57734	4.17709	8.79271	6.78766	4.47248	4.58979	3.25607	4.31026	4.60852	3.51571	4.82323	3.51696	4.39114	1.29523	
1.96043	5.73479	12.7607	2.15664	10.0821	2.93109	4.98918	3.40871	1.1759	6.32586	0	7.18811	3.10023	4.29942	0.969529	5.63771	5.08135	9.62662	7.31341	5.65067	10.7133	11.04	5.1618	6.26965	5.2152	
5.21857	4.92855	8.82423	7.02955	4.73156	6.09299	5.67416	3.6927	10.8704	1.57734	7.18811	0	2.80063	7.74691	4.93133	6.04982	5.92024	4.83341	2.73291	2.34179	7.9714	5.64305	1.93962	5.96848	2.87257	
3.1216	6.65792	9.79847	4.04306	7.81118	3.92659	8.94833	1.25994	3.16848	4.17709	3.10023	2.80063	0	9.39439	2.1307	5.07416	2.93258	7.09463	3.70715	7.50662	6.10066	6.88754	3.01303	4.05349	3.06643	
8.87107	2.98159	14.8897	4.10426	7.47595	9.85317	3.7272	8.37957	3.12352	8.79271	4.29942	7.74691	9.39439	0	4.1613	4.32023	13.4135	6.3407	8.73195	12.5978	5.34673	12.1477	9.68653	15.5888	10.9005	
0.990897	7.22607	11.1949	2.01851	9.1126	1.86533	5.95871	3.39064	1.03778	6.78766	0.969529	4.93133	2.1307	4.1613	0	4.66818	5.25031	6.68865	5.83785	13.4145	5.69468	3.14618	6.21802	7.4157	8.81474	
5.65908	7.30182	10.503	3.35467	1.38799	8.74532	15.1476	6.3341	5.70595	4.47248	5.63771	6.04982	5.07416	4.32023	4.66818	0	8.19377	2.02047	4.41172	7.89882	1.0265	3.58763	6.47664	3.47109	5.7677	
7.74737	7.07062	12.4887	0.923447	6.62799	4.27244	7.8929	1.67264	1.90419	4.58979	5.08135	5.92024	2.93258	13.4135	5.25031	8.19377	0	2.3845	6.4351	1.15127	3.25161	4.08174	3.42573	0.933882	3.47913	
3.72244	8.88675	13.6107	4.48205	4.39238	4.78918	16.711	5.92888	9.69486	3.25607	9.62662	4.83341	7.09463	6.3407	6.68865	2.02047	2.3845	0	6.43219	1.668	3.04697	1.56716	8.86737	1.45062	4.5513	
7.95148	7.66147	6.09131	7.35854	5.51301	7.63374	8.88061	3.818	11.9219	4.31026	7.31341	2.73291	3.70715	8.73195	5.83785	4.41172	6.4351	6.43219	0	2.46709	5.43822	6.4852	2.06492	4.01685	7.30058	
4.84101	12.8246	9.89078	3.24882	7.2338	3.55594	15.8345	2.15526	13.9551	4.60852	5.65067	2.34179	7.50662	12.5978	13.4145	7.89882	1.15127	1.668	2.46709	0	6.43395	2.68573	0.402171	0.217385	6.21467	
8.65668	4.85585	10.9849	2.32817	0.361487	7.78225	13.1386	6.18832	3.30891	3.51571	10.7133	7.9714	6.10066	5.34673	5.69468	1.0265	3.25161	3.04697	5.43822	6.43395	0	7.15982	6.03178	5.3596	5.3926	
2.15528	10.5716	10.0272	6.17929	5.95954	3.02971	7.91422	6.24137	8.09109	4.82323	11.04	5.64305	6.88754	12.1477	3.14618	3.58763	4.08174	1.56716	6.4852	2.68573	7.15982	0	3.0879	2.90312	4.43488	
7.15818	6.86817	8.15623	5.61324	6.39327	5.7487	8.08732	1.75309	6.4244	3.51696	5.1618	1.93962	3.01303	9.68653	6.21802	6.47664	3.42573	8.86737	2.06492	0.402171	6.03178	3.0879	0	0.619556	3.55957	
4.21299	9.87624	15.0613	1.85733	5.843	3.33856	8.69494	2.60652	4.01217	4.39114	6.26965	5.96848	4.05349	15.5888	7.4157	3.47109	0.933882	1.45062	4.01685	0.217385	5.3596	2.90312	0.619556	0	5.68636	
6.59016	7.20447	5.59231	5.66664	4.44945	5.8021	10.6158	1.80649	7.3504	1.29523	5.2152	2.87257	3.06643	10.9005	8.81474	5.7677	3.47913	4.5513	7.30058	6.21467	5.3926	4.43488	3.55957	5.68636	0	

-111