10
10
2
2
20

6	25
1	50
11	25
47	42
3	33
22	35
37	29
8	32
40	14
47	10

40	12
50	19
49	12
45	9
11	8
25	5
17	28
33	35
2	41
7	15

150

1.79769e+308
1.79769e+308
1.79769e+308
1.79769e+308
1.79769e+308
1.79769e+308
1.79769e+308
1.79769e+308
1.79769e+308
1.79769e+308

13
15
11
18
13
13
19
18
19
14

0
0
0
0
0
0
0
0
0
0

0

0	8.93866	2.33882	7.2224	7.33242	2.58841	3.0176	4.4285	4.68786	8.27039	14.1128	18.3022	18.3046	10.2905	4.49422	8.12138	7.28914	5.26404	5.20584	3.98436	
8.93866	0	8.48945	10.1259	21.7909	7.71292	5.92106	7.08672	7.59133	11.1738	10.386	20.3088	13.6542	13.1939	10.6449	10.1796	6.10537	8.1675	5.09549	10.135	
2.33882	8.48945	0	8.06325	3.5282	4.92723	5.35641	2.08968	5.0874	11.1796	6.98789	11.7333	16.0994	7.38775	1.93055	7.90553	3.15941	6.04964	4.08091	1.64554	
7.2224	10.1259	8.06325	0	10.2837	8.60634	4.2048	14.6303	5.87507	6.23	4.49574	13.8683	10.1017	5.70178	11.6064	9.26062	5.49834	2.01361	6.50821	7.01221	
7.33242	21.7909	3.5282	10.2837	0	9.48605	8.77434	12.3718	7.54421	17.5374	14.3918	21.0699	18.3588	8.05373	1.37279	8.5476	4.78532	15.4877	5.7952	1.6578	
2.58841	7.71292	4.92723	8.60634	9.48605	0	5.60601	4.60866	7.45961	19.3916	18.3025	20.8906	20.0275	7.96913	8.54706	8.46301	3.62731	10.6199	2.61743	6.2146	
3.0176	5.92106	5.35641	4.2048	8.77434	5.60601	0	10.8648	1.67027	5.25279	3.57076	7.80746	6.75413	3.97062	7.40155	4.4884	4.42915	2.24644	7.25227	7.68656	
4.4285	7.08672	2.08968	14.6303	12.3718	4.60866	10.8648	0	7.17707	13.9026	11.7608	17.4351	14.0097	17.8661	4.24508	8.4788	3.0011	8.13932	1.99123	3.73522	
4.68786	7.59133	5.0874	5.87507	7.54421	7.45961	1.67027	7.17707	0	2.82857	1.90049	6.64592	5.16872	2.30035	7.2428	2.81813	2.75888	3.91671	3.76876	4.27276	
8.27039	11.1738	11.1796	6.23	17.5374	19.3916	5.25279	13.9026	2.82857	0	1.76466	2.55467	1.50134	0.528216	9.81908	7.75612	3.79662	4.24679	14.3766	9.15696	
14.1128	10.386	6.98789	4.49574	14.3918	18.3025	3.57076	11.7608	1.90049	1.76466	0	4.31933	3.266	2.29288	7.67731	4.71863	4.65938	2.48212	12.479	7.3923	
18.3022	20.3088	11.7333	13.8683	21.0699	20.8906	7.80746	17.4351	6.64592	2.55467	4.31933	0	4.056	3.08288	13.3516	9.46405	9.4048	12.4049	27.5387	12.0887	
18.3046	13.6542	16.0994	10.1017	18.3588	20.0275	6.75413	14.0097	5.16872	1.50134	3.266	4.056	0	2.02955	16.2872	9.25968	7.66832	5.75035	16.0009	10.6605	
10.2905	13.1939	7.38775	5.70178	8.05373	7.96913	3.97062	17.8661	2.30035	0.528216	2.29288	3.08288	2.02955	0	13.7826	5.11848	3.26841	7.7154	4.27828	4.78228	
4.49422	10.6449	1.93055	11.6064	1.37279	8.54706	7.40155	4.24508	7.2428	9.81908	7.67731	13.3516	16.2872	13.7826	0	11.2897	1.79889	8.20504	9.81095	0.285013	
8.12138	10.1796	7.90553	9.26062	8.5476	8.46301	4.4884	8.4788	2.81813	7.75612	4.71863	9.46405	9.25968	5.11848	11.2897	0	3.76228	8.47358	4.77215	5.27615	
7.28914	6.10537	3.15941	5.49834	4.78532	3.62731	4.42915	3.0011	2.75888	3.79662	4.65938	9.4048	7.66832	3.26841	1.79889	3.76228	0	7.51195	1.00988	1.51387	
5.26404	8.1675	6.04964	2.01361	15.4877	10.6199	2.24644	8.13932	3.91671	4.24679	2.48212	12.4049	5.75035	7.7154	8.20504	8.47358	7.51195	0	11.3702	7.69518	
5.20584	5.09549	4.08091	6.50821	5.7952	2.61743	7.25227	1.99123	3.76876	14.3766	12.479	27.5387	16.0009	4.27828	9.81095	4.77215	1.00988	11.3702	0	2.52375	
3.98436	10.135	1.64554	7.01221	1.6578	6.2146	7.68656	3.73522	4.27276	9.15696	7.3923	12.0887	10.6605	4.78228	0.285013	5.27615	1.51387	7.69518	2.52375	0	

0	10.3328	7.78783	10.8008	4.4544	4.00815	16.1833	3.15451	11.6376	8.50302	8.49792	7.05484	9.72146	7.46222	3.43955	7.32809	2.47204	6.82731	8.93055	11.0561	
10.3328	0	5.3524	10.5865	1.77776	8.07289	9.22525	9.44892	14.6837	13.133	6.5011	12.8834	12.3082	8.69018	8.07845	8.69102	7.92959	8.03387	1.09909	9.16282	
7.78783	5.3524	0	14.349	6.13281	2.72049	7.50974	4.63331	10.4853	12.0512	6.44725	9.3588	13.2213	10.9045	5.02398	3.33862	4.2566	3.81927	5.45414	5.63825	
10.8008	10.5865	14.349	0	9.6194	23.5623	23.0534	17.8372	17.3902	4.37941	5.52769	7.32435	5.59784	3.33861	12.1869	16.0974	11.6018	11.706	9.48736	11.8556	
4.4544	1.77776	6.13281	9.6194	0	3.18541	13.2908	7.50646	6.00881	7.30763	5.4227	4.98255	11.8874	12.958	2.5675	4.25286	1.98235	2.08664	0.678666	9.09822	
4.00815	8.07289	2.72049	23.5623	3.18541	0	6.83967	7.31665	5.02094	6.31976	11.4359	3.99469	10.127	13.3982	2.50361	6.05911	1.5361	1.09877	8.17463	5.42804	
16.1833	9.22525	7.50974	23.0534	13.2908	6.83967	0	12.7346	9.74737	4.20423	7.27975	6.81314	3.28735	5.54658	5.85648	4.17112	8.37578	7.93845	10.3243	4.83301	
3.15451	9.44892	4.63331	17.8372	7.50646	7.31665	12.7346	0	10.14	9.25451	7.79416	9.11379	10.1714	10.2953	4.93896	6.62432	5.62656	6.21787	8.34983	7.90157	
11.6376	14.6837	10.4853	17.3902	6.00881	5.02094	9.74737	10.14	0	7.3769	8.58482	4.06798	6.46002	8.05372	9.22657	7.54121	8.27743	3.92217	9.41514	7.78853	
8.50302	13.133	12.0512	4.37941	7.30763	6.31976	4.20423	9.25451	7.3769	0	3.22987	4.44267	0.916879	1.04079	9.48712	9.74055	9.57625	5.22099	12.126	9.55775	
8.49792	6.5011	6.44725	5.52769	5.4227	11.4359	7.27975	7.79416	8.58482	3.22987	0	6.17482	4.44831	2.18908	2.8552	3.10863	3.82271	11.1356	7.6002	10.706	
7.05484	12.8834	9.3588	7.32435	4.98255	3.99469	6.81314	9.11379	4.06798	4.44267	6.17482	0	3.52579	3.98574	5.5503	9.85253	4.58279	2.89592	14.7349	3.72055	
9.72146	12.3082	13.2213	5.59784	11.8874	10.127	3.28735	10.1714	6.46002	0.916879	4.44831	3.52579	0	1.95767	11.568	7.45847	8.10859	6.13787	11.2091	7.24634	
7.46222	8.69018	10.9045	3.33861	12.958	13.3982	5.54658	10.2953	8.05372	1.04079	2.18908	3.98574	1.95767	0	5.04428	5.29771	8.56853	6.26178	12.826	7.70629	
3.43955	8.07845	5.02398	12.1869	2.5675	2.50361	5.85648	4.93896	9.22657	9.48712	2.8552	5.5503	11.568	5.04428	0	1.68536	0.967507	4.65414	3.24617	11.6657	
7.32809	8.69102	3.33862	16.0974	4.25286	6.05911	4.17112	6.62432	7.54121	9.74055	3.10863	9.85253	7.45847	5.29771	1.68536	0	2.65287	9.62499	8.79276	8.97687	
2.47204	7.92959	4.2566	11.6018	1.98235	1.5361	8.37578	5.62656	8.27743	9.57625	3.82271	4.58279	8.10859	8.56853	0.967507	2.65287	0	2.63488	2.66102	6.96415	
6.82731	8.03387	3.81927	11.706	2.08664	1.09877	7.93845	6.21787	3.92217	5.22099	11.1356	2.89592	6.13787	6.26178	4.65414	9.62499	2.63488	0	2.76531	6.52682	
8.93055	1.09909	5.45414	9.48736	0.678666	8.17463	10.3243	8.34983	9.41514	12.126	7.6002	14.7349	11.2091	12.826	3.24617	8.79276	2.66102	2.76531	0	9.77689	
11.0561	9.16282	5.63825	11.8556	9.09822	5.42804	4.83301	7.90157	7.78853	9.55775	10.706	3.72055	7.24634	7.70629	11.6657	8.97687	6.96415	6.52682	9.77689	0	

0	11.4894	4.73065	21.5485	4.25352	1.63705	10.5237	2.83745	6.89219	10.1878	7.83028	17.4945	14.3801	11.8842	5.07916	10.5779	2.26055	8.54132	4.96462	7.18673	
11.4894	0	3.58311	19.4978	1.73318	9.12373	10.6299	8.88707	10.1354	11.0376	7.91411	7.53903	8.3108	10.8589	15.6985	10.8495	4.97093	14.5374	1.02209	10.8258	
4.73065	3.58311	0	7.05501	1.63378	3.0936	6.50908	7.31129	2.67008	5.7675	3.40996	8.73544	7.96366	7.46387	6.85165	6.15755	3.71709	4.07013	2.34487	4.31979	
21.5485	19.4978	7.05501	0	8.68879	9.96032	5.495	6.73686	9.72509	7.07714	17.0266	18.4149	15.0187	8.00888	4.49514	13.6471	10.9976	3.05605	9.61603	8.10186	
4.25352	1.73318	1.63378	8.68879	0	4.72737	10.3189	7.09097	4.30386	12.8522	16.7015	23.0991	9.59744	17.6277	5.21787	6.52565	4.65994	5.70391	0.711096	2.93321	
1.63705	9.12373	3.0936	9.96032	4.72737	0	8.88666	4.21769	5.25514	8.35256	5.99502	14.827	8.87077	10.0489	6.4594	8.7426	0.623496	6.90427	4.57234	7.41339	
10.5237	10.6299	6.50908	5.495	10.3189	8.88666	0	11.9636	4.01944	5.703	4.75932	6.61277	6.55599	5.728	11.5362	7.50691	9.51016	2.43895	9.60781	7.48476	
2.83745	8.88707	7.31129	6.73686	7.09097	4.21769	11.9636	0	8.67714	11.6776	9.41703	12.3144	11.5426	10.7474	2.24171	9.78633	4.84119	9.5246	7.86498	9.35898	
6.89219	10.1354	2.67008	9.72509	4.30386	5.25514	4.01944	8.67714	0	3.09742	0.739885	1.11497	3.65855	4.02767	10.1796	3.48747	5.87863	6.45839	5.2311	6.98987	
10.1878	11.0376	5.7675	7.07714	12.8522	8.35256	5.703	11.6776	3.09742	0	3.77166	1.62477	0.852998	0.930247	17.2392	6.58489	9.10027	4.02109	12.1411	9.0669	
7.83028	7.91411	3.40996	17.0266	16.7015	5.99502	4.75932	9.41703	0.739885	3.77166	0	0.37508	1.14686	3.69495	12.5315	4.22735	11.1659	8.64778	9.85316	8.59346	
17.4945	7.53903	8.73544	18.4149	23.0991	14.827	6.61277	12.3144	1.11497	1.62477	0.37508	0	0.771776	1.83298	12.9065	5.3761	9.01905	7.51967	8.56112	15.2306	
14.3801	8.3108	7.96366	15.0187	9.59744	8.87077	6.55599	11.5426	3.65855	0.852998	1.14686	0.771776	0	1.0612	13.7843	7.91968	8.24727	4.87409	10.5247	12.2835	
11.8842	10.8589	7.46387	8.00888	17.6277	10.0489	5.728	10.7474	4.02767	0.930247	3.69495	1.83298	1.0612	0	12.9891	8.28127	9.30847	4.95133	13.0713	9.99864	
5.07916	15.6985	6.85165	4.49514	5.21787	6.4594	11.5362	2.24171	10.1796	17.2392	12.5315	12.9065	13.7843	12.9891	0	10.7097	14.8849	7.55119	5.92896	7.11726	
10.5779	10.8495	6.15755	13.6471	6.52565	8.7426	7.50691	9.78633	3.48747	6.58489	4.22735	5.3761	7.91968	8.28127	10.7097	0	19.063	8.63825	11.8716	3.59244	
2.26055	4.97093	3.71709	10.9976	4.65994	0.623496	9.51016	4.84119	5.87863	9.10027	11.1659	9.01905	8.24727	9.30847	14.8849	19.063	0	7.52776	3.94885	11.6952	
8.54132	14.5374	4.07013	3.05605	5.70391	6.90427	2.43895	9.5246	6.45839	4.02109	8.64778	7.51967	4.87409	4.95133	7.55119	8.63825	7.52776	0	6.63115	5.04581	
4.96462	1.02209	2.34487	9.61603	0.711096	4.57234	9.60781	7.86498	5.2311	12.1411	9.85316	8.56112	10.5247	13.0713	5.92896	11.8716	3.94885	6.63115	0	3.64431	
7.18673	10.8258	4.31979	8.10186	2.93321	7.41339	7.48476	9.35898	6.98987	9.0669	8.59346	15.2306	12.2835	9.99864	7.11726	3.59244	11.6952	5.04581	3.64431	0	

0	4.42195	2.82005	7.69328	1.67868	3.84418	2.56235	3.93112	4.23107	7.24939	11.9461	1.93377	5.95342	4.5362	1.99485	5.7306	1.05166	4.51899	6.69135	1.46407	
4.42195	0	2.64977	10.6194	6.6331	4.9971	10.6191	1.5387	17.5539	6.45689	15.7162	8.01752	10.3639	10.7756	6.64201	7.55436	3.37029	5.78104	2.68336	7.4488	
2.82005	2.64977	0	12.5987	1.49536	4.09155	22.212	1.11107	15.0146	10.9116	11.9015	4.75382	9.93628	16.2704	4.8149	7.12673	3.87171	7.33904	4.44742	4.28411	
7.69328	10.6194	12.5987	0	8.21852	5.62233	6.38809	14.5991	8.05681	5.84944	14.0467	5.75951	7.18427	5.01307	7.13501	6.16517	8.41485	9.964	18.8729	8.0852	
1.67868	6.6331	1.49536	8.21852	0	2.59619	8.21816	2.60643	10.3034	4.05598	10.4062	3.61245	10.2118	10.2526	3.67353	10.3092	2.73034	6.19767	5.01267	3.14274	
3.84418	4.9971	4.09155	5.62233	2.59619	0	5.62197	6.5358	2.34692	1.45979	9.52281	6.25056	2.25527	2.29617	6.37538	7.71303	2.79252	4.34167	7.43935	5.66174	
2.56235	10.6191	22.212	6.38809	8.21816	5.62197	0	15.0374	2.92588	5.94421	8.79105	0.628585	4.64823	5.83572	2.00409	7.78181	5.888	9.96364	13.5887	4.85285	
3.93112	1.5387	1.11107	14.5991	2.60643	6.5358	15.0374	0	13.946	9.62069	14.1775	6.75422	8.82521	7.16777	6.8153	6.01566	4.90899	9.33944	4.22207	6.28451	
4.23107	17.5539	15.0146	8.05681	10.3034	2.34692	2.92588	13.946	0	0.887131	1.59369	2.2973	1.68261	1.72351	3.67281	7.93038	7.55671	6.34541	19.462	12.287	
7.24939	6.45689	10.9116	5.84944	4.05598	1.45979	5.94421	9.62069	0.887131	0	2.48082	3.18443	0.795484	0.836375	6.69113	1.98848	4.25231	5.45828	8.55595	3.90851	
11.9461	15.7162	11.9015	14.0467	10.4062	9.52281	8.79105	14.1775	1.59369	2.48082	0	3.89099	8.8585	8.8994	11.3878	9.52407	12.3464	11.5026	14.6003	12.1058	
1.93377	8.01752	4.75382	5.75951	3.61245	6.25056	0.628585	6.75422	2.2973	3.18443	3.89099	0	4.01965	5.20714	1.37551	5.11125	2.98543	6.45276	11.028	2.1823	
5.95342	10.3639	9.93628	7.18427	10.2118	2.25527	4.64823	8.82521	1.68261	0.795484	8.8585	4.01965	0	1.63186	5.39516	6.58022	9.27906	6.25376	23.1583	8.50025	
4.5362	10.7756	16.2704	5.01307	10.2526	2.29617	5.83572	7.16777	1.72351	0.836375	8.8994	5.20714	1.63186	0	3.87892	1.1521	6.71735	6.29465	16.4816	3.07213	
1.99485	6.64201	4.8149	7.13501	3.67353	6.37538	2.00409	6.8153	3.67281	6.69113	11.3878	1.37551	5.39516	3.87892	0	3.73575	3.04652	6.51384	9.32537	0.806792	
5.7306	7.55436	7.12673	6.16517	10.3092	7.71303	7.78181	6.01566	7.93038	1.98848	9.52407	5.11125	6.58022	1.1521	3.73575	0	5.56525	12.0547	12.3069	4.22424	
1.05166	3.37029	3.87171	8.41485	2.73034	2.79252	5.888	4.90899	7.55671	4.25231	12.3464	2.98543	9.27906	6.71735	3.04652	5.56525	0	5.57065	6.05365	2.51573	
4.51899	5.78104	7.33904	9.964	6.19767	4.34167	9.96364	9.33944	6.34541	5.45828	11.5026	6.45276	6.25376	6.29465	6.51384	12.0547	5.57065	0	3.09768	5.98305	
6.69135	2.68336	4.44742	18.8729	5.01267	7.43935	13.5887	4.22207	19.462	8.55595	14.6003	11.028	23.1583	16.4816	9.32537	12.3069	6.05365	3.09768	0	10.5583	
1.46407	7.4488	4.28411	8.0852	3.14274	5.66174	4.85285	6.28451	12.287	3.90851	12.1058	2.1823	8.50025	3.07213	0.806792	4.22424	2.51573	5.98305	10.5583	0	

0	6.35023	0.519051	5.62489	1.33785	5.52443	6.33312	2.19193	7.46747	6.30151	5.7944	2.83322	10.123	7.37292	2.25241	6.62998	1.7666	2.84897	5.47405	2.58834	
6.35023	0	5.72554	12.0833	4.16855	6.79918	6.48857	3.31447	4.91231	5.64338	3.23924	15.1345	16.2945	7.24263	6.82073	6.64321	7.18625	7.12132	0.770544	10.4479	
0.519051	5.72554	0	6.14394	1.59316	5.00538	3.75816	2.44723	4.75107	5.78246	5.31485	2.31416	6.06588	6.40947	1.73335	5.04551	1.24755	3.36803	4.955	2.99004	
5.62489	12.0833	6.14394	0	6.96274	10.7127	8.64252	14.3267	8.30233	3.70393	6.10807	8.94718	4.64289	6.1397	10.0632	5.4401	9.23806	6.34827	11.2046	8.21323	
1.33785	4.16855	1.59316	6.96274	0	6.59854	6.26494	0.854075	6.87146	7.37561	4.57154	3.90732	8.78519	4.78223	3.32651	5.29212	2.84071	4.18683	6.54816	3.92619	
5.52443	6.79918	5.00538	10.7127	6.59854	0	2.8473	7.4867	6.94038	10.7878	6.09663	6.73743	9.38542	5.38883	6.73874	12.2028	5.3579	4.36447	6.02864	17.9767	
6.33312	6.48857	3.75816	8.64252	6.26494	2.8473	0	6.46969	4.09308	4.97731	3.24934	7.62783	6.53813	2.54154	6.83083	6.30856	2.5106	3.48415	8.87594	7.32612	
2.19193	3.31447	2.44723	14.3267	0.854075	7.4867	6.46969	0	5.39053	6.1216	3.71746	4.79548	9.63927	3.92816	4.21467	6.1462	3.72887	7.59955	4.08502	6.82336	
7.46747	4.91231	4.75107	8.30233	6.87146	6.94038	4.09308	5.39053	0	4.07721	1.67307	9.84166	5.53736	1.92123	5.25457	7.30147	3.50351	5.55516	12.8192	6.70581	
6.30151	5.64338	5.78246	3.70393	7.37561	10.7878	4.97731	6.1216	4.07721	0	2.40414	4.69068	0.93896	2.43577	5.98563	9.14403	7.03001	6.28622	10.7375	7.22035	
5.7944	3.23924	5.31485	6.10807	4.57154	6.09663	3.24934	3.71746	1.67307	2.40414	0	7.6474	3.3431	3.5943	3.58149	9.88245	5.17658	3.88208	4.00978	4.83818	
2.83322	15.1345	2.31416	8.94718	3.90732	6.73743	7.62783	4.79548	9.84166	4.69068	7.6474	0	3.75171	7.67903	4.04752	19.5651	3.56172	7.80452	7.26916	15.6856	
10.123	16.2945	6.06588	4.64289	8.78519	9.38542	6.53813	9.63927	5.53736	0.93896	3.3431	3.75171	0	3.37473	7.29821	14.0773	9.04873	8.69331	16.9619	12.42	
7.37292	7.24263	6.40947	6.1397	4.78223	5.38883	2.54154	3.92816	1.92123	2.43577	3.5943	7.67903	3.37473	0	6.04127	11.1286	5.05214	6.02569	9.98996	4.78458	
2.25241	6.82073	1.73335	10.0632	3.32651	6.73874	6.83083	4.21467	5.25457	5.98563	3.58149	4.04752	7.29821	6.04127	0	7.60066	2.98091	7.46358	6.68835	1.25669	
6.62998	6.64321	5.04551	5.4401	5.29212	12.2028	6.30856	6.1462	7.30147	9.14403	9.88245	19.5651	14.0773	11.1286	7.60066	0	3.79796	9.28424	6.17414	6.34397	
1.7666	7.18625	1.24755	9.23806	2.84071	5.3579	2.5106	3.72887	3.50351	7.03001	5.17658	3.56172	9.04873	5.05214	2.98091	3.79796	0	5.48628	6.20255	7.48112	
2.84897	7.12132	3.36803	6.34827	4.18683	4.36447	3.48415	7.59955	5.55516	6.28622	3.88208	7.80452	8.69331	6.02569	7.46358	9.28424	5.48628	0	8.37174	5.43731	
5.47405	0.770544	4.955	11.2046	6.54816	6.02864	8.87594	4.08502	12.8192	10.7375	4.00978	7.26916	16.9619	9.98996	6.68835	6.17414	6.20255	8.37174	0	8.16802	
2.58834	10.4479	2.99004	8.21323	3.92619	17.9767	7.32612	6.82336	6.70581	7.22035	4.83818	15.6856	12.42	4.78458	1.25669	6.34397	7.48112	5.43731	8.16802	0	

0	3.11122	4.13733	12.3278	7.31165	5.4464	5.83641	5.97767	6.9229	5.71289	7.8309	7.11826	5.60754	4.54376	9.75412	7.93892	2.86397	5.3668	5.31854	5.36641	
3.11122	0	6.63358	14.3995	10.4229	2.57708	8.72294	7.94782	9.04451	7.85916	9.81355	11.6831	9.85699	7.65499	9.72055	11.496	5.97519	7.43391	9.54803	8.21536	
4.13733	6.63358	0	10.3073	4.2398	9.21066	5.07247	1.84033	11.1992	12.0787	6.72721	5.0495	9.36347	8.6572	4.17132	5.38856	2.10003	4.60286	3.72397	1.58178	
12.3278	14.3995	10.3073	0	11.6006	11.8135	5.66762	14.5743	12.2202	8.52247	6.93553	5.25782	6.52464	7.58842	15.8227	7.51719	8.64006	7.67567	11.9184	19.7324	
7.31165	10.4229	4.2398	11.6006	0	12.0789	5.93299	6.08014	14.3735	19.1259	25.2873	9.2893	23.0218	9.56177	13.3634	7.78256	4.95213	7.94104	2.49756	5.82158	
5.4464	2.57708	9.21066	11.8135	12.0789	0	6.14586	9.47447	11.6216	10.4362	14.2522	10.2264	19.2212	9.77464	7.14348	7.99543	8.31036	8.15391	10.8388	10.8128	
5.83641	8.72294	5.07247	5.66762	5.93299	6.14586	0	5.3978	6.00791	4.7979	5.75826	4.08055	4.69255	3.62878	3.82	1.84957	2.97244	2.00805	5.42701	7.08448	
5.97767	7.94782	1.84033	14.5743	6.08014	9.47447	5.3978	0	9.32123	7.64594	13.059	6.88984	11.9894	7.31392	2.33099	3.54823	3.94037	7.61334	5.5643	3.42211	
6.9229	9.04451	11.1992	12.2202	14.3735	11.6216	6.00791	9.32123	0	2.79189	0.769043	2.44675	3.44291	2.37914	7.74344	5.773	9.92582	7.02956	18.2202	9.45456	
5.71289	7.85916	12.0787	8.52247	19.1259	10.4362	4.7979	7.64594	2.79189	0	3.56093	5.82618	1.99783	1.16912	6.06814	4.09771	9.17265	5.81954	12.4332	8.24455	
7.8309	9.81355	6.72721	6.93553	25.2873	14.2522	5.75826	13.059	0.769043	3.56093	0	1.67771	5.4968	3.14818	10.728	6.54205	5.932	14.0921	26.039	17.2518	
7.11826	11.6831	5.0495	5.25782	9.2893	10.2264	4.08055	6.88984	2.44675	5.82618	1.67771	0	4.31397	4.65705	12.4057	5.93012	4.25429	6.0886	6.70886	6.63128	
5.60754	9.85699	9.36347	6.52464	23.0218	19.2212	4.69255	11.9894	3.44291	1.99783	5.4968	4.31397	0	1.06377	13.6277	4.82947	8.56826	5.71419	16.9048	8.1392	
4.54376	7.65499	8.6572	7.58842	9.56177	9.77464	3.62878	7.31392	2.37914	1.16912	3.14818	4.65705	1.06377	0	5.73612	3.76569	6.60122	4.65042	15.2128	7.07542	
9.75412	9.72055	4.17132	15.8227	13.3634	7.14348	3.82	2.33099	7.74344	6.06814	10.728	12.4057	13.6277	5.73612	0	1.97043	7.04538	13.7257	13.6774	7.21012	
7.93892	11.496	5.38856	7.51719	7.78256	7.99543	1.84957	3.54823	5.773	4.09771	6.54205	5.93012	4.82947	3.76569	1.97043	0	4.82201	3.85763	7.52952	5.90398	
2.86397	5.97519	2.10003	8.64006	4.95213	8.31036	2.97244	3.94037	9.92582	9.17265	5.932	4.25429	8.56826	6.60122	7.04538	4.82201	0	2.50283	2.45457	3.68181	
5.3668	7.43391	4.60286	7.67567	7.94104	8.15391	2.00805	7.61334	7.02956	5.81954	14.0921	6.0886	5.71419	4.65042	13.7257	3.85763	2.50283	0	4.9574	11.7258	
5.31854	9.54803	3.72397	11.9184	2.49756	10.8388	5.42701	5.5643	18.2202	12.4332	26.039	6.70886	16.9048	15.2128	13.6774	7.52952	2.45457	4.9574	0	5.30575	
5.36641	8.21536	1.58178	19.7324	5.82158	10.8128	7.08448	3.42211	9.45456	8.24455	17.2518	6.63128	8.1392	7.07542	7.21012	5.90398	3.68181	11.7258	5.30575	0	

0	3.38217	7.6164	9.10914	5.61357	7.72296	8.07663	5.13972	6.21759	7.78154	4.30103	9.22816	5.22045	4.84676	7.5938	7.23915	2.85696	7.0228	1.97985	7.2735	
3.38217	0	2.96494	6.40097	9.41687	4.88982	8.82355	2.36145	7.22676	5.24289	6.39162	6.95349	15.8507	11.6454	9.52606	3.4535	4.64421	4.20226	1.40232	5.0659	
7.6164	2.96494	0	14.4747	1.74081	3.13186	10.4011	0.603493	14.9028	2.93963	4.08835	8.48539	9.9116	8.83728	4.98175	1.15023	2.88625	11.4928	3.9006	2.93772	
9.10914	6.40097	14.4747	0	18.2694	5.71439	6.82	10.4264	6.11391	6.56892	9.06842	4.94994	14.4237	10.5326	10.0274	12.5428	10.4377	2.19871	7.12929	12.0714	
5.61357	9.41687	1.74081	18.2694	0	10.8666	7.97627	2.34431	12.0932	11.778	10.1766	13.4096	11.096	11.3868	7.43337	2.89104	2.75661	13.2816	6.06505	4.67854	
7.72296	4.88982	3.13186	5.71439	10.8666	0	4.72501	2.52837	13.9405	6.1605	12.024	6.26692	12.9434	5.76929	2.62456	8.69713	4.81113	3.51568	5.82547	4.66859	
8.07663	8.82355	10.4011	6.82	7.97627	4.72501	0	7.25338	14.17	8.9915	15.8011	7.37253	10.1783	13.4044	7.34957	13.552	5.21966	4.62129	8.5281	9.75641	
5.13972	2.36145	0.603493	10.4264	2.34431	2.52837	7.25338	0	9.5882	13.518	11.9614	8.25212	10.5151	13.9192	4.74848	1.75372	2.28276	6.04405	3.2971	2.70445	
6.21759	7.22676	14.9028	6.11391	12.0932	13.9405	14.17	9.5882	0	5.72695	2.95451	6.93601	7.96909	3.50024	7.5634	5.89264	9.07455	8.31261	8.19744	12.3382	
7.78154	5.24289	2.93963	6.56892	11.778	6.1605	8.9915	13.518	5.72695	0	1.854	7.12144	3.21638	1.30827	3.53593	1.7894	8.27277	4.37021	9.41316	5.57996	
4.30103	6.39162	4.08835	9.06842	10.1766	12.024	15.8011	11.9614	2.95451	1.854	0	7.9073	4.09614	0.545725	3.69045	2.93812	7.15799	7.85072	6.28088	9.38366	
9.22816	6.95349	8.48539	4.94994	13.4096	6.26692	7.37253	8.25212	6.93601	7.12144	7.9073	0	4.00772	7.55814	7.59169	7.56353	10.0844	2.75123	7.79418	5.54767	
5.22045	15.8507	9.9116	14.4237	11.096	12.9434	10.1783	10.5151	7.96909	3.21638	4.09614	4.00772	0	3.55042	6.69514	5.00578	8.07741	6.75895	7.2003	9.55538	
4.84676	11.6454	8.83728	10.5326	11.3868	5.76929	13.4044	13.9192	3.50024	1.30827	0.545725	7.55814	3.55042	0	3.14473	3.09767	7.88156	5.67848	13.8261	5.18875	
7.5938	9.52606	4.98175	10.0274	7.43337	2.62456	7.34957	4.74848	7.5634	3.53593	3.69045	7.59169	6.69514	3.14473	0	5.32533	4.73684	6.14024	8.04528	2.04403	
7.23915	3.4535	1.15023	12.5428	2.89104	8.69713	13.552	1.75372	5.89264	1.7894	2.93812	7.56353	5.00578	3.09767	5.32533	0	7.61148	6.15961	4.85582	4.08795	
2.85696	4.64421	2.88625	10.4377	2.75661	4.81113	5.21966	2.28276	9.07455	8.27277	7.15799	10.0844	8.07741	7.88156	4.73684	7.61148	0	8.35139	3.30844	4.53674	
7.0228	4.20226	11.4928	2.19871	13.2816	3.51568	4.62129	6.04405	8.31261	4.37021	7.85072	2.75123	6.75895	5.67848	6.14024	6.15961	8.35139	0	5.04295	8.2989	
1.97985	1.40232	3.9006	7.12929	6.06505	5.82547	8.5281	3.2971	8.19744	9.41316	6.28088	7.79418	7.2003	13.8261	8.04528	4.85582	3.30844	5.04295	0	6.00155	
7.2735	5.0659	2.93772	12.0714	4.67854	4.66859	9.75641	2.70445	12.3382	5.57996	9.38366	5.54767	9.55538	5.18875	2.04403	4.08795	4.53674	8.2989	6.00155	0	

0	2.49341	2.03916	13.3814	4.96135	3.46697	8.39636	3.84157	6.59326	8.84403	5.74718	7.21948	8.55702	6.51225	7.59028	9.21451	1.20081	5.9386	7.29357	7.28238	
2.49341	0	3.75286	4.97438	8.10264	5.22193	6.00361	6.33499	9.08668	11.7816	7.46089	5.89264	10.6629	8.22595	7.4779	10.0333	2.91452	3.44519	4.80016	9.19854	
2.03916	3.75286	0	8.03005	10.0152	3.14576	6.52201	4.76733	11.0124	9.76665	5.38472	7.73729	9.47964	6.14978	2.74448	10.1371	0.838346	6.50085	5.57934	4.46512	
13.3814	4.97438	8.03005	0	5.28053	7.74477	4.08761	8.89191	5.13443	7.43466	9.35978	3.67028	6.62867	8.49406	21.1437	8.11729	10.5692	1.52919	19.4159	14.3535	
4.96135	8.10264	10.0152	5.28053	0	7.83319	5.67457	1.11978	3.07439	9.34325	9.07917	1.61025	5.38273	6.91115	11.1191	8.10621	5.04876	4.0577	15.2933	6.58135	
3.46697	5.22193	3.14576	7.74477	7.83319	0	8.774	6.2364	10.0602	13.767	6.85379	8.66303	12.498	7.61885	12.6313	12.8037	2.30742	6.21558	13.1732	9.42606	
8.39636	6.00361	6.52201	4.08761	5.67457	8.774	0	4.55479	2.8706	6.16746	7.13451	4.33475	10.3394	11.525	6.59463	4.89043	8.48378	2.55842	10.83	2.05689	
3.84157	6.33499	4.76733	8.89191	1.11978	6.2364	4.55479	0	4.09802	6.90333	8.36193	2.73003	5.7846	7.65	12.7229	6.98643	3.92898	6.45814	14.1735	6.61169	
6.59326	9.08668	11.0124	5.13443	3.07439	10.0602	2.8706	4.09802	0	3.29685	4.26391	1.46415	4.41558	5.72896	13.1111	7.65251	7.79407	3.9116	13.7006	4.9275	
8.84403	11.7816	9.76665	7.43466	9.34325	13.767	6.16746	6.90333	3.29685	0	3.01812	4.761	1.11873	2.4321	15.9255	6.40673	7.5645	8.96386	18.7604	17.6462	
5.74718	7.46089	5.38472	9.35978	9.07917	6.85379	7.13451	8.36193	4.26391	3.01812	0	5.72805	2.73111	4.59651	9.493	3.38861	4.54637	9.97671	12.3279	10.0862	
7.21948	5.89264	7.73729	3.67028	1.61025	8.66303	4.33475	2.73003	1.46415	4.761	5.72805	0	3.77249	5.63788	14.5753	9.03555	6.89895	2.44745	17.0931	8.1916	
8.55702	10.6629	9.47964	6.62867	5.38273	12.498	10.3394	5.7846	4.41558	1.11873	2.73111	3.77249	0	1.86539	20.9857	6.11972	7.17683	6.21994	15.4631	13.9697	
6.51225	8.22595	6.14978	8.49406	6.91115	7.61885	11.525	7.65	5.72896	2.4321	4.59651	5.63788	1.86539	0	21.7655	16.4888	5.31143	12.053	23.7288	12.4301	
7.59028	7.4779	2.74448	21.1437	11.1191	12.6313	6.59463	12.7229	13.1111	15.9255	9.493	14.5753	20.9857	21.7655	0	18.0295	3.58282	9.24533	8.32381	4.53773	
9.21451	10.0333	10.1371	8.11729	8.10621	12.8037	4.89043	6.98643	7.65251	6.40673	3.38861	9.03555	6.11972	16.4888	18.0295	0	7.93498	6.5881	12.8056	6.94732	
1.20081	2.91452	0.838346	10.5692	5.04876	2.30742	8.48378	3.92898	7.79407	7.5645	4.54637	6.89895	7.17683	5.31143	3.58282	7.93498	0	6.3597	6.41768	5.30346	
5.9386	3.44519	6.50085	1.52919	4.0577	6.21558	2.55842	6.45814	3.9116	8.96386	9.97671	2.44745	6.21994	12.053	9.24533	6.5881	6.3597	0	8.24534	4.61531	
7.29357	4.80016	5.57934	19.4159	15.2933	13.1732	10.83	14.1735	13.7006	18.7604	12.3279	17.0931	15.4631	23.7288	8.32381	12.8056	6.41768	8.24534	0	9.08014	
7.28238	9.19854	4.46512	14.3535	6.58135	9.42606	2.05689	6.61169	4.9275	17.6462	10.0862	8.1916	13.9697	12.4301	4.53773	6.94732	5.30346	4.61531	9.08014	0	

0	9.16871	1.32253	11.2747	3.55734	3.54418	7.60689	4.48577	7.0967	12.5335	2.25155	8.19958	7.80205	3.22314	7.50363	4.26598	5.48912	6.62296	5.27087	2.07796	
9.16871	0	9.24947	22.2601	9.22396	8.92601	11.9585	14.508	11.7623	11.2294	6.91715	12.8652	12.555	13.4547	14.6228	8.93158	6.96383	13.3813	5.30114	9.65724	
1.32253	9.24947	0	9.73556	4.82307	2.22164	8.92942	4.99172	7.0332	2.81793	3.57409	7.78334	6.01821	1.90061	6.8793	7.62517	5.61102	6.9279	3.94833	0.755429	
11.2747	22.2601	9.73556	0	14.832	14.409	10.2655	17.4885	9.13818	6.04645	13.5263	14.1337	7.39365	6.96377	13.3698	14.2816	9.98365	10.5775	16.9228	14.8629	
3.55734	9.22396	4.82307	14.832	0	7.04472	3.37758	0.928433	3.66574	5.86898	5.8089	6.37539	5.58705	6.72369	11.7024	8.91054	1.93178	3.06561	3.59446	5.5785	
3.54418	8.92601	2.22164	14.409	7.04472	0	5.01823	7.21337	10.1148	8.36252	11.1653	8.01604	8.60782	4.12226	6.19201	7.39301	9.11797	4.70626	6.16998	2.97707	
7.60689	11.9585	8.92942	10.2655	3.37758	5.01823	0	5.76376	7.53898	8.32026	9.85844	3.62175	4.21354	9.23757	7.03091	8.23191	6.40109	0.31197	6.65731	11.0134	
4.48577	14.508	4.99172	17.4885	0.928433	7.21337	5.76376	0	4.59417	6.00582	7.5908	5.96244	4.65862	6.89233	9.18311	6.36155	2.86021	3.99405	5.25351	5.74715	
7.0967	11.7623	7.0332	9.13818	3.66574	10.1148	7.53898	4.59417	0	3.09173	4.84514	5.99404	4.43893	4.00905	10.4151	6.39315	5.59752	6.73135	7.99082	6.27777	
12.5335	11.2294	2.81793	6.04645	5.86898	8.36252	8.32026	6.00582	3.09173	0	6.98509	2.65102	1.3472	0.917315	7.3234	3.05013	3.9372	5.24876	5.59989	9.3695	
2.25155	6.91715	3.57409	13.5263	5.8089	11.1653	9.85844	7.5908	4.84514	6.98509	0	5.94802	3.71736	6.53754	3.21543	2.01443	11.2299	9.2578	9.90683	5.83974	
8.19958	12.8652	7.78334	14.1337	6.37539	8.01604	3.62175	5.96244	5.99404	2.65102	5.94802	0	1.30382	5.42142	7.81943	3.00675	9.3989	3.30978	14.3459	10.1452	
7.80205	12.555	6.01821	7.39365	5.58705	8.60782	4.21354	4.65862	4.43893	1.3472	3.71736	1.30382	0	2.26451	2.90393	1.70293	5.2844	3.90157	10.4279	7.23495	
3.22314	13.4547	1.90061	6.96377	6.72369	4.12226	9.23757	6.89233	4.00905	0.917315	6.53754	5.42142	2.26451	0	7.83167	5.82053	4.85452	8.01916	5.84894	2.65604	
7.50363	14.6228	6.8793	13.3698	11.7024	6.19201	7.03091	9.18311	10.4151	7.3234	3.21543	7.81943	2.90393	7.83167	0	1.201	11.2606	7.34288	10.8276	7.63473	
4.26598	8.93158	7.62517	14.2816	8.91054	7.39301	8.23191	6.36155	6.39315	3.05013	2.01443	3.00675	1.70293	5.82053	1.201	0	12.1724	5.6045	13.9579	9.89082	
5.48912	6.96383	5.61102	9.98365	1.93178	9.11797	6.40109	2.86021	5.59752	3.9372	11.2299	9.3989	5.2844	4.85452	11.2606	12.1724	0	4.9974	1.66268	6.01878	
6.62296	13.3813	6.9279	10.5775	3.06561	4.70626	0.31197	3.99405	6.73135	5.24876	9.2578	3.30978	3.90157	8.01916	7.34288	5.6045	4.9974	0	6.96928	8.54326	
5.27087	5.30114	3.94833	16.9228	3.59446	6.16998	6.65731	5.25351	7.99082	5.59989	9.90683	14.3459	10.4279	5.84894	10.8276	13.9579	1.66268	6.96928	0	4.3561	
2.07796	9.65724	0.755429	14.8629	5.5785	2.97707	11.0134	5.74715	6.27777	9.3695	5.83974	10.1452	7.23495	2.65604	7.63473	9.89082	6.01878	8.54326	4.3561	0	

0	6.56118	4.30617	9.40298	2.5034	4.4022	11.6802	5.37277	7.98165	8.00521	5.29499	10.3681	7.49008	10.6001	4.7476	7.25643	5.67806	10.0633	12.2731	3.51611	
6.56118	0	3.41623	15.1949	4.05778	9.68069	10.9119	4.33472	9.20745	21.0485	6.84937	12.8098	16.4593	17.391	13.5029	7.87041	2.68435	17.6375	5.67019	10.4324	
4.30617	3.41623	0	9.41237	1.80277	4.71379	8.95942	2.38225	6.70985	3.05903	4.59436	4.89281	2.5439	3.88541	4.67783	5.91795	0.731886	10.1426	3.71773	3.44634	
9.40298	15.1949	9.41237	0	11.9064	13.8052	2.73893	9.04641	6.77856	6.44698	7.71178	4.61321	6.86847	3.63526	17.9375	16.3915	10.9665	7.4745	7.80189	12.9191	
2.5034	4.05778	1.80277	11.9064	0	6.51656	11.6335	7.87617	4.77065	4.86181	2.79159	5.89016	4.34667	4.55362	6.81513	9.2961	2.53466	13.22	12.0124	5.24911	
4.4022	9.68069	4.71379	13.8052	6.51656	0	7.09422	8.6467	6.46932	7.02428	7.95994	8.63468	7.25769	6.1979	9.72615	12.1824	5.44568	21.4775	9.98218	7.91832	
11.6802	10.9119	8.95942	2.73893	11.6335	7.09422	0	6.30748	1.19475	1.7227	2.65836	4.24775	8.53106	0.896325	13.2058	13.4136	7.95784	4.73556	5.06296	12.8138	
5.37277	4.33472	2.38225	9.04641	7.87617	8.6467	6.30748	0	2.60888	6.25969	4.58794	4.77423	8.63768	2.9073	7.73782	6.83643	1.65037	4.69052	4.63621	6.50634	
7.98165	9.20745	6.70985	6.77856	4.77065	6.46932	1.19475	2.60888	0	1.12481	1.97906	2.16536	4.61223	0.298428	11.698	8.48358	4.25924	7.2994	9.50895	9.11521	
8.00521	21.0485	3.05903	6.44698	4.86181	7.02428	1.7227	6.25969	1.12481	0	2.58842	1.83377	0.961407	0.82638	8.0714	13.3893	3.79092	7.08359	14.2045	6.50538	
5.29499	6.84937	4.59436	7.71178	2.79159	7.95994	2.65836	4.58794	1.97906	2.58842	0	3.09858	5.20707	1.76204	12.2367	6.50452	8.50217	13.5775	13.9049	9.16616	
10.3681	12.8098	4.89281	4.61321	5.89016	8.63468	4.24775	4.77423	2.16536	1.83377	3.09858	0	2.79518	2.46379	12.5161	9.60309	8.68846	8.91736	9.3107	12.443	
7.49008	16.4593	2.5439	6.86847	4.34667	7.25769	8.53106	8.63768	4.61223	0.961407	5.20707	2.79518	0	1.78779	7.55626	11.7116	3.27579	8.045	13.6894	5.99024	
10.6001	17.391	3.88541	3.63526	4.55362	6.1979	0.896325	2.9073	0.298428	0.82638	1.76204	2.46379	1.78779	0	11.5087	8.26655	6.82153	5.63189	5.95928	12.7934	
4.7476	13.5029	4.67783	17.9375	6.81513	9.72615	13.2058	7.73782	11.698	8.0714	12.2367	12.5161	7.55626	11.5087	0	4.9718	5.74425	11.1915	8.14284	1.23148	
7.25643	7.87041	5.91795	16.3915	9.2961	12.1824	13.4136	6.83643	8.48358	13.3893	6.50452	9.60309	11.7116	8.26655	4.9718	0	5.18606	9.46353	8.1719	3.74032	
5.67806	2.68435	0.731886	10.9665	2.53466	5.44568	7.95784	1.65037	4.25924	3.79092	8.50217	8.68846	3.27579	6.82153	5.74425	5.18606	0	6.34089	2.98584	4.17823	
10.0633	17.6375	10.1426	7.4745	13.22	21.4775	4.73556	4.69052	7.2994	7.08359	13.5775	8.91736	8.045	5.63189	11.1915	9.46353	6.34089	0	9.79852	11.1969	
12.2731	5.67019	3.71773	7.80189	12.0124	9.98218	5.06296	4.63621	9.50895	14.2045	13.9049	9.3107	13.6894	5.95928	8.14284	8.1719	2.98584	9.79852	0	9.37432	
3.51611	10.4324	3.44634	12.9191	5.24911	7.91832	12.8138	6.50634	9.11521	6.50538	9.16616	12.443	5.99024	12.7934	1.23148	3.74032	4.17823	11.1969	9.37432	0	

0	6.76711	3.8677	20.1467	3.52501	8.87916	11.7148	4.33365	9.06785	9.2166	11.8263	14.7065	17.3555	7.9922	7.65437	9.55992	3.73196	6.15737	4.83916	6.14898	
6.76711	0	3.12934	11.3032	3.24209	6.21802	10.5295	2.6634	14.1776	15.87	9.82577	9.82068	17.0726	7.72839	4.87788	6.46501	6.89112	22.4457	2.98659	4.68599	
3.8677	3.12934	0	9.10574	3.12015	10.6103	7.84711	0.465949	10.4363	13.5596	9.48365	19.3811	19.0866	9.7424	2.68043	4.26756	4.69368	7.52578	1.3807	7.51739	
20.1467	11.3032	9.10574	0	11.294	10.3807	6.58709	8.63979	10.4534	10.0067	5.06862	6.77799	7.78465	8.90276	10.8543	10.7256	12.8675	10.8096	9.55454	11.5873	
3.52501	3.24209	3.12015	11.294	0	5.35415	10.5203	2.2289	16.6337	5.71069	8.15332	8.95681	13.8305	4.4863	4.86869	6.05401	6.88193	17.829	1.31415	7.92809	
8.87916	6.21802	10.6103	10.3807	5.35415	0	8.26264	8.00835	12.0773	6.83141	10.1972	3.60267	11.6479	9.84044	8.50978	9.29945	6.09551	9.16684	6.6683	3.67849	
11.7148	10.5295	7.84711	6.58709	10.5203	8.26264	0	7.86605	10.2737	5.71248	4.88891	8.94122	10.8884	6.93688	10.0805	10.051	6.64792	4.22251	8.78081	11.4076	
4.33365	2.6634	0.465949	8.63979	2.2289	8.00835	7.86605	0	9.56362	10.6306	7.75393	9.4984	6.74258	4.64906	2.21449	3.80161	4.22773	6.65314	0.914753	6.64475	
9.06785	14.1776	10.4363	10.4534	16.6337	12.0773	10.2737	9.56362	0	13.0515	5.38474	14.1986	8.22768	9.21887	9.2583	8.50181	5.33589	7.7613	12.2239	7.75291	
9.2166	15.87	13.5596	10.0067	5.71069	6.83141	5.71248	10.6306	13.0515	0	5.05853	3.22874	6.40451	1.2244	3.65897	2.79212	10.5671	8.14167	15.7328	14.9603	
11.8263	9.82577	9.48365	5.06862	8.15332	10.1972	4.88891	7.75393	5.38474	5.05853	0	10.5484	5.9995	3.83413	6.2687	5.40185	8.9357	8.96755	6.83918	6.51868	
14.7065	9.82068	19.3811	6.77799	8.95681	3.60267	8.94122	9.4984	14.1986	3.22874	10.5484	0	8.63776	4.45314	9.14888	5.69679	10.3441	11.3704	12.504	7.28115	
17.3555	17.0726	19.0866	7.78465	13.8305	11.6479	10.8884	6.74258	8.22768	6.40451	5.9995	8.63776	0	4.50869	13.5765	2.94097	13.5636	14.5462	12.8387	12.5182	
7.9922	7.72839	9.7424	8.90276	4.4863	9.84044	6.93688	4.64906	9.21887	1.2244	3.83413	4.45314	4.50869	0	2.43457	1.56772	6.35698	9.36607	5.80044	7.26586	
7.65437	4.87788	2.68043	10.8543	4.86869	8.50978	10.0805	2.21449	9.2583	3.65897	6.2687	9.14888	13.5765	2.43457	0	4.00229	3.92241	6.34782	3.12924	4.83129	
9.55992	6.46501	4.26756	10.7256	6.05401	9.29945	10.051	3.80161	8.50181	2.79212	5.40185	5.69679	2.94097	1.56772	4.00229	0	8.02934	14.3214	4.71636	12.6761	
3.73196	6.89112	4.69368	12.8675	6.88193	6.09551	6.64792	4.22773	5.33589	10.5671	8.9357	10.3441	13.5636	6.35698	3.92241	8.02934	0	2.42541	5.14248	2.41702	
6.15737	22.4457	7.52578	10.8096	17.829	9.16684	4.22251	6.65314	7.7613	8.14167	8.96755	11.3704	14.5462	9.36607	6.34782	14.3214	2.42541	0	15.8067	4.84243	
4.83916	2.98659	1.3807	9.55454	1.31415	6.6683	8.78081	0.914753	12.2239	15.7328	6.83918	12.504	12.8387	5.80044	3.12924	4.71636	5.14248	15.8067	0	7.67258	
6.14898	4.68599	7.51739	11.5873	7.92809	3.67849	11.4076	6.64475	7.75291	14.9603	6.51868	7.28115	12.5182	7.26586	4.83129	12.6761	2.41702	4.84243	7.67258	0	

0	8.12021	3.32297	7.34692	4.74979	4.14869	4.871	3.91929	3.10926	4.51447	2.32467	6.11582	4.76692	5.8225	5.63224	2.3531	7.02871	5.70712	5.15924	3.11694	
8.12021	0	8.38568	2.16734	4.10951	5.35917	8.15991	9.54776	8.26166	16.4176	7.47708	3.39843	10.1549	12.2596	11.0913	12.6977	6.38842	10.7974	2.96096	9.73135	
3.32297	8.38568	0	5.96143	6.66643	5.06033	1.54804	7.24226	6.7741	7.34801	5.64764	4.73033	7.26089	6.03997	2.30928	5.67607	4.55635	9.8447	5.8757	1.04459	
7.34692	2.16734	5.96143	0	5.03212	9.50487	5.99258	7.38966	11.0483	13.0354	9.64441	1.2311	13.4792	3.86009	8.52762	12.4897	7.31104	8.63008	5.1283	7.26294	
4.74979	4.10951	6.66643	5.03212	0	6.0153	5.28723	5.43826	7.69	9.26425	6.90542	6.26321	9.58322	8.15005	6.98181	7.10289	2.27892	8.71976	5.9058	5.62184	
4.14869	5.35917	5.06033	9.50487	6.0153	0	3.5123	7.3324	6.85654	8.66316	6.47337	10.2645	7.2677	7.6826	9.09385	5.41804	3.73638	1.55843	2.39821	7.26564	
4.871	8.15991	1.54804	5.99258	5.28723	3.5123	0	10.8447	7.06872	11.053	6.28413	6.27837	8.80892	7.588	3.85731	6.84115	3.00831	5.07073	5.91051	2.59262	
3.91929	9.54776	7.24226	7.38966	5.43826	7.3324	10.8447	0	3.65863	5.83202	4.44322	8.62075	11.2093	4.4847	11.0617	6.2724	7.71718	8.89082	9.07854	7.03624	
3.10926	8.26166	6.7741	11.0483	7.69	6.85654	7.06872	3.65863	0	2.1341	0.784586	3.45506	2.42585	0.826066	8.42019	7.1957	10.5929	7.93586	5.51881	7.81869	
4.51447	16.4176	7.34801	13.0354	9.26425	8.66316	11.053	5.83202	2.1341	0	2.93026	3.93703	0.252459	1.30804	10.5936	5.02231	12.4184	5.96173	9.67371	7.63141	
2.32467	7.47708	5.64764	9.64441	6.90542	6.47337	6.28413	4.44322	0.784586	2.93026	0	8.4405	2.6778	1.61065	9.20478	4.67778	8.36111	8.38708	4.73422	5.44162	
6.11582	3.39843	4.73033	1.2311	6.26321	10.2645	6.27837	8.62075	3.45506	3.93703	8.4405	0	11.9912	2.629	7.03961	8.46893	7.11201	9.73879	10.606	5.77492	
4.76692	10.1549	7.26089	13.4792	9.58322	7.2677	8.80892	11.2093	2.42585	0.252459	2.6778	11.9912	0	1.5605	9.57016	5.27477	16.8694	5.70928	7.41203	8.30548	
5.8225	12.2596	6.03997	3.86009	8.15005	7.6826	7.588	4.4847	0.826066	1.30804	1.61065	2.629	1.5605	0	8.34925	6.33035	9.74101	7.1098	11.2928	7.08456	
5.63224	11.0913	2.30928	8.52762	6.98181	9.09385	3.85731	11.0617	8.42019	10.5936	9.20478	7.03961	9.57016	8.34925	0	11.395	9.26073	7.53542	8.18498	3.35386	
2.3531	12.6977	5.67607	12.4897	7.10289	5.41804	6.84115	6.2724	7.1957	5.02231	4.67778	8.46893	5.27477	6.33035	11.395	0	9.84946	3.85961	7.51235	5.47005	
7.02871	6.38842	4.55635	7.31104	2.27892	3.73638	3.00831	7.71718	10.5929	12.4184	8.36111	7.11201	16.8694	9.74101	9.26073	9.84946	0	5.2948	3.62688	5.46223	
5.70712	10.7974	9.8447	8.63008	8.71976	1.55843	5.07073	8.89082	7.93586	5.96173	8.38708	9.73879	5.70928	7.1098	7.53542	3.85961	5.2948	0	3.95664	13.5092	
5.15924	2.96096	5.8757	5.1283	5.9058	2.39821	5.91051	9.07854	5.51881	9.67371	4.73422	10.606	7.41203	11.2928	8.18498	7.51235	3.62688	3.95664	0	6.92029	
3.11694	9.73135	1.04459	7.26294	5.62184	7.26564	2.59262	7.03624	7.81869	7.63141	5.44162	5.77492	8.30548	7.08456	3.35386	5.47005	5.46223	13.5092	6.92029	0	

0	5.67823	0.967407	14.6158	5.34207	2.82342	11.9853	0.807678	11.8945	8.13653	5.95529	12.5253	7.07593	8.34722	7.81333	3.53497	7.06305	4.23127	6.49671	1.82257	
5.67823	0	2.9038	20.6856	6.9216	8.89315	17.4685	6.87741	12.9688	13.4137	4.37433	17.7455	13.9561	7.40798	6.23238	9.96529	8.5502	7.64151	7.73387	2.04864	
0.967407	2.9038	0	18.394	9.12021	6.60156	10.7074	1.77509	6.0215	12.2055	3.18086	14.085	7.55676	6.2145	5.0389	2.56757	6.09564	3.26386	7.46411	0.855159	
14.6158	20.6856	18.394	0	16.6169	8.70722	4.19969	13.8081	18.5227	10.0465	9.08412	8.97932	16.5526	22.0149	19.5685	16.896	8.81143	17.4717	21.1078	19.4595	
5.34207	6.9216	9.12021	16.6169	0	4.50419	12.6171	4.5344	6.04722	12.8851	4.72486	11.5979	10.8658	6.50005	2.96773	7.62228	14.9065	11.2168	11.834	7.15146	
2.82342	8.89315	6.60156	8.70722	4.50419	0	4.50753	2.01574	7.26818	2.94874	3.2936	4.23596	2.44961	3.7209	1.53647	5.10363	1.04101	8.69815	9.31537	5.7202	
11.9853	17.4685	10.7074	4.19969	12.6171	4.50753	0	6.52327	5.28149	5.84679	4.88443	4.77963	6.90738	7.46181	6.044	9.9293	4.61174	8.71199	18.6465	7.21013	
0.807678	6.87741	1.77509	13.8081	4.5344	2.01574	6.52327	0	6.54182	4.96448	7.97708	15.1568	4.46536	9.84932	3.55221	3.08788	3.05676	6.68241	7.29963	4.43727	
11.8945	12.9688	6.0215	18.5227	6.04722	7.26818	5.28149	6.54182	0	2.06785	0.397058	5.55852	1.72412	0.452829	2.15419	3.45394	3.05248	4.22461	8.41945	2.72275	
8.13653	13.4137	12.2055	10.0465	12.8851	2.94874	5.84679	4.96448	2.06785	0	3.17592	1.28722	1.06059	1.61502	4.4852	6.04979	3.98975	12.1084	9.58164	6.97436	
5.95529	4.37433	3.18086	9.08412	4.72486	3.2936	4.88443	7.97708	0.397058	3.17592	0	5.16147	2.11532	0.849887	1.75713	3.85099	2.65542	3.82756	11.7608	2.3257	
12.5253	17.7455	14.085	8.97932	11.5979	4.23596	4.77963	15.1568	5.55852	1.28722	5.16147	0	2.34781	2.90224	6.9186	10.2063	7.68325	8.98902	15.4178	7.48716	
7.07593	13.9561	7.55676	16.5526	10.8658	2.44961	6.90738	4.46536	1.72412	1.06059	2.11532	2.34781	0	1.27129	3.87246	4.98919	3.49063	5.94288	9.23791	4.44102	
8.34722	7.40798	6.2145	22.0149	6.50005	3.7209	7.46181	9.84932	0.452829	1.61502	0.849887	2.90224	1.27129	0	5.55132	3.90677	6.44961	7.62175	7.96662	5.35934	
7.81333	6.23238	5.0389	19.5685	2.96773	1.53647	6.044	3.55221	2.15419	4.4852	1.75713	6.9186	3.87246	5.55132	0	6.49784	2.57748	5.58469	15.1088	4.08283	
3.53497	9.96529	2.56757	16.896	7.62228	5.10363	9.9293	3.08788	3.45394	6.04979	3.85099	10.2063	4.98919	3.90677	6.49784	0	7.70029	5.83143	10.3875	3.42272	
7.06305	8.5502	6.09564	8.81143	14.9065	1.04101	4.61174	3.05676	3.05248	3.98975	2.65542	7.68325	3.49063	6.44961	2.57748	7.70029	0	6.48297	13.8703	4.98111	
4.23127	7.64151	3.26386	17.4717	11.2168	8.69815	8.71199	6.68241	4.22461	12.1084	3.82756	8.98902	5.94288	7.62175	5.58469	5.83143	6.48297	0	10.317	4.11902	
6.49671	7.73387	7.46411	21.1078	11.834	9.31537	18.6465	7.29963	8.41945	9.58164	11.7608	15.4178	9.23791	7.96662	15.1088	10.3875	13.8703	10.317	0	9.78251	
1.82257	2.04864	0.855159	19.4595	7.15146	5.7202	7.21013	4.43727	2.72275	6.97436	2.3257	7.48716	4.44102	5.35934	4.08283	3.42272	4.98111	4.11902	9.78251	0	

0	6.28085	2.05505	6.49259	0.671303	7.51508	5.0331	2.88948	7.0915	14.3096	17.5701	7.7989	4.44717	11.7616	4.4325	7.04834	3.14935	5.14882	5.9464	3.77738	
6.28085	0	8.3359	9.48574	6.95216	6.34855	9.04425	9.17034	10.0634	8.02878	12.7649	14.6857	8.81773	8.56907	9.20493	9.67317	9.98962	11.4297	6.54448	6.74396	
2.05505	8.3359	0	6.83261	2.72635	5.46003	7.08815	3.16131	5.03645	8.43968	6.17201	5.74385	6.1646	10.6614	1.81803	4.99329	1.0943	5.06722	3.89135	5.83243	
6.49259	9.48574	6.83261	0	8.62055	10.4131	7.71736	8.40327	4.24104	16.1745	7.21633	11.3534	5.21452	10.2039	14.3665	6.06996	5.31669	1.34377	2.94127	11.9055	
0.671303	6.95216	2.72635	8.62055	0	9.121	5.70441	3.56078	4.91309	4.97618	8.35304	7.25986	3.77586	6.95889	5.93678	6.55185	4.38007	5.82013	6.04912	4.44868	
7.51508	6.34855	5.46003	10.4131	9.121	0	2.69569	7.60657	3.71483	7.11806	4.85039	6.96916	4.85206	9.33982	5.11539	10.4533	4.39166	6.6121	9.35138	7.6985	
5.0331	9.04425	7.08815	7.71736	5.70441	2.69569	0	7.92259	6.41052	7.26879	9.71604	4.27347	9.91152	6.72849	7.93322	9.65678	7.08735	9.06113	10.6586	8.81049	
2.88948	9.17034	3.16131	8.40327	3.56078	7.60657	7.92259	0	5.18784	5.25093	8.62778	8.90515	4.05061	7.23364	8.15496	8.15459	4.25561	8.03831	5.46201	6.66686	
7.0915	10.0634	5.03645	4.24104	4.91309	3.71483	6.41052	5.18784	0	2.33755	1.13556	7.12802	1.13723	3.94353	8.95236	5.11447	6.13075	2.89727	3.41049	10.1155	
14.3096	8.02878	8.43968	16.1745	4.97618	7.11806	7.26879	5.25093	2.33755	0	3.52785	6.55064	1.20032	0.540297	9.10694	13.1415	9.83067	6.30051	3.47358	10.1786	
17.5701	12.7649	6.17201	7.21633	8.35304	4.85039	9.71604	8.62778	1.13556	3.52785	0	8.26358	2.27279	2.98755	9.55502	3.97891	18.212	4.03283	6.85043	13.5555	
7.7989	14.6857	5.74385	11.3534	7.25986	6.96916	4.27347	8.90515	7.12802	6.55064	8.26358	0	6.07994	6.01034	9.71934	8.75935	6.83815	10.0097	8.3532	7.94173	
4.44717	8.81773	6.1646	5.21452	3.77586	4.85206	9.91152	4.05061	1.13723	1.20032	2.27279	6.07994	0	1.74062	10.3073	5.40195	9.39195	4.0345	2.27326	8.97831	
11.7616	8.56907	10.6614	10.2039	6.95889	9.33982	6.72849	7.23364	3.94353	0.540297	2.98755	6.01034	1.74062	0	9.64724	6.96646	13.1566	8.52227	5.45629	12.1613	
4.4325	9.20493	1.81803	14.3665	5.93678	5.11539	7.93322	8.15496	8.95236	9.10694	9.55502	9.71934	10.3073	9.64724	0	5.57611	0.723729	4.69665	8.70481	2.46097	
7.04834	9.67317	4.99329	6.06996	6.55185	10.4533	9.65678	8.15459	5.11447	13.1415	3.97891	8.75935	5.40195	6.96646	5.57611	0	6.08759	10.7065	3.12869	8.03708	
3.14935	9.98962	1.0943	5.31669	4.38007	4.39166	7.08735	4.25561	6.13075	9.83067	18.212	6.83815	9.39195	13.1566	0.723729	6.08759	0	3.97292	4.98565	3.1847	
5.14882	11.4297	5.06722	1.34377	5.82013	6.6121	9.06113	8.03831	2.89727	6.30051	4.03283	10.0097	4.0345	8.52227	4.69665	10.7065	3.97292	0	4.28504	8.92621	
5.9464	6.54448	3.89135	2.94127	6.04912	9.35138	10.6586	5.46201	3.41049	3.47358	6.85043	8.3532	2.27326	5.45629	8.70481	3.12869	4.98565	4.28504	0	11.2516	
3.77738	6.74396	5.83243	11.9055	4.44868	7.6985	8.81049	6.66686	10.1155	10.1786	13.5555	7.94173	8.97831	12.1613	2.46097	8.03708	3.1847	8.92621	11.2516	0	

0	11.9873	0.716082	6.47266	3.80467	4.49774	9.35025	3.1747	7.15281	5.10246	4.50378	8.55501	9.51544	4.22363	7.33969	9.72477	2.15947	4.37948	7.51236	5.99322	
11.9873	0	12.9213	12.9745	6.42713	7.54365	4.51127	8.47499	11.9726	13.078	9.35774	10.987	14.9544	22.0567	7.20897	9.69379	14.297	10.6618	4.13733	14.9528	
0.716082	12.9213	0	8.41232	3.08859	7.69883	10.9744	2.67889	7.46088	7.45766	5.21986	8.0592	17.21	4.93971	6.62361	9.00869	2.87555	5.35886	5.37839	5.49741	
6.47266	12.9745	8.41232	0	11.0688	6.65148	8.46322	9.18106	10.7662	6.50023	7.82999	8.59123	7.09743	7.37906	15.0359	12.3338	4.3132	6.53321	14.4729	16.8254	
3.80467	6.42713	3.08859	11.0688	0	5.69613	9.33238	0.801815	5.5838	6.36578	5.03602	6.18212	13.1069	11.7991	9.7122	9.13721	5.66967	4.35869	2.2898	3.62034	
4.49774	7.54365	7.69883	6.65148	5.69613	0	12.4704	7.20614	6.22429	4.17394	11.9815	14.3648	8.87026	3.29511	17.0486	10.2537	2.33828	4.55829	3.40633	12.6341	
9.35025	4.51127	10.9744	8.46322	9.33238	12.4704	0	10.1342	7.46132	6.17623	4.84647	8.56618	13.5527	10.3905	10.781	9.029	8.37052	6.15051	8.64859	11.0784	
3.1747	8.47499	2.67889	9.18106	0.801815	7.20614	10.1342	0	4.78199	7.4713	5.83784	5.38031	11.9876	7.39833	9.3025	6.34967	4.86786	5.16051	3.09162	2.81852	
7.15281	11.9726	7.46088	10.7662	5.5838	6.22429	7.46132	4.78199	0	3.19585	10.0785	1.10486	7.20565	2.92918	4.0525	1.56768	9.33542	7.11541	8.41509	7.60051	
5.10246	13.078	7.45766	6.50023	6.36578	4.17394	6.17623	7.4713	3.19585	0	1.32976	2.09099	0.597198	0.878829	7.26429	10.8718	8.08972	8.3192	11.4143	14.0172	
4.50378	9.35774	5.21986	7.82999	5.03602	11.9815	4.84647	5.83784	10.0785	1.32976	0	3.42075	1.92696	2.20859	5.93453	8.41935	6.66324	9.39471	7.32583	12.6875	
8.55501	10.987	8.0592	8.59123	6.18212	14.3648	8.56618	5.38031	1.10486	2.09099	3.42075	0	2.68819	2.96982	10.1493	2.67254	10.1807	8.22027	9.71797	8.19883	
9.51544	14.9544	17.21	7.09743	13.1069	8.87026	13.5527	11.9876	7.20565	0.597198	1.92696	2.68819	0	1.47603	16.25	8.77333	8.68692	14.3211	10.8171	16.2281	
4.22363	22.0567	4.93971	7.37906	11.7991	3.29511	10.3905	7.39833	2.92918	0.878829	2.20859	2.96982	1.47603	0	11.9736	4.49686	5.63339	7.44037	6.70144	16.1674	
7.33969	7.20897	6.62361	15.0359	9.7122	17.0486	10.781	9.3025	4.0525	7.26429	5.93453	10.1493	16.25	11.9736	0	2.48482	11.9842	11.9825	9.33222	7.74386	
9.72477	9.69379	9.00869	12.3338	9.13721	10.2537	9.029	6.34967	1.56768	10.8718	8.41935	2.67254	8.77333	4.49686	2.48482	0	12.1093	8.68309	6.8474	10.2287	
2.15947	14.297	2.87555	4.3132	5.66967	2.33828	8.37052	4.86786	9.33542	8.08972	6.66324	10.1807	8.68692	5.63339	11.9842	12.1093	0	2.22001	5.7446	7.68638	
4.37948	10.6618	5.35886	6.53321	4.35869	4.55829	6.15051	5.16051	7.11541	8.3192	9.39471	8.22027	14.3211	7.44037	11.9825	8.68309	2.22001	0	6.6485	11.1152	
7.51236	4.13733	5.37839	14.4729	2.2898	3.40633	8.64859	3.09162	8.41509	11.4143	7.32583	9.71797	10.8171	6.70144	9.33222	6.8474	5.7446	6.6485	0	7.15618	
5.99322	14.9528	5.49741	16.8254	3.62034	12.6341	11.0784	2.81852	7.60051	14.0172	12.6875	8.19883	16.2281	16.1674	7.74386	10.2287	7.68638	11.1152	7.15618	0	

0	5.30052	1.06661	17.4504	1.81773	8.46683	3.8337	3.70312	13.3269	9.57755	12.2219	6.96325	11.1073	4.53037	7.78512	12.5397	4.77567	9.70938	10.4798	3.85228	
5.30052	0	4.30387	7.47946	3.48279	6.08423	7.38895	11.5243	7.25946	7.87566	5.08883	8.43341	7.67051	9.60498	13.5847	9.42366	6.03306	4.71697	5.67592	11.1962	
1.06661	4.30387	0	15.7397	0.821076	6.47187	2.76709	2.63651	6.46013	5.98651	7.97991	6.02041	7.25345	3.46376	4.97412	8.32418	3.77902	5.43907	8.30595	2.78566	
17.4504	7.47946	15.7397	0	10.9622	10.2153	6.88314	11.9585	6.75365	15.6643	12.5683	7.9276	16.9313	13.1416	15.1425	17.927	5.52725	4.21116	6.7887	12.309	
1.81773	3.48279	0.821076	10.9622	0	5.02186	3.58816	3.45759	10.4341	7.81363	8.57162	5.19933	12.925	4.28483	8.23348	12.7192	2.95794	4.27403	9.15871	3.60674	
8.46683	6.08423	6.47187	10.2153	5.02186	0	8.67616	3.83536	3.85261	3.78224	0.9954	9.72063	3.57708	5.51156	10.82	13.4872	2.06392	3.38001	9.68373	16.8163	
3.8337	7.38895	2.76709	6.88314	3.58816	8.67616	0	5.4036	5.21447	8.59667	13.0468	6.38843	13.7033	6.23084	5.37181	5.55709	3.98807	2.67198	9.23916	5.55275	
3.70312	11.5243	2.63651	11.9585	3.45759	3.83536	5.4036	0	9.91737	10.136	4.83076	11.4638	7.69774	6.10027	10.0489	17.1711	5.89928	7.74731	5.84837	5.42217	
13.3269	7.25946	6.46013	6.75365	10.4341	3.85261	5.21447	9.91737	0	4.65794	2.85721	6.25893	2.21964	2.99637	9.04532	1.76197	3.85858	2.54249	9.10967	8.69008	
9.57755	7.87566	5.98651	15.6643	7.81363	3.78224	8.59667	10.136	4.65794	0	2.78684	2.6143	2.43831	2.52276	5.76458	3.03958	13.5419	6.33075	20.2401	7.95304	
12.2219	5.08883	7.97991	12.5683	8.57162	0.9954	13.0468	4.83076	2.85721	2.78684	0	5.40114	2.58168	4.51616	8.55142	4.61918	3.05932	5.3997	10.7647	11.5473	
6.96325	8.43341	6.02041	7.9276	5.19933	9.72063	6.38843	11.4638	6.25893	2.6143	5.40114	0	5.05261	5.13706	8.37888	5.65388	5.03253	3.71644	10.2836	10.2406	
11.1073	7.67051	7.25345	16.9313	12.925	3.57708	13.7033	7.69774	2.21964	2.43831	2.58168	5.05261	0	3.78969	8.20289	3.98161	12.0029	4.76213	13.5461	10.52	
4.53037	9.60498	3.46376	13.1416	4.28483	5.51156	6.23084	6.10027	2.99637	2.52276	4.51616	5.13706	3.78969	0	8.28734	4.75834	10.8482	5.53886	15.9435	6.24942	
7.78512	13.5847	4.97412	15.1425	8.23348	10.82	5.37181	10.0489	9.04532	5.76458	8.55142	8.37888	8.20289	8.28734	0	7.28335	8.75609	8.04379	7.70875	2.18846	
12.5397	9.42366	8.32418	17.927	12.7192	13.4872	5.55709	17.1711	1.76197	3.03958	4.61918	5.65388	3.98161	4.75834	7.28335	0	15.5511	4.30446	15.4321	9.47181	
4.77567	6.03306	3.77902	5.52725	2.95794	2.06392	3.98807	5.89928	3.85858	13.5419	3.05932	5.03253	12.0029	10.8482	8.75609	15.5511	0	1.31609	7.88326	10.1701	
9.70938	4.71697	5.43907	4.21116	4.27403	3.38001	2.67198	7.74731	2.54249	6.33075	5.3997	3.71644	4.76213	5.53886	8.04379	4.30446	1.31609	0	6.56718	9.77347	
10.4798	5.67592	8.30595	6.7887	9.15871	9.68373	9.23916	5.84837	9.10967	20.2401	10.7647	10.2836	13.5461	15.9435	7.70875	15.4321	7.88326	6.56718	0	5.52029	
3.85228	11.1962	2.78566	12.309	3.60674	16.8163	5.55275	5.42217	8.69008	7.95304	11.5473	10.2406	10.52	6.24942	2.18846	9.47181	10.1701	9.77347	5.52029	0	

0	3.50188	3.48328	9.08895	4.72285	4.43878	9.81571	3.93373	5.83711	12.9218	9.09784	9.04946	9.798	8.64132	4.63494	5.50764	2.35506	8.3235	7.60699	3.74772	
3.50188	0	4.74968	6.58296	2.21686	8.64858	10.9388	4.4827	11.5313	19.1399	15.5142	11.7566	13.6805	12.1432	2.48945	9.00952	5.85694	6.17801	4.75988	4.65029	
3.48328	4.74968	0	6.89892	2.53282	6.89022	6.66901	2.8598	2.35383	18.0389	2.70557	5.08357	8.08777	7.95263	4.43046	8.99092	4.89245	8.09244	6.80604	2.89193	
9.08895	6.58296	6.89892	0	4.3661	7.29227	7.65071	6.63194	5.66905	13.6421	6.0208	4.31302	11.403	5.78636	12.5148	12.6196	10.7908	8.58964	8.77511	10.9763	
4.72285	2.21686	2.53282	4.3661	0	8.22302	12.0168	2.26584	4.88666	12.0097	14.6479	8.53668	11.4636	12.6203	4.70631	10.2305	4.2985	12.2983	4.40901	5.42476	
4.43878	8.64858	6.89022	7.29227	8.22302	0	6.61708	4.11637	5.70899	12.3083	5.09468	2.97925	12.4752	4.45259	10.1323	11.2858	2.08371	7.55601	6.02751	3.99829	
9.81571	10.9388	6.66901	7.65071	12.0168	6.61708	0	10.4169	4.31518	5.45485	4.66692	2.64774	2.33108	1.1744	4.62748	14.1059	8.70079	0.938929	11.0814	6.13944	
3.93373	4.4827	2.8598	6.63194	2.26584	4.11637	10.4169	0	5.21363	15.5999	8.38626	6.27084	13.7295	7.74418	7.29025	9.44137	2.03266	9.32883	3.94625	4.12833	
5.83711	11.5313	2.35383	5.66905	4.88666	5.70899	4.31518	5.21363	0	6.28003	0.351741	2.46716	3.82404	4.20308	6.78429	11.0264	7.22256	5.25411	9.32838	5.24577	
12.9218	19.1399	18.0389	13.6421	12.0097	12.3083	5.45485	15.5999	6.28003	0	4.01839	5.75379	0.546096	1.70278	9.41179	17.212	16.0235	5.72323	21.0473	10.9237	
9.09784	15.5142	2.70557	6.0208	14.6479	5.09468	4.66692	8.38626	0.351741	4.01839	0	2.11542	3.4723	3.58876	15.495	10.422	6.87082	10.1342	9.68012	7.23275	
9.04946	11.7566	5.08357	4.31302	8.53668	2.97925	2.64774	6.27084	2.46716	5.75379	2.11542	0	2.63002	1.47334	13.2403	8.30655	5.06297	11.4088	9.00676	6.97754	
9.798	13.6805	8.08777	11.403	11.4636	12.4752	2.33108	13.7295	3.82404	0.546096	3.4723	2.63002	0	1.15668	15.3512	14.0882	10.3431	6.26933	15.0623	12.6149	
8.64132	12.1432	7.95263	5.78636	12.6203	4.45259	1.1744	7.74418	4.20308	1.70278	3.58876	1.47334	1.15668	0	13.2763	9.77989	8.16774	2.11332	14.9272	7.46292	
4.63494	2.48945	4.43046	12.5148	4.70631	10.1323	4.62748	7.29025	6.78429	9.41179	15.495	13.2403	15.3512	13.2763	0	10.1426	6.99001	3.68856	7.24933	6.13403	
5.50764	9.00952	8.99092	12.6196	10.2305	11.2858	14.1059	9.44137	11.0264	17.212	10.422	8.30655	14.0882	9.77989	10.1426	0	7.8627	15.8041	16.6261	9.25536	
2.35506	5.85694	4.89245	10.7908	4.2985	2.08371	8.70079	2.03266	7.22256	16.0235	6.87082	5.06297	10.3431	8.16774	6.99001	7.8627	0	10.5133	5.25193	6.082	
8.3235	6.17801	8.09244	8.58964	12.2983	7.55601	0.938929	9.32883	5.25411	5.72323	10.1342	11.4088	6.26933	2.11332	3.68856	15.8041	10.5133	0	9.9934	5.20051	
7.60699	4.75988	6.80604	8.77511	4.40901	6.02751	11.0814	3.94625	9.32838	21.0473	9.68012	9.00676	15.0623	14.9272	7.24933	16.6261	5.25193	9.9934	0	4.79289	
3.74772	4.65029	2.89193	10.9763	5.42476	3.99829	6.13944	4.12833	5.24577	10.9237	7.23275	6.97754	12.6149	7.46292	6.13403	9.25536	6.082	5.20051	4.79289	0	

0	3.28376	1.31395	6.6769	2.70752	5.60462	5.48651	1.51271	8.18156	6.42997	10.5407	3.66771	7.83241	7.57186	7.40371	6.60108	2.60368	1.35814	9.36364	8.48433	
3.28376	0	7.39433	2.78269	2.96587	7.06785	2.05727	1.77105	11.6356	11.6063	11.6822	7.08313	11.6758	10.5172	12.0193	6.85942	6.10459	4.81222	5.9352	15.0102	
1.31395	7.39433	0	5.36296	11.327	3.78307	8.83126	2.82665	6.92665	5.11603	9.40708	3.38143	5.97207	8.88581	6.08977	9.01903	1.28973	2.67209	12.1738	7.17038	
6.6769	2.78269	5.36296	0	5.96405	8.02381	3.4683	4.55374	11.644	10.479	8.94331	8.74439	14.7317	9.79925	11.4527	10.6998	6.65269	7.59491	8.71789	12.5333	
2.70752	2.96587	11.327	5.96405	0	6.49162	7.93887	1.19482	4.64404	11.0741	2.97927	6.5069	9.99293	5.94806	12.0322	6.28318	14.4626	10.7146	5.94815	12.6049	
5.60462	7.06785	3.78307	8.02381	6.49162	0	10.799	5.2968	3.8894	6.96161	4.74423	8.2299	2.04553	1.77544	4.08693	5.15715	2.49334	6.84225	4.05379	17.1817	
5.48651	2.05727	8.83126	3.4683	7.93887	10.799	0	3.82832	9.83922	9.549	11.6118	6.43793	10.405	10.6132	16.8527	7.23147	8.16186	4.12836	7.99247	14.915	
1.51271	1.77105	2.82665	4.55374	1.19482	5.2968	3.82832	0	6.87478	8.48907	4.17408	5.31208	11.4129	7.07224	9.14374	5.08837	4.62398	2.87085	7.14297	16.7813	
8.18156	11.6356	6.92665	11.644	4.64404	3.8894	9.83922	6.87478	0	5.16901	1.66477	3.54522	2.38406	2.11397	6.65982	2.60775	8.78265	5.85479	7.41179	11.2904	
6.42997	11.6063	5.11603	10.479	11.0741	6.96161	9.549	8.48907	5.16901	0	7.53712	7.11141	0.856047	1.12614	3.9984	8.4801	6.40576	8.3345	14.8582	12.2864	
10.5407	11.6822	9.40708	8.94331	2.97927	4.74423	11.6118	4.17408	1.66477	7.53712	0	5.20999	3.23888	2.96879	8.32458	4.27252	10.0494	8.43649	5.74702	9.62565	
3.66771	7.08313	3.38143	8.74439	6.5069	8.2299	6.43793	5.31208	3.54522	7.11141	5.20999	0	6.25536	5.65919	9.39771	6.15297	4.67116	2.30957	10.3151	10.5518	
7.83241	11.6758	5.97207	14.7317	9.99293	2.04553	10.405	11.4129	2.38406	0.856047	3.23888	6.25536	0	0.270091	3.14235	3.6518	5.5712	7.88962	9.22641	17.3854	
7.57186	10.5172	8.88581	9.79925	5.94806	1.77544	10.6132	7.07224	2.11397	1.12614	2.96879	5.65919	0.270091	0	3.41244	3.38171	4.26878	7.61953	5.82923	12.5944	
7.40371	12.0193	6.08977	11.4527	12.0322	4.08693	16.8527	9.14374	6.65982	3.9984	8.32458	9.39771	3.14235	3.41244	0	9.26756	6.58027	8.98917	6.08406	13.2601	
6.60108	6.85942	9.01903	10.6998	6.28318	5.15715	7.23147	5.08837	2.60775	8.4801	4.27252	6.15297	3.6518	3.38171	9.26756	0	7.72929	9.43117	10.1273	12.1602	
2.60368	6.10459	1.28973	6.65269	14.4626	2.49334	8.16186	4.62398	8.78265	6.40576	10.0494	4.67116	5.5712	4.26878	6.58027	7.72929	0	4.46942	6.54713	8.46011	
1.35814	4.81222	2.67209	7.59491	10.7146	6.84225	4.12836	2.87085	5.85479	8.3345	8.43649	2.30957	7.88962	7.61953	8.98917	9.43117	4.46942	0	8.00549	14.812	
9.36364	5.9352	12.1738	8.71789	5.94815	4.05379	7.99247	7.14297	7.41179	14.8582	5.74702	10.3151	9.22641	5.82923	6.08406	10.1273	6.54713	8.00549	0	15.3727	
8.48433	15.0102	7.17038	12.5333	12.6049	17.1817	14.915	16.7813	11.2904	12.2864	9.62565	10.5518	17.3854	12.5944	13.2601	12.1602	8.46011	14.812	15.3727	0	

0	3.39254	4.58882	21.7631	2.74586	4.70484	22.7415	1.55313	8.21522	7.65036	9.60059	9.61649	8.07274	4.36275	4.64677	8.82596	7.16347	13.3399	9.32715	2.46269	
3.39254	0	14.2763	13.4041	3.03215	4.99113	16.1343	1.83941	16.4196	26.8739	30.1678	16.5754	21.3629	20.1395	7.97725	17.2173	11.8694	23.1616	19.0146	10.1613	
4.58882	14.2763	0	14.6503	0.621011	5.00931	10.7347	1.81374	5.22373	5.78859	6.62795	8.89961	7.35586	5.37369	6.37647	7.7586	2.41071	11.5288	5.98035	4.1924	
21.7631	13.4041	14.6503	0	15.2713	11.3884	8.94602	19.6589	12.144	12.7089	13.5482	14.0251	14.4577	16.407	5.4269	17.7966	11.6406	4.86893	15.307	7.61098	
2.74586	3.03215	0.621011	15.2713	0	4.34445	11.5197	1.19273	5.84474	7.55449	14.1496	22.7411	12.6892	5.99471	6.48997	8.54356	3.03172	13.4988	5.35934	4.3059	
4.70484	4.99113	5.00931	11.3884	4.34445	0	7.36986	3.15171	5.05194	4.48708	6.43731	6.45321	4.90946	5.44421	13.8208	7.16225	7.42001	6.51946	2.48623	9.2017	
22.7415	16.1343	10.7347	8.94602	11.5197	7.36986	0	10.5216	11.9596	6.29307	12.4832	11.4737	10.0479	11.9544	8.15708	3.6179	8.324	4.07709	9.85609	9.98117	
1.55313	1.83941	1.81374	19.6589	1.19273	3.15171	10.5216	0	8.74511	7.63879	15.9844	15.1947	14.8855	19.7626	9.81666	12.8295	4.38839	9.67117	5.63794	4.01583	
8.21522	16.4196	5.22373	12.144	5.84474	5.05194	11.9596	8.74511	0	0.564862	1.40422	2.53099	0.987244	1.522	12.8991	3.24003	7.63444	12.1129	8.07963	7.11742	
7.65036	26.8739	5.78859	12.7089	7.55449	4.48708	6.29307	7.63879	0.564862	0	1.95023	1.87328	0.422382	0.957135	10.5643	2.67517	8.02307	11.0065	6.97331	2.85719	
9.60059	30.1678	6.62795	13.5482	14.1496	6.43731	12.4832	15.9844	1.40422	1.95023	0	3.88621	2.37261	2.90736	14.7294	4.6254	11.9289	15.3682	8.79024	5.73022	
9.61649	16.5754	8.89961	14.0251	22.7411	6.45321	11.4737	15.1947	2.53099	1.87328	3.88621	0	1.4509	2.92326	8.59818	4.6413	10.9445	14.6259	12.4599	10.7823	
8.07274	21.3629	7.35586	14.4577	12.6892	4.90946	10.0479	14.8855	0.987244	0.422382	2.37261	1.4509	0	1.37952	10.0491	3.09755	9.49357	13.175	11.009	8.21296	
4.36275	20.1395	5.37369	16.407	5.99471	5.44421	11.9544	19.7626	1.522	0.957135	2.90736	2.92326	1.37952	0	4.08414	3.63231	7.7844	11.5381	12.6204	1.90006	
4.64677	7.97725	6.37647	5.4269	6.48997	13.8208	8.15708	9.81666	12.8991	10.5643	14.7294	8.59818	10.0491	4.08414	0	8.54735	6.21366	10.2958	15.512	2.18408	
8.82596	17.2173	7.7586	17.7966	8.54356	7.16225	3.6179	12.8295	3.24003	2.67517	4.6254	4.6413	3.09755	3.63231	8.54735	0	5.3479	7.69499	10.8306	6.36327	
7.16347	11.8694	2.41071	11.6406	3.03172	7.42001	8.324	4.38839	7.63444	8.02307	11.9289	10.9445	9.49357	7.7844	6.21366	5.3479	0	11.5052	8.555	6.6031	
13.3399	23.1616	11.5288	4.86893	13.4988	6.51946	4.07709	9.67117	12.1129	11.0065	15.3682	14.6259	13.175	11.5381	10.2958	7.69499	11.5052	0	9.00569	10.8772	
9.32715	19.0146	5.98035	15.307	5.35934	2.48623	9.85609	5.63794	8.07963	6.97331	8.79024	12.4599	11.009	12.6204	15.512	10.8306	8.555	9.00569	0	9.66524	
2.46269	10.1613	4.1924	7.61098	4.3059	9.2017	9.98117	4.01583	7.11742	2.85719	5.73022	10.7823	8.21296	1.90006	2.18408	6.36327	6.6031	10.8772	9.66524	0	

0	4.78372	4.98204	10.5858	4.62019	6.71529	7.84747	2.61216	13.4717	12.0759	6.52556	12.6381	6.95425	6.68026	7.60418	4.93007	4.53159	6.85902	3.82123	2.77076	
4.78372	0	9.76576	4.04749	4.23227	6.24238	11.9828	5.9609	5.36719	10.9202	9.85248	8.406	12.0311	7.65715	8.37632	13.6742	4.90805	3.18164	3.43332	7.55449	
4.98204	9.76576	0	11.0026	7.28058	4.76555	7.28653	3.029	5.67581	9.75478	4.57768	9.46777	7.10211	4.41373	2.63597	6.73844	4.94842	7.27585	5.55658	4.57914	
10.5858	4.04749	11.0026	0	8.35886	3.9266	9.66703	5.11271	2.51465	1.43594	6.61305	3.93256	4.83478	5.34136	12.9656	11.3584	7.08569	0.865851	10.5012	14.0311	
4.62019	4.23227	7.28058	8.35886	0	3.69302	8.4578	3.32654	2.46404	9.86906	6.94933	12.3657	7.56458	11.3392	6.50352	5.54039	2.0049	7.49301	0.798957	3.38109	
6.71529	6.24238	4.76555	3.9266	3.69302	0	10.1747	5.42164	4.00917	5.08788	5.1073	8.28511	9.49009	7.53626	4.54465	12.4977	4.46832	3.06075	2.89406	9.01999	
7.84747	11.9828	7.28653	9.66703	8.4578	10.1747	0	11.1342	3.80698	7.24427	2.70885	14.0255	9.2602	11.9243	7.70816	7.23601	6.62471	8.80118	15.2065	5.07671	
2.61216	5.9609	3.029	5.11271	3.32654	5.42164	11.1342	0	2.37857	9.40954	6.86386	9.47122	6.75648	4.0681	4.99202	8.21683	1.91942	4.24686	2.52758	5.38293	
13.4717	5.36719	5.67581	2.51465	2.46404	4.00917	3.80698	2.37857	0	1.07871	1.09813	3.57532	4.47754	6.20993	4.95777	8.48848	0.459146	6.67899	6.90323	4.85293	
12.0759	10.9202	9.75478	1.43594	9.86906	5.08788	7.24427	9.40954	1.07871	0	2.17684	2.49662	3.39884	6.08722	10.1764	9.56719	1.53785	2.30179	10.668	7.58233	
6.52556	9.85248	4.57768	6.61305	6.94933	5.1073	2.70885	6.86386	1.09813	2.17684	0	7.67372	6.57905	7.30806	4.99931	5.9141	1.55728	11.1643	10.7486	3.7548	
12.6381	8.406	9.46777	3.93256	12.3657	8.28511	14.0255	9.47122	3.57532	2.49662	7.67372	0	3.96106	6.64944	12.1037	11.8308	11.4442	5.22436	11.8569	8.14455	
6.95425	12.0311	7.10211	4.83478	7.56458	9.49009	9.2602	6.75648	4.47754	3.39884	6.57905	3.96106	0	2.68838	9.39256	6.34279	5.94007	7.16389	12.4983	4.18349	
6.68026	7.65715	4.41373	5.34136	11.3392	7.53626	11.9243	4.0681	6.20993	6.08722	7.30806	6.64944	2.68838	0	7.0497	6.52547	5.98752	4.47551	6.59568	6.87187	
7.60418	8.37632	2.63597	12.9656	6.50352	4.54465	7.70816	4.99202	4.95777	10.1764	4.99931	12.1037	9.39256	7.0497	0	8.69507	4.49863	7.6054	7.43871	6.53577	
4.93007	13.6742	6.73844	11.3584	5.54039	12.4977	7.23601	8.21683	8.48848	9.56719	5.9141	11.8308	6.34279	6.52547	8.69507	0	8.94763	10.4926	15.5022	2.1593	
4.53159	4.90805	4.94842	7.08569	2.0049	4.46832	6.62471	1.91942	0.459146	1.53785	1.55728	11.4442	5.94007	5.98752	4.49863	8.94763	0	6.16628	2.80385	5.38598	
6.85902	3.18164	7.27585	0.865851	7.49301	3.06075	8.80118	4.24686	6.67899	2.30179	11.1643	5.22436	7.16389	4.47551	7.6054	10.4926	6.16628	0	5.9548	10.3044	
3.82123	3.43332	5.55658	10.5012	0.798957	2.89406	15.2065	2.52758	6.90323	10.668	10.7486	11.8569	12.4983	6.59568	7.43871	15.5022	2.80385	5.9548	0	4.18005	
2.77076	7.55449	4.57914	14.0311	3.38109	9.01999	5.07671	5.38293	4.85293	7.58233	3.7548	8.14455	4.18349	6.87187	6.53577	2.1593	5.38598	10.3044	4.18005	0	

-111