10
10
3
3
20

6	7
19	44
37	23
35	6
5	8
20	35
8	31
29	43
18	39
19	47

26	20
20	33
15	46
20	26
17	19
15	12
5	30
13	40
38	5
9	40

70

1.79769e+308
1.79769e+308
1.79769e+308
1.79769e+308
1.79769e+308
1.79769e+308
1.79769e+308
1.79769e+308
1.79769e+308
1.79769e+308

16
18
15
11
18
16
15
15
15
16

0
0
0
0
0
0
0
0
0
0

0

0	4.13322	6.43531	8.03844	0.278814	7.50579	8.39096	10.3614	8.05923	3.08152	1.79905	10.6995	4.24191	4.32637	7.33187	1.34154	8.05317	8.77161	9.06697	7.00325	
4.13322	0	9.02087	5.04697	9.86646	1.32586	3.0208	8.33161	2.19517	1.0517	7.03259	4.00754	2.21209	2.96621	14.4368	8.80373	4.59033	0.835248	9.86352	3.95343	
6.43531	9.02087	0	14.4737	6.71413	10.3467	15.519	8.5285	11.216	9.51683	7.18961	13.0284	13.4103	14.1436	5.41594	8.93466	14.4885	9.85612	10.5338	12.3938	
8.03844	5.04697	14.4737	0	8.31725	3.72111	14.4992	8.41164	5.1579	11.12	9.42784	8.59057	13.2934	5.36146	9.05856	10.5378	9.90686	8.04915	3.94072	10.1693	
0.278814	9.86646	6.71413	8.31725	0	8.81022	12.5619	12.785	8.69075	3.36033	2.07787	8.95109	11.2514	2.88975	7.05306	1.06273	8.33198	9.05043	8.78816	10.4688	
7.50579	1.32586	10.3467	3.72111	8.81022	0	6.08737	7.25543	1.4368	2.37756	5.70673	3.42157	5.72185	1.64035	14.2728	3.46737	6.18575	2.16111	7.66183	4.93927	
8.39096	3.0208	15.519	14.4992	12.5619	6.08737	0	7.47265	5.71375	6.31879	9.80652	1.21791	2.70793	2.99913	12.4452	11.5654	0.33779	2.18556	7.07389	1.91199	
10.3614	8.33161	8.5285	8.41164	12.785	7.25543	7.47265	0	7.13597	6.04217	11.3779	6.25475	4.88178	5.61509	6.31346	7.44211	10.0523	10.6899	6.88604	8.91401	
8.05923	2.19517	11.216	5.1579	8.69075	1.4368	5.71375	7.13597	0	3.24687	7.14353	3.3021	5.60239	1.52088	15.7096	3.34791	7.28328	3.03042	13.878	4.8198	
3.08152	1.0517	9.51683	11.12	3.36033	2.37756	6.31879	6.04217	3.24687	0	4.88057	2.6504	1.16039	2.75253	13.5934	4.57956	6.33095	1.88695	14.1107	6.05145	
1.79905	7.03259	7.18961	9.42784	2.07787	5.70673	9.80652	11.3779	7.14353	4.88057	0	8.90049	10.3905	7.34708	9.49412	4.2984	6.77839	8.32238	14.612	5.20419	
10.6995	4.00754	13.0284	8.59057	8.95109	3.42157	1.21791	6.25475	3.3021	2.6504	8.90049	0	1.49002	1.78122	10.9738	3.60825	1.5557	3.40346	5.85598	5.08014	
4.24191	2.21209	13.4103	13.2934	11.2514	5.72185	2.70793	4.88178	5.60239	1.16039	10.3905	1.49002	0	3.27124	11.1952	5.90853	5.17057	5.80816	7.346	6.74477	
4.32637	2.96621	14.1436	5.36146	2.88975	1.64035	2.99913	5.61509	1.52088	2.75253	7.34708	1.78122	3.27124	0	11.9285	1.82703	4.87312	5.04907	7.6372	3.29892	
7.33187	14.4368	5.41594	9.05856	7.05306	14.2728	12.4452	6.31346	15.7096	13.5934	9.49412	10.9738	11.1952	11.9285	0	8.11578	12.6039	16.359	5.11784	14.1781	
1.34154	8.80373	8.93466	10.5378	1.06273	3.46737	11.5654	7.44211	3.34791	4.57956	4.2984	3.60825	5.90853	1.82703	8.11578	0	10.5525	9.63898	9.85088	5.12595	
8.05317	4.59033	14.4885	9.90686	8.33198	6.18575	0.33779	10.0523	7.28328	6.33095	6.77839	1.5557	5.17057	4.87312	12.6039	10.5525	0	2.52335	10.9266	1.5742	
8.77161	0.835248	9.85612	8.04915	9.05043	2.16111	2.18556	10.6899	3.03042	1.88695	8.32238	3.40346	5.80816	5.04907	16.359	9.63898	2.52335	0	12.7744	3.11819	
9.06697	9.86352	10.5338	3.94072	8.78816	7.66183	7.07389	6.88604	13.878	14.1107	14.612	5.85598	7.346	7.6372	5.11784	9.85088	10.9266	12.7744	0	15.1912	
7.00325	3.95343	12.3938	10.1693	10.4688	4.93927	1.91199	8.91401	4.8198	6.05145	5.20419	5.08014	6.74477	3.29892	14.1781	5.12595	1.5742	3.11819	15.1912	0	

0	7.62984	17.1762	12.3841	2.07828	6.79732	6.85745	8.84349	11.5807	14.6898	9.12695	11.4279	16.235	3.49912	3.17619	2.59207	5.71971	7.32263	11.1465	10.341	
7.62984	0	3.37656	9.20388	13.9576	1.62385	7.50505	6.04624	1.69825	0.983843	5.70427	2.26506	3.82235	4.77657	4.45365	4.17761	8.24831	3.22661	11.7443	3.46487	
17.1762	3.37656	0	8.08733	17.1099	2.43259	8.5309	11.05	1.67831	5.19785	11.1418	7.06424	10.7679	6.39113	11.2202	11.583	14.2128	3.8499	6.7109	6.24966	
12.3841	9.20388	8.08733	0	10.3059	3.45483	12.5286	10.3015	8.19955	8.22004	5.80737	2.81362	8.06637	4.91527	6.46447	8.49718	8.6939	5.38172	1.37643	3.81739	
2.07828	13.9576	17.1099	10.3059	0	3.06756	3.29533	6.76521	10.4185	11.8276	5.39718	10.777	10.3109	2.86943	5.25447	0.513794	1.98995	11.2799	10.399	12.0305	
6.79732	1.62385	2.43259	3.45483	3.06756	0	5.33529	4.60806	0.754278	2.60769	4.08042	0.641209	5.89395	2.74286	5.7492	2.55376	3.97331	1.60276	8.51135	1.64497	
6.85745	7.50505	8.5309	12.5286	3.29533	5.33529	0	9.25651	6.63548	10.3721	7.66492	4.99493	8.34818	4.00418	3.68126	2.78153	4.25769	4.923	11.1522	3.99117	
8.84349	6.04624	11.05	10.3015	6.76521	4.60806	9.25651	0	5.36233	5.0624	6.89614	5.24927	3.54573	4.15992	4.48284	6.51556	6.56502	4.51465	12.1115	5.26534	
11.5807	1.69825	1.67831	8.19955	10.4185	0.754278	6.63548	5.36233	0	2.68209	4.8347	1.39549	6.35805	4.71282	5.03574	3.30804	6.70364	2.17159	8.38921	2.5953	
14.6898	0.983843	5.19785	8.22004	11.8276	2.60769	10.3721	5.0624	2.68209	0	5.37539	7.41552	2.83851	8.11161	5.43749	8.74062	5.8578	4.71531	9.59647	6.41176	
9.12695	5.70427	11.1418	5.80737	5.39718	4.08042	7.66492	6.89614	4.8347	5.37539	0	4.72163	7.91072	2.73622	3.05914	4.88339	4.89142	5.68318	4.43093	5.92144	
11.4279	2.26506	7.06424	2.81362	10.777	0.641209	4.99493	5.24927	1.39549	7.41552	4.72163	0	5.25274	2.10165	2.42457	3.19497	3.13605	1.9356	4.19006	1.00376	
16.235	3.82235	10.7679	8.06637	10.3109	5.89395	8.34818	3.54573	6.35805	2.83851	7.91072	5.25274	0	7.35439	10.9722	4.49545	3.01929	6.82581	11.0765	5.15158	
3.49912	4.77657	6.39113	4.91527	2.86943	2.74286	4.00418	4.15992	4.71282	8.11161	2.73622	2.10165	7.35439	0	0.322923	2.35564	3.83179	4.46936	7.16715	3.10541	
3.17619	4.45365	11.2202	6.46447	5.25447	5.7492	3.68126	4.48284	5.03574	5.43749	3.05914	2.42457	10.9722	0.322923	0	2.67856	5.48028	4.14644	14.3227	4.86136	
2.59207	4.17761	11.583	8.49718	0.513794	2.55376	2.78153	6.51556	3.30804	8.74062	4.88339	3.19497	4.49545	2.35564	2.67856	0	1.47615	4.15652	9.31432	3.60844	
5.71971	8.24831	14.2128	8.6939	1.98995	3.97331	4.25769	6.56502	6.70364	5.8578	4.89142	3.13605	3.01929	3.83179	5.48028	1.47615	0	3.06412	9.32236	2.13229	
7.32263	3.22661	3.8499	5.38172	11.2799	1.60276	4.923	4.51465	2.17159	4.71531	5.68318	1.9356	6.82581	4.46936	4.14644	4.15652	3.06412	0	20.5556	0.931833	
11.1465	11.7443	6.7109	1.37643	10.399	8.51135	11.1522	12.1115	8.38921	9.59647	4.43093	4.19006	11.0765	7.16715	14.3227	9.31432	9.32236	20.5556	0	12.1133	
10.341	3.46487	6.24966	3.81739	12.0305	1.64497	3.99117	5.26534	2.5953	6.41176	5.92144	1.00376	5.15158	3.10541	4.86136	3.60844	2.13229	0.931833	12.1133	0	

0	12.4668	13.7442	13.7165	2.02046	5.54378	4.62665	8.73253	9.34104	9.59934	6.14765	10.0045	8.65813	2.16611	4.47653	4.14644	6.18471	8.97753	12.8604	10.2308	
12.4668	0	7.10785	6.02434	13.2372	4.71028	3.82485	4.02011	3.14134	1.84471	5.08818	7.39609	3.07798	8.08795	6.63068	8.37552	8.20176	1.29718	6.05306	1.80123	
13.7442	7.10785	0	6.75924	17.4569	7.45558	13.7451	11.128	8.74714	8.95256	2.67723	9.47286	10.2692	6.65877	13.8885	5.32063	12.9326	8.40503	5.90311	5.96419	
13.7165	6.02434	6.75924	0	13.5432	8.86867	7.25483	13.4771	12.2734	11.3017	5.86835	11.5545	9.59829	9.84988	18.0298	7.47772	14.5115	4.72716	0.85613	7.26956	
2.02046	13.2372	17.4569	13.5432	0	10.6698	6.58919	9.13512	9.53567	9.73868	9.49755	7.984	9.61589	4.18657	6.52455	6.85415	8.36216	9.11687	13.4757	11.436	
5.54378	4.71028	7.45558	8.86867	10.6698	0	5.83821	5.31253	6.94937	4.52698	7.35921	2.68582	3.29371	3.37767	5.68809	5.35799	5.64282	6.00746	9.7248	6.5115	
4.62665	3.82485	13.7451	7.25483	6.58919	5.83821	0	4.58331	2.94647	3.14949	6.44208	8.31555	3.0267	2.46054	4.77096	4.44086	4.85578	2.52767	10.8627	4.28659	
8.73253	4.02011	11.128	13.4771	9.13512	5.31253	4.58331	0	1.63683	5.86481	8.83002	6.25204	5.83748	4.92099	2.61057	7.71635	9.71181	5.31729	10.0732	2.97695	
9.34104	3.14134	8.74714	12.2734	9.53567	6.94937	2.94647	1.63683	0	6.09596	4.62708	5.46458	5.97317	5.40701	4.24741	12.0135	7.80225	3.88252	14.2281	1.34012	
9.59934	1.84471	8.95256	11.3017	9.73868	4.52698	3.14949	5.86481	6.09596	0	8.80352	11.6404	1.23327	5.61003	5.34325	12.7885	6.27365	3.14189	7.89776	3.64593	
6.14765	5.08818	2.67723	5.86835	9.49755	7.35921	6.44208	8.83002	4.62708	8.80352	0	9.19234	10.4736	3.98154	6.29196	2.6434	4.15141	5.82936	5.86411	3.28696	
10.0045	7.39609	9.47286	11.5545	7.984	2.68582	8.31555	6.25204	5.46458	11.6404	9.19234	0	5.97953	6.06349	8.86261	4.96778	3.45977	9.33253	13.1705	6.79013	
8.65813	3.07798	10.2692	9.59829	9.61589	3.29371	3.0267	5.83748	5.97317	1.23327	10.4736	5.97953	0	5.48723	4.10998	6.54839	5.04038	4.45857	9.21444	4.96261	
2.16611	8.08795	6.65877	9.84988	4.18657	3.37767	2.46054	4.92099	5.40701	5.61003	3.98154	6.06349	5.48723	0	2.31042	1.98032	3.48834	4.98821	8.60191	7.2685	
4.47653	6.63068	13.8885	18.0298	6.52455	5.68809	4.77096	2.61057	4.24741	5.34325	6.29196	8.86261	4.10998	2.31042	0	4.29074	6.32902	8.98111	11.7274	8.15364	
4.14644	8.37552	5.32063	7.47772	6.85415	5.35799	4.44086	7.71635	12.0135	12.7885	2.6434	4.96778	6.54839	1.98032	4.29074	0	1.50801	7.07834	6.62159	5.93036	
6.18471	8.20176	12.9326	14.5115	8.36216	5.64282	4.85578	9.71181	7.80225	6.27365	4.15141	3.45977	5.04038	3.48834	6.32902	1.50801	0	7.38345	8.1296	10.2499	
8.97753	1.29718	8.40503	4.72716	9.11687	6.00746	2.52767	5.31729	3.88252	3.14189	5.82936	9.33253	4.45857	4.98821	8.98111	7.07834	7.38345	0	5.58329	2.5424	
12.8604	6.05306	5.90311	0.85613	13.4757	9.7248	10.8627	10.0732	14.2281	7.89776	5.86411	13.1705	9.21444	8.60191	11.7274	6.62159	8.1296	5.58329	0	7.85428	
10.2308	1.80123	5.96419	7.26956	11.436	6.5115	4.28659	2.97695	1.34012	3.64593	3.28696	6.79013	4.96261	7.2685	8.15364	5.93036	10.2499	2.5424	7.85428	0	

0	5.02248	8.54391	16.5394	6.44873	7.57958	7.47588	11.5688	5.39929	9.61218	10.0467	6.81687	3.85864	12.8027	6.59601	8.20989	7.8053	7.79356	11.7645	6.90735	
5.02248	0	2.87088	11.5169	3.68945	1.1223	1.27102	3.08851	0.376809	1.11978	7.65562	1.79439	1.97179	6.10264	4.75065	3.75054	3.54595	2.1863	12.3782	1.88487	
8.54391	2.87088	0	0.857838	3.51489	1.18866	9.37829	6.76544	8.87698	8.35371	6.94121	1.07649	9.03706	7.72267	4.03276	9.9089	4.29848	1.46841	1.71908	2.91483	
16.5394	11.5169	0.857838	0	11.6926	10.8863	3.77005	15.3664	8.39315	9.21155	1.80845	1.93433	13.4887	6.58382	6.02975	4.59564	3.44064	9.8689	0.861245	5.10173	
6.44873	3.68945	3.51489	11.6926	0	2.55056	4.20685	7.36192	3.31264	4.05561	6.89033	2.43839	8.49317	6.35399	1.08137	2.69524	8.26515	2.83031	6.24987	4.27673	
7.57958	1.1223	1.18866	10.8863	2.55056	0	1.63971	4.79478	0.745496	1.48847	4.94277	0.112166	3.95269	6.72648	3.06843	1.83527	2.70134	0.504079	5.56966	1.9505	
7.47588	1.27102	9.37829	3.77005	4.20685	1.63971	0	4.09287	0.89421	1.63719	2.57084	2.48409	4.11113	3.10719	3.21579	1.60192	0.329413	2.41976	3.51805	1.9905	
11.5688	3.08851	6.76544	15.3664	7.36192	4.79478	4.09287	0	4.04928	4.79225	6.2474	3.04197	5.38329	5.71106	5.82608	3.72232	2.86472	2.24756	12.7942	1.20364	
5.39929	0.376809	8.87698	8.39315	3.31264	0.745496	0.89421	4.04928	0	0.742975	3.46505	0.857662	2.3486	5.55226	4.39401	2.49613	1.22362	2.38232	12.1783	2.26168	
9.61218	1.11978	8.35371	9.21155	4.05561	1.48847	1.63719	4.79225	0.742975	0	10.8747	3.92948	5.75355	6.86071	11.7214	5.65258	5.69549	3.1253	16.5399	4.1304	
10.0467	7.65562	6.94121	1.80845	6.89033	4.94277	2.57084	6.2474	3.46505	10.8747	0	6.23216	6.68197	0.536344	6.11571	4.17276	2.90026	3.70628	0.947208	6.88416	
6.81687	1.79439	1.07649	1.93433	2.43839	0.112166	2.48409	3.04197	0.857662	3.92948	6.23216	0	3.76618	3.56185	2.95626	1.20975	3.49942	0.391914	8.12477	1.43583	
3.85864	1.97179	9.03706	13.4887	8.49317	3.95269	4.11113	5.38329	2.3486	5.75355	6.68197	3.76618	0	7.10486	8.8021	4.75276	4.44054	3.93493	15.6773	3.85666	
12.8027	6.10264	7.72267	6.58382	6.35399	6.72648	3.10719	5.71106	5.55226	6.86071	0.536344	3.56185	7.10486	0	7.43535	3.98777	3.14318	3.16993	1.48355	4.21385	
6.59601	4.75065	4.03276	6.02975	1.08137	3.06843	3.21579	5.82608	4.39401	11.7214	6.11571	2.95626	8.8021	7.43535	0	1.61387	6.28353	2.43171	5.16851	4.62244	
8.20989	3.75054	9.9089	4.59564	2.69524	1.83527	1.60192	3.72232	2.49613	5.65258	4.17276	1.20975	4.75276	3.98777	1.61387	0	1.93133	0.817839	3.73439	1.86176	
7.8053	3.54595	4.29848	3.44064	8.26515	2.70134	0.329413	2.86472	1.22362	5.69549	2.90026	3.49942	4.44054	3.14318	6.28353	1.93133	0	2.705	4.30189	1.66108	
7.79356	2.1863	1.46841	9.8689	2.83031	0.504079	2.41976	2.24756	2.38232	3.1253	3.70628	0.391914	3.93493	3.16993	2.43171	0.817839	2.705	0	4.55223	1.04392	
11.7645	12.3782	1.71908	0.861245	6.24987	5.56966	3.51805	12.7942	12.1783	16.5399	0.947208	8.12477	15.6773	1.48355	5.16851	3.73439	4.30189	4.55223	0	9.79095	
6.90735	1.88487	2.91483	5.10173	4.27673	1.9505	1.9905	1.20364	2.26168	4.1304	6.88416	1.43583	3.85666	4.21385	4.62244	1.86176	1.66108	1.04392	9.79095	0	

0	12.2519	11.6315	7.31167	0.828217	6.90287	14.5652	10.7551	12.7724	6.03458	8.08039	12.1009	10.7965	8.9094	3.45945	5.74958	7.31138	4.75843	9.00608	4.38364	
12.2519	0	15.7121	11.3502	7.61301	0.473344	2.31339	6.54115	0.520545	3.98293	5.19708	0.320833	4.37586	4.97655	1.4618	9.18269	2.57049	2.272	9.49041	5.63388	
11.6315	15.7121	0	13.2276	9.10248	5.36699	12.3074	15.1149	5.68785	8.89881	8.86025	5.5195	8.43889	8.13758	6.47125	7.4887	10.1756	10.01	12.4373	7.24787	
7.31167	11.3502	13.2276	0	7.71915	11.8481	8.74706	13.2779	13.1066	13.3278	3.89291	9.87344	16.9619	15.1742	2.57955	1.56209	14.246	15.2921	0.70386	7.62728	
0.828217	7.61301	9.10248	7.71915	0	7.04089	10.7133	9.92693	5.68167	6.1726	6.29957	3.7722	6.75331	4.29756	2.63123	3.64868	7.4494	3.93021	9.41356	4.52165	
6.90287	0.473344	5.36699	11.8481	7.04089	0	2.83338	8.2138	0.320866	4.17018	4.89746	0.152511	3.0719	4.19222	1.29348	7.22827	2.37081	2.07233	8.47453	2.51924	
14.5652	2.31339	12.3074	8.74706	10.7133	2.83338	0	8.07237	2.51251	6.29632	3.44715	2.63422	6.68925	9.57436	7.11549	5.77796	2.16017	4.26397	7.02421	5.08792	
10.7551	6.54115	15.1149	13.2779	9.92693	8.2138	8.07237	0	7.96215	2.55822	12.9375	8.06129	9.94914	12.3928	9.20226	11.7158	5.9122	7.05297	14.9723	4.20917	
12.7724	0.520545	5.68785	13.1066	5.68167	0.320866	2.51251	7.96215	0	4.50348	5.21832	0.473377	3.39277	4.51308	5.70756	8.23729	2.04995	1.75146	9.48354	2.8401	
6.03458	3.98293	8.89881	13.3278	6.1726	4.17018	6.29632	2.55822	4.50348	0	10.8348	4.30377	7.42399	6.17671	4.38553	7.71614	4.57869	4.4131	14.0317	1.65095	
8.08039	5.19708	8.86025	3.89291	6.29957	4.89746	3.44715	12.9375	5.21832	10.8348	0	4.80931	7.79042	5.33467	3.34827	2.33081	5.60732	7.65793	3.57707	6.40293	
12.1009	0.320833	5.5195	9.87344	3.7722	0.152511	2.63422	8.06129	0.473377	4.30377	4.80931	0	3.22441	2.8073	1.14097	2.15842	5.44899	4.00363	8.45331	2.67175	
10.7965	4.37586	8.43889	16.9619	6.75331	3.0719	6.68925	9.94914	3.39277	7.42399	7.79042	3.22441	0	5.78841	4.12208	5.13953	7.56181	2.89618	13.7577	5.59114	
8.9094	4.97655	8.13758	15.1742	4.29756	4.19222	9.57436	12.3928	4.51308	6.17671	5.33467	2.8073	5.78841	0	1.66633	2.68378	7.41419	6.61889	11.264	4.40091	
3.45945	1.4618	6.47125	2.57955	2.63123	1.29348	7.11549	9.20226	5.70756	4.38553	3.34827	1.14097	4.12208	1.66633	0	1.01745	5.66233	5.49674	4.27395	2.73458	
5.74958	9.18269	7.4887	1.56209	3.64868	7.22827	5.77796	11.7158	8.23729	7.71614	2.33081	2.15842	5.13953	2.68378	1.01745	0	8.99293	8.82734	2.26595	3.75203	
7.31138	2.57049	10.1756	14.246	7.4494	2.37081	2.16017	5.9122	2.04995	4.57869	5.60732	5.44899	7.56181	7.41419	5.66233	8.99293	0	3.80141	10.2034	2.92775	
4.75843	2.272	10.01	15.2921	3.93021	2.07233	4.26397	7.05297	1.75146	4.4131	7.65793	4.00363	2.89618	6.61889	5.49674	8.82734	3.80141	0	17.5703	2.76215	
9.00608	9.49041	12.4373	0.70386	9.41356	8.47453	7.02421	14.9723	9.48354	14.0317	3.57707	8.45331	13.7577	11.264	4.27395	2.26595	10.2034	17.5703	0	9.32169	
4.38364	5.63388	7.24787	7.62728	4.52165	2.51924	5.08792	4.20917	2.8401	1.65095	6.40293	2.67175	5.59114	4.40091	2.73458	3.75203	2.92775	2.76215	9.32169	0	

0	7.25351	9.67007	5.37159	0.573424	3.07705	4.35171	1.96547	1.16588	11.267	3.43634	1.77703	2.55937	3.46562	3.75441	1.28582	5.91045	6.49115	8.09862	7.02811	
7.25351	0	3.83207	3.81444	4.71407	1.75821	3.60841	2.44133	3.24092	1.78623	7.61125	3.41324	2.83328	4.97814	8.07094	3.54944	4.70076	2.59317	5.31027	2.86526	
9.67007	3.83207	0	3.57423	8.3724	5.59027	10.7652	6.11924	8.66632	5.6183	5.57411	6.79109	4.86764	8.20723	8.72772	8.25925	6.76505	3.05391	2.58416	6.69733	
5.37159	3.81444	3.57423	0	4.79817	5.57264	7.191	5.03091	9.90206	5.60067	7.66108	10.0476	11.9002	5.9131	5.15349	6.33589	6.13288	6.40761	1.49583	6.6797	
0.573424	4.71407	8.3724	4.79817	0	2.95586	3.77829	6.07947	1.7393	5.75603	2.86291	4.6109	11.1204	3.71752	4.00632	1.53772	5.33702	6.74305	6.294	10.0691	
3.07705	1.75821	5.59027	5.57264	2.95586	0	1.85021	4.19953	2.26618	3.54444	5.81878	1.65503	4.68672	3.97104	4.25984	1.79124	8.27594	4.35138	8.62396	4.62347	
4.35171	3.60841	10.7652	7.191	3.77829	1.85021	0	11.9988	5.91923	1.97774	6.6412	3.50524	3.02478	6.16152	7.40512	3.64145	4.89227	7.426	8.68684	7.37929	
1.96547	2.44133	6.11924	5.03091	6.07947	4.19953	11.9988	0	0.799594	4.22756	9.90317	1.41074	2.19308	6.72155	7.01035	4.54175	8.48122	5.0345	3.53507	5.30659	
1.16588	3.24092	8.66632	9.90206	1.7393	2.26618	5.91923	0.799594	0	2.44053	8.76389	0.611146	1.39349	5.33077	6.14819	2.4517	9.32355	3.20721	4.33467	3.65363	
11.267	1.78623	5.6183	5.60067	5.75603	3.54444	1.97774	4.22756	2.44053	0	10.0009	4.07873	1.04704	6.76437	3.89392	8.75331	2.91453	2.86077	14.4795	4.65149	
3.43634	7.61125	5.57411	7.66108	2.86291	5.81878	6.6412	9.90317	8.76389	10.0009	0	10.9517	10.3194	2.63312	3.71614	4.40063	4.69553	8.50567	6.3681	7.11771	
1.77703	3.41324	6.79109	10.0476	4.6109	1.65503	3.50524	1.41074	0.611146	4.07873	10.9517	0	2.00464	5.96635	10.9716	3.44627	7.44832	3.73718	8.72941	3.04248	
2.55937	2.83328	4.86764	11.9002	11.1204	4.68672	3.02478	2.19308	1.39349	1.04704	10.3194	2.00464	0	9.34733	7.33176	7.01906	3.96158	1.81372	7.13964	6.07417	
3.46562	4.97814	8.20723	5.9131	3.71752	3.97104	6.16152	6.72155	5.33077	6.76437	2.63312	5.96635	9.34733	0	4.6484	2.1798	5.19246	7.38514	7.40893	4.48459	
3.75441	8.07094	8.72772	5.15349	4.00632	4.25984	7.40512	7.01035	6.14819	3.89392	3.71614	10.9716	7.33176	4.6484	0	2.4686	0.979391	4.69053	6.64932	9.84348	
1.28582	3.54944	8.25925	6.33589	1.53772	1.79124	3.64145	4.54175	2.4517	8.75331	4.40063	3.44627	7.01906	2.1798	2.4686	0	3.44799	5.20534	8.07682	6.66439	
5.91045	4.70076	6.76505	6.13288	5.33702	8.27594	4.89227	8.48122	9.32355	2.91453	4.69553	7.44832	3.96158	5.19246	0.979391	3.44799	0	3.71114	12.4036	8.86409	
6.49115	2.59317	3.05391	6.40761	6.74305	4.35138	7.426	5.0345	3.20721	2.86077	8.50567	3.73718	1.81372	7.38514	4.69053	5.20534	3.71114	0	5.63808	5.17563	
8.09862	5.31027	2.58416	1.49583	6.294	8.62396	8.68684	3.53507	4.33467	14.4795	6.3681	8.72941	7.13964	7.40893	6.64932	8.07682	12.4036	5.63808	0	9.65978	
7.02811	2.86526	6.69733	6.6797	10.0691	4.62347	7.37929	5.30659	3.65363	4.65149	7.11771	3.04248	6.07417	4.48459	9.84348	6.66439	8.86409	5.17563	9.65978	0	

0	4.89594	6.01086	3.61374	1.55864	3.24238	4.69427	3.57704	3.26554	3.49748	4.61967	7.55869	5.6699	5.47673	4.8613	2.79143	2.89999	1.87363	6.91857	3.0499	
4.89594	0	10.2431	9.63865	4.38687	3.15768	5.84295	3.86347	4.41422	3.48575	6.70655	3.77125	3.17524	6.0368	7.00499	4.04799	4.59142	3.02231	9.44621	4.19858	
6.01086	10.2431	0	2.39712	10.464	8.87809	5.59582	9.15219	11.3683	11.0365	3.53651	6.54987	13.1175	5.02579	4.62704	10.4667	11.8053	10.779	5.70195	6.38967	
3.61374	9.63865	2.39712	0	5.17238	6.48097	3.13415	8.73918	5.51902	5.18724	4.95937	7.09453	8.79175	2.62867	6.54341	4.61748	6.51373	5.48737	3.30483	8.30605	
1.55864	4.38687	10.464	5.17238	0	6.82896	5.66405	8.25034	3.38924	10.2807	6.17831	6.2154	7.56211	3.2216	6.41993	1.23279	4.45863	3.43227	9.16702	6.66373	
3.24238	3.15768	8.87809	6.48097	6.82896	0	2.47948	3.07216	1.39667	2.62129	3.62692	0.613563	2.31078	4.28702	3.31095	3.55312	5.0807	1.36875	5.64099	2.54502	
4.69427	5.84295	5.59582	3.13415	5.66405	2.47948	0	4.52405	3.39582	3.06404	2.05931	1.86591	10.4657	0.505478	4.5633	2.49428	7.69575	2.82064	4.79897	3.99691	
3.57704	3.86347	9.15219	8.73918	8.25034	3.07216	4.52405	0	2.22308	3.32726	6.68149	4.72936	3.81083	5.11342	8.16284	4.37952	8.4549	1.70341	10.4929	2.87968	
3.26554	4.41422	11.3683	5.51902	3.38924	1.39667	3.39582	2.22308	0	1.89825	5.22104	2.01024	1.58775	2.89034	5.20367	2.15645	4.35767	1.39191	7.53371	2.56818	
3.49748	3.48575	11.0365	5.18724	10.2807	2.62129	3.06404	3.32726	1.89825	0	4.88926	5.35707	0.310503	2.55857	5.82427	4.54737	3.08042	1.62385	9.88606	2.80012	
4.61967	6.70655	3.53651	4.95937	6.17831	3.62692	2.05931	6.68149	5.22104	4.88926	0	3.01336	9.8818	2.33069	5.71075	4.3195	7.51966	4.87994	2.73966	8.56408	
7.55869	3.77125	6.54987	7.09453	6.2154	0.613563	1.86591	4.72936	2.01024	5.35707	3.01336	0	2.92435	2.37139	2.69739	4.66272	5.8579	1.98231	5.02743	4.46003	
5.6699	3.17524	13.1175	8.79175	7.56211	2.31078	10.4657	3.81083	1.58775	0.310503	9.8818	2.92435	0	2.86907	8.49044	3.7442	2.76992	1.93436	9.78643	4.37214	
5.47673	6.0368	5.02579	2.62867	3.2216	4.28702	0.505478	5.11342	2.89034	2.55857	2.33069	2.37139	2.86907	0	6.13416	1.9888	8.20123	3.32612	5.07035	6.6202	
4.8613	7.00499	4.62704	6.54341	6.41993	3.31095	4.5633	8.16284	5.20367	5.82427	5.71075	2.69739	8.49044	6.13416	0	8.34922	7.76128	2.9389	7.58706	1.76263	
2.79143	4.04799	10.4667	4.61748	1.23279	3.55312	2.49428	4.37952	2.15645	4.54737	4.3195	4.66272	3.7442	1.9888	8.34922	0	6.38792	3.54835	9.63167	7.89653	
2.89999	4.59142	11.8053	6.51373	4.45863	5.0807	7.69575	8.4549	4.35767	3.08042	7.51966	5.8579	2.76992	8.20123	7.76128	6.38792	0	4.77362	7.01652	9.26875	
1.87363	3.02231	10.779	5.48737	3.43227	1.36875	2.82064	1.70341	1.39191	1.62385	4.87994	1.98231	1.93436	3.32612	2.9389	3.54835	4.77362	0	7.00069	1.17627	
6.91857	9.44621	5.70195	3.30483	9.16702	5.64099	4.79897	10.4929	7.53371	9.88606	2.73966	5.02743	9.78643	5.07035	7.58706	9.63167	7.01652	7.00069	0	5.82442	
3.0499	4.19858	6.38967	8.30605	6.66373	2.54502	3.99691	2.87968	2.56818	2.80012	8.56408	4.46003	4.37214	6.6202	1.76263	7.89653	9.26875	1.17627	5.82442	0	

0	7.1828	18.8682	7.42544	0.205172	2.45209	4.26566	6.73682	6.21701	6.32175	2.31867	3.30814	3.97683	4.78562	2.12547	6.58324	5.45705	4.64244	8.43302	3.86541	
7.1828	0	9.87707	9.99306	7.02137	3.36755	5.06705	2.80812	1.52402	0.407323	4.86413	6.92204	1.8428	3.27124	7.40086	8.73526	6.07878	2.7442	13.74	2.86367	
18.8682	9.87707	0	25.4422	16.8984	8.05485	8.24335	6.66971	6.19764	9.07051	11.0879	10.0613	7.14826	10.9343	12.227	12.2963	15.1085	4.97746	12.081	5.7545	
7.42544	9.99306	25.4422	0	16.0536	9.36503	12.6638	7.91444	8.20432	6.01638	12.213	8.50898	12.1434	10.715	10.2005	7.70133	13.6071	4.33707	5.02466	3.56003	
0.205172	7.02137	16.8984	16.0536	0	2.65726	4.47083	11.2127	8.54538	7.42869	2.52385	10.6493	8.86417	12.612	2.33064	6.78841	7.74285	9.76037	8.63819	4.07058	
2.45209	3.36755	8.05485	9.36503	2.65726	0	5.01091	4.24769	3.76493	3.66172	4.77076	0.856056	1.52475	2.5779	4.57755	7.51396	5.95413	3.07738	10.1809	3.85442	
4.26566	5.06705	8.24335	12.6638	4.47083	5.01091	0	6.07885	4.48606	4.78671	4.38674	4.15485	5.43668	6.7514	5.99782	10.8489	1.24837	3.26588	10.3694	4.04292	
6.73682	2.80812	6.66971	7.91444	11.2127	4.24769	6.07885	0	4.17985	2.40079	4.41815	3.39163	4.53777	5.98818	8.09112	5.62657	7.32722	2.95967	10.0632	3.73671	
6.21701	1.52402	6.19764	8.20432	8.54538	3.76493	4.48606	4.17985	0	1.93134	6.38814	4.62098	3.36682	5.8927	5.87684	8.78559	10.6263	1.22018	8.32374	1.99721	
6.32175	0.407323	9.07051	6.01638	7.42869	3.66172	4.78671	2.40079	1.93134	0	5.27145	5.79243	2.13698	3.56541	8.49169	6.59764	5.67145	3.23338	11.2879	2.45635	
2.31867	4.86413	11.0879	12.213	2.52385	4.77076	4.38674	4.41815	6.38814	5.27145	0	4.67605	3.89538	2.46695	3.67297	8.90191	3.13837	7.37782	10.7517	6.18408	
3.30814	6.92204	10.0613	8.50898	10.6493	0.856056	4.15485	3.39163	4.62098	5.79243	4.67605	0	2.3808	2.59655	6.2214	8.37001	5.09808	3.93344	12.9381	7.74604	
3.97683	1.8428	7.14826	12.1434	8.86417	1.52475	5.43668	4.53777	3.36682	2.13698	3.89538	2.3808	0	1.42844	6.35472	9.0387	7.80843	2.1708	9.27436	2.94783	
4.78562	3.27124	10.9343	10.715	12.612	2.5779	6.7514	5.98818	5.8927	3.56541	2.46695	2.59655	1.42844	0	6.13992	10.0919	5.60532	3.59923	10.3415	6.73383	
2.12547	7.40086	12.227	10.2005	2.33064	4.57755	5.99782	8.09112	5.87684	8.49169	3.67297	6.2214	6.35472	6.13992	0	8.70871	4.74945	7.09702	10.5585	5.99087	
6.58324	8.73526	12.2963	7.70133	6.78841	7.51396	10.8489	5.62657	8.78559	6.59764	8.90191	8.37001	9.0387	10.0919	8.70871	0	13.7447	4.91833	15.0163	4.1413	
5.45705	6.07878	15.1085	13.6071	7.74285	5.95413	1.24837	7.32722	10.6263	5.67145	3.13837	5.09808	7.80843	5.60532	4.74945	13.7447	0	4.51425	10.2591	8.1278	
4.64244	2.7442	4.97746	4.33707	9.76037	3.07738	3.26588	2.95967	1.22018	3.23338	7.37782	3.93344	2.1708	3.59923	7.09702	4.91833	4.51425	0	7.10356	0.777036	
8.43302	13.74	12.081	5.02466	8.63819	10.1809	10.3694	10.0632	8.32374	11.2879	10.7517	12.9381	9.27436	10.3415	10.5585	15.0163	10.2591	7.10356	0	7.8806	
3.86541	2.86367	5.7545	3.56003	4.07058	3.85442	4.04292	3.73671	1.99721	2.45635	6.18408	7.74604	2.94783	6.73383	5.99087	4.1413	8.1278	0.777036	7.8806	0	

0	7.18377	9.46622	11.8828	0.129308	7.49842	5.46998	6.87309	6.10386	4.49823	6.39393	10.3104	5.12251	6.15796	3.60726	4.63947	7.01117	7.92237	5.39332	2.94035	
7.18377	0	1.57764	8.43589	7.30774	3.4263	3.53353	4.24541	1.77051	2.29898	3.18236	2.42866	2.06126	5.47292	5.96903	5.17616	4.74834	4.35328	8.13553	3.85687	
9.46622	1.57764	0	9.34484	11.8219	3.9533	3.23354	2.66776	3.34816	3.87663	3.55275	2.72114	3.6389	3.89528	6.44598	6.43704	4.01203	4.64576	6.55789	5.76317	
11.8828	8.43589	9.34484	0	8.05096	4.07187	11.2131	7.2143	5.72765	10.262	11.6183	5.30402	9.64024	13.6875	14.1997	13.2865	8.51923	12.4994	2.78695	8.62994	
0.129308	7.30774	11.8219	8.05096	0	8.3142	6.36199	7.0024	9.96998	5.00876	12.9668	9.54635	5.25182	9.89459	3.73657	6.72921	8.35879	7.24614	5.26401	3.06965	
7.49842	3.4263	3.9533	4.07187	8.3142	0	3.4188	3.14244	1.65579	6.11596	2.06376	1.23215	5.56837	8.98074	9.96668	8.58758	4.44737	3.15677	6.85881	4.55807	
5.46998	3.53353	3.23354	11.2131	6.36199	3.4188	0	4.86703	1.76302	3.19314	4.90936	2.47384	2.40035	7.12882	6.79866	5.51525	0.77849	1.68969	9.79143	2.52964	
6.87309	4.24541	2.66776	7.2143	7.0024	3.14244	4.86703	0	3.10401	10.754	2.09297	2.92458	8.71081	5.8383	4.87964	7.77456	4.27718	7.33629	8.29142	6.26753	
6.10386	1.77051	3.34816	5.72765	9.96998	1.65579	1.76302	3.10401	0	4.0695	1.54243	0.710825	3.83177	8.37432	12.485	7.19303	2.54151	2.63544	11.3954	3.16352	
4.49823	2.29898	3.87663	10.262	5.00876	6.11596	3.19314	10.754	4.0695	0	5.48135	4.162	0.792792	6.76869	5.1911	3.90769	5.9591	2.23738	10.2728	1.55789	
6.39393	3.18236	3.55275	11.6183	12.9668	2.06376	4.90936	2.09297	1.54243	5.48135	0	0.831605	5.24362	5.33737	2.78667	3.81888	6.37015	2.75622	8.84851	8.24996	
10.3104	2.42866	2.72114	5.30402	9.54635	1.23215	2.47384	2.92458	0.710825	4.162	0.831605	0	4.48992	6.61642	3.61827	6.51319	4.85625	1.92462	9.27903	3.87434	
5.12251	2.06126	3.6389	9.64024	5.25182	5.56837	2.40035	8.71081	3.83177	0.792792	5.24362	4.48992	0	5.65666	4.14711	3.1149	3.17884	3.03017	13.8946	2.35068	
6.15796	5.47292	3.89528	13.6875	9.89459	8.98074	7.12882	5.8383	8.37432	6.76869	5.33737	6.61642	5.65666	0	2.5507	2.54177	9.70647	8.5638	10.4532	5.2108	
3.60726	5.96903	6.44598	14.1997	3.73657	9.96668	6.79866	4.87964	12.485	5.1911	2.78667	3.61827	4.14711	2.5507	0	1.03221	10.9787	7.45587	11.4128	5.06172	
4.63947	5.17616	6.43704	13.2865	6.72921	8.58758	5.51525	7.77456	7.19303	3.90769	3.81888	6.51319	3.1149	2.54177	1.03221	0	8.52518	6.17246	12.445	4.02951	
7.01117	4.74834	4.01203	8.51923	8.35879	4.44737	0.77849	4.27718	2.54151	5.9591	6.37015	4.85625	3.17884	9.70647	10.9787	8.52518	0	2.46818	12.5686	3.30813	
7.92237	4.35328	4.64576	12.4994	7.24614	3.15677	1.68969	7.33629	2.63544	2.23738	2.75622	1.92462	3.03017	8.5638	7.45587	6.17246	2.46818	0	11.2264	3.79526	
5.39332	8.13553	6.55789	2.78695	5.26401	6.85881	9.79143	8.29142	11.3954	10.2728	8.84851	9.27903	13.8946	10.4532	11.4128	12.445	12.5686	11.2264	0	14.4226	
2.94035	3.85687	5.76317	8.62994	3.06965	4.55807	2.52964	6.26753	3.16352	1.55789	8.24996	3.87434	2.35068	5.2108	5.06172	4.02951	3.30813	3.79526	14.4226	0	

0	13.8399	7.32421	8.60453	3.2308	12.0096	3.57545	10.0469	11.4433	7.64125	5.89191	9.38442	5.91658	6.9548	4.90171	10.3525	5.61948	6.4137	4.84332	7.84777	
13.8399	0	9.99804	2.97956	8.30134	3.55348	5.46996	1.93039	6.68421	1.40416	8.15261	4.0494	4.32663	7.682	10.1327	4.6404	4.22127	5.87362	6.74077	7.28036	
7.32421	9.99804	0	12.2889	10.4263	8.01028	7.01899	8.06765	9.6099	10.9259	4.70253	7.11711	11.2914	4.22024	3.99215	6.7179	8.95935	10.257	12.1675	11.6911	
8.60453	2.97956	12.2889	0	6.241	4.27865	8.24523	4.90995	9.01962	4.38372	11.9171	5.07382	7.30619	7.97068	11.0149	7.61996	5.22772	8.04454	3.76121	8.00552	
3.2308	8.30134	10.4263	6.241	0	8.06345	6.31584	7.68332	8.28065	10.2052	5.72382	12.3597	3.97471	8.72939	7.13392	8.54824	10.117	5.5217	2.47979	9.55653	
12.0096	3.55348	8.01028	4.27865	8.06345	0	2.99311	2.14827	5.50242	4.20186	8.65054	1.55662	4.08874	4.45348	5.9918	8.19388	0.949077	4.52734	7.35181	3.72688	
3.57545	5.46996	7.01899	8.24523	6.31584	2.99311	0	4.33491	6.64707	4.0658	2.31647	4.28669	2.34113	5.32204	7.08676	5.82867	2.04403	3.88812	8.41877	7.92296	
10.0469	1.93039	8.06765	4.90995	7.68332	2.14827	4.33491	0	8.24648	3.33455	8.75718	3.70489	6.23701	5.75161	7.3336	6.57079	2.29088	5.96397	5.20354	5.87515	
11.4433	6.68421	9.6099	9.01962	8.28065	5.50242	6.64707	8.24648	0	6.59104	10.1843	3.9458	4.30594	6.84266	9.88687	8.87947	6.18845	5.30088	13.0284	6.73495	
7.64125	1.40416	10.9259	4.38372	10.2052	4.20186	4.0658	3.33455	6.59104	0	6.38227	2.64524	5.73079	5.5421	8.5863	4.20795	4.88789	5.61595	10.8117	9.09473	
5.89191	8.15261	4.70253	11.9171	5.72382	8.65054	2.31647	8.75718	10.1843	6.38227	0	5.90243	4.6576	3.00557	5.72686	3.5122	4.3605	11.4502	8.2036	10.4186	
9.38442	4.0494	7.11711	5.07382	12.3597	1.55662	4.28669	3.70489	3.9458	2.64524	5.90243	0	4.51771	2.89686	5.61815	6.85319	2.24265	2.97072	8.83503	4.40479	
5.91658	4.32663	11.2914	7.30619	3.97471	4.08874	2.34113	6.23701	4.30594	5.73079	4.6576	4.51771	0	7.33017	7.42947	4.57353	4.38516	1.54699	6.4545	2.98106	
6.9548	7.682	4.22024	7.97068	8.72939	4.45348	5.32204	5.75161	6.84266	5.5421	3.00557	2.89686	7.33017	0	2.72129	6.51777	5.13952	5.86758	8.92667	9.37184	
4.90171	10.1327	3.99215	11.0149	7.13392	5.9918	7.08676	7.3336	9.88687	8.5863	5.72686	5.61815	7.42947	2.72129	0	6.80157	5.04272	8.91179	9.61371	13.0113	
10.3525	4.6404	6.7179	7.61996	8.54824	8.19388	5.82867	6.57079	8.87947	4.20795	3.5122	6.85319	4.57353	6.51777	6.80157	0	8.321	6.12052	11.852	6.90638	
5.61948	4.22127	8.95935	5.22772	10.117	0.949077	2.04403	2.29088	6.18845	4.88789	4.3605	2.24265	4.38516	5.13952	5.04272	8.321	0	5.21337	7.49441	4.67595	
6.4137	5.87362	10.257	8.04454	5.5217	4.52734	3.88812	5.96397	5.30088	5.61595	11.4502	2.97072	1.54699	5.86758	8.91179	6.12052	5.21337	0	11.1675	1.43407	
4.84332	6.74077	12.1675	3.76121	2.47979	7.35181	8.41877	5.20354	13.0284	10.8117	8.2036	8.83503	6.4545	8.92667	9.61371	11.852	7.49441	11.1675	0	12.6231	
7.84777	7.28036	11.6911	8.00552	9.55653	3.72688	7.92296	5.87515	6.73495	9.09473	10.4186	4.40479	2.98106	9.37184	13.0113	6.90638	4.67595	1.43407	12.6231	0	

0	10.1342	7.90382	4.72222	0.386559	6.45594	7.12483	9.25683	6.97726	7.82689	5.94424	5.99252	6.44208	2.64677	3.92043	4.15916	3.68996	7.49921	3.89048	6.03025	
10.1342	0	3.57882	6.00301	16.5764	4.58511	6.5326	3.98842	2.35782	0.677216	2.25989	4.02109	2.78686	5.94394	4.63897	4.04497	4.81415	1.20317	13.9823	3.98927	
7.90382	3.57882	0	4.24686	10.016	2.01912	5.94364	3.91359	4.90436	6.22791	1.31894	4.13958	9.42876	5.00299	3.69803	3.10402	5.93959	7.21526	7.86867	4.49324	
4.72222	6.00301	4.24686	0	5.10878	2.52512	6.44963	8.16045	2.93357	6.7339	3.39906	1.2703	6.95087	6.33429	1.01998	3.41007	6.44558	9.18506	3.62181	4.99924	
0.386559	16.5764	10.016	5.10878	0	8.49475	13.085	11.6881	14.7162	16.2445	9.30381	7.23994	6.82864	3.03333	4.30699	4.54572	4.07652	9.3176	3.50392	12.4631	
6.45594	4.58511	2.01912	2.52512	8.49475	0	3.92451	4.51583	2.88524	4.20879	3.33806	2.12046	3.42042	3.80917	3.54509	5.76378	3.92046	5.06129	6.14693	2.47412	
7.12483	6.5326	5.94364	6.44963	13.085	3.92451	0	9.00175	6.00713	6.84368	11.3928	6.04497	6.89802	5.44515	8.1353	8.16534	3.43488	4.84778	10.7371	2.06167	
9.25683	3.98842	3.91359	8.16045	11.6881	4.51583	9.00175	0	1.63059	5.09418	5.23253	3.29387	2.16578	8.81073	8.02551	7.17812	5.56688	3.80664	10.5087	5.57605	
6.97726	2.35782	4.90436	2.93357	14.7162	2.88524	6.00713	1.63059	0	2.64483	4.61771	1.66327	0.535184	6.69441	7.93762	5.54752	4.69576	2.17605	12.1393	3.94545	
7.82689	0.677216	6.22791	6.7339	16.2445	4.20879	6.84368	5.09418	2.64483	0	2.9371	5.40993	2.10964	8.01795	11.2949	10.8857	4.13693	1.88038	13.8967	4.78201	
5.94424	2.25989	1.31894	3.39906	9.30381	3.33806	11.3928	5.23253	4.61771	2.9371	0	3.82726	9.15354	3.68405	2.37909	1.78508	9.48036	3.46305	11.7225	6.73082	
5.99252	4.02109	4.13958	1.2703	7.23994	2.12046	6.04497	3.29387	1.66327	5.40993	3.82726	0	2.19845	5.92963	2.29028	5.61234	6.04092	3.83932	4.89212	4.59458	
6.44208	2.78686	9.42876	6.95087	6.82864	3.42042	6.89802	2.16578	0.535184	2.10964	9.15354	2.19845	0	7.71532	10.3625	6.0827	5.23094	2.71123	14.8528	4.48064	
2.64677	5.94394	5.00299	6.33429	3.03333	3.80917	5.44515	8.81073	6.69441	8.01795	3.68405	5.92963	7.71532	0	5.34975	5.46913	6.33673	6.16958	15.3835	3.38347	
3.92043	4.63897	3.69803	1.01998	4.30699	3.54509	8.1353	8.02551	7.93762	11.2949	2.37909	2.29028	10.3625	5.34975	0	2.3901	7.61039	7.19381	4.64179	7.56647	
4.15916	4.04497	3.10402	3.41007	4.54572	5.76378	8.16534	7.17812	5.54752	10.8857	1.78508	5.61234	6.0827	5.46913	2.3901	0	7.69528	4.80372	10.4504	6.10367	
3.68996	4.81415	5.93959	6.44558	4.07652	3.92046	3.43488	5.56688	4.69576	4.13693	9.48036	6.04092	5.23094	6.33673	7.61039	7.69528	0	3.80925	16.0756	5.49655	
7.49921	1.20317	7.21526	9.18506	9.3176	5.06129	4.84778	3.80664	2.17605	1.88038	3.46305	3.83932	2.71123	6.16958	7.19381	4.80372	3.80925	0	12.8069	2.7861	
3.89048	13.9823	7.86867	3.62181	3.50392	6.14693	10.7371	10.5087	12.1393	13.8967	11.7225	4.89212	14.8528	15.3835	4.64179	10.4504	16.0756	12.8069	0	13.7153	
6.03025	3.98927	4.49324	4.99924	12.4631	2.47412	2.06167	5.57605	3.94545	4.78201	6.73082	4.59458	4.48064	3.38347	7.56647	6.10367	5.49655	2.7861	13.7153	0	

0	5.11967	3.89602	10.4106	1.21104	8.52759	3.9076	5.52217	7.86755	4.8422	3.64942	7.2324	9.57281	6.5509	2.05721	2.41036	9.2284	5.02642	5.33959	7.55399	
5.11967	0	5.22186	3.39378	4.81035	4.57377	3.59963	3.10882	2.40403	1.19875	7.05045	4.00631	1.12707	2.86231	3.06246	5.09688	2.65205	1.31663	4.85789	2.37128	
3.89602	5.22186	0	10.4112	5.10706	6.05295	6.12916	9.04581	4.94519	8.49323	2.27501	5.25533	7.04856	8.60551	5.70825	6.30638	3.93874	3.90523	4.49234	3.65797	
10.4106	3.39378	10.4112	0	9.19954	12.2523	7.79383	10.7	8.54239	2.19503	10.3845	7.4465	4.13389	8.52572	4.98001	13.5519	4.80548	7.65974	5.91886	5.08626	
1.21104	4.81035	5.10706	9.19954	0	9.73863	4.50098	4.31113	8.36903	4.53287	3.86525	6.92307	9.78863	7.76193	1.74788	3.62139	9.44422	4.7171	6.55063	9.63677	
8.52759	4.57377	6.05295	12.2523	9.73863	0	5.01693	4.5881	3.475	5.38556	8.27292	0.797621	3.4467	7.25561	5.97281	9.96015	2.82651	4.64545	6.33342	2.54574	
3.9076	3.59963	6.12916	7.79383	4.50098	5.01693	0	6.70845	3.75842	4.79838	7.72807	5.62936	4.7267	6.46194	2.7531	1.49725	2.75197	3.25989	4.134	2.47119	
5.52217	3.10882	9.04581	10.7	4.31113	4.5881	6.70845	0	4.05789	4.30757	8.17638	3.79048	4.23588	5.37454	6.05902	12.926	5.8945	4.42545	8.74304	5.34512	
7.86755	2.40403	4.94519	8.54239	8.36903	3.475	3.75842	4.05789	0	3.45146	7.43598	2.67738	1.5126	1.31665	4.05661	9.79809	1.568	1.08739	4.62866	1.28723	
4.8422	1.19875	8.49323	2.19503	4.53287	5.38556	4.79838	4.30757	3.45146	0	7.86224	5.20506	1.93886	4.06107	2.78498	5.14295	5.99382	2.51538	6.83298	3.57003	
3.64942	7.05045	2.27501	10.3845	3.86525	8.27292	7.72807	8.17638	7.43598	7.86224	0	7.53034	5.92338	9.2992	5.61313	6.05978	5.57897	6.18024	6.76735	5.85974	
7.2324	4.00631	5.25533	7.4465	6.92307	0.797621	5.62936	3.79048	2.67738	5.20506	7.53034	0	4.18998	3.99403	5.17519	7.53315	2.64101	3.76477	7.13104	2.92179	
9.57281	1.12707	7.04856	4.13389	9.78863	3.4467	4.7267	4.23588	1.5126	1.93886	5.92338	4.18998	0	2.82925	4.18953	10.9442	3.67137	2.4437	6.76129	2.79982	
6.5509	2.86231	8.60551	8.52572	7.76193	7.25561	6.46194	5.37454	1.31665	4.06107	9.2992	3.99403	2.82925	0	5.92477	8.13312	3.72023	2.40404	8.49653	2.60388	
2.05721	3.06246	5.70825	4.98001	1.74788	5.97281	2.7531	6.05902	4.05661	2.78498	5.61313	5.17519	4.18953	5.92477	0	2.35797	5.74144	2.96921	6.51048	5.22429	
2.41036	5.09688	6.30638	13.5519	3.62139	9.96015	1.49725	12.926	9.79809	5.14295	6.05978	7.53315	10.9442	8.13312	2.35797	0	4.4856	4.75714	5.63124	3.96844	
9.2284	2.65205	3.93874	4.80548	9.44422	2.82651	2.75197	5.8945	1.568	5.99382	5.57897	2.64101	3.67137	3.72023	5.74144	4.4856	0	2.85426	6.39552	0.280771	
5.02642	1.31663	3.90523	7.65974	4.7171	4.64545	3.25989	4.42545	1.08739	2.51538	6.18024	3.76477	2.4437	2.40404	2.96921	4.75714	2.85426	0	3.54126	2.37462	
5.33959	4.85789	4.49234	5.91886	6.55063	6.33342	4.134	8.74304	4.62866	6.83298	6.76735	7.13104	6.76129	8.49653	6.51048	5.63124	6.39552	3.54126	0	6.2432	
7.55399	2.37128	3.65797	5.08626	9.63677	2.54574	2.47119	5.34512	1.28723	3.57003	5.85974	2.92179	2.79982	2.60388	5.22429	3.96844	0.280771	2.37462	6.2432	0	

0	6.02126	13.9096	4.08155	1.54009	5.56352	1.605	6.81915	5.4771	6.24248	6.97114	4.52278	4.28673	6.73304	4.25866	3.57955	7.56187	8.22292	5.19437	3.34014	
6.02126	0	11.3109	4.46751	5.07677	3.2963	4.32395	1.72992	2.90104	2.71039	6.12915	2.09409	1.64222	3.02079	3.8634	8.01109	6.573	4.51067	13.1943	4.6036	
13.9096	11.3109	0	7.35321	11.9913	3.51506	10.1638	5.18004	4.57119	5.52631	0.780816	7.52249	5.89057	3.15185	3.1066	5.3382	5.96957	13.9793	6.2404	4.41181	
4.08155	4.46751	7.35321	0	5.62165	4.28899	5.68656	2.73759	5.85602	9.33484	7.02323	5.4912	6.35056	10.1679	9.70338	6.27296	14.5774	10.1503	1.11281	6.68411	
1.54009	5.07677	11.9913	5.62165	0	4.18489	3.14509	6.57965	3.78964	14.0025	5.04436	2.98268	12.9343	3.90939	2.71857	5.11964	6.02177	5.39927	17.4982	4.88023	
5.56352	3.2963	3.51506	4.28899	4.18489	0	4.74329	4.79917	1.56702	3.12973	2.73424	1.20221	2.06157	2.12891	3.82815	1.98397	3.44069	3.61879	5.40181	3.28281	
1.605	4.32395	10.1638	5.68656	3.14509	4.74329	0	6.14618	6.58821	3.74989	7.79148	6.51035	2.68172	7.58245	7.30689	4.05365	8.28542	9.07232	8.1519	4.45125	
6.81915	1.72992	5.18004	2.73759	6.57965	4.79917	6.14618	0	4.40392	6.59725	4.39923	3.59697	3.37214	4.52367	5.59332	7.76405	8.07587	6.01355	3.85041	3.94652	
5.4771	2.90104	4.57119	5.85602	3.78964	1.56702	6.58821	4.40392	0	3.51906	3.79037	0.806952	3.62859	1.73365	3.43289	3.55099	1.87367	3.00459	11.0338	2.13696	
6.24248	2.71039	5.52631	9.33484	14.0025	3.12973	3.74989	6.59725	3.51906	0	6.17792	4.32601	1.06816	5.93085	11.9065	8.69112	5.39273	6.52366	11.7667	5.65602	
6.97114	6.12915	0.780816	7.02323	5.04436	2.73424	7.79148	4.39923	3.79037	6.17792	0	3.29774	4.79581	2.37103	2.32579	4.55739	5.66404	5.77931	7.02121	3.631	
4.52278	2.09409	7.52249	5.4912	2.98268	1.20221	6.51035	3.59697	0.806952	4.32601	3.29774	0	3.26377	0.926703	2.62594	3.18618	2.68062	2.41658	11.2113	2.94391	
4.28673	1.64222	5.89057	6.35056	12.9343	2.06157	2.68172	3.37214	3.62859	1.06816	4.79581	3.26377	0	6.96533	5.50562	4.04553	7.32105	7.92285	12.3532	5.34437	
6.73304	3.02079	3.15185	10.1679	3.90939	2.12891	7.58245	4.52367	1.73365	5.93085	2.37103	0.926703	6.96533	0	3.55264	6.92842	3.56751	3.34328	9.61448	4.54875	
4.25866	3.8634	3.1066	9.70338	2.71857	3.82815	7.30689	5.59332	3.43289	11.9065	2.32579	2.62594	5.50562	3.55264	0	4.14769	6.45572	3.45352	9.56923	5.95678	
3.57955	8.01109	5.3382	6.27296	5.11964	1.98397	4.05365	7.76405	3.55099	8.69112	4.55739	3.18618	4.04553	6.92842	4.14769	0	10.6034	7.60121	11.8008	5.26677	
7.56187	6.573	5.96957	14.5774	6.02177	3.44069	8.28542	8.07587	1.87367	5.39273	5.66404	2.68062	7.32105	3.56751	6.45572	10.6034	0	4.87826	12.21	4.01063	
8.22292	4.51067	13.9793	10.1503	5.39927	3.61879	9.07232	6.01355	3.00459	6.52366	5.77931	2.41658	7.92285	3.34328	3.45352	7.60121	4.87826	0	20.3917	5.14156	
5.19437	13.1943	6.2404	1.11281	17.4982	5.40181	8.1519	3.85041	11.0338	11.7667	7.02121	11.2113	12.3532	9.61448	9.56923	11.8008	12.21	20.3917	0	10.8744	
3.34014	4.6036	4.41181	6.68411	4.88023	3.28281	4.45125	3.94652	2.13696	5.65602	3.631	2.94391	5.34437	4.54875	5.95678	5.26677	4.01063	5.14156	10.8744	0	

0	4.66629	5.25784	6.30153	2.15882	11.1878	5.95373	6.91175	3.23684	7.71334	3.55986	3.47446	5.3589	1.7515	4.43735	3.07799	6.19185	5.19583	5.33028	4.24579	
4.66629	0	6.87736	5.41736	3.26721	4.3352	2.19958	8.30947	0.760506	1.23889	3.58918	4.14323	2.23003	2.24584	7.28532	8.0072	3.04657	2.05055	6.28577	1.10051	
5.25784	6.87736	0	7.87443	9.20792	9.61497	7.01201	9.3361	4.99167	8.11625	4.22952	5.2293	7.11373	3.50634	11.2167	5.50234	9.45064	10.0442	7.08511	6.69947	
6.30153	5.41736	7.87443	0	7.67798	3.41821	4.4563	7.80616	4.48885	4.81163	6.08791	3.1477	3.01933	4.55002	8.46032	3.9724	6.01491	5.32117	2.8414	7.6932	
2.15882	3.26721	9.20792	7.67798	0	5.22865	7.67095	7.53934	2.50671	9.02475	7.88084	5.88943	3.97623	3.91033	2.27853	3.70558	4.79277	3.79675	9.82703	2.84671	
11.1878	4.3352	9.61497	3.41821	5.22865	0	1.5791	10.445	3.65323	5.57409	9.82783	0.270504	6.73323	1.99346	2.95012	8.67327	6.79266	6.13609	3.54101	5.45442	
5.95373	2.19958	7.01201	4.4563	7.67095	1.5791	0	8.27061	1.42036	3.92033	2.7825	1.3086	4.06628	3.03156	4.91323	5.12082	1.07069	3.08897	4.57911	1.08036	
6.91175	8.30947	9.3361	7.80616	7.53934	10.445	8.27061	0	7.53026	8.52449	5.59115	10.5609	8.01637	7.39951	9.55691	3.83376	10.6225	7.14563	8.83765	7.19025	
3.23684	0.760506	4.99167	4.48885	2.50671	3.65323	1.42036	7.53026	0	1.99939	2.80996	3.20829	1.46953	1.48533	4.78524	5.83195	2.28607	1.29005	5.06411	0.340005	
7.71334	1.23889	8.11625	4.81163	9.02475	5.57409	3.92033	8.52449	1.99939	0	5.30993	6.30092	1.79231	5.3997	5.22164	5.92077	4.78789	1.37887	7.52466	2.35811	
3.55986	3.58918	4.22952	6.08791	7.88084	9.82783	2.7825	5.59115	2.80996	5.30993	0	3.53132	5.41575	1.80836	6.98714	6.47483	3.85319	5.51891	3.24651	2.46996	
3.47446	4.14323	5.2293	3.1477	5.88943	0.270504	1.3086	10.5609	3.20829	6.30092	3.53132	0	4.85225	1.72296	3.22062	6.42942	2.37929	4.39757	3.27051	2.38896	
5.3589	2.23003	7.11373	3.01933	3.97623	6.73323	4.06628	8.01637	1.46953	1.79231	5.41575	4.85225	0	2.95486	6.14461	6.84375	2.99559	2.30184	5.86073	1.80953	
1.7515	2.24584	3.50634	4.55002	3.91033	1.99346	3.03156	7.39951	1.48533	5.3997	1.80836	1.72296	2.95486	0	7.03557	4.82949	3.7714	2.77538	3.57877	1.82534	
4.43735	7.28532	11.2167	8.46032	2.27853	2.95012	4.91323	9.55691	4.78524	5.22164	6.98714	3.22062	6.14461	7.03557	0	5.72315	3.84254	3.84277	8.58312	6.89172	
3.07799	8.0072	5.50234	3.9724	3.70558	8.67327	5.12082	3.83376	5.83195	5.92077	6.47483	6.42942	6.84375	4.82949	5.72315	0	6.19151	4.5419	6.8138	6.20118	
6.19185	3.04657	9.45064	6.01491	4.79277	6.79266	1.07069	10.6225	2.28607	4.78789	3.85319	2.37929	2.99559	3.7714	3.84254	6.19151	0	3.47682	8.46763	2.15105	
5.19583	2.05055	10.0442	5.32117	3.79675	6.13609	3.08897	7.14563	1.29005	1.37887	5.51891	4.39757	2.30184	2.77538	3.84277	4.5419	3.47682	0	9.13609	1.63005	
5.33028	6.28577	7.08511	2.8414	9.82703	3.54101	4.57911	8.83765	5.06411	7.52466	3.24651	3.27051	5.86073	3.57877	8.58312	6.8138	8.46763	9.13609	0	5.71646	
4.24579	1.10051	6.69947	7.6932	2.84671	5.45442	1.08036	7.19025	0.340005	2.35811	2.46996	2.38896	1.80953	1.82534	6.89172	6.20118	2.15105	1.63005	5.71646	0	

0	6.79993	3.58352	7.46204	0.723529	4.06589	5.15421	5.15144	5.47969	7.87934	4.69401	4.87987	3.18387	1.71518	5.19853	3.22385	8.31089	0.964416	5.39533	2.16644	
6.79993	0	4.60807	9.5833	7.72605	2.4718	3.37603	2.54741	2.71661	1.82258	6.51154	3.02354	3.04808	4.82251	5.55216	6.47807	2.4278	3.83733	9.0616	2.6353	
3.58352	4.60807	0	5.85578	2.85999	7.65036	4.09985	7.90556	6.20022	5.3062	6.264	8.51716	5.06939	5.29965	4.97327	9.96169	2.18026	8.3295	3.78907	7.89013	
7.46204	9.5833	5.85578	0	12.3657	7.1115	8.01572	10.6049	9.24277	14.3143	7.24999	7.66324	17.1047	9.4622	5.01859	10.3696	8.80327	14.5879	2.06671	11.4566	
0.723529	7.72605	2.85999	12.3657	0	5.05166	6.15848	8.74761	7.38552	8.16619	12.1593	5.65717	10.1565	2.43871	7.83326	3.94738	5.04026	1.68795	6.11886	9.06523	
4.06589	2.4718	7.65036	7.1115	5.05166	0	0.904228	3.49336	2.13127	3.0253	6.24939	0.55174	3.69221	2.3507	4.87715	5.55563	2.82382	5.29254	9.17821	3.89095	
5.15421	3.37603	4.09985	8.01572	6.15848	0.904228	0	4.39759	2.91502	3.80905	6.00332	1.45597	4.47596	3.25493	4.18501	4.6514	1.91959	6.46888	7.1369	4.6747	
5.15144	2.54741	7.90556	10.6049	8.74761	3.49336	4.39759	0	3.49339	2.59936	10.3984	4.0451	3.82486	5.84407	8.38524	7.25485	4.97521	4.18703	13.6084	5.18271	
5.47969	2.71661	6.20022	9.24277	7.38552	2.13127	2.91502	3.49339	0	0.894026	4.28218	2.68301	1.56094	3.76451	2.74588	5.54952	4.45007	2.9617	5.69776	1.75967	
7.87934	1.82258	5.3062	14.3143	8.16619	3.0253	3.80905	2.59936	0.894026	0	3.94674	7.40954	1.2255	4.65854	3.63991	4.65549	4.11463	3.44495	9.09527	2.6537	
4.69401	6.51154	6.264	7.24999	12.1593	6.24939	6.00332	10.3984	4.28218	3.94674	0	7.45681	2.72124	3.89868	7.38203	1.47016	4.08373	4.9407	5.18328	7.77148	
4.87987	3.02354	8.51716	7.66324	5.65717	0.55174	1.45597	4.0451	2.68301	7.40954	7.45681	0	6.18404	2.90244	5.07821	6.56852	4.07682	4.61009	8.03009	3.40806	
3.18387	3.04808	5.06939	17.1047	10.1565	3.69221	4.47596	3.82486	1.56094	1.2255	2.72124	6.18404	0	5.2493	4.30682	4.1914	2.88913	2.21945	7.90452	3.32061	
1.71518	4.82251	5.29965	9.4622	2.43871	2.3507	3.25493	5.84407	3.76451	4.65854	3.89868	2.90244	5.2493	0	3.48335	4.93903	5.35862	2.6796	6.43523	3.8728	
5.19853	5.55216	4.97327	5.01859	7.83326	4.87715	4.18501	8.38524	2.74588	3.63991	7.38203	5.07821	4.30682	3.48335	0	8.83641	6.1046	4.11889	2.95188	2.91686	
3.22385	6.47807	9.96169	10.3696	3.94738	5.55563	4.6514	7.25485	5.54952	4.65549	1.47016	6.56852	4.1914	4.93903	8.83641	0	5.55389	4.18827	6.65345	10.3618	
8.31089	2.4278	2.18026	8.80327	5.04026	2.82382	1.91959	4.97521	4.45007	4.11463	4.08373	4.07682	2.88913	5.35862	6.1046	5.55389	0	5.10858	5.96933	5.0631	
0.964416	3.83733	8.3295	14.5879	1.68795	5.29254	6.46888	4.18703	2.9617	3.44495	4.9407	4.61009	2.21945	2.6796	4.11889	4.18827	5.10858	0	6.35974	1.20203	
5.39533	9.0616	3.78907	2.06671	6.11886	9.17821	7.1369	13.6084	5.69776	9.09527	5.18328	8.03009	7.90452	6.43523	2.95188	6.65345	5.96933	6.35974	0	5.86875	
2.16644	2.6353	7.89013	11.4566	9.06523	3.89095	4.6747	5.18271	1.75967	2.6537	7.77148	3.40806	3.32061	3.8728	2.91686	10.3618	5.0631	1.20203	5.86875	0	

0	6.83534	9.49766	7.68375	0.665018	8.30846	6.37009	9.30282	5.46714	5.23819	7.96106	12.9326	10.0939	10.6579	2.67915	6.1728	9.92095	6.25232	5.41874	5.59262	
6.83534	0	7.22382	5.57141	7.50036	1.47312	2.17198	2.46748	4.71558	7.97047	10.5296	2.09522	7.42728	6.86246	5.2477	8.74135	2.84984	6.74172	6.13287	4.11952	
9.49766	7.22382	0	2.0143	8.03465	6.47498	2.41361	11.1461	3.15323	4.76501	1.23115	3.88797	2.01149	6.55719	3.37954	2.55471	4.07035	3.82475	2.57576	0.466071	
7.68375	5.57141	2.0143	0	8.2889	7.04453	5.38039	8.03889	5.24682	13.5419	3.24545	9.7896	12.9987	14.7945	3.30104	5.71616	8.26022	8.57776	0.561458	2.48037	
0.665018	7.50036	8.03465	8.2889	0	8.04459	5.89266	11.0066	4.80213	4.57317	12.4421	5.45757	10.7589	8.65348	3.34417	7.90913	6.57052	5.39435	7.72744	7.48929	
8.30846	1.47312	6.47498	7.04453	8.04459	0	3.35317	3.9406	1.27754	4.77495	12.0461	0.622095	8.9004	6.66246	6.72082	6.34946	2.19193	3.83469	12.1412	5.92962	
6.37009	2.17198	2.41361	5.38039	5.89266	3.35317	0	4.63945	3.39845	4.93093	8.97284	2.2477	3.49296	4.66503	3.69094	4.65395	0.677868	3.99067	4.81893	1.94754	
9.30282	2.46748	11.1461	8.03889	11.0066	3.9406	4.63945	0	4.98666	9.44602	11.5743	8.43785	5.23862	10.7553	7.71518	11.0205	10.4179	4.39443	14.5627	6.84776	
5.46714	4.71558	3.15323	5.24682	4.80213	1.27754	3.39845	4.98666	0	1.53249	4.43057	0.655444	1.43642	3.85135	4.1654	3.107	2.22528	0.592227	8.21737	2.68716	
5.23819	7.97047	4.76501	13.5419	4.57317	4.77495	4.93093	9.44602	1.53249	0	10.3362	2.18793	6.39156	5.38384	7.75961	4.63949	8.45042	2.12472	12.3006	4.21965	
7.96106	10.5296	1.23115	3.24545	12.4421	12.0461	8.97284	11.5743	4.43057	10.3362	0	9.00645	8.02404	5.32604	4.81721	1.32356	5.29964	7.17985	7.73916	1.69722	
12.9326	2.09522	3.88797	9.7896	5.45757	0.622095	2.2477	8.43785	0.655444	2.18793	9.00645	0	4.88761	4.5068	7.61659	3.76245	1.56983	1.24767	12.1405	3.3426	
10.0939	7.42728	2.01149	12.9987	10.7589	8.9004	3.49296	5.23862	1.43642	6.39156	8.02404	4.88761	0	14.4469	4.41736	18.1532	5.1497	0.844192	14.968	1.54542	
10.6579	6.86246	6.55719	14.7945	8.65348	6.66246	4.66503	10.7553	3.85135	5.38384	5.32604	4.5068	14.4469	0	7.71684	4.2232	3.98716	4.44358	9.50941	6.53851	
2.67915	5.2477	3.37954	3.30104	3.34417	6.72082	3.69094	7.71518	4.1654	7.75961	4.81721	7.61659	4.41736	7.71684	0	3.49364	4.36881	3.57317	2.73958	2.91347	
6.1728	8.74135	2.55471	5.71616	7.90913	6.34946	4.65395	11.0205	3.107	4.63949	1.32356	3.76245	18.1532	4.2232	3.49364	0	3.97608	3.69923	6.23323	4.16793	
9.92095	2.84984	4.07035	8.26022	6.57052	2.19193	0.677868	10.4179	2.22528	8.45042	5.29964	1.56983	5.1497	3.98716	4.36881	3.97608	0	5.61325	5.4968	2.62541	
6.25232	6.74172	3.82475	8.57776	5.39435	3.83469	3.99067	4.39443	0.592227	2.12472	7.17985	1.24767	0.844192	4.44358	3.57317	3.69923	5.61325	0	6.31275	2.38961	
5.41874	6.13287	2.57576	0.561458	7.72744	12.1412	4.81893	14.5627	8.21737	12.3006	7.73916	12.1405	14.968	9.50941	2.73958	6.23323	5.4968	6.31275	0	5.65305	
5.59262	4.11952	0.466071	2.48037	7.48929	5.92962	1.94754	6.84776	2.68716	4.21965	1.69722	3.3426	1.54542	6.53851	2.91347	4.16793	2.62541	2.38961	5.65305	0	

0	5.62371	11.717	3.76268	0.062195	3.95357	11.4493	4.33804	6.07995	7.48997	6.3981	4.17596	5.36331	7.6936	2.56788	0.893724	7.77693	6.01405	3.97968	6.4466	
5.62371	0	3.35659	7.59894	9.05568	2.96923	4.95752	6.48672	2.15394	4.22066	6.63696	3.46489	2.38527	5.79818	6.40414	4.72998	8.04935	0.908752	9.05539	1.87989	
11.717	3.35659	0	10.6647	13.5933	4.50832	6.49661	8.92928	3.69302	6.91739	10.6084	5.00398	8.17937	4.95924	7.55032	10.5241	10.6761	2.44784	10.4738	3.41898	
3.76268	7.59894	10.6647	0	7.60714	4.45311	5.39029	9.14945	8.05518	7.98951	2.60934	4.6755	5.86285	6.62655	4.54312	2.86896	6.02925	6.51359	0.190916	8.42184	
0.062195	9.05568	13.5933	7.60714	0	4.01577	12.5293	4.40023	9.47495	8.50581	10.7215	8.91222	6.67041	8.61843	6.41234	0.955919	11.6214	7.65644	4.04187	6.6853	
3.95357	2.96923	4.50832	4.45311	4.01577	0	2.43052	5.48404	2.78934	3.24513	4.19133	0.222385	1.40974	4.10492	2.3374	4.8473	3.37114	2.06048	4.64403	3.03162	
11.4493	4.95752	6.49661	5.39029	12.5293	2.43052	0	7.46979	4.77509	8.27891	1.62493	2.20814	7.61882	7.49663	4.32315	6.57971	0.638965	4.04877	4.04335	5.01991	
4.33804	6.48672	8.92928	9.14945	4.40023	5.48404	7.46979	0	5.17844	5.93684	8.41283	5.26166	4.10144	3.97005	3.32447	4.99863	8.41042	6.42362	8.31771	7.96809	
6.07995	2.15394	3.69302	8.05518	9.47495	2.78934	4.77509	5.17844	0	4.71175	6.5359	2.56696	3.84427	6.13461	4.68197	5.18623	5.71572	1.24518	11.6928	2.21633	
7.48997	4.22066	6.91739	7.98951	8.50581	3.24513	8.27891	5.93684	4.71175	0	6.65398	3.75878	1.83539	7.64132	11.7423	9.18733	8.81525	4.46955	9.0724	5.44069	
6.3981	6.63696	10.6084	2.60934	10.7215	4.19133	1.62493	8.41283	6.5359	6.65398	0	3.83307	8.48937	7.67944	5.08836	6.76252	2.26389	5.6737	2.41842	7.46888	
4.17596	3.46489	5.00398	4.6755	8.91222	0.222385	2.20814	5.26166	2.56696	3.75878	3.83307	0	1.63212	4.32731	2.11501	3.78917	2.8471	2.28286	6.38737	3.52728	
5.36331	2.38527	8.17937	5.86285	6.67041	1.40974	7.61882	4.10144	3.84427	1.83539	8.48937	1.63212	0	5.51466	7.42591	7.11526	6.84674	3.29402	13.06	5.31066	
7.6936	5.79818	4.95924	6.62655	8.61843	4.10492	7.49663	3.97005	6.13461	7.64132	7.67944	4.32731	5.51466	0	2.59108	4.26524	9.54193	4.88943	6.81746	5.73134	
2.56788	6.40414	7.55032	4.54312	6.41234	2.3374	4.32315	3.32447	4.68197	11.7423	5.08836	2.11501	7.42591	2.59108	0	1.67416	5.26377	4.67115	7.50678	6.77058	
0.893724	4.72998	10.5241	2.86896	0.955919	4.8473	6.57971	4.99863	5.18623	9.18733	6.76252	3.78917	7.11526	4.26524	1.67416	0	6.88321	5.63874	3.05987	5.55288	
7.77693	8.04935	10.6761	6.02925	11.6214	3.37114	0.638965	8.41042	5.71572	8.81525	2.26389	2.8471	6.84674	9.54193	5.26377	6.88321	0	4.68774	12.3442	6.48292	
6.01405	0.908752	2.44784	6.51359	7.65644	2.06048	4.04877	6.42362	1.24518	4.46955	5.6737	2.28286	3.29402	4.88943	4.67115	5.63874	4.68774	0	11.7515	0.971143	
3.97968	9.05539	10.4738	0.190916	4.04187	4.64403	4.04335	8.31771	11.6928	9.0724	2.41842	6.38737	13.06	6.81746	7.50678	3.05987	12.3442	11.7515	0	12.0594	
6.4466	1.87989	3.41898	8.42184	6.6853	3.03162	5.01991	7.96809	2.21633	5.44069	7.46888	3.52728	5.31066	5.73134	6.77058	5.55288	6.48292	0.971143	12.0594	0	

0	7.86208	16.2595	7.01786	1.63518	11.4736	11.7372	10.8527	8.89655	12.6387	5.295	9.00285	19.1827	9.36035	6.97554	3.08105	8.41841	10.6097	8.34652	9.08025	
7.86208	0	6.96874	10.7593	9.49726	3.98574	3.95884	5.62428	1.03448	5.01289	6.96106	3.94204	7.88473	3.58454	5.12026	7.27123	5.83211	2.74766	9.80415	4.94615	
16.2595	6.96874	0	6.97732	6.88212	8.66353	3.59355	5.42396	7.94582	9.06836	3.2223	3.74172	6.0722	3.38421	4.91994	5.00759	3.14819	13.4663	5.64866	10.5994	
7.01786	10.7593	6.97732	0	8.65304	4.34353	11.1223	8.68282	11.7938	9.23103	7.04056	5.19726	14.9547	8.16429	5.17675	6.28268	12.0307	9.16579	1.32866	6.27938	
1.63518	9.49726	6.88212	8.65304	0	10.9232	7.11184	10.2319	7.68262	10.0596	3.65982	5.38673	11.6853	6.69836	4.37117	1.44587	3.30526	9.64356	6.39988	7.44507	
11.4736	3.98574	8.66353	4.34353	10.9232	0	2.44926	4.14887	5.50724	1.30331	8.72677	2.4708	7.70046	2.82831	5.6472	6.41166	6.89326	1.23808	3.01487	3.43657	
11.7372	3.95884	3.59355	11.1223	7.11184	2.44926	0	4.6101	4.06634	5.60913	9.06045	4.94787	3.28198	3.3072	1.77147	2.30475	0.44536	1.21118	5.61956	2.21822	
10.8527	5.62428	5.42396	8.68282	10.2319	4.14887	4.6101	0	4.88632	2.84556	5.41627	1.84988	7.08875	2.03975	3.57548	5.79074	4.16474	6.83561	5.71848	4.63712	
8.89655	1.03448	7.94582	11.7938	7.68262	5.50724	4.06634	4.88632	0	6.04737	12.9889	3.03644	6.85026	3.39395	5.83781	6.23675	4.5117	3.78213	6.90504	5.90344	
12.6387	5.01289	9.06836	9.23103	10.0596	1.30331	5.60913	2.84556	6.04737	0	9.37931	3.63584	8.93417	3.99334	6.81224	7.57669	7.0103	2.54139	4.31819	5.82541	
5.295	6.96106	3.2223	7.04056	3.65982	8.72677	9.06045	5.41627	12.9889	9.37931	0	3.73403	14.5377	3.37652	4.91225	5.10569	6.37049	12.6236	5.7119	10.4251	
9.00285	3.94204	3.74172	5.19726	5.38673	2.4708	4.94787	1.84988	3.03644	3.63584	3.73403	0	9.81547	0.357508	1.89324	3.94086	5.80025	3.70888	3.8686	6.487	
19.1827	7.88473	6.0722	14.9547	11.6853	7.70046	3.28198	7.08875	6.85026	8.93417	14.5377	9.81547	0	8.96591	5.05345	4.7834	2.92401	4.49316	9.19094	4.24022	
9.36035	3.58454	3.38421	8.16429	6.69836	2.82831	3.3072	2.03975	3.39395	3.99334	3.37652	0.357508	8.96591	0	1.53573	4.29837	6.12929	6.33219	4.22611	6.67687	
6.97554	5.12026	4.91994	5.17675	4.37117	5.6472	1.77147	3.57548	5.83781	6.81224	4.91225	1.89324	5.05345	1.53573	0	2.9253	2.21683	2.98265	3.84809	3.98969	
3.08105	7.27123	5.00759	6.28268	1.44587	6.41166	2.30475	5.79074	6.23675	7.57669	5.10569	3.94086	4.7834	4.29837	2.9253	0	1.85939	11.131	4.95402	8.89094	
8.41841	5.83211	3.14819	12.0307	3.30526	6.89326	0.44536	4.16474	4.5117	7.0103	6.37049	5.80025	2.92401	6.12929	2.21683	1.85939	0	1.65654	6.81341	2.66358	
10.6097	2.74766	13.4663	9.16579	9.64356	1.23808	1.21118	6.83561	3.78213	2.54139	12.6236	3.70888	4.49316	6.33219	2.98265	11.131	1.65654	0	4.25295	2.19849	
8.34652	9.80415	5.64866	1.32866	6.39988	3.01487	5.61956	5.71848	6.90504	4.31819	5.7119	3.8686	9.19094	4.22611	3.84809	4.95402	6.81341	4.25295	0	4.95072	
9.08025	4.94615	10.5994	6.27938	7.44507	3.43657	2.21822	4.63712	5.90344	5.82541	10.4251	6.487	4.24022	6.67687	3.98969	8.89094	2.66358	2.19849	4.95072	0	

0	11.0079	11.9969	7.51297	0.622998	6.83774	6.12061	8.66896	7.59064	16.3946	6.83386	2.39864	9.24943	1.26045	3.92948	10.5511	5.13481	9.53053	6.07528	8.3451	
11.0079	0	6.74087	17.3199	9.76238	5.1908	3.00865	8.78959	2.45539	3.96701	5.47678	5.1425	2.09503	5.34058	6.29229	4.23882	1.46622	2.38081	9.97594	1.96073	
11.9969	6.74087	0	7.34359	11.9582	7.88397	3.39447	13.6888	4.9906	11.9881	0.912984	5.00049	5.77707	6.48639	4.55553	2.15095	5.97977	5.74536	9.37446	12.9388	
7.51297	17.3199	7.34359	0	11.497	13.5436	10.3609	4.03137	12.9274	12.8091	6.4306	9.10453	14.6811	7.96634	10.6354	7.66856	9.94741	14.9391	1.43769	15.051	
0.622998	9.76238	11.9582	11.497	0	5.51087	12.6835	12.7647	6.96764	6.84284	11.7069	7.07441	7.75411	1.88345	3.6102	5.66367	7.95681	7.7224	6.69827	14.9158	
6.83774	5.1908	7.88397	13.5436	5.51087	0	5.70293	8.28698	3.56475	3.72605	5.26828	1.18077	4.04965	2.31896	1.90067	3.95414	1.76413	2.80999	15.7046	1.26962	
6.12061	3.00865	3.39447	10.3609	12.6835	5.70293	0	5.93001	2.53159	1.67715	2.13038	4.99215	3.54913	4.86016	2.94589	0.892419	1.54243	3.21972	8.92322	2.03694	
8.66896	8.78959	13.6888	4.03137	12.7647	8.28698	5.93001	0	8.31253	4.25285	13.2459	9.15837	6.12483	10.2966	7.48549	7.72104	7.32336	9.00066	2.59368	6.70928	
7.59064	2.45539	4.9906	12.9274	6.96764	3.56475	2.53159	8.31253	0	2.65844	5.90358	3.83387	0.786466	4.86353	6.02326	4.68455	0.989167	0.754755	9.49889	1.48368	
16.3946	3.96701	11.9881	12.8091	6.84284	3.72605	1.67715	4.25285	2.65844	0	11.8505	5.2149	1.87198	5.90167	3.23264	2.56957	2.95094	3.46658	6.84653	2.45643	
6.83386	5.47678	0.912984	6.4306	11.7069	5.26828	2.13038	13.2459	5.90358	11.8505	0	4.08751	12.0659	5.2257	3.29144	1.23796	7.76379	5.16775	7.86829	9.08596	
2.39864	5.1425	5.00049	9.10453	7.07441	1.18077	4.99215	9.15837	3.83387	5.2149	4.08751	0	4.67372	1.13819	3.08144	4.09973	3.67628	3.07911	11.2655	2.45039	
9.24943	2.09503	5.77707	14.6811	7.75411	4.04965	3.54913	6.12483	0.786466	1.87198	12.0659	4.67372	0	7.98898	5.10462	5.5244	1.77563	1.54122	15.7659	2.78003	
1.26045	5.34058	6.48639	7.96634	1.88345	2.31896	4.86016	10.2966	4.86353	5.90167	5.2257	1.13819	7.98898	0	2.66903	4.7225	3.87436	4.2173	7.33573	4.36887	
3.92948	6.29229	4.55553	10.6354	3.6102	1.90067	2.94589	7.48549	6.02326	3.23264	3.29144	3.08144	5.10462	2.66903	0	2.05347	6.54339	4.71066	12.7964	3.17029	
10.5511	4.23882	2.15095	7.66856	5.66367	3.95414	0.892419	7.72104	4.68455	2.56957	1.23796	4.09973	5.5244	4.7225	2.05347	0	2.43485	3.92979	9.81564	5.32572	
5.13481	1.46622	5.97977	9.94741	7.95681	1.76413	1.54243	7.32336	0.989167	2.95094	7.76379	3.67628	1.77563	3.87436	6.54339	2.43485	0	1.67729	8.50972	0.494509	
9.53053	2.38081	5.74536	14.9391	7.7224	2.80999	3.21972	9.00066	0.754755	3.46658	5.16775	3.07911	1.54122	4.2173	4.71066	3.92979	1.67729	0	10.187	2.1718	
6.07528	9.97594	9.37446	1.43769	6.69827	15.7046	8.92322	2.59368	9.49889	6.84653	7.86829	11.2655	15.7659	7.33573	12.7964	9.81564	8.50972	10.187	0	9.00423	
8.3451	1.96073	12.9388	15.051	14.9158	1.26962	2.03694	6.70928	1.48368	2.45643	9.08596	2.45039	2.78003	4.36887	3.17029	5.32572	0.494509	2.1718	9.00423	0	

0	8.25724	6.58712	4.13043	1.28426	5.14719	6.47479	0.823372	2.67113	8.63266	3.80208	6.33668	8.83082	3.7252	2.39417	6.01271	10.2364	8.69464	12.1262	12.0472	
8.25724	0	12.1297	5.04301	16.0799	3.53257	8.18348	3.12457	1.27682	4.05019	10.0594	5.57707	5.06074	5.07621	6.88634	10.8352	4.01351	2.76169	22.1241	5.09771	
6.58712	12.1297	0	7.50269	7.33716	10.3022	5.15833	7.41049	10.8529	13.3355	4.40055	8.34397	14.6368	8.13072	5.80845	10.7097	7.70288	10.5801	9.78899	7.84029	
4.13043	5.04301	7.50269	0	5.41469	6.02194	2.34436	4.9538	3.76619	10.5215	6.53754	5.53	7.55011	6.46066	5.12964	4.25205	4.88892	5.71645	7.99575	5.02632	
1.28426	16.0799	7.33716	5.41469	0	3.86292	9.09761	2.10764	6.11868	4.99751	2.93661	5.45143	7.67593	5.8849	3.67844	7.29697	11.9822	10.5183	11.7472	8.53946	
5.14719	3.53257	10.3022	6.02194	3.86292	0	4.77415	4.10351	2.25575	1.13459	4.97931	1.58851	3.81301	1.83774	3.57141	6.28454	4.99244	4.20602	15.6101	4.67654	
6.47479	8.18348	5.15833	2.34436	9.09761	4.77415	0	9.21621	5.28124	6.36928	7.66799	3.18564	4.56189	3.43486	6.19105	6.59641	2.54455	5.01798	10.3401	2.68196	
0.823372	3.12457	7.41049	4.9538	2.10764	4.10351	9.21621	0	1.84775	6.50391	5.01927	6.95783	5.63167	5.64714	3.21755	5.65379	4.58444	3.79802	21.6078	9.88738	
2.67113	1.27682	10.8529	3.76619	6.11868	2.25575	5.28124	1.84775	0	3.39034	7.01742	3.84426	3.78392	3.79939	5.13041	6.49429	2.73669	1.95026	11.7619	4.28628	
8.63266	4.05019	13.3355	10.5215	4.99751	1.13459	6.36928	6.50391	3.39034	0	7.0362	2.7231	3.17763	9.55492	4.706	7.41913	10.7217	5.355	23.021	5.05756	
3.80208	10.0594	4.40055	6.53754	2.93661	4.97931	7.66799	5.01927	7.01742	7.0362	0	3.9794	9.71462	2.73893	1.4079	6.30915	9.0456	7.70837	14.1895	10.5781	
6.33668	5.57707	8.34397	5.53	5.45143	1.58851	3.18564	6.95783	3.84426	2.7231	3.9794	0	5.40152	0.249224	1.58025	2.94413	5.73019	5.23759	20.1297	5.8676	
8.83082	5.06074	14.6368	7.55011	7.67593	3.81301	4.56189	5.63167	3.78392	3.17763	9.71462	5.40152	0	7.58331	7.38442	10.0975	6.52061	4.21595	28.3666	1.87993	
3.7252	5.07621	8.13072	6.46066	5.8849	1.83774	3.43486	5.64714	3.79939	9.55492	2.73893	0.249224	7.58331	0	1.33102	2.6949	6.53608	5.48682	15.2611	7.54199	
2.39417	6.88634	5.80845	5.12964	3.67844	3.57141	6.19105	3.21755	5.13041	4.706	1.4079	1.58025	7.38442	1.33102	0	4.02593	8.3462	6.30046	13.1254	8.24795	
6.01271	10.8352	10.7097	4.25205	7.29697	6.28454	6.59641	5.65379	6.49429	7.41913	6.30915	2.94413	10.0975	2.6949	4.02593	0	4.22368	11.2823	12.2478	9.21415	
10.2364	4.01351	7.70288	4.88892	11.9822	4.99244	2.54455	4.58444	2.73669	10.7217	9.0456	5.73019	6.52061	6.53608	8.3462	4.22368	0	4.68695	12.8626	4.99047	
8.69464	2.76169	10.5801	5.71645	10.5183	4.20602	5.01798	3.79802	1.95026	5.355	7.70837	5.23759	4.21595	5.48682	6.30046	11.2823	4.68695	0	15.9677	2.33602	
12.1262	22.1241	9.78899	7.99575	11.7472	15.6101	10.3401	21.6078	11.7619	23.021	14.1895	20.1297	28.3666	15.2611	13.1254	12.2478	12.8626	15.9677	0	17.853	
12.0472	5.09771	7.84029	5.02632	8.53946	4.67654	2.68196	9.88738	4.28628	5.05756	10.5781	5.8676	1.87993	7.54199	8.24795	9.21415	4.99047	2.33602	17.853	0	

-111