10
10
2
2
30

6	11
10	43
1	33
14	23
27	48
42	35
42	47
41	23
36	45
43	34

12	21
1	2
11	28
2	10
14	5
10	12
23	24
24	11
8	30
11	27

150

1.79769e+308
1.79769e+308
1.79769e+308
1.79769e+308
1.79769e+308
1.79769e+308
1.79769e+308
1.79769e+308
1.79769e+308
1.79769e+308

11
15
11
14
17
13
14
15
13
17

0
0
0
0
0
0
0
0
0
0

0

0	3.64604	4.83493	7.51943	13.5658	7.12915	12.5465	15.8404	9.59865	11.5114	7.69852	4.90427	8.63172	4.05863	3.68385	3.28282	8.45217	8.22902	12.0913	8.16436	
3.64604	0	2.6708	11.1655	15.0157	7.33105	7.94055	12.0174	5.95262	9.9817	6.63981	16.3933	9.64323	6.81373	7.32989	4.22291	8.5346	11.8751	8.44522	9.18092	
4.83493	2.6708	0	5.49134	6.05528	4.66025	6.67664	9.02193	7.83506	4.97219	3.96901	8.80645	7.7517	4.14294	7.58604	1.55211	5.8638	7.7606	8.9497	7.87507	
7.51943	11.1655	5.49134	0	13.1016	8.36214	7.62925	11.0896	10.7536	9.28244	1.52233	5.03057	1.1123	8.1195	6.25099	5.93803	5.10735	8.0828	2.3103	1.23567	
13.5658	15.0157	6.05528	13.1016	0	1.39503	5.14983	7.49512	4.56984	1.70698	11.2568	12.7276	11.9893	15.2711	4.84033	13.897	10.4323	4.49539	13.1873	5.74339	
7.12915	7.33105	4.66025	8.36214	1.39503	0	5.16275	3.41406	3.17481	0.311942	8.42021	4.66571	4.47173	8.45408	3.4453	6.21236	9.08603	3.10036	5.08406	4.34836	
12.5465	7.94055	6.67664	7.62925	5.14983	5.16275	0	2.34529	1.98794	5.44741	6.10692	7.57772	4.19548	8.17782	8.79814	8.22875	5.28245	12.6674	4.8078	4.0721	
15.8404	12.0174	9.02193	11.0896	7.49512	3.41406	2.34529	0	4.33323	3.10212	8.45221	9.92301	12.7684	16.3681	11.4167	11.3307	7.62774	11.0718	13.3808	6.41739	
9.59865	5.95262	7.83506	10.7536	4.56984	3.17481	1.98794	4.33323	0	3.48675	8.09485	9.56566	14.8944	14.6172	6.62011	12.4904	5.91122	6.27516	13.6963	6.06004	
11.5114	9.9817	4.97219	9.28244	1.70698	0.311942	5.44741	3.10212	3.48675	0	10.8048	13.4192	10.3947	11.353	3.75724	8.2286	10.173	3.4123	14.4888	4.6603	
7.69852	6.63981	3.96901	1.52233	11.2568	8.42021	6.10692	8.45221	8.09485	10.8048	0	6.5529	2.63462	6.80085	11.4855	4.4157	3.58502	6.56047	4.80755	4.07185	
4.90427	16.3933	8.80645	5.03057	12.7276	4.66571	7.57772	9.92301	9.56566	13.4192	6.5529	0	6.14287	13.0149	1.22041	14.2017	11.3214	5.26628	10.237	9.04435	
8.63172	9.64323	7.7517	1.1123	11.9893	4.47173	4.19548	12.7684	14.8944	10.3947	2.63462	6.14287	0	4.22909	13.6848	8.14521	7.40315	8.75982	0.859072	0.123373	
4.05863	6.81373	4.14294	8.1195	15.2711	8.45408	8.17782	16.3681	14.6172	11.353	6.80085	13.0149	4.22909	0	7.74249	3.12439	8.9536	12.2877	4.84142	4.10572	
3.68385	7.32989	7.58604	6.25099	4.84033	3.4453	8.79814	11.4167	6.62011	3.75724	11.4855	1.22041	13.6848	7.74249	0	6.96667	12.136	4.92501	15.3435	7.79366	
3.28282	4.22291	1.55211	5.93803	13.897	6.21236	8.22875	11.3307	12.4904	8.2286	4.4157	14.2017	8.14521	3.12439	6.96667	0	7.41591	10.9762	8.75754	7.23011	
8.45217	8.5346	5.8638	5.10735	10.4323	9.08603	5.28245	7.62774	5.91122	10.173	3.58502	11.3214	7.40315	8.9536	12.136	7.41591	0	7.84251	8.56599	7.65687	
8.22902	11.8751	7.7606	8.0828	4.49539	3.10036	12.6674	11.0718	6.27516	3.4123	6.56047	5.26628	8.75982	12.2877	4.92501	10.9762	7.84251	0	9.95782	7.44872	
12.0913	8.44522	8.9497	2.3103	13.1873	5.08406	4.8078	13.3808	13.6963	14.4888	4.80755	10.237	0.859072	4.84142	15.3435	8.75754	8.56599	9.95782	0	0.735698	
8.16436	9.18092	7.87507	1.23567	5.74339	4.34836	4.0721	6.41739	6.06004	4.6603	4.07185	9.04435	0.123373	4.10572	7.79366	7.23011	7.65687	7.44872	0.735698	0	

0	8.01782	2.0622	6.52199	10.6235	10.2	7.57482	12.7679	13.5416	8.26233	5.30187	1.97332	3.57978	1.00328	3.89537	1.70111	15.2799	13.2266	7.47551	8.00413	
8.01782	0	9.37463	3.57433	7.08846	11.1417	11.0848	12.995	3.33163	8.48942	3.16631	6.89109	5.75838	10.1735	4.12245	6.76707	2.29157	9.37509	6.92192	2.56184	
2.0622	9.37463	0	3.2969	10.6791	10.316	11.2174	17.2251	8.54446	5.45355	3.70492	2.02896	0.817183	1.05892	7.28562	2.69585	4.19642	11.9169	2.45079	1.12708	
6.52199	3.57433	3.2969	0	9.96235	8.6462	12.6506	13.9282	11.0222	11.3368	0.408016	6.48875	2.56624	4.35582	6.3651	4.00877	2.52662	10.2471	3.72978	2.25634	
10.6235	7.08846	10.6791	9.96235	0	5.18602	3.23921	9.15866	3.75683	3.3538	13.6118	10.5902	7.69247	9.62021	7.72077	15.5974	10.356	9.80029	6.05886	7.5323	
10.2	11.1417	10.316	8.6462	5.18602	0	8.17795	7.42306	9.59978	1.83222	14.6502	9.78792	6.46858	13.246	6.19918	12.33	6.66013	14.3806	7.86329	6.38986	
7.57482	11.0848	11.2174	12.6506	3.23921	8.17795	0	12.1506	6.99603	6.34573	13.0586	14.6893	10.4003	8.57811	10.7127	9.27594	13.1949	13.7966	9.29807	10.7102	
12.7679	12.995	17.2251	13.9282	9.15866	7.42306	12.1506	0	10.9518	5.80485	14.3363	11.6412	10.4412	15.0992	8.87252	14.1832	17.551	16.9953	11.6861	12.9813	
13.5416	3.33163	8.54446	11.0222	3.75683	9.59978	6.99603	10.9518	0	7.11063	6.49794	12.5351	9.36165	9.60338	7.45408	11.8405	5.6232	6.04346	9.81569	6.86942	
8.26233	8.48942	5.45355	11.3368	3.3538	1.83222	6.34573	5.80485	7.11063	0	11.2027	7.1356	4.63637	9.37106	4.36696	6.51503	9.35639	14.9587	6.26997	4.94626	
5.30187	3.16631	3.70492	0.408016	13.6118	14.6502	13.0586	14.3363	6.49794	11.2027	0	11.1954	5.47942	5.92672	7.28877	3.60076	4.83107	16.2511	4.3115	2.66436	
1.97332	6.89109	2.02896	6.48875	10.5902	9.78792	14.6893	11.6412	12.5351	7.1356	11.1954	0	9.41694	0.97004	2.76863	7.59467	9.37732	17.0978	7.44227	6.87739	
3.57978	5.75838	0.817183	2.56624	7.69247	6.46858	10.4003	10.4412	9.36165	4.63637	5.47942	9.41694	0	1.8761	4.41866	1.87867	0.580168	8.30067	1.63361	0.309895	
1.00328	10.1735	1.05892	4.35582	9.62021	13.246	8.57811	15.0992	9.60338	9.37106	5.92672	0.97004	1.8761	0	3.73867	2.70439	9.94176	14.2299	6.47223	4.98506	
3.89537	4.12245	7.28562	6.3651	7.72077	6.19918	10.7127	8.87252	7.45408	4.36696	7.28877	2.76863	4.41866	3.73867	0	5.3107	4.37903	12.0995	5.5822	4.10876	
1.70111	6.76707	2.69585	4.00877	15.5974	12.33	9.27594	14.1832	11.8405	6.51503	3.60076	7.59467	1.87867	2.70439	5.3107	0	6.59869	14.371	3.51228	2.18856	
15.2799	2.29157	4.19642	2.52662	10.356	6.66013	13.1949	17.551	5.6232	9.35639	4.83107	9.37732	0.580168	9.94176	4.37903	6.59869	0	8.26104	1.74371	0.270273	
13.2266	9.37509	11.9169	10.2471	9.80029	14.3806	13.7966	16.9953	6.04346	14.9587	16.2511	17.0978	8.30067	14.2299	12.0995	14.371	8.26104	0	9.46421	7.99077	
7.47551	6.92192	2.45079	3.72978	6.05886	7.86329	9.29807	11.6861	9.81569	6.26997	4.3115	7.44227	1.63361	6.47223	5.5822	3.51228	1.74371	9.46421	0	1.47344	
8.00413	2.56184	1.12708	2.25634	7.5323	6.38986	10.7102	12.9813	6.86942	4.94626	2.66436	6.87739	0.309895	4.98506	4.10876	2.18856	0.270273	7.99077	1.47344	0	

0	11.0212	7.93195	3.00587	7.61099	9.03866	6.63754	6.3203	4.20833	14.3974	6.21849	1.1302	3.35356	4.32604	0.645845	3.34775	5.20105	0.74757	5.48592	10.612	
11.0212	0	3.78115	7.52134	7.02858	7.78134	13.2676	11.8724	10.4312	4.09552	6.67178	12.1514	6.5715	7.38706	11.667	11.6852	9.94598	9.6408	6.9373	7.59104	
7.93195	3.78115	0	3.27688	5.5852	13.7086	9.32136	9.4081	4.43374	7.87668	4.54271	10.2357	2.79035	3.60591	10.1154	7.44079	6.10198	5.39634	3.15615	3.80098	
3.00587	7.52134	3.27688	0	7.86626	10.7528	10.6634	9.58303	5.9224	10.8066	3.83085	6.12363	0.486533	5.70523	2.36002	0.732342	3.79816	3.09252	2.0893	1.49716	
7.61099	7.02858	5.5852	7.86626	0	5.49948	5.83187	9.80002	3.40266	9.18529	1.04248	12.8214	5.20224	5.9855	6.61513	7.32626	6.51587	6.52466	3.59948	3.27034	
9.03866	7.78134	13.7086	10.7528	5.49948	0	8.70508	4.30055	6.27588	3.68582	6.54196	15.6946	11.8451	17.651	8.39281	13.229	10.3463	9.87328	7.55347	19.2602	
6.63754	13.2676	9.32136	10.6634	5.83187	8.70508	0	16.949	2.42921	9.17213	10.1191	11.848	7.76798	13.4703	13.0234	11.3958	9.28776	14.3321	3.7068	8.50016	
6.3203	11.8724	9.4081	9.58303	9.80002	4.30055	16.949	0	10.5764	7.77687	11.0549	10.1166	8.17872	13.014	12.6934	17.1264	6.0458	5.57273	9.16835	10.6543	
4.20833	10.4312	4.43374	5.9224	3.40266	6.27588	2.42921	10.5764	0	7.43941	4.44514	5.33853	2.88036	8.53437	4.85417	7.55608	4.40014	4.9559	1.27759	3.61254	
14.3974	4.09552	7.87668	10.8066	9.18529	3.68582	9.17213	7.77687	7.43941	0	9.46286	13.2672	7.76458	14.4059	12.0786	13.2697	9.28437	13.3496	6.16182	8.49677	
6.21849	6.67178	4.54271	3.83085	1.04248	6.54196	10.1191	11.0549	4.44514	9.46286	0	9.51438	3.23849	4.94302	5.57265	6.28377	5.47338	5.48218	3.95384	2.22786	
1.1302	12.1514	10.2357	6.12363	12.8214	15.6946	11.848	10.1166	5.33853	13.2672	9.51438	0	6.61016	5.45624	1.77605	4.47795	4.07085	1.87777	7.1934	7.72662	
3.35356	6.5715	2.79035	0.486533	5.20224	11.8451	7.76798	8.17872	2.88036	7.76458	3.23849	6.61016	0	6.39626	2.84655	1.21887	3.31163	2.60599	1.60277	1.01063	
4.32604	7.38706	3.60591	5.70523	5.9855	17.651	13.4703	13.014	8.53437	14.4059	4.94302	5.45624	6.39626	0	4.97188	4.97289	9.77074	5.07361	6.76206	7.17088	
0.645845	11.667	10.1154	2.36002	6.61513	8.39281	13.0234	12.6934	4.85417	12.0786	5.57265	1.77605	2.84655	4.97188	0	3.09236	9.83956	1.39341	7.00483	3.96301	
3.34775	11.6852	7.44079	0.732342	7.32626	13.229	11.3958	17.1264	7.55608	13.2697	6.28377	4.47795	1.21887	4.97289	3.09236	0	7.96207	4.09532	5.37715	2.33533	
5.20105	9.94598	6.10198	3.79816	6.51587	10.3463	9.28776	6.0458	4.40014	9.28437	5.47338	4.07085	3.31163	9.77074	9.83956	7.96207	0	5.91762	3.12255	4.32226	
0.74757	9.6408	5.39634	3.09252	6.52466	9.87328	14.3321	5.57273	4.9559	13.3496	5.48218	1.87777	2.60599	5.07361	1.39341	4.09532	5.91762	0	4.20876	3.61662	
5.48592	6.9373	3.15615	2.0893	3.59948	7.55347	3.7068	9.16835	1.27759	6.16182	3.95384	7.1934	1.60277	6.76206	7.00483	5.37715	3.12255	4.20876	0	2.33495	
10.612	7.59104	3.80098	1.49716	3.27034	19.2602	8.50016	10.6543	3.61254	8.49677	2.22786	7.72662	1.01063	7.17088	3.96301	2.33533	4.32226	3.61662	2.33495	0	

0	6.48845	5.03667	6.75212	5.3953	10.8181	8.29395	12.6285	9.7173	15.171	5.20186	4.96413	3.69324	4.13789	2.67446	2.15341	5.1599	3.69471	4.68719	4.80535	
6.48845	0	1.45178	5.91594	4.98651	6.4806	7.95278	12.2324	10.1009	6.1098	3.8306	5.55702	3.06409	3.34785	15.7978	4.77181	6.68153	5.93845	3.34317	4.1762	
5.03667	1.45178	0	3.5032	3.53473	9.15223	9.45548	12.8059	5.01551	7.56158	2.37882	6.76958	3.88744	4.79962	7.76733	6.2745	4.33137	8.78758	4.79495	4.98553	
6.75212	5.91594	3.5032	0	7.99889	5.53143	7.94757	14.2431	8.40951	5.90223	1.12438	6.2933	1.63348	5.71752	5.58432	4.7666	2.17584	3.34521	4.02665	0.521369	
5.3953	4.98651	3.53473	7.99889	0	11.3299	4.76406	13.5028	1.48078	13.3522	5.91355	10.3043	4.94961	5.22638	3.76295	3.2419	6.24838	4.78319	16.4791	8.82003	
10.8181	6.4806	9.15223	5.53143	11.3299	0	2.52417	6.49336	5.80745	0.370797	6.65581	15.6249	7.41286	6.27141	9.46819	8.94714	7.70727	9.73075	10.3158	6.0528	
8.29395	7.95278	9.45548	7.94757	4.76406	2.52417	0	4.33459	3.28328	2.89497	6.39731	8.1231	4.88868	10.2231	17.7739	6.5964	8.50613	5.32355	5.88264	6.0008	
12.6285	12.2324	12.8059	14.2431	13.5028	6.49336	4.33459	0	7.61787	6.12257	13.0806	13.8703	9.22327	3.57957	16.1837	2.53026	10.4679	0.988962	12.628	3.8128	
9.7173	10.1009	5.01551	8.40951	1.48078	5.80745	3.28328	7.61787	0	10.22	7.28513	14.6814	8.17197	11.9662	14.4907	4.72267	9.23768	13.9946	10.1874	11.2291	
15.171	6.1098	7.56158	5.90223	13.3522	0.370797	2.89497	6.12257	10.22	0	6.95803	8.1098	8.46665	5.90062	15.6018	7.8851	8.91058	7.11153	7.83038	10.902	
5.20186	3.8306	2.37882	1.12438	5.91355	6.65581	6.39731	13.0806	7.28513	6.95803	0	4.74304	1.50862	4.68106	9.77492	3.21633	1.95255	6.76784	2.50257	1.64575	
4.96413	5.55702	6.76958	6.2933	10.3043	15.6249	8.1231	13.8703	14.6814	8.1098	4.74304	0	3.23442	2.20918	5.5827	4.19366	6.85186	4.79979	3.4006	4.34653	
3.69324	3.06409	3.88744	1.63348	4.94961	7.41286	4.88868	9.22327	8.17197	8.46665	1.50862	3.23442	0	2.92371	2.22876	1.70771	3.46117	3.24901	0.993952	1.11211	
4.13789	3.34785	4.79962	5.71752	5.22638	6.27141	10.2231	3.57957	11.9662	5.90062	4.68106	2.20918	2.92371	0	2.50553	1.98448	4.99097	2.59061	1.92976	5.41445	
2.67446	15.7978	7.76733	5.58432	3.76295	9.46819	17.7739	16.1837	14.4907	15.6018	9.77492	5.5827	2.22876	2.50553	0	0.521051	3.52754	2.06235	8.9833	5.83092	
2.15341	4.77181	6.2745	4.7666	3.2419	8.94714	6.5964	2.53026	4.72267	7.8851	3.21633	4.19366	1.70771	1.98448	0.521051	0	3.00649	1.5413	2.70167	2.81982	
5.1599	6.68153	4.33137	2.17584	6.24838	7.70727	8.50613	10.4679	9.23768	8.91058	1.95255	6.85186	3.46117	4.99097	3.52754	3.00649	0	4.54779	4.61139	2.69721	
3.69471	5.93845	8.78758	3.34521	4.78319	9.73075	5.32355	0.988962	13.9946	7.11153	6.76784	4.79979	3.24901	2.59061	2.06235	1.5413	4.54779	0	4.52037	2.82384	
4.68719	3.34317	4.79495	4.02665	16.4791	10.3158	5.88264	12.628	10.1874	7.83038	2.50257	3.4006	0.993952	1.92976	8.9833	2.70167	4.61139	4.52037	0	2.10606	
4.80535	4.1762	4.98553	0.521369	8.82003	6.0528	6.0008	3.8128	11.2291	10.902	1.64575	4.34653	1.11211	5.41445	5.83092	2.81982	2.69721	2.82384	2.10606	0	

0	4.86658	2.80225	5.16763	4.89713	8.73705	8.62306	8.19645	13.2485	11.1941	3.19272	0.814643	3.85036	2.88303	2.60699	3.9892	4.08699	6.97211	9.37317	7.29343	
4.86658	0	4.47825	5.01998	7.55987	11.3998	7.52215	10.8592	14.2334	10.7782	5.85546	5.68123	3.7091	6.35143	3.75123	7.71003	7.10824	8.91829	7.3826	4.35242	
2.80225	4.47825	0	2.39381	5.37589	10.5231	4.86116	9.98245	15.0877	8.11721	4.36871	3.61689	1.04811	5.68528	3.94385	6.79145	4.44725	6.29212	4.72161	1.69143	
5.16763	5.01998	2.39381	0	3.67932	7.46434	12.6947	6.97863	7.40568	7.22341	1.97491	8.95782	2.41254	8.84822	8.7712	5.50768	7.03289	3.89831	8.32862	1.76921	
4.89713	7.55987	5.37589	3.67932	0	7.24873	2.54937	6.70813	10.7806	8.69866	1.70441	8.68733	6.36242	4.24394	8.56544	5.60253	15.044	10.0365	8.54398	5.80511	
8.73705	11.3998	10.5231	7.46434	7.24873	0	6.39022	10.548	10.5106	0.240931	5.54432	12.5272	7.31003	9.93105	18.1819	8.57245	16.5148	11.5554	5.00945	9.64503	
8.62306	7.52215	4.86116	12.6947	2.54937	6.39022	0	8.89425	9.71708	6.14929	4.25378	15.767	3.81305	6.79331	6.01607	14.8492	7.21218	11.8662	7.48654	4.45637	
8.19645	10.8592	9.98245	6.97863	6.70813	10.548	8.89425	0	4.60977	13.0051	5.00372	11.9866	9.6824	11.877	14.9103	9.87854	11.7254	13.3359	11.8433	9.10443	
13.2485	14.2334	15.0877	7.40568	10.7806	10.5106	9.71708	4.60977	0	10.2697	9.6135	10.388	6.27979	15.0246	15.7332	9.37493	7.11566	10.2502	11.0753	5.63647	
11.1941	10.7782	8.11721	7.22341	8.69866	0.240931	6.14929	13.0051	10.2697	0	5.78526	14.9843	7.0691	12.6368	9.96483	8.81338	8.72812	11.1217	4.76852	7.71242	
3.19272	5.85546	4.36871	1.97491	1.70441	5.54432	4.25378	5.00372	9.6135	5.78526	0	4.00737	4.67868	5.94834	5.79971	4.87481	8.07781	5.87322	6.83957	3.74412	
0.814643	5.68123	3.61689	8.95782	8.68733	12.5272	15.767	11.9866	10.388	14.9843	4.00737	0	6.67149	3.69768	3.42163	4.80384	3.27235	6.40693	7.23195	11.0836	
3.85036	3.7091	1.04811	2.41254	6.36242	7.31003	3.81305	9.6824	6.27979	7.0691	4.67868	6.67149	0	10.0605	2.89574	4.38178	3.39913	6.53371	3.6735	0.643321	
2.88303	6.35143	5.68528	8.84822	4.24394	9.93105	6.79331	11.877	15.0246	12.6368	5.94834	3.69768	10.0605	0	5.49002	1.3586	11.24	4.34151	7.86826	5.09706	
2.60699	3.75123	3.94385	8.7712	8.56544	18.1819	6.01607	14.9103	15.7332	9.96483	5.79971	3.42163	2.89574	5.49002	0	6.59618	6.29487	8.19742	6.56923	3.53906	
3.9892	7.71003	6.79145	5.50768	5.60253	8.57245	14.8492	9.87854	9.37493	8.81338	4.87481	4.80384	4.38178	1.3586	6.59618	0	6.11749	2.98291	9.22686	3.73846	
4.08699	7.10824	4.44725	7.03289	15.044	16.5148	7.21218	11.7254	7.11566	8.72812	8.07781	3.27235	3.39913	11.24	6.29487	6.11749	0	3.13458	3.9596	4.04246	
6.97211	8.91829	6.29212	3.89831	10.0365	11.5554	11.8662	13.3359	10.2502	11.1217	5.87322	6.40693	6.53371	4.34151	8.19742	2.98291	3.13458	0	7.09417	5.66752	
9.37317	7.3826	4.72161	8.32862	8.54398	5.00945	7.48654	11.8433	11.0753	4.76852	6.83957	7.23195	3.6735	7.86826	6.56923	9.22686	3.9596	7.09417	0	4.31682	
7.29343	4.35242	1.69143	1.76921	5.80511	9.64503	4.45637	9.10443	5.63647	7.71242	3.74412	11.0836	0.643321	5.09706	3.53906	3.73846	4.04246	5.66752	4.31682	0	

0	11.3356	5.74408	5.96485	11.5853	19.0079	10.9656	8.96592	4.96389	11.4461	7.64255	4.43996	10.4424	0.900556	2.51933	0.53926	6.21199	6.95737	7.13004	10.206	
11.3356	0	9.09573	1.34883	9.86459	9.83958	7.09132	3.8655	3.62867	13.5629	1.73863	3.24746	2.48078	6.41312	2.2676	12.3725	7.54132	5.12713	5.60457	2.71716	
5.74408	9.09573	0	8.93912	4.33181	7.72661	4.97835	6.42245	8.11613	6.17255	10.6261	6.18168	6.96151	4.84353	5.3413	9.30617	3.89349	6.08624	3.4916	4.28861	
5.96485	1.34883	8.93912	0	6.06416	7.48834	7.93799	2.51667	2.27985	8.49446	0.485716	1.89863	1.95271	5.06429	0.918778	2.89885	2.36658	4.41604	4.58871	2.84045	
11.5853	9.86459	4.33181	6.06416	0	5.22074	3.46144	5.74367	3.78432	5.31975	11.4253	17.5795	7.6137	9.17534	13.0261	8.20895	8.22531	13.137	4.94818	10.2918	
19.0079	9.83958	7.72661	7.48834	5.22074	0	5.72175	7.16784	5.20849	0.0990074	12.8495	6.92508	7.70491	18.2093	8.6331	9.63312	2.37806	7.79101	4.23501	4.15617	
10.9656	7.09132	4.97835	7.93799	3.46144	5.72175	0	7.6175	5.65815	14.0348	13.2991	4.17682	4.95665	11.8662	19.7892	8.25471	19.1032	5.04275	1.48675	2.28375	
8.96592	3.8655	6.42245	2.51667	5.74367	7.16784	7.6175	0	1.95935	8.1035	3.00239	4.41531	4.28272	7.58097	3.43545	6.38398	9.06397	6.8915	4.84334	4.04634	
4.96389	3.62867	8.11613	2.27985	3.78432	5.20849	5.65815	1.95935	0	5.3075	2.76556	4.17848	3.82938	7.34414	3.19863	4.42463	8.82715	6.47573	7.14489	4.06577	
11.4461	13.5629	6.17255	8.49446	5.31975	0.0990074	14.0348	8.1035	5.3075	0	6.4119	7.00609	4.29354	13.3031	3.72685	7.95178	2.27905	4.4718	4.33401	4.05716	
7.64255	1.73863	10.6261	0.485716	11.4253	12.8495	13.2991	3.00239	2.76556	6.4119	0	2.38435	1.46699	5.55001	1.40449	6.46595	5.93368	4.11334	3.15174	1.70338	
4.43996	3.24746	6.18168	1.89863	17.5795	6.92508	4.17682	4.41531	4.17848	7.00609	2.38435	0	5.16375	5.34052	2.1951	4.17517	3.6429	2.5174	2.69008	3.48708	
10.4424	2.48078	6.96151	1.95271	7.6137	7.70491	4.95665	4.28272	3.82938	4.29354	1.46699	5.16375	0	8.20898	4.58211	8.25401	4.8391	2.64635	1.03339	0.236384	
0.900556	6.41312	4.84353	5.06429	9.17534	18.2093	11.8662	7.58097	7.34414	13.3031	5.55001	5.34052	8.20898	0	5.98307	1.43982	8.73702	13.2168	8.33513	9.09673	
2.51933	2.2676	5.3413	0.918778	13.0261	8.6331	19.7892	3.43545	3.19863	3.72685	1.40449	2.1951	4.58211	5.98307	0	1.98007	1.4478	3.64055	4.88517	4.34572	
0.53926	12.3725	9.30617	2.89885	8.20895	9.63312	8.25471	6.38398	4.42463	7.95178	6.46595	4.17517	8.25401	1.43982	1.98007	0	3.42787	7.86548	6.76797	6.32579	
6.21199	7.54132	3.89349	2.36658	8.22531	2.37806	19.1032	9.06397	8.82715	2.27905	5.93368	3.6429	4.8391	8.73702	1.4478	3.42787	0	2.19275	5.74875	5.03791	
6.95737	5.12713	6.08624	4.41604	13.137	7.79101	5.04275	6.8915	6.47573	4.4718	4.11334	2.5174	2.64635	13.2168	3.64055	7.86548	2.19275	0	3.556	2.84516	
7.13004	5.60457	3.4916	4.58871	4.94818	4.23501	1.48675	4.84334	7.14489	4.33401	3.15174	2.69008	1.03339	8.33513	4.88517	6.76797	5.74875	3.556	0	0.797006	
10.206	2.71716	4.28861	2.84045	10.2918	4.15617	2.28375	4.04634	4.06577	4.05716	1.70338	3.48708	0.236384	9.09673	4.34572	6.32579	5.03791	2.84516	0.797006	0	

0	5.67056	6.59398	5.14015	9.4418	6.08658	4.41966	5.77972	3.89209	6.72968	3.45776	3.20812	3.16315	1.21094	2.93654	2.00674	8.47137	9.12247	4.20675	2.83302	
5.67056	0	3.77017	8.68143	7.09338	6.0911	14.1342	7.0639	13.6066	6.98556	3.46228	6.89263	3.11867	10.0715	4.72351	4.05093	6.43214	2.09001	2.66574	2.83754	
6.59398	3.77017	0	7.95608	3.32321	8.1727	6.8619	3.30513	10.4861	9.06717	5.54388	10.2833	5.24926	7.80492	7.3716	6.13253	4.74986	5.86018	6.43591	4.91914	
5.14015	8.68143	7.95608	0	9.33142	12.6674	10.1643	5.66934	8.4929	6.68156	1.58562	3.87591	3.64344	3.92921	1.68933	2.61912	3.67173	4.32283	4.09637	2.21037	
9.4418	7.09338	3.32321	9.33142	0	13.9017	5.20369	2.81678	5.73126	8.7261	9.69366	13.6065	4.84268	10.7462	13.3511	11.8615	4.2615	11.3111	6.14091	6.0181	
6.08658	6.0911	8.1727	12.6674	13.9017	0	14.0001	6.74136	5.99703	3.15943	3.8783	15.4125	3.58369	9.84433	5.95658	4.46696	5.29664	9.5954	7.72247	3.25356	
4.41966	14.1342	6.8619	10.1643	5.20369	14.0001	0	3.55676	0.527577	3.36517	7.43486	14.8543	5.58267	12.8572	12.8494	13.7792	5.00149	15.4829	10.3042	10.1814	
5.77972	7.0639	3.30513	5.66934	2.81678	6.74136	3.55676	0	4.08434	5.06403	6.42788	11.9989	2.02591	7.0841	3.42712	8.65228	1.44473	5.78685	2.47884	2.35603	
3.89209	13.6066	10.4861	8.4929	5.73126	5.99703	0.527577	4.08434	0	2.8376	6.90728	9.64092	5.87572	5.10303	10.3811	5.89883	16.5343	11.4712	13.215	6.72511	
6.72968	6.98556	9.06717	6.68156	8.7261	3.15943	3.36517	5.06403	2.8376	0	4.77277	8.68208	3.03813	6.6849	6.85105	5.36142	7.53748	8.63365	3.49106	3.36825	
3.45776	3.46228	5.54388	1.58562	9.69366	3.8783	7.43486	6.42788	6.90728	4.77277	0	5.79174	0.954868	5.51484	2.39822	1.46842	5.58755	6.23865	4.85491	0.624742	
3.20812	6.89263	10.2833	3.87591	13.6065	15.4125	14.8543	11.9989	9.64092	8.68208	5.79174	0	7.05538	1.99718	2.18658	3.11637	4.16898	4.80262	8.84123	4.8896	
3.16315	3.11867	5.24926	3.64344	4.84268	3.58369	5.58267	2.02591	5.87572	3.03813	0.954868	7.05538	0	4.96476	3.03315	1.54352	3.47063	4.49154	0.452931	0.330125	
1.21094	10.0715	7.80492	3.92921	10.7462	9.84433	12.8572	7.0841	5.10303	6.6849	5.51484	1.99718	4.96476	0	4.18376	3.21768	11.5474	6.7998	5.51113	4.04396	
2.93654	4.72351	7.3716	1.68933	13.3511	5.95658	12.8494	3.42712	10.3811	6.85105	2.39822	2.18658	3.03315	4.18376	0	0.929795	1.9824	2.6335	6.12399	2.14319	
2.00674	4.05093	6.13253	2.61912	11.8615	4.46696	13.7792	8.65228	5.89883	5.36142	1.46842	3.11637	1.54352	3.21768	0.929795	0	2.91219	3.56329	7.07931	1.21339	
8.47137	6.43214	4.74986	3.67173	4.2615	5.29664	5.00149	1.44473	16.5343	7.53748	5.58755	4.16898	3.47063	11.5474	1.9824	2.91219	0	4.34213	4.1416	4.68542	
9.12247	2.09001	5.86018	4.32283	11.3111	9.5954	15.4829	5.78685	11.4712	8.63365	6.23865	4.80262	4.49154	6.7998	2.6335	3.56329	4.34213	0	4.03861	4.92755	
4.20675	2.66574	6.43591	4.09637	6.14091	7.72247	10.3042	2.47884	13.215	3.49106	4.85491	8.84123	0.452931	5.51113	6.12399	7.07931	4.1416	4.03861	0	0.783056	
2.83302	2.83754	4.91914	2.21037	6.0181	3.25356	10.1814	2.35603	6.72511	3.36825	0.624742	4.8896	0.330125	4.04396	2.14319	1.21339	4.68542	4.92755	0.783056	0	

0	8.09637	6.96388	1.24951	14.2964	2.96293	3.59136	11.3266	7.82164	3.40227	0.810477	7.31687	3.89852	4.03774	3.03171	1.49745	2.13619	3.55551	6.47095	2.59084	
8.09637	0	1.13249	8.54742	10.9086	1.14081	11.2526	7.67252	7.96762	0.701479	6.15486	3.38939	7.09229	6.00394	9.82957	6.59658	4.49127	3.40983	8.00191	5.69623	
6.96388	1.13249	0	5.90506	12.0411	9.92681	15.587	11.8029	6.52395	1.83397	7.7599	2.25689	5.78202	7.13643	6.57239	8.46133	8.79324	4.54232	9.1344	4.56373	
1.24951	8.54742	5.90506	0	5.72886	4.21245	6.19501	5.07466	11.8141	10.5266	1.99334	8.49974	2.55962	3.73736	3.34999	2.74697	0.886679	1.96812	2.8956	1.34133	
14.2964	10.9086	12.0411	5.72886	0	5.64601	5.01758	4.33235	7.21934	11.61	8.84452	11.4864	6.758	8.67582	11.307	15.7938	4.84218	5.92362	8.26831	10.9459	
2.96293	1.14081	9.92681	4.21245	5.64601	0	0.628421	15.9881	4.85871	0.439333	3.77341	5.25695	8.31695	14.1464	5.99465	4.46039	7.46179	8.54323	3.87915	15.3719	
3.59136	11.2526	15.587	6.19501	5.01758	0.628421	0	9.34994	5.48713	1.06775	5.47964	9.88616	3.49733	8.7069	6.28943	8.50546	7.08169	8.22467	3.25073	7.53634	
11.3266	7.67252	11.8029	5.07466	4.33235	15.9881	9.34994	0	11.5517	10.3033	7.00772	9.93187	2.42565	3.51401	9.1821	7.36929	5.34413	4.26269	2.67225	3.64394	
7.82164	7.96762	6.52395	11.8141	7.21934	4.85871	5.48713	11.5517	0	5.29804	10.3122	4.26706	4.89833	9.85545	11.9085	14.5588	12.0615	12.6687	4.65173	13.1388	
3.40227	0.701479	1.83397	10.5266	11.61	0.439333	1.06775	10.3033	5.29804	0	11.324	4.81761	7.87761	6.70542	9.76892	10.8243	7.90112	4.11131	8.12421	9.0959	
0.810477	6.15486	7.7599	1.99334	8.84452	3.77341	5.47964	7.00772	10.3122	11.324	0	6.5064	4.31562	3.22726	3.36688	2.30793	2.88002	2.74503	5.66047	3.19616	
7.31687	3.38939	2.25689	8.49974	11.4864	5.25695	9.88616	9.93187	4.26706	4.81761	6.5064	0	6.67675	5.58839	8.91152	8.61421	10.5087	9.25143	8.91878	6.82062	
3.89852	7.09229	5.78202	2.55962	6.758	8.31695	3.49733	2.42565	4.89833	7.87761	4.31562	6.67675	0	1.08836	3.22695	4.11417	3.53568	4.7204	0.246601	1.21829	
4.03774	6.00394	7.13643	3.73736	8.67582	14.1464	8.7069	3.51401	9.85545	6.70542	3.22726	5.58839	1.08836	0	4.83863	3.02582	4.72731	5.97229	1.33496	2.30664	
3.03171	9.82957	6.57239	3.34999	11.307	5.99465	6.28943	9.1821	11.9085	9.76892	3.36688	8.91152	3.22695	4.83863	0	4.52917	7.36922	6.11191	9.02735	2.00866	
1.49745	6.59658	8.46133	2.74697	15.7938	4.46039	8.50546	7.36929	14.5588	10.8243	2.30793	8.61421	4.11417	3.02582	4.52917	0	4.26819	3.18675	8.68629	5.30195	
2.13619	4.49127	8.79324	0.886679	4.84218	7.46179	7.08169	5.34413	12.0615	7.90112	2.88002	10.5087	3.53568	4.72731	7.36922	4.26819	0	1.08144	3.88556	2.228	
3.55551	3.40983	4.54232	1.96812	5.92362	8.54323	8.22467	4.26269	12.6687	4.11131	2.74503	9.25143	4.7204	5.97229	6.11191	3.18675	1.08144	0	6.92225	5.94119	
6.47095	8.00191	9.1344	2.8956	8.26831	3.87915	3.25073	2.67225	4.65173	8.12421	5.66047	8.91878	0.246601	1.33496	9.02735	8.68629	3.88556	6.92225	0	1.46489	
2.59084	5.69623	4.56373	1.34133	10.9459	15.3719	7.53634	3.64394	13.1388	9.0959	3.19616	6.82062	1.21829	2.30664	2.00866	5.30195	2.228	5.94119	1.46489	0	

0	7.07325	8.07411	8.07114	10.1699	12.667	10.659	8.97964	13.1924	11.6889	4.64032	4.54868	3.1725	2.03813	4.68574	1.66437	7.14548	8.51403	5.63544	4.31586	
7.07325	0	2.08484	9.51763	3.09664	7.78416	6.73885	4.37372	5.22359	5.86096	3.92176	9.06776	6.31547	7.31392	11.5554	8.73762	5.9646	11.5133	3.71662	4.23726	
8.07411	2.08484	0	4.21724	5.18148	7.85676	4.65401	9.60375	3.13875	10.9346	3.49344	6.98293	2.6248	5.365	10.0842	8.99165	5.53628	11.2222	3.2883	2.15242	
8.07114	9.51763	4.21724	0	5.85879	3.30364	10.6751	4.33024	9.09285	3.09447	1.99697	4.90857	2.5372	6.09595	4.81069	4.97293	3.77247	1.99565	2.20211	2.06482	
10.1699	3.09664	5.18148	5.85879	0	2.9735	6.2471	1.27708	8.96256	2.76432	3.61034	10.1135	8.64201	9.77638	6.663	14.8367	4.98327	13.1504	6.81326	9.11439	
12.667	7.78416	7.85676	3.30364	2.9735	0	4.37612	5.06322	4.71801	0.209174	8.3192	7.55834	11.1916	11.7114	9.84921	12.2815	9.67079	8.58315	8.11405	8.65233	
10.659	6.73885	4.65401	10.6751	6.2471	4.37612	0	7.52417	2.71547	4.5853	10.5637	11.6369	6.81548	7.94984	10.9046	9.94157	11.0141	9.59472	7.94231	6.80643	
8.97964	4.37372	9.60375	4.33024	1.27708	5.06322	7.52417	0	9.67038	4.0414	2.33327	5.24486	7.4076	8.03353	5.14699	5.30923	6.26035	8.89663	2.53841	8.91316	
13.1924	5.22359	3.13875	9.09285	8.96256	4.71801	2.71547	9.67038	0	4.92719	10.4092	10.1217	7.36938	10.8367	8.18912	12.657	12.8653	11.0885	6.42705	5.29117	
11.6889	5.86096	10.9346	3.09447	2.76432	0.209174	4.5853	4.0414	4.92719	0	5.09144	7.34916	8.05606	9.85971	10.0584	9.50124	6.86694	5.09012	8.32323	5.15929	
4.64032	3.92176	3.49344	1.99697	3.61034	8.3192	10.5637	2.33327	10.4092	5.09144	0	2.9116	3.92874	3.80245	2.81372	2.97596	2.45313	3.99262	0.205144	2.15807	
4.54868	9.06776	6.98293	4.90857	10.1135	7.55834	11.6369	5.24486	10.1217	7.34916	2.9116	0	3.64491	2.51054	5.15815	5.88755	14.5411	16.2369	3.11674	9.13535	
3.1725	6.31547	2.6248	2.5372	8.64201	11.1916	6.81548	7.4076	7.36938	8.05606	3.92874	3.64491	0	1.13437	3.78197	5.50785	4.19862	6.95723	2.42531	0.472381	
2.03813	7.31392	5.365	6.09595	9.77638	11.7114	7.94984	8.03353	10.8367	9.85971	3.80245	2.51054	1.13437	0	2.6476	3.7025	5.33299	6.15831	3.5973	1.60675	
4.68574	11.5554	10.0842	4.81069	6.663	9.84921	10.9046	5.14699	8.18912	10.0584	2.81372	5.15815	3.78197	2.6476	0	5.78968	11.4829	3.51071	3.01886	8.06269	
1.66437	8.73762	8.99165	4.97293	14.8367	12.2815	9.94157	5.30923	12.657	9.50124	2.97596	5.88755	5.50785	3.7025	5.78968	0	8.80985	8.40242	3.1811	6.83923	
7.14548	5.9646	5.53628	3.77247	4.98327	9.67079	11.0141	6.26035	12.8653	6.86694	2.45313	14.5411	4.19862	5.33299	11.4829	8.80985	0	5.76811	2.24798	4.20091	
8.51403	11.5133	11.2222	1.99565	13.1504	8.58315	9.59472	8.89663	11.0885	5.09012	3.99262	16.2369	6.95723	6.15831	3.51071	8.40242	5.76811	0	7.93389	4.06047	
5.63544	3.71662	3.2883	2.20211	6.81326	8.11405	7.94231	2.53841	6.42705	8.32323	0.205144	3.11674	2.42531	3.5973	3.01886	3.1811	2.24798	7.93389	0	1.95292	
4.31586	4.23726	2.15242	2.06482	9.11439	8.65233	6.80643	8.91316	5.29117	5.15929	2.15807	9.13535	0.472381	1.60675	8.06269	6.83923	4.20091	4.06047	1.95292	0	

0	4.66895	5.62939	2.14988	7.17815	5.94494	12.7196	6.9754	6.81801	10.2531	3.0881	1.69242	2.10424	2.37529	1.95897	1.14873	1.11795	5.14467	4.68261	2.07287	
4.66895	0	10.0409	8.92853	10.406	6.90095	13.1094	11.0039	17.0173	6.42073	9.11835	2.97653	11.3691	3.65939	8.73762	7.04567	7.8966	12.2239	5.96672	8.85151	
5.62939	10.0409	0	4.35829	4.44855	10.8505	20.201	13.62	20.1033	7.52352	3.42008	1.82191	5.87675	1.13904	7.58836	5.49277	6.74734	12.4679	5.68833	3.74792	
2.14988	8.92853	4.35829	0	1.96668	8.4584	15.1731	10.4623	7.18893	5.04165	0.938213	3.84231	3.39489	3.55283	4.10885	3.0109	3.26783	2.99479	3.20646	4.22275	
7.17815	10.406	4.44855	1.96668	0	1.04784	2.79861	4.50477	3.22184	1.52806	1.02847	7.42945	3.48514	3.64309	8.08088	3.10116	7.91013	13.1678	3.29672	4.91991	
5.94494	6.90095	10.8505	8.4584	1.04784	0	1.75077	3.66376	4.26968	0.480223	2.07631	8.47729	2.87416	6.48095	5.16514	11.928	8.95797	14.5903	9.25897	2.90553	
12.7196	13.1094	20.201	15.1731	2.79861	1.75077	0	5.41453	11.587	2.23099	10.7921	23.0994	4.62493	14.0924	10.7606	19.5394	21.492	16.9385	11.981	5.62284	
6.9754	11.0039	13.62	10.4623	4.50477	3.66376	5.41453	0	3.28941	4.14398	5.53324	8.02733	4.9339	7.51141	8.14844	8.83154	12.4149	13.457	10.2894	4.90253	
6.81801	17.0173	20.1033	7.18893	3.22184	4.26968	11.587	3.28941	0	12.4255	4.25031	10.6513	7.15002	11.3319	4.85904	11.0769	10.7715	10.1837	12.9216	8.19193	
10.2531	6.42073	7.52352	5.04165	1.52806	0.480223	2.23099	4.14398	12.4255	0	4.10344	9.39726	3.35438	6.71806	9.39051	6.17613	13.1833	15.668	6.37169	4.35229	
3.0881	9.11835	3.42008	0.938213	1.02847	2.07631	10.7921	5.53324	4.25031	4.10344	0	3.29748	2.45667	2.61462	4.74766	2.07269	6.13353	3.933	2.26825	2.48804	
1.69242	2.97653	1.82191	3.84231	7.42945	8.47729	23.0994	8.02733	10.6513	9.39726	3.29748	0	8.3926	0.682862	3.65139	2.84116	2.81038	7.35026	2.99019	3.29174	
2.10424	11.3691	5.87675	3.39489	3.48514	2.87416	4.62493	4.9339	7.15002	3.35438	2.45667	8.3926	0	2.64025	2.29098	4.52936	11.5366	8.57903	4.72492	0.0313725	
2.37529	3.65939	1.13904	3.55283	3.64309	6.48095	14.0924	7.51141	11.3319	6.71806	2.61462	0.682862	2.64025	0	6.47282	4.68731	8.65228	9.93019	3.67305	2.60888	
1.95897	8.73762	7.58836	4.10885	8.08088	5.16514	10.7606	8.14844	4.85904	9.39051	4.74766	3.65139	2.29098	6.47282	0	3.1077	3.07692	7.40726	9.80829	2.32236	
1.14873	7.04567	5.49277	3.0109	3.10116	11.928	19.5394	8.83154	11.0769	6.17613	2.07269	2.84116	4.52936	4.68731	3.1077	0	2.26668	5.64544	4.34093	3.2216	
1.11795	7.8966	6.74734	3.26783	7.91013	8.95797	21.492	12.4149	10.7715	13.1833	6.13353	2.81038	11.5366	8.65228	3.07692	2.26668	0	9.70628	7.09654	3.19082	
5.14467	12.2239	12.4679	2.99479	13.1678	14.5903	16.9385	13.457	10.1837	15.668	3.933	7.35026	8.57903	9.93019	7.40726	5.64544	9.70628	0	4.36007	9.74697	
4.68261	5.96672	5.68833	3.20646	3.29672	9.25897	11.981	10.2894	12.9216	6.37169	2.26825	2.99019	4.72492	3.67305	9.80829	4.34093	7.09654	4.36007	0	5.3869	
2.07287	8.85151	3.74792	4.22275	4.91991	2.90553	5.62284	4.90253	8.19193	4.35229	2.48804	3.29174	0.0313725	2.60888	2.32236	3.2216	3.19082	9.74697	5.3869	0	

0	10.5618	6.29559	7.68204	11.1412	12.2986	12.0344	8.82044	7.65164	26.9151	4.6143	3.05857	2.09889	7.52731	5.67342	3.12528	5.30625	11.6336	8.01692	3.0722	
10.5618	0	5.39989	4.03751	5.92722	5.8145	9.07616	7.92474	9.41674	5.44811	2.55488	19.3109	6.93935	6.9171	13.7334	4.04389	10.5959	6.18161	3.96045	7.66421	
6.29559	5.39989	0	5.51433	11.3271	5.1987	5.38625	2.52485	7.85676	10.848	7.95477	9.35417	4.62006	18.6805	12.9533	9.42088	12.5273	4.69197	3.18029	3.64675	
7.68204	4.03751	5.51433	0	10.5519	5.77433	8.00392	9.88546	9.63319	7.00138	1.48264	4.62346	5.86711	5.84486	7.38402	2.97165	6.87114	5.10937	2.33404	6.23297	
11.1412	5.92722	11.3271	10.5519	0	8.95365	7.87227	8.82144	3.48952	9.77839	8.48209	6.9164	12.5119	6.5947	6.22881	10.5583	4.66872	12.696	9.88766	13.5492	
12.2986	5.8145	5.1987	5.77433	8.95365	0	2.83601	2.67385	5.46413	0.366387	4.29169	15.2544	8.67617	8.5693	18.1183	5.7807	9.18659	4.84098	13.0683	9.40103	
12.0344	9.07616	5.38625	8.00392	7.87227	2.83601	0	2.8614	4.38275	3.2024	6.52129	8.77076	10.9058	7.48792	8.08317	8.0103	6.52309	5.02852	20.5587	11.6306	
8.82044	7.92474	2.52485	9.88546	8.82144	2.67385	2.8614	0	5.33192	3.04024	5.79385	12.1065	8.45164	8.43709	7.2881	7.8513	9.05438	2.16712	5.70513	6.17159	
7.65164	9.41674	7.85676	9.63319	3.48952	5.46413	4.38275	5.33192	0	5.83051	7.4674	5.97014	9.75053	3.10518	5.28255	9.24008	3.72246	7.49904	15.6686	12.603	
26.9151	5.44811	10.848	7.00138	9.77839	0.366387	3.2024	3.04024	5.83051	0	4.65808	11.6248	13.0027	21.4952	14.3854	22.0272	10.7555	19.4031	9.33542	14.5483	
4.6143	2.55488	7.95477	1.48264	8.48209	4.29169	6.52129	5.79385	7.4674	4.65808	0	6.1061	4.38448	4.36223	4.03715	1.48901	9.52034	3.62673	3.81668	5.10934	
3.05857	19.3109	9.35417	4.62346	6.9164	15.2544	8.77076	12.1065	5.97014	11.6248	6.1061	0	5.15746	4.46873	3.80776	6.18386	2.24767	9.93943	6.9575	10.3142	
2.09889	6.93935	4.62006	5.86711	12.5119	8.67617	10.9058	8.45164	9.75053	13.0027	4.38448	5.15746	0	8.74671	9.40324	5.22418	7.84315	8.01121	4.87224	0.973313	
7.52731	6.9171	18.6805	5.84486	6.5947	8.5693	7.48792	8.43709	3.10518	21.4952	4.36223	4.46873	8.74671	0	6.12189	5.85124	6.64785	7.98896	13.5378	9.47157	
5.67342	13.7334	12.9533	7.38402	6.22881	18.1183	8.08317	7.2881	5.28255	14.3854	4.03715	3.80776	9.40324	6.12189	0	2.54814	1.56009	5.12097	9.71806	10.4406	
3.12528	4.04389	9.42088	2.97165	10.5583	5.7807	8.0103	7.8513	9.24008	22.0272	1.48901	6.18386	5.22418	5.85124	2.54814	0	4.10822	5.11574	7.40286	6.59835	
5.30625	10.5959	12.5273	6.87114	4.66872	9.18659	6.52309	9.05438	3.72246	10.7555	9.52034	2.24767	7.84315	6.64785	1.56009	4.10822	0	6.68106	11.3331	8.81647	
11.6336	6.18161	4.69197	5.10937	12.696	4.84098	5.02852	2.16712	7.49904	19.4031	3.62673	9.93943	8.01121	7.98896	5.12097	5.11574	6.68106	0	14.894	8.73607	
8.01692	3.96045	3.18029	2.33404	9.88766	13.0683	20.5587	5.70513	15.6686	9.33542	3.81668	6.9575	4.87224	13.5378	9.71806	7.40286	11.3331	14.894	0	3.89893	
3.0722	7.66421	3.64675	6.23297	13.5492	9.40103	11.6306	6.17159	12.603	14.5483	5.10934	10.3142	0.973313	9.47157	10.4406	6.59835	8.81647	8.73607	3.89893	0	

0	8.79376	4.25641	5.98022	7.00797	9.10889	7.22957	3.69031	6.2515	7.41257	6.82346	3.2949	8.62029	4.40438	8.44683	2.13196	9.06577	4.67574	7.98964	5.08726	
8.79376	0	5.9693	4.88801	7.24999	5.14907	11.7594	17.1343	10.7814	6.24053	7.33671	11.8982	4.56339	9.64526	14.0402	6.6618	8.59262	9.20559	5.63247	4.16617	
4.25641	5.9693	0	7.11379	8.02879	10.1297	7.22206	12.6935	6.244	8.50973	9.96666	9.73239	6.16082	5.10791	11.9377	2.12445	11.6747	4.66824	7.2299	5.07976	
5.98022	4.88801	7.11379	0	5.83477	5.12693	5.00907	2.28991	5.77296	3.30188	2.19495	6.67214	0.952977	2.72476	1.52021	3.67715	2.92847	3.14406	2.02206	0.721846	
7.00797	7.24999	8.02879	5.83477	0	2.10092	2.1521	10.6983	3.98201	3.1257	3.63982	8.40335	6.47452	7.28101	12.157	7.24971	5.66404	12.1094	7.5436	6.81036	
9.10889	5.14907	10.1297	5.12693	2.10092	0	2.06506	11.2828	2.85842	1.09146	5.74074	8.46988	3.44037	4.09965	4.6327	10.6711	6.31394	12.0486	10.8386	9.31524	
7.22957	11.7594	7.22206	5.00907	2.1521	2.06506	0	11.1649	2.74056	0.973598	5.79192	6.25125	3.32251	3.98179	4.51483	5.09761	3.51195	7.6414	10.9553	7.9384	
3.69031	17.1343	12.6935	2.28991	10.6983	11.2828	11.1649	0	11.9583	6.32537	4.48486	6.98522	3.24288	5.01467	3.81012	5.82227	5.21838	5.43397	18.1271	3.01175	
6.2515	10.7814	6.244	5.77296	3.98201	2.85842	2.74056	11.9583	0	1.76696	7.62183	11.7275	4.11587	4.77515	5.3082	4.11955	2.84449	6.66333	9.97723	7.07485	
7.41257	6.24053	8.50973	3.30188	3.1257	1.09146	0.973598	6.32537	1.76696	0	5.85698	7.22485	2.34891	3.00819	3.54123	5.88651	4.48554	7.17953	3.41799	3.08505	
6.82346	7.33671	9.96666	2.19495	3.63982	5.74074	5.79192	4.48486	7.62183	5.85698	0	6.59245	3.14793	4.91971	3.71517	6.12585	5.12343	5.33901	5.70622	2.9168	
3.2949	11.8982	9.73239	6.67214	8.40335	8.46988	6.25125	6.98522	11.7275	7.22485	6.59245	0	8.46814	5.82442	5.15193	5.42686	9.7632	3.5787	10.6148	7.732	
8.62029	4.56339	6.16082	0.952977	6.47452	3.44037	3.32251	3.24288	4.11587	2.34891	3.14793	8.46814	0	3.67774	2.47319	3.69145	3.88145	4.09704	1.06908	0.736141	
4.40438	9.64526	5.10791	2.72476	7.28101	4.09965	3.98179	5.01467	4.77515	3.00819	4.91971	5.82442	3.67774	0	4.24498	2.98345	4.66139	5.52724	8.84113	3.44661	
8.44683	14.0402	11.9377	1.52021	12.157	4.6327	4.51483	3.81012	5.3082	3.54123	3.71517	5.15193	2.47319	4.24498	0	9.75908	4.44869	4.66428	10.1312	2.24206	
2.13196	6.6618	2.12445	3.67715	7.24971	10.6711	5.09761	5.82227	4.11955	5.88651	6.12585	5.42686	3.69145	2.98345	9.75908	0	6.96403	2.54379	5.83814	2.95531	
9.06577	8.59262	11.6747	2.92847	5.66404	6.31394	3.51195	5.21838	2.84449	4.48554	5.12343	9.7632	3.88145	4.66139	4.44869	6.96403	0	6.07254	7.30929	3.65032	
4.67574	9.20559	4.66824	3.14406	12.1094	12.0486	7.6414	5.43397	6.66333	7.17953	5.33901	3.5787	4.09704	5.52724	4.66428	2.54379	6.07254	0	6.70401	3.86591	
7.98964	5.63247	7.2299	2.02206	7.5436	10.8386	10.9553	18.1271	9.97723	3.41799	5.70622	10.6148	1.06908	8.84113	10.1312	5.83814	7.30929	6.70401	0	1.80522	
5.08726	4.16617	5.07976	0.721846	6.81036	9.31524	7.9384	3.01175	7.07485	3.08505	2.9168	7.732	0.736141	3.44661	2.24206	2.95531	3.65032	3.86591	1.80522	0	

0	10.4495	6.00703	5.50013	8.50563	12.089	6.45805	8.53519	5.84565	4.86118	2.97869	2.59364	3.55607	2.27772	4.42387	2.20038	1.0571	2.51801	4.31044	9.64411	
10.4495	0	2.68269	4.89986	9.66579	8.7836	7.48918	5.74408	10.8165	5.97216	10.9168	3.70218	4.35482	8.1718	7.04085	5.71051	9.77624	10.8117	1.98537	3.36216	
6.00703	2.68269	0	3.6118	8.37774	14.952	12.0901	3.52272	7.42562	8.75401	3.97404	2.41412	2.13345	8.07682	16.7938	3.48914	4.94993	6.41084	0.697315	2.0741	
5.50013	4.89986	3.6118	0	10.5949	13.0477	11.7533	3.16375	11.6534	8.19932	4.53515	4.6313	1.77448	7.77785	7.60307	3.13017	6.55723	5.9154	2.91449	2.66069	
8.50563	9.66579	8.37774	10.5949	0	6.30728	6.82433	5.99169	12.2371	7.07847	10.0211	6.4731	7.38096	10.5754	13.9654	11.7782	7.44853	8.90944	7.68042	9.05721	
12.089	8.7836	14.952	13.0477	6.30728	0	4.32845	3.89822	7.65578	2.81144	10.9779	10.9683	12.0828	14.4975	7.66518	11.7562	6.61552	8.58937	13.9877	9.00704	
6.45805	7.48918	12.0901	11.7533	6.82433	4.32845	0	2.60379	5.61623	1.51701	11.8224	9.67389	8.32553	4.18033	14.8016	6.42502	5.32109	7.29494	12.7874	7.71261	
8.53519	5.74408	3.52272	3.16375	5.99169	3.89822	2.60379	0	5.93111	1.08678	7.95128	9.24366	1.38926	10.605	7.9737	2.74495	4.89085	6.8647	5.19015	2.27547	
5.84565	10.8165	7.42562	11.6534	12.2371	7.65578	5.61623	5.93111	0	4.84433	7.36111	10.7246	9.55907	7.91545	18.1289	9.11822	4.78855	6.24946	8.12293	10.3846	
4.86118	5.97216	8.75401	8.19932	7.07847	2.81144	1.51701	1.08678	4.84433	0	6.37664	8.15688	2.47604	5.69734	9.06047	8.13375	3.80408	5.26499	7.57238	6.1956	
2.97869	10.9168	3.97404	4.53515	10.0211	10.9779	11.8224	7.95128	7.36111	6.37664	0	13.4584	2.134	3.023	7.85837	0.77831	2.57256	3.89703	4.01491	2.63812	
2.59364	3.70218	2.41412	4.6313	6.4731	10.9683	9.67389	9.24366	10.7246	8.15688	13.4584	0	5.5177	4.87135	7.0175	4.79402	3.65074	13.9348	1.71681	3.09359	
3.55607	4.35482	2.13345	1.77448	7.38096	12.0828	8.32553	1.38926	9.55907	2.47604	2.134	5.5177	0	3.60038	6.10645	1.35569	5.68536	2.14511	2.26299	0.886209	
2.27772	8.1718	8.07682	7.77785	10.5754	14.4975	4.18033	10.605	7.91545	5.69734	3.023	4.87135	3.60038	0	6.70159	2.24469	3.1269	4.5878	7.53318	10.2802	
4.42387	7.04085	16.7938	7.60307	13.9654	7.66518	14.8016	7.9737	18.1289	9.06047	7.85837	7.0175	6.10645	6.70159	0	6.62425	5.2318	3.77089	6.59703	5.02979	
2.20038	5.71051	3.48914	3.13017	11.7782	11.7562	6.42502	2.74495	9.11822	8.13375	0.77831	4.79402	1.35569	2.24469	6.62425	0	3.25748	3.28318	5.15658	2.2419	
1.0571	9.77624	4.94993	6.55723	7.44853	6.61552	5.32109	4.89085	4.78855	3.80408	2.57256	3.65074	5.68536	3.1269	5.2318	3.25748	0	1.46091	5.64724	2.71981	
2.51801	10.8117	6.41084	5.9154	8.90944	8.58937	7.29494	6.8647	6.24946	5.26499	3.89703	13.9348	2.14511	4.5878	3.77089	3.28318	1.46091	0	2.63569	1.2589	
4.31044	1.98537	0.697315	2.91449	7.68042	13.9877	12.7874	5.19015	8.12293	7.57238	4.01491	1.71681	2.26299	7.53318	6.59703	5.15658	5.64724	2.63569	0	1.37678	
9.64411	3.36216	2.0741	2.66069	9.05721	9.00704	7.71261	2.27547	10.3846	6.1956	2.63812	3.09359	0.886209	10.2802	5.02979	2.2419	2.71981	1.2589	1.37678	0	

0	9.10072	11.6113	4.47104	3.99446	4.41417	7.36098	9.48195	8.81013	4.50204	5.40318	6.95159	3.67518	8.69338	6.21074	1.49762	3.65518	6.19316	5.68744	5.46374	
9.10072	0	6.7834	1.33707	6.87096	8.37574	11.7915	7.59489	9.02029	7.12644	6.13965	13.0948	5.19103	6.67279	7.71136	4.31049	4.93473	9.12366	2.90247	2.55063	
11.6113	6.7834	0	11.0107	13.0386	15.8883	15.0852	10.2869	12.4369	13.4906	6.2081	7.75651	6.10906	9.569	9.02164	8.28662	5.9132	10.1021	3.88094	7.09608	
4.47104	1.33707	11.0107	0	8.20804	7.03867	9.53759	6.25782	5.29781	3.40396	2.76446	6.35099	2.20058	5.33572	3.98887	2.97342	5.42932	7.66896	4.23954	1.21355	
3.99446	6.87096	13.0386	8.20804	0	7.8673	4.9205	8.20027	4.81567	7.65549	8.53224	7.60739	11.1435	7.94162	5.71869	5.49208	7.64964	13.5115	9.1577	8.49401	
4.41417	8.37574	15.8883	7.03867	7.8673	0	2.82286	6.22658	6.01821	0.0878713	9.81735	10.853	12.6743	6.31933	8.54225	5.91179	8.06935	9.65857	12.3632	2.27828	
7.36098	11.7915	15.0852	9.53759	4.9205	2.82286	0	3.27977	4.59628	2.73499	7.35854	20.3623	8.93038	9.26613	10.6392	12.0951	9.46049	12.3057	11.4928	4.92539	
9.48195	7.59489	10.2869	6.25782	8.20027	6.22658	3.27977	0	7.87605	6.01476	4.07877	5.62719	5.65061	11.5935	6.89232	7.82818	11.6871	16.0417	7.58936	5.62968	
8.81013	9.02029	12.4369	5.29781	4.81567	6.01821	4.59628	7.87605	0	5.93034	5.63516	10.6663	5.07128	11.9647	6.85957	8.50537	10.6003	11.5145	8.61637	4.08425	
4.50204	7.12644	13.4906	3.40396	7.65549	0.0878713	2.73499	6.01476	5.93034	0	3.74131	12.1329	3.17743	6.4072	4.96572	6.75271	12.1955	9.5707	6.86058	2.1904	
5.40318	6.13965	6.2081	2.76446	8.53224	9.81735	7.35854	4.07877	5.63516	3.74131	0	1.54841	2.53793	5.03647	2.81354	6.11321	5.3691	4.1106	3.51058	1.55091	
6.95159	13.0948	7.75651	6.35099	7.60739	10.853	20.3623	5.62719	10.6663	12.1329	1.54841	0	4.33847	4.11163	1.8887	6.51603	4.44426	2.56218	5.059	3.09932	
3.67518	5.19103	6.10906	2.20058	11.1435	12.6743	8.93038	5.65061	5.07128	3.17743	2.53793	4.33847	0	8.87217	3.76234	2.17756	4.32082	6.8731	2.28856	0.987024	
8.69338	6.67279	9.569	5.33572	7.94162	6.31933	9.26613	11.5935	11.9647	6.4072	5.03647	4.11163	8.87217	0	2.22293	7.19576	4.77848	7.09588	10.2522	4.99825	
6.21074	7.71136	9.02164	3.98887	5.71869	8.54225	10.6392	6.89232	6.85957	4.96572	2.81354	1.8887	3.76234	2.22293	0	5.77956	2.55556	4.45088	4.58782	2.77532	
1.49762	4.31049	8.28662	2.97342	5.49208	5.91179	12.0951	7.82818	8.50537	6.75271	6.11321	6.51603	2.17756	7.19576	5.77956	0	5.1528	4.69554	4.46612	3.16458	
3.65518	4.93473	5.9132	5.42932	7.64964	8.06935	9.46049	11.6871	10.6003	12.1955	5.3691	4.44426	4.32082	4.77848	2.55556	5.1528	0	5.83403	2.03226	5.33088	
6.19316	9.12366	10.1021	7.66896	13.5115	9.65857	12.3057	16.0417	11.5145	9.5707	4.1106	2.56218	6.8731	7.09588	4.45088	4.69554	5.83403	0	6.22119	9.25784	
5.68744	2.90247	3.88094	4.23954	9.1577	12.3632	11.4928	7.58936	8.61637	6.86058	3.51058	5.059	2.28856	10.2522	4.58782	4.46612	2.03226	6.22119	0	3.27558	
5.46374	2.55063	7.09608	1.21355	8.49401	2.27828	4.92539	5.62968	4.08425	2.1904	1.55091	3.09932	0.987024	4.99825	2.77532	3.16458	5.33088	9.25784	3.27558	0	

0	6.03908	3.87406	1.83606	13.4906	15.656	20.9743	15.3362	11.3709	9.98298	2.81792	6.06041	3.28527	4.19342	7.33282	8.78908	6.9346	11.0974	2.90074	4.65707	
6.03908	0	7.17154	3.11565	14.3663	9.37097	10.2884	10.985	10.6062	9.85822	5.66311	12.0995	1.66644	9.85782	5.02426	5.68161	8.69779	12.2736	2.42388	2.85438	
3.87406	7.17154	0	6.55497	7.19477	13.394	5.6717	10.7573	9.44351	13.9264	5.21883	12.3562	1.73077	5.24112	7.01489	9.74976	3.76229	9.46877	0.973322	2.32062	
1.83606	3.11565	6.55497	0	12.3192	9.15375	14.2642	13.5002	14.0518	9.641	0.981857	7.89647	1.44921	5.52856	4.80704	5.46438	5.09854	4.79531	2.20666	2.63716	
13.4906	14.3663	7.19477	12.3192	0	6.33217	6.98788	9.82689	3.82621	8.02189	13.1961	15.3384	12.9294	16.5182	14.2097	24.333	7.22071	10.2574	8.16809	9.51539	
15.656	9.37097	13.394	9.15375	6.33217	0	13.32	5.2138	6.49403	1.68972	7.73869	19.2192	7.70454	7.47929	8.45602	11.7197	9.97657	3.92524	8.46198	8.89248	
20.9743	10.2884	5.6717	14.2642	6.98788	13.32	0	11.4093	5.40864	10.213	6.24929	22.3263	4.53902	6.27158	9.42694	13.4744	9.16568	15.217	5.10741	3.35108	
15.3362	10.985	10.7573	13.5002	9.82689	5.2138	11.4093	0	6.00068	5.18752	5.10202	22.0172	12.6514	10.9771	5.81934	16.0822	7.3399	1.28857	14.4709	17.0983	
11.3709	10.6062	9.44351	14.0518	3.82621	6.49403	5.40864	6.00068	0	4.80431	20.5985	19.1646	9.22764	10.5939	13.6464	19.7555	11.0469	7.28925	8.47019	8.75972	
9.98298	9.85822	13.9264	9.641	8.02189	1.68972	10.213	5.18752	4.80431	0	12.1885	16.8503	8.19178	5.78957	8.8421	12.207	11.2549	5.61496	8.94923	8.71006	
2.81792	5.66311	5.21883	0.981857	13.1961	7.73869	6.24929	5.10202	20.5985	12.1885	0	13.1926	2.43107	5.81871	6.47862	7.10968	5.97537	3.81345	4.65455	2.89821	
6.06041	12.0995	12.3562	7.89647	15.3384	19.2192	22.3263	22.0172	19.1646	16.8503	13.1926	0	11.3661	10.2538	8.00823	10.0098	19.168	12.539	8.96114	14.0841	
3.28527	1.66644	1.73077	1.44921	12.9294	7.70454	4.53902	12.6514	9.22764	8.19178	2.43107	11.3661	0	4.10844	3.35782	4.01517	6.54775	7.81012	0.757447	1.18794	
4.19342	9.85782	5.24112	5.52856	16.5182	7.47929	6.27158	10.9771	10.5939	5.78957	5.81871	10.2538	4.10844	0	8.99636	6.67528	10.6271	14.9781	4.67683	2.9205	
7.33282	5.02426	7.01489	4.80704	14.2097	8.45602	9.42694	5.81934	13.6464	8.8421	6.47862	8.00823	3.35782	8.99636	0	7.37299	10.3892	4.53078	4.11527	4.54577	
8.78908	5.68161	9.74976	5.46438	24.333	11.7197	13.4744	16.0822	19.7555	12.207	7.10968	10.0098	4.01517	6.67528	7.37299	0	11.0465	10.9231	4.77262	5.20311	
6.9346	8.69779	3.76229	5.09854	7.22071	9.97657	9.16568	7.3399	11.0469	11.2549	5.97537	19.168	6.54775	10.6271	10.3892	11.0465	0	6.05133	4.73561	6.08291	
11.0974	12.2736	9.46877	4.79531	10.2574	3.92524	15.217	1.28857	7.28925	5.61496	3.81345	12.539	7.81012	14.9781	4.53078	10.9231	6.05133	0	10.4421	6.71167	
2.90074	2.42388	0.973322	2.20666	8.16809	8.46198	5.10741	14.4709	8.47019	8.94923	4.65455	8.96114	0.757447	4.67683	4.11527	4.77262	4.73561	10.4421	0	1.75633	
4.65707	2.85438	2.32062	2.63716	9.51539	8.89248	3.35108	17.0983	8.75972	8.71006	2.89821	14.0841	1.18794	2.9205	4.54577	5.20311	6.08291	6.71167	1.75633	0	

0	17.5662	6.18661	4.54971	7.35437	8.72095	10.9749	5.66598	10.4871	10.2616	1.30979	0.8284	3.82877	2.25911	3.33932	2.50122	11.7713	4.79577	10.2799	2.83771	
17.5662	0	1.5583	7.57548	8.85024	15.5938	12.3687	15.7157	10.4585	13.283	6.77138	6.91651	4.25241	11.1399	13.3287	9.66338	3.30081	12.0556	5.40217	9.52897	
6.18661	1.5583	0	6.01717	10.4429	4.79285	12.7145	11.2698	9.29792	11.4765	6.40177	5.35821	5.81071	6.78892	11.3172	8.10508	1.74251	6.94391	7.4103	6.65578	
4.54971	7.57548	6.01717	0	8.09584	10.4381	6.92722	6.20146	8.49992	8.57548	2.16652	7.70896	4.66776	5.49694	7.21976	6.15001	5.60683	6.7259	1.72931	0.638609	
7.35437	8.85024	10.4429	8.09584	0	3.57566	4.5615	3.4434	1.14495	6.97756	7.1168	9.49781	4.59783	6.00048	4.01506	7.22713	10.8952	8.3346	5.74759	8.73445	
8.72095	15.5938	4.79285	10.4381	3.57566	0	4.75938	3.9147	2.43071	1.54069	10.0307	9.54935	8.71007	10.9664	9.57848	8.46045	3.05034	4.73914	9.06646	8.01856	
10.9749	12.3687	12.7145	6.92722	4.5615	4.75938	0	5.71501	3.41656	6.30007	9.66512	13.5404	8.64039	16.0363	10.5643	12.5752	7.80972	13.1511	9.79016	7.56583	
5.66598	15.7157	11.2698	6.20146	3.4434	3.9147	5.71501	0	2.29845	2.37401	6.07485	9.94722	8.57781	8.51651	6.37683	3.16476	8.34603	5.57246	9.71946	6.84007	
10.4871	10.4585	9.29792	8.49992	1.14495	2.43071	3.41656	2.29845	0	3.9714	8.79833	11.1793	5.74277	9.13319	5.16	5.46321	5.48105	9.03107	7.42912	11.5559	
10.2616	13.283	11.4765	8.57548	6.97756	1.54069	6.30007	2.37401	3.9714	0	6.68443	11.5597	9.03063	10.8905	12.9804	5.53877	4.59102	3.19845	6.77346	11.3438	
1.30979	6.77138	6.40177	2.16652	7.1168	10.0307	9.66512	6.07485	8.79833	6.68443	0	2.13819	2.51897	6.38625	4.64911	2.9101	6.49614	3.48598	2.61861	1.52791	
0.8284	6.91651	5.35821	7.70896	9.49781	9.54935	13.5404	9.94722	11.1793	11.5597	2.13819	0	4.89998	1.43071	3.41613	3.32962	7.10072	8.36127	6.04974	6.28904	
3.82877	4.25241	5.81071	4.66776	4.59783	8.71007	8.64039	8.57781	5.74277	9.03063	2.51897	4.89998	0	6.33069	8.61288	5.42907	6.29737	4.72477	1.14977	2.24047	
2.25911	11.1399	6.78892	5.49694	6.00048	10.9664	16.0363	8.51651	9.13319	10.8905	6.38625	1.43071	6.33069	0	1.98542	5.19749	7.91607	9.35315	5.77814	4.85834	
3.33932	13.3287	11.3172	7.21976	4.01506	9.57848	10.5643	6.37683	5.16	12.9804	4.64911	3.41613	8.61288	1.98542	0	3.21207	9.90149	12.2097	7.67185	6.58115	
2.50122	9.66338	8.10508	6.15001	7.22713	8.46045	12.5752	3.16476	5.46321	5.53877	2.9101	3.32962	5.42907	5.19749	3.21207	0	9.84759	6.39608	6.93769	4.43801	
11.7713	3.30081	1.74251	5.60683	10.8952	3.05034	7.80972	8.34603	5.48105	4.59102	6.49614	7.10072	6.29737	7.91607	9.90149	9.84759	0	5.2014	6.01612	4.96822	
4.79577	12.0556	6.94391	6.7259	8.3346	4.73914	13.1511	5.57246	9.03107	3.19845	3.48598	8.36127	4.72477	9.35315	12.2097	6.39608	5.2014	0	3.57501	4.66571	
10.2799	5.40217	7.4103	1.72931	5.74759	9.06646	9.79016	9.71946	7.42912	6.77346	2.61861	6.04974	1.14977	5.77814	7.67185	6.93769	6.01612	3.57501	0	1.0907	
2.83771	9.52897	6.65578	0.638609	8.73445	8.01856	7.56583	6.84007	11.5559	11.3438	1.52791	6.28904	2.24047	4.85834	6.58115	4.43801	4.96822	4.66571	1.0907	0	

0	9.36329	7.11069	3.11326	8.25807	5.59934	9.23526	8.14137	9.93644	13.4179	3.75638	4.15351	4.86922	4.20353	1.70494	2.56986	5.89122	9.08121	4.24902	3.82721	
9.36329	0	9.82797	7.20378	3.19852	5.66941	6.40138	6.67675	4.17786	8.32302	1.93331	5.79167	2.46891	4.73025	7.22884	3.11983	5.79924	10.9297	3.46701	2.89684	
7.11069	9.82797	0	8.35303	12.7568	7.36334	15.8658	13.4243	9.08024	6.30722	7.89466	14.2558	4.39382	6.03045	7.87126	9.08118	10.8974	16.569	3.39571	3.81752	
3.11326	7.20378	8.35303	0	5.14481	8.92494	14.9479	5.30486	6.12415	10.4269	5.27046	7.73796	5.95542	7.59206	4.8182	5.68312	2.77796	12.5716	4.95732	5.37913	
8.25807	3.19852	12.7568	5.14481	0	8.44339	11.9698	10.128	0.979338	7.99164	5.13183	2.59315	5.66743	5.40772	7.63665	4.17679	7.92277	7.0637	6.66386	7.08857	
5.59934	5.66941	7.36334	8.92494	8.44339	0	0.731977	1.00734	7.46406	2.65361	4.21599	4.61311	4.96573	6.24304	4.48168	3.02947	3.53424	2.90112	3.96762	4.38943	
9.23526	6.40138	15.8658	14.9479	11.9698	0.731977	0	1.73932	8.19603	3.38559	6.37157	17.4872	4.62201	6.97502	8.24329	3.76145	7.95234	28.9158	4.6996	5.40805	
8.14137	6.67675	13.4243	5.30486	10.128	1.00734	1.73932	0	7.97814	3.66095	6.75803	7.15515	5.85723	7.25038	7.02372	4.03681	2.5269	1.89378	4.97496	7.75292	
9.93644	4.17786	9.08024	6.12415	0.979338	7.46406	8.19603	7.97814	0	8.97097	7.07276	3.57249	6.68263	8.31927	8.94448	10.4935	11.6756	6.08436	5.68453	6.10634	
13.4179	8.32302	6.30722	10.4269	7.99164	2.65361	3.38559	3.66095	8.97097	0	12.2944	10.5848	10.9793	8.89665	18.8549	5.68308	7.64897	19.0828	6.62124	9.39919	
3.75638	1.93331	7.89466	5.27046	5.13183	4.21599	6.37157	6.75803	7.07276	12.2944	0	2.77016	2.00554	5.68185	2.63873	1.18652	6.56383	18.7549	1.38534	0.963527	
4.15351	5.79167	14.2558	7.73796	2.59315	4.61311	17.4872	7.15515	3.57249	10.5848	2.77016	0	5.6464	2.81457	3.03585	1.58364	12.648	9.01399	5.4493	7.53289	
4.86922	2.46891	4.39382	5.95542	5.66743	4.96573	4.62201	5.85723	6.68263	10.9793	2.00554	5.6464	0	3.63284	3.87725	4.06275	3.33033	16.1516	0.998102	1.04201	
4.20353	4.73025	6.03045	7.59206	5.40772	6.24304	6.97502	7.25038	8.31927	8.89665	5.68185	2.81457	3.63284	0	2.49859	3.9508	10.3186	6.19942	2.63474	3.05655	
1.70494	7.22884	7.87126	4.8182	7.63665	4.48168	8.24329	7.02372	8.94448	18.8549	2.63873	3.03585	3.87725	2.49859	0	1.45221	8.43555	7.37626	3.25705	2.83524	
2.56986	3.11983	9.08118	5.68312	4.17679	3.02947	3.76145	4.03681	10.4935	5.68308	1.18652	1.58364	4.06275	3.9508	1.45221	0	7.39308	7.46529	5.06086	2.15005	
5.89122	5.79924	10.8974	2.77796	7.92277	3.53424	7.95234	2.5269	11.6756	7.64897	6.56383	12.648	3.33033	10.3186	8.43555	7.39308	0	4.42068	4.32843	4.37234	
9.08121	10.9297	16.569	12.5716	7.0637	2.90112	28.9158	1.89378	6.08436	19.0828	18.7549	9.01399	16.1516	6.19942	7.37626	7.46529	4.42068	0	8.83416	10.2115	
4.24902	3.46701	3.39571	4.95732	6.66386	3.96762	4.6996	4.97496	5.68453	6.62124	1.38534	5.4493	0.998102	2.63474	3.25705	5.06086	4.32843	8.83416	0	0.421809	
3.82721	2.89684	3.81752	5.37913	7.08857	4.38943	5.40805	7.75292	6.10634	9.39919	0.963527	7.53289	1.04201	3.05655	2.83524	2.15005	4.37234	10.2115	0.421809	0	

0	6.78939	5.32609	2.75186	8.60125	3.79851	6.13768	5.50141	4.15039	4.20547	3.1247	1.93226	5.12765	2.87004	0.870597	0.690308	4.23851	7.78581	3.98678	4.18988	
6.78939	0	9.33408	5.37691	2.23679	8.65429	13.6759	9.28026	9.73657	7.39236	6.54497	5.11915	3.35306	7.94548	7.65999	7.4797	4.50558	8.89292	4.49393	3.65037	
5.32609	9.33408	0	5.86265	12.6572	7.6846	7.66304	15.6304	4.99994	11.8047	3.79823	9.27354	2.48017	6.05659	4.75668	7.92421	7.13354	3.57011	1.3393	4.06563	
2.75186	5.37691	5.86265	0	7.84612	9.12986	7.50892	12.3139	9.48173	10.0288	3.35485	10.7285	2.02385	4.28063	6.20194	2.06155	3.17637	7.56371	3.16472	2.28967	
8.60125	2.23679	12.6572	7.84612	0	6.41751	14.2557	7.25269	7.49978	6.77453	9.14033	7.35594	5.58985	11.4713	9.34542	9.29155	7.8287	12.216	7.81705	6.97349	
3.79851	8.65429	7.6846	9.12986	6.41751	0	9.02331	4.17993	2.39826	0.357022	6.55664	2.63023	9.71743	11.4111	2.92792	12.6522	9.10398	21.0335	6.0589	8.0961	
6.13768	13.6759	7.66304	7.50892	14.2557	9.02331	0	11.1651	6.75592	9.43277	11.6892	16.7728	13.404	12.1987	6.09539	5.44737	8.99557	11.2332	9.00235	9.63646	
5.50141	9.28026	15.6304	12.3139	7.25269	4.17993	11.1651	0	4.40919	4.53695	2.37671	8.16803	5.56862	7.01525	7.10637	6.92608	12.0206	7.55533	4.83564	3.44189	
4.15039	9.73657	4.99994	9.48173	7.49978	2.39826	6.75592	4.40919	0	2.75529	4.93326	9.06162	4.80151	9.5718	3.2798	12.2033	8.74512	10.1119	3.66064	5.99844	
4.20547	7.39236	11.8047	10.0288	6.77453	0.357022	9.43277	4.53695	2.75529	0	8.72572	2.27321	8.03639	5.09953	3.28494	11.9282	9.461	8.12676	10.2075	7.73908	
3.1247	6.54497	3.79823	3.35485	9.14033	6.55664	11.6892	2.37671	4.93326	8.72572	0	5.05696	1.36249	3.05614	3.99529	3.81501	4.34443	5.17861	2.45893	1.06518	
1.93226	5.11915	9.27354	10.7285	7.35594	2.63023	16.7728	8.16803	9.06162	2.27321	5.05696	0	8.47221	2.82632	2.80286	2.62257	9.00177	5.85355	5.91905	4.81728	
5.12765	3.35306	2.48017	2.02385	5.58985	9.71743	13.404	5.56862	4.80151	8.03639	1.36249	8.47221	0	2.28827	8.22579	4.0854	1.15252	5.53986	1.14087	0.29731	
2.87004	7.94548	6.05659	4.28063	11.4713	11.4111	12.1987	7.01525	9.5718	5.09953	3.05614	2.82632	2.28827	0	3.74063	3.56034	6.17545	8.67987	5.12658	1.99096	
0.870597	7.65999	4.75668	6.20194	9.34542	2.92792	6.09539	7.10637	3.2798	3.28494	3.99529	2.80286	8.22579	3.74063	0	1.5609	10.4063	8.32678	4.85738	8.49161	
0.690308	7.4797	7.92421	2.06155	9.29155	12.6522	5.44737	6.92608	12.2033	11.9282	3.81501	2.62257	4.0854	3.56034	1.5609	0	3.5482	16.565	4.67709	4.1891	
4.23851	4.50558	7.13354	3.17637	7.8287	9.10398	8.99557	12.0206	8.74512	9.461	4.34443	9.00177	1.15252	6.17545	10.4063	3.5482	0	6.69238	2.29339	1.44983	
7.78581	8.89292	3.57011	7.56371	12.216	21.0335	11.2332	7.55533	10.1119	8.12676	5.17861	5.85355	5.53986	8.67987	8.32678	16.565	6.69238	0	4.90941	5.83717	
3.98678	4.49393	1.3393	3.16472	7.81705	6.0589	9.00235	4.83564	3.66064	10.2075	2.45893	5.91905	1.14087	5.12658	4.85738	4.67709	2.29339	4.90941	0	1.43818	
4.18988	3.65037	4.06563	2.28967	6.97349	8.0961	9.63646	3.44189	5.99844	7.73908	1.06518	4.81728	0.29731	1.99096	8.49161	4.1891	1.44983	5.83717	1.43818	0	

0	3.36194	8.22336	2.8597	2.17714	13.4272	6.48759	10.7121	17.903	14.3291	1.2705	3.32588	1.9479	4.39487	5.33821	2.72972	10.3844	5.27042	1.40019	4.02161	
3.36194	0	5.31691	2.3212	9.08157	6.16255	9.4664	9.53721	7.03558	5.94139	2.09144	12.9861	1.53436	4.48478	6.15915	7.076	4.86996	4.88071	2.08207	2.08297	
8.22336	5.31691	0	4.8091	6.89509	2.60976	2.37726	10.4566	1.71867	8.63739	5.84687	14.4241	4.02227	6.97268	12.6405	7.22478	6.35627	5.19261	4.56998	4.57088	
2.8597	2.3212	4.8091	0	6.05219	4.29963	5.7351	8.18796	5.42054	4.07847	1.5892	2.57539	0.786837	1.5064	5.65691	2.82043	7.3855	4.13318	1.33455	0.261195	
2.17714	9.08157	6.89509	6.05219	0	6.09025	4.88123	7.54423	5.53982	5.86909	2.56826	8.04294	1.32466	25.8696	5.16954	6.52327	5.34667	3.98258	0.776951	8.58732	
13.4272	6.16255	2.60976	4.29963	6.09025	0	1.54968	8.96686	0.891089	0.221158	6.11866	9.43932	5.31629	6.03586	6.38068	11.7964	5.52869	4.36504	9.8047	4.79065	
6.48759	9.4664	2.37726	5.7351	4.88123	1.54968	0	12.2707	0.658592	3.52501	7.3243	3.16171	6.52193	4.23069	8.65446	12.8368	5.2962	4.13254	5.65818	5.99629	
10.7121	9.53721	10.4566	8.18796	7.54423	8.96686	12.2707	0	9.30486	8.7457	9.77716	9.64309	8.97479	9.69436	13.3981	7.98238	4.66726	6.03134	8.32118	8.44915	
17.903	7.03558	1.71867	5.42054	5.53982	0.891089	0.658592	9.30486	0	1.11225	8.15461	3.8203	5.74093	10.8402	4.6609	6.01464	4.6376	3.47395	8.43751	8.43841	
14.3291	5.94139	8.63739	4.07847	5.86909	0.221158	3.52501	8.7457	1.11225	0	5.66767	6.68671	4.86531	5.58487	6.60183	8.21061	7.03401	5.66992	6.64604	4.33967	
1.2705	2.09144	5.84687	1.5892	2.56826	6.11866	7.3243	9.77716	8.15461	5.66767	0	4.54006	1.82461	3.0956	4.06771	4.00022	6.9614	5.17095	1.7913	1.8504	
3.32588	12.9861	14.4241	2.57539	8.04294	9.43932	3.16171	9.64309	3.8203	6.68671	4.54006	0	4.0194	1.06899	5.49275	6.05561	14.3103	6.6797	4.72607	11.7716	
1.9479	1.53436	4.02227	0.786837	1.32466	5.31629	6.52193	8.97479	5.74093	4.86531	1.82461	4.0194	0	2.29324	4.5333	3.10784	4.71043	3.34634	0.547708	0.548609	
4.39487	4.48478	6.97268	1.5064	25.8696	6.03586	4.23069	9.69436	10.8402	5.58487	3.0956	1.06899	2.29324	0	6.56173	6.55552	9.54908	6.29676	3.49812	1.7676	
5.33821	6.15915	12.6405	5.65691	5.16954	6.38068	8.65446	13.3981	4.6609	6.60183	4.06771	5.49275	4.5333	6.56173	0	3.72764	2.55104	1.18695	5.85901	6.81882	
2.72972	7.076	7.22478	2.82043	6.52327	11.7964	12.8368	7.98238	6.01464	8.21061	4.00022	6.05561	3.10784	6.55552	3.72764	0	3.90478	2.54069	4.12991	2.55923	
10.3844	4.86996	6.35627	7.3855	5.34667	5.52869	5.2962	4.66726	4.6376	7.03401	6.9614	14.3103	4.71043	9.54908	2.55104	3.90478	0	1.36409	7.14637	7.14727	
5.27042	4.88071	5.19261	4.13318	3.98258	4.36504	4.13254	6.03134	3.47395	5.66992	5.17095	6.6797	3.34634	6.29676	1.18695	2.54069	1.36409	0	3.89405	3.89495	
1.40019	2.08207	4.56998	1.33455	0.776951	9.8047	5.65818	8.32118	8.43751	6.64604	1.7913	4.72607	0.547708	3.49812	5.85901	4.12991	7.14637	3.89405	0	1.09632	
4.02161	2.08297	4.57088	0.261195	8.58732	4.79065	5.99629	8.44915	8.43841	4.33967	1.8504	11.7716	0.548609	1.7676	6.81882	2.55923	7.14727	3.89495	1.09632	0	

0	7.05902	7.14176	4.95186	8.27375	10.1124	6.81079	8.1941	7.66572	7.63729	3.21847	5.49963	2.84596	2.71063	1.47475	4.77571	4.53059	4.04317	1.52987	5.21981	
7.05902	0	7.37952	6.39455	4.3258	9.89131	5.68006	16.3658	7.32723	5.87941	6.44348	8.62494	1.80881	5.69012	5.837	10.9213	5.27662	6.60423	10.4606	1.55553	
7.14176	7.37952	0	7.20395	4.63267	14.4571	7.55349	12.0539	4.7996	9.49169	7.66903	12.8934	6.07727	9.95857	6.43144	6.26306	4.91311	3.52756	5.61189	5.82399	
4.95186	6.39455	7.20395	0	7.60929	8.62734	5.32571	6.70902	9.67105	8.56305	1.73339	6.49014	5.0923	4.39306	6.04617	2.35514	3.04551	5.09064	3.5352	4.83902	
8.27375	4.3258	4.63267	7.60929	0	7.13207	2.92082	13.8111	8.54196	4.25042	6.51314	9.83967	3.02354	6.90485	7.05173	9.78174	6.49135	7.81896	10.2446	2.77026	
10.1124	9.89131	14.4571	8.62734	7.13207	0	4.21125	3.89156	13.2166	4.96546	6.89395	17.328	10.5119	9.89211	12.3914	10.6208	8.20606	14.0215	14.6675	9.28933	
6.81079	5.68006	7.55349	5.32571	2.92082	4.21125	0	3.89182	10.6542	1.3296	3.59231	20.3306	9.55134	6.25626	8.18013	7.31915	4.90443	9.36612	12.3236	5.65347	
8.1941	16.3658	12.0539	6.70902	13.8111	3.89156	3.89182	0	15.6475	2.56221	4.97563	21.2074	10.2632	7.48887	12.2169	8.70246	6.28775	9.32392	11.8907	6.88609	
7.66572	7.32723	4.7996	9.67105	8.54196	13.2166	10.6542	15.6475	0	10.0956	10.6596	12.8411	6.02498	9.90628	6.70171	9.38169	9.49278	8.32716	6.13585	5.7717	
7.63729	5.87941	9.49169	8.56305	4.25042	4.96546	1.3296	2.56221	10.0956	0	4.92191	7.71566	4.57715	4.92666	8.60534	6.20791	8.04496	8.94341	9.45374	4.32387	
3.21847	6.44348	7.66903	1.73339	6.51314	6.89395	3.59231	4.97563	10.6596	4.92191	0	7.86183	3.63697	5.9291	4.69322	3.72683	1.31212	2.69767	4.74834	4.88794	
5.49963	8.62494	12.8934	6.49014	9.83967	17.328	20.3306	21.2074	12.8411	7.71566	7.86183	0	7.32269	2.789	11.3509	4.135	10.7905	6.8705	7.38083	6.92358	
2.84596	1.80881	6.07727	5.0923	3.02354	10.5119	9.55134	10.2632	6.02498	4.57715	3.63697	7.32269	0	4.38786	1.37121	5.55712	2.32485	3.7104	2.31128	0.25328	
2.71063	5.69012	9.95857	4.39306	6.90485	9.89211	6.25626	7.48887	9.90628	4.92666	5.9291	2.789	4.38786	0	4.18538	6.7482	7.85567	7.51985	4.2405	4.13458	
1.47475	5.837	6.43144	6.04617	7.05173	12.3914	8.18013	12.2169	6.70171	8.60534	4.69322	11.3509	1.37121	4.18538	0	5.63939	3.69606	2.90388	3.00462	1.62449	
4.77571	10.9213	6.26306	2.35514	9.78174	10.6208	7.31915	8.70246	9.38169	6.20791	3.72683	4.135	5.55712	6.7482	5.63939	0	4.12105	2.7355	3.24584	7.19416	
4.53059	5.27662	4.91311	3.04551	6.49135	8.20606	4.90443	6.28775	9.49278	8.04496	1.31212	10.7905	2.32485	7.85567	3.69606	4.12105	0	1.38555	3.89885	2.57813	
4.04317	6.60423	3.52756	5.09064	7.81896	14.0215	9.36612	9.32392	8.32716	8.94341	2.69767	6.8705	3.7104	7.51985	2.90388	2.7355	1.38555	0	2.5133	5.0487	
1.52987	10.4606	5.61189	3.5352	10.2446	14.6675	12.3236	11.8907	6.13585	9.45374	4.74834	7.38083	2.31128	4.2405	3.00462	3.24584	3.89885	2.5133	0	2.56456	
5.21981	1.55553	5.82399	4.83902	2.77026	9.28933	5.65347	6.88609	5.7717	4.32387	4.88794	6.92358	0.25328	4.13458	1.62449	7.19416	2.57813	5.0487	2.56456	0	

0	7.41198	8.46694	5.9813	14.6019	9.7062	11.1872	9.87955	22.3274	6.56184	7.35946	11.029	6.68585	6.40723	6.23513	6.29928	11.2261	4.21597	7.07187	6.25556	
7.41198	0	1.19115	3.67679	9.88188	8.68624	7.51875	7.48058	5.46389	5.54189	6.35711	9.42076	3.82991	6.28253	5.21517	6.95553	7.44017	3.19601	4.21594	3.39962	
8.46694	1.19115	0	2.48563	7.89769	9.51803	9.88116	12.7577	6.65504	6.65241	3.86379	7.43657	3.3833	5.09137	7.85095	5.76438	5.45598	4.38716	3.63795	3.81359	
5.9813	3.67679	2.48563	0	3.7211	4.50124	7.62053	10.8515	10.4428	6.60406	1.37816	6.23994	1.12268	3.18521	5.94479	4.66358	4.25935	5.2831	2.26662	1.55296	
14.6019	9.88188	7.89769	3.7211	0	5.46603	13.5057	13.104	18.877	10.6167	2.34295	8.05836	5.40368	4.37263	12.1677	7.51042	6.07777	6.24789	4.25974	5.07605	
9.7062	8.68624	9.51803	4.50124	5.46603	0	3.65295	2.34526	8.80607	7.8361	3.12308	10.3605	9.71693	5.15277	7.50939	8.29055	3.69185	5.49023	11.1862	6.42621	
11.1872	7.51875	9.88116	7.62053	13.5057	3.65295	0	1.30769	2.05486	2.88906	11.3308	10.1885	6.49786	7.07482	4.31524	3.77708	2.65428	5.23493	7.6418	5.38864	
9.87955	7.48058	12.7577	10.8515	13.104	2.34526	1.30769	0	3.36254	4.19674	5.46834	8.91021	4.51124	7.66632	5.62293	9.14469	1.34659	7.83549	3.16462	4.08095	
22.3274	5.46389	6.65504	10.4428	18.877	8.80607	2.05486	3.36254	0	4.94391	11.9292	12.4467	8.55271	9.33304	6.3701	9.48502	13.4549	8.59263	11.086	8.86351	
6.56184	5.54189	6.65241	6.60406	10.6167	7.8361	2.88906	4.19674	4.94391	0	6.0555	7.4243	4.68198	2.3664	1.55102	0.888026	10.9866	2.34587	12.114	9.11285	
7.35946	6.35711	3.86379	1.37816	2.34295	3.12308	11.3308	5.46834	11.9292	6.0555	0	6.6515	2.50083	2.02969	4.78926	3.50806	5.25991	3.90494	3.81947	7.02413	
11.029	9.42076	7.43657	6.23994	8.05836	10.3605	10.1885	8.91021	12.4467	7.4243	6.6515	0	4.94256	4.62181	5.87328	6.10018	5.61665	7.89244	3.79862	4.61493	
6.68585	3.82991	3.3833	1.12268	5.40368	9.71693	6.49786	4.51124	8.55271	4.68198	2.50083	4.94256	0	4.30789	6.70552	3.79396	2.96197	8.04421	1.14394	0.430287	
6.40723	6.28253	5.09137	3.18521	4.37263	5.15277	7.07482	7.66632	9.33304	2.3664	2.02969	4.62181	4.30789	0	2.75957	1.47837	7.28959	4.77873	5.62653	10.3214	
6.23513	5.21517	7.85095	5.94479	12.1677	7.50939	4.31524	5.62293	6.3701	1.55102	4.78926	5.87328	6.70552	2.75957	0	2.43905	10.6598	2.01916	8.37814	7.56183	
6.29928	6.95553	5.76438	4.66358	7.51042	8.29055	3.77708	9.14469	9.48502	0.888026	3.50806	6.10018	3.79396	1.47837	2.43905	0	10.4274	3.2339	4.9379	4.22424	
11.2261	7.44017	5.45598	4.25935	6.07777	3.69185	2.65428	1.34659	13.4549	10.9866	5.25991	5.61665	2.96197	7.28959	10.6598	10.4274	0	8.64068	1.81803	2.63434	
4.21597	3.19601	4.38716	5.2831	6.24789	5.49023	5.23493	7.83549	8.59263	2.34587	3.90494	7.89244	8.04421	4.77873	2.01916	3.2339	8.64068	0	8.81816	6.59564	
7.07187	4.21594	3.63795	2.26662	4.25974	11.1862	7.6418	3.16462	11.086	12.114	3.81947	3.79862	1.14394	5.62653	8.37814	4.9379	1.81803	8.81816	0	0.816314	
6.25556	3.39962	3.81359	1.55296	5.07605	6.42621	5.38864	4.08095	8.86351	9.11285	7.02413	4.61493	0.430287	10.3214	7.56183	4.22424	2.63434	6.59564	0.816314	0	

0	9.64766	10.0394	2.66248	17.7473	6.31105	8.89049	3.72557	10.5486	6.97271	8.76532	2.00044	5.6289	2.9098	1.93705	1.59727	5.06786	4.57677	4.76491	8.31262	
9.64766	0	3.21803	9.36713	13.1527	11.5552	6.31727	11.2369	8.32988	7.27466	10.5836	4.88035	8.23387	4.67011	12.6203	8.61211	5.20469	9.31939	2.11587	12.044	
10.0394	3.21803	0	8.13566	16.3707	13.5976	7.42886	8.01885	5.41625	8.02899	9.93335	6.00307	5.16923	5.79283	12.9622	9.73484	7.34301	10.6153	3.2386	5.5673	
2.66248	9.36713	8.13566	0	11.2464	8.97353	8.2423	6.38804	10.0993	9.19969	6.10284	4.66292	2.96642	5.57228	4.59952	4.25975	7.06822	11.0171	7.25126	3.36449	
17.7473	13.1527	16.3707	11.2464	0	14.9374	13.3304	15.6521	11.3178	13.9305	5.14351	13.2136	9.90763	15.8337	19.2695	13.7729	10.1462	10.5651	15.2685	6.16632	
6.31105	11.5552	13.5976	8.97353	14.9374	0	1.61904	5.57873	3.27438	0.661651	20.0809	8.31149	16.5551	5.85873	8.2481	7.67936	12.4176	10.4028	8.41297	16.7028	
8.89049	6.31727	7.42886	8.2423	13.3304	1.61904	0	5.62232	2.01261	0.957391	9.24286	7.74121	9.14551	9.11385	8.46575	7.29322	10.92	5.16487	8.43315	10.2072	
3.72557	11.2369	8.01885	6.38804	15.6521	5.57873	5.62232	0	6.82308	6.24038	12.1469	5.726	11.5221	6.63536	4.94331	5.32283	6.8389	8.24419	11.2574	11.1241	
10.5486	8.32988	5.41625	10.0993	11.3178	3.27438	2.01261	6.82308	0	2.61273	7.23024	12.1496	7.13289	15.7279	11.7664	9.30583	12.6092	7.17748	8.65485	7.53096	
6.97271	7.27466	8.02899	9.19969	13.9305	0.661651	0.957391	6.24038	2.61273	0	9.84298	14.7623	9.74563	6.52038	17.3349	8.25061	14.7305	6.12226	9.97208	10.8073	
8.76532	10.5836	9.93335	6.10284	5.14351	20.0809	9.24286	12.1469	7.23024	9.84298	0	7.99791	1.42088	13.4553	8.72246	9.0057	5.37893	5.42158	10.8821	1.02281	
2.00044	4.88035	6.00307	4.66292	13.2136	8.31149	7.74121	5.726	12.1496	14.7623	7.99791	0	7.91681	4.91024	3.93748	3.59771	3.06742	2.57634	2.76447	8.31488	
5.6289	8.23387	5.16923	2.96642	9.90763	16.5551	9.14551	11.5221	7.13289	9.74563	1.42088	7.91681	0	8.58888	9.96981	6.76825	10.0346	10.1857	6.118	0.398065	
2.9098	4.67011	5.79283	5.57228	15.8337	5.85873	9.11385	6.63536	15.7279	6.52038	13.4553	4.91024	8.58888	0	4.84685	1.82063	5.4474	5.8017	2.55423	11.0944	
1.93705	12.6203	12.9622	4.59952	19.2695	8.2481	8.46575	4.94331	11.7664	17.3349	8.72246	3.93748	9.96981	4.84685	0	3.20156	6.82834	3.30088	9.46883	9.99373	
1.59727	8.61211	9.73484	4.25975	13.7729	7.67936	7.29322	5.32283	9.30583	8.25061	9.0057	3.59771	6.76825	1.82063	3.20156	0	3.62678	3.98107	4.37486	7.16632	
5.06786	5.20469	7.34301	7.06822	10.1462	12.4176	10.92	6.8389	12.6092	14.7305	5.37893	3.06742	10.0346	5.4474	6.82834	3.62678	0	5.64376	5.83189	6.40174	
4.57677	9.31939	10.6153	11.0171	10.5651	10.4028	5.16487	8.24419	7.17748	6.12226	5.42158	2.57634	10.1857	5.8017	3.30088	3.98107	5.64376	0	5.34081	6.44439	
4.76491	2.11587	3.2386	7.25126	15.2685	8.41297	8.43315	11.2574	8.65485	9.97208	10.8821	2.76447	6.118	2.55423	9.46883	4.37486	5.83189	5.34081	0	6.51606	
8.31262	12.044	5.5673	3.36449	6.16632	16.7028	10.2072	11.1241	7.53096	10.8073	1.02281	8.31488	0.398065	11.0944	9.99373	7.16632	6.40174	6.44439	6.51606	0	

0	11.8864	5.05864	2.89801	9.15042	15.9972	17.9988	11.1197	11.9895	11.5649	3.7958	5.88702	8.69598	4.14227	9.7786	7.30665	11.8418	8.30386	8.33604	4.16305	
11.8864	0	1.19377	3.35439	9.89297	9.25122	12.0876	11.5046	6.91924	9.48686	5.22071	9.74266	8.80952	7.74414	11.7293	8.34712	14.3658	3.83583	5.37374	6.9701	
5.05864	1.19377	0	2.16063	4.73051	10.445	16.3544	7.75566	5.72547	10.8275	3.05841	7.32882	5.9288	8.40295	5.21891	7.22206	5.87532	2.64206	4.17997	3.42567	
2.89801	3.35439	2.16063	0	5.98856	8.90248	11.8924	7.18164	6.07941	8.66684	0.897787	8.78503	1.41751	6.57801	7.23525	4.0242	8.63911	1.88955	2.16137	1.26504	
9.15042	9.89297	4.73051	5.98856	0	9.32767	8.20243	7.38518	2.19313	11.428	4.17043	5.50627	0.581618	4.77352	14.0947	3.19764	4.05567	6.8261	0.550542	0.73409	
15.9972	9.25122	10.445	8.90248	9.32767	0	2.83641	12.7029	7.13454	0.235645	14.4719	13.8534	18.6378	11.8549	16.8329	15.0193	12.3925	16.1601	16.0779	11.9489	
17.9988	12.0876	16.3544	11.8924	8.20243	2.83641	0	15.6928	9.97095	3.07205	16.9484	19.2395	8.78405	14.6913	19.6693	22.3049	15.3429	18.5762	8.75298	13.073	
11.1197	11.5046	7.75566	7.18164	7.38518	12.7029	15.6928	0	15.341	12.4673	6.10536	9.47576	6.80356	11.9641	6.29165	9.41027	1.84117	5.07443	5.3463	6.95603	
11.9895	6.91924	5.72547	6.07941	2.19313	7.13454	9.97095	15.341	0	7.37019	7.54474	14.3927	2.77474	11.7532	11.9016	12.5444	15.4338	8.36753	2.74367	4.81437	
11.5649	9.48686	10.8275	8.66684	11.428	0.235645	3.07205	12.4673	7.37019	0	9.56463	16.9561	14.4648	12.0906	16.6073	15.0376	12.1568	14.0727	14.1049	9.93188	
3.7958	5.22071	3.05841	0.897787	4.17043	14.4719	16.9484	6.10536	7.54474	9.56463	0	5.67852	2.88284	5.68022	3.56861	3.12642	4.22502	0.99176	3.6267	2.16283	
5.88702	9.74266	7.32882	8.78503	5.50627	13.8534	19.2395	9.47576	14.3927	16.9561	5.67852	0	4.92465	1.99852	4.32261	3.45807	7.63459	4.68676	6.2215	5.07713	
8.69598	8.80952	5.9288	1.41751	0.581618	18.6378	8.78405	6.80356	2.77474	14.4648	2.88284	4.92465	0	5.78041	3.48057	2.61602	7.62285	4.58057	1.0488	0.152472	
4.14227	7.74414	8.40295	6.57801	4.77352	11.8549	14.6913	11.9641	11.7532	12.0906	5.68022	1.99852	5.78041	0	4.02893	3.16438	7.72811	6.67198	4.22298	5.11931	
9.7786	11.7293	5.21891	7.23525	14.0947	16.8329	19.6693	6.29165	11.9016	16.6073	3.56861	4.32261	3.48057	4.02893	0	0.864542	4.45049	2.57685	7.95562	9.23892	
7.30665	8.34712	7.22206	4.0242	3.19764	15.0193	22.3049	9.41027	12.5444	15.0376	3.12642	3.45807	2.61602	3.16438	0.864542	0	5.31503	3.44139	6.73374	2.7685	
11.8418	14.3658	5.87532	8.63911	4.05567	12.3925	15.3429	1.84117	15.4338	12.1568	4.22502	7.63459	7.62285	7.72811	4.45049	5.31503	0	3.23326	3.50513	4.40147	
8.30386	3.83583	2.64206	1.88955	6.8261	16.1601	18.5762	5.07443	8.36753	14.0727	0.99176	4.68676	4.58057	6.67198	2.57685	3.44139	3.23326	0	6.73839	3.72213	
8.33604	5.37374	4.17997	2.16137	0.550542	16.0779	8.75298	5.3463	2.74367	14.1049	3.6267	6.2215	1.0488	4.22298	7.95562	6.73374	3.50513	6.73839	0	0.896332	
4.16305	6.9701	3.42567	1.26504	0.73409	11.9489	13.073	6.95603	4.81437	9.93188	2.16283	5.07713	0.152472	5.11931	9.23892	2.7685	4.40147	3.72213	0.896332	0	

0	10.3851	4.95115	2.98385	8.03691	6.07792	6.40685	3.70724	12.7462	11.0851	3.51478	3.06817	3.81801	4.91855	6.24865	2.63424	5.14997	5.70951	3.31328	3.70411	
10.3851	0	15.3363	8.46521	4.23057	11.0981	5.28467	9.18861	10.2369	6.59968	8.99615	13.4533	14.076	11.8285	16.2199	12.8778	7.11751	11.1909	9.87332	10.0212	
4.95115	15.3363	0	7.935	14.1985	9.78304	12.3007	4.32703	10.6443	10.7189	9.1986	8.01932	9.71181	2.8458	4.82678	7.58539	10.1011	5.24679	8.26444	8.65526	
2.98385	8.46521	7.935	0	11.9126	7.85628	4.25874	0.723399	11.1463	5.63977	0.530933	6.05201	1.6699	2.20463	4.10054	4.4126	8.13381	2.72567	1.4081	1.08685	
8.03691	4.23057	14.1985	11.9126	0	3.30499	1.0541	7.28548	3.88447	2.36911	11.3817	8.44917	3.76262	13.7103	7.02991	10.82	2.88695	13.3574	10.1063	3.75684	
6.07792	11.0981	9.78304	7.85628	3.30499	0	3.09977	5.85225	0.861213	0.935879	10.816	6.63731	10.5531	9.15599	9.04624	3.44368	7.88641	13.0107	10.2859	5.8025	
6.40685	5.28467	12.3007	4.25874	1.0541	3.09977	0	7.93455	2.83037	3.01818	3.25865	10.3489	2.81664	11.1011	5.24728	6.54345	3.94105	12.3033	5.44511	2.70274	
3.70724	9.18861	4.32703	0.723399	7.28548	5.85225	7.93455	0	8.53597	4.91637	1.25433	12.5496	3.72877	1.48123	3.46222	5.136	4.60445	3.44907	2.1315	2.2794	
12.7462	10.2369	10.6443	11.1463	3.88447	0.861213	2.83037	8.53597	0	1.79709	16.4768	9.67801	16.4466	10.124	12.105	4.30489	7.61701	15.1337	11.1471	5.5331	
11.0851	6.59968	10.7189	5.63977	2.36911	0.935879	3.01818	4.91637	1.79709	0	13.7508	11.6445	8.64513	6.3976	12.0793	4.37956	5.25606	15.3215	10.1567	5.72092	
3.51478	8.99615	9.1986	0.530933	11.3817	10.816	3.25865	1.25433	16.4768	13.7508	0	8.01025	0.669816	5.74078	3.10045	4.94353	7.90276	3.2566	1.93904	0.555914	
3.06817	13.4533	8.01932	6.05201	8.44917	6.63731	10.3489	12.5496	9.67801	11.6445	8.01025	0	6.4379	6.23144	4.25045	3.19363	5.56222	9.42528	6.38145	6.77227	
3.81801	14.076	9.71181	1.6699	3.76262	10.5531	2.81664	3.72877	16.4466	8.64513	0.669816	6.4379	0	5.21	2.65844	7.10944	0.875678	10.7098	1.29528	0.113903	
4.91855	11.8285	2.8458	2.20463	13.7103	9.15599	11.1011	1.48123	10.124	6.3976	5.74078	6.23144	5.21	0	1.98099	7.55279	6.12395	7.15582	7.65635	4.52552	
6.24865	16.2199	4.82678	4.10054	7.02991	9.04624	5.24728	3.46222	12.105	12.0793	3.10045	4.25045	2.65844	1.98099	0	5.60256	4.14297	5.17483	5.28691	2.54454	
2.63424	12.8778	7.58539	4.4126	10.82	3.44368	6.54345	5.136	4.30489	4.37956	4.94353	3.19363	7.10944	7.55279	5.60256	0	7.78421	7.13827	5.82071	5.9686	
5.14997	7.11751	10.1011	8.13381	2.88695	7.88641	3.94105	4.60445	7.61701	5.25606	7.90276	5.56222	0.875678	6.12395	4.14297	7.78421	0	9.3178	2.17096	0.989581	
5.70951	11.1909	5.24679	2.72567	13.3574	13.0107	12.3033	3.44907	15.1337	15.3215	3.2566	9.42528	10.7098	7.15582	5.17483	7.13827	9.3178	0	4.13377	4.28166	
3.31328	9.87332	8.26444	1.4081	10.1063	10.2859	5.44511	2.1315	11.1471	10.1567	1.93904	6.38145	1.29528	7.65635	5.28691	5.82071	2.17096	4.13377	0	1.40919	
3.70411	10.0212	8.65526	1.08685	3.75684	5.8025	2.70274	2.2794	5.5331	5.72092	0.555914	6.77227	0.113903	4.52552	2.54454	5.9686	0.989581	4.28166	1.40919	0	

0	9.95639	5.04302	6.43424	16.8027	18.0181	15.7739	11.3044	9.71724	10.9739	5.03078	5.97683	3.93241	5.03699	4.75269	0.771715	11.7448	6.39272	5.0103	4.00109	
9.95639	0	5.51217	3.59114	17.9242	9.31571	9.32603	10.2274	8.38456	9.73422	3.48149	11.3083	2.3621	4.9194	9.05271	9.58936	10.1161	7.14031	3.37146	2.29342	
5.04302	5.51217	0	4.74739	11.5491	3.24125	13.4894	5.63508	13.8967	8.15206	2.20898	5.79611	1.11061	6.18604	6.42894	5.01876	3.74102	5.56384	1.82528	1.17929	
6.43424	3.59114	4.74739	0	8.33714	10.7939	8.74205	2.24055	9.68352	8.62449	0.689123	2.90569	1.36641	7.00652	1.68155	5.62278	9.57035	6.14462	2.37577	1.29772	
16.8027	17.9242	11.5491	8.33714	0	11.1398	3.45315	9.19944	4.39462	14.7548	7.64801	9.6884	8.74638	17.8543	10.9125	12.5817	10.4953	16.4912	9.72378	8.83608	
18.0181	9.31571	3.24125	10.7939	11.1398	0	4.01678	15.574	3.0753	0.418505	11.1608	5.48496	2.49386	6.49728	14.1747	20.6027	3.33172	6.39982	1.41597	2.49402	
15.7739	9.32603	13.4894	8.74205	3.45315	4.01678	0	11.2745	0.941472	10.03	9.43117	12.3001	12.9846	8.21016	10.4236	15.0021	12.5243	4.26599	11.0275	10.0398	
11.3044	10.2274	5.63508	2.24055	9.19944	15.574	11.2745	0	8.23619	12.3135	1.55142	6.09054	2.64979	15.1468	4.21405	6.48508	10.5095	4.91167	10.3571	2.73949	
9.71724	8.38456	13.8967	9.68352	4.39462	3.0753	0.941472	8.23619	0	3.49381	18.4318	15.4346	7.77775	7.26868	12.5937	11.9386	9.32046	3.32452	4.49128	8.17141	
10.9739	9.73422	8.15206	8.62449	14.7548	0.418505	10.03	12.3135	3.49381	0	8.13982	5.06645	7.04145	6.07877	6.29059	10.7487	11.0788	7.40181	1.83448	7.11013	
5.03078	3.48149	2.20898	0.689123	7.64801	11.1608	9.43117	1.55142	18.4318	8.13982	0	4.24717	1.09837	6.17381	2.37067	4.93366	8.95804	5.5516	2.17626	1.16705	
5.97683	11.3083	5.79611	2.90569	9.6884	5.48496	12.3001	6.09054	15.4346	5.06645	4.24717	0	6.90671	6.54912	1.22414	5.4215	6.01231	12.0083	7.62139	4.85577	
3.93241	2.3621	1.11061	1.36641	8.74638	2.49386	12.9846	2.64979	7.77775	7.04145	1.09837	6.90671	0	5.07544	5.92411	4.70413	2.99363	4.45323	1.07788	0.0686826	
5.03699	4.9194	6.18604	7.00652	17.8543	6.49728	8.21016	15.1468	7.26868	6.07877	6.17381	6.54912	5.07544	0	5.32498	4.66996	10.7352	9.52867	6.15332	5.14412	
4.75269	9.05271	6.42894	1.68155	10.9125	14.1747	10.4236	4.21405	12.5937	6.29059	2.37067	1.22414	5.92411	5.32498	0	4.19736	7.23645	11.1454	7.83734	2.97927	
0.771715	9.58936	5.01876	5.62278	12.5817	20.6027	15.0021	6.48508	11.9386	10.7487	4.93366	5.4215	4.70413	4.66996	4.19736	0	10.0598	7.16444	6.84404	6.12173	
11.7448	10.1161	3.74102	9.57035	10.4953	3.33172	12.5243	10.5095	9.32046	11.0788	8.95804	6.01231	2.99363	10.7352	7.23645	10.0598	0	5.99595	1.91574	2.99379	
6.39272	7.14031	5.56384	6.14462	16.4912	6.39982	4.26599	4.91167	3.32452	7.40181	5.5516	12.0083	4.45323	9.52867	11.1454	7.16444	5.99595	0	5.53112	4.52191	
5.0103	3.37146	1.82528	2.37577	9.72378	1.41597	11.0275	10.3571	4.49128	1.83448	2.17626	7.62139	1.07788	6.15332	7.83734	6.84404	1.91574	5.53112	0	1.07805	
4.00109	2.29342	1.17929	1.29772	8.83608	2.49402	10.0398	2.73949	8.17141	7.11013	1.16705	4.85577	0.0686826	5.14412	2.97927	6.12173	2.99379	4.52191	1.07805	0	

0	3.64884	3.42148	5.17918	8.51813	7.78246	6.74623	10.4894	7.87402	8.72758	4.56278	3.18829	3.21093	5.22164	3.48791	4.05668	6.85552	5.90956	6.21766	3.41586	
3.64884	0	1.33282	9.36294	4.86929	4.59287	3.45048	14.1219	8.9447	10.4609	8.38468	6.83713	6.85977	4.81921	2.45058	6.14003	5.39793	10.5175	5.8501	7.28765	
3.42148	1.33282	0	7.58606	6.20211	12.6681	4.7833	9.97568	7.71859	10.6023	4.95721	6.60977	6.63241	2.8515	1.11776	2.50833	4.17182	3.53941	4.51728	4.6367	
5.17918	9.36294	7.58606	0	7.45297	8.27851	5.66002	7.22512	6.63134	10.6184	2.12662	8.88096	1.96824	4.09966	4.36104	2.97047	3.965	5.25498	3.05492	2.17317	
8.51813	4.86929	6.20211	7.45297	0	1.78546	2.92785	5.27068	7.03473	2.95145	7.78606	8.3566	7.13255	12.851	10.7718	11.7218	3.48796	2.69924	4.81845	4.93788	
7.78246	4.59287	12.6681	8.27851	1.78546	0	1.14239	3.48522	8.0043	1.16599	7.66211	6.70528	6.31027	2.06909	3.33542	3.83194	5.27342	0.913775	5.54872	6.51519	
6.74623	3.45048	4.7833	5.66002	2.92785	1.14239	0	4.62762	10.2223	2.30838	7.23498	13.0122	7.45266	5.51682	4.08011	2.68955	8.84841	2.05617	10.6187	8.29977	
10.4894	14.1219	9.97568	7.22512	5.27068	3.48522	4.62762	0	12.5652	4.65121	9.35173	13.6777	9.19336	7.96124	8.85792	9.75396	11.1901	4.399	11.4409	10.1606	
7.87402	8.9447	7.71859	6.63134	7.03473	8.0043	10.2223	12.5652	0	6.83832	6.01494	12.3776	4.66309	12.0751	13.8088	13.0103	3.54677	9.99373	7.66982	4.86802	
8.72758	10.4609	10.6023	10.6184	2.95145	1.16599	2.30838	4.65121	6.83832	0	9.62054	5.5393	7.47625	10.4659	12.0383	13.8807	9.07958	2.07976	6.08499	6.20441	
4.56278	8.38468	4.95721	2.12662	7.78606	7.66211	7.23498	9.35173	6.01494	9.62054	0	6.75435	1.35184	5.57317	3.83944	4.54544	4.2981	6.26109	3.53555	1.55677	
3.18829	6.83713	6.60977	8.88096	8.3566	6.70528	13.0122	13.6777	12.3776	5.5393	6.75435	0	6.39922	10.0013	6.6762	7.24497	11.0524	8.17309	3.53814	3.65757	
3.21093	6.85977	6.63241	1.96824	7.13255	6.31027	7.45266	9.19336	4.66309	7.47625	1.35184	6.39922	0	2.98787	5.19129	4.93872	3.24493	5.44473	0.324347	0.204925	
5.22164	4.81921	2.8515	4.09966	12.851	2.06909	5.51682	7.96124	12.0751	10.4659	5.57317	10.0013	2.98787	0	1.73373	3.1243	5.82295	1.15532	2.90237	2.78295	
3.48791	2.45058	1.11776	4.36104	10.7718	3.33542	4.08011	8.85792	13.8088	12.0383	3.83944	6.6762	5.19129	1.73373	0	1.39057	5.28959	2.42165	5.63504	4.51668	
4.05668	6.14003	2.50833	2.97047	11.7218	3.83194	2.68955	9.75396	13.0103	13.8807	4.54544	7.24497	4.93872	3.1243	1.39057	0	6.93547	3.81221	7.34388	5.90597	
6.85552	5.39793	4.17182	3.965	3.48796	5.27342	8.84841	11.1901	3.54677	9.07958	4.2981	11.0524	3.24493	5.82295	5.28959	6.93547	0	9.08932	3.15943	3.04	
5.90956	10.5175	3.53941	5.25498	2.69924	0.913775	2.05617	4.399	9.99373	2.07976	6.26109	8.17309	5.44473	1.15532	2.42165	3.81221	9.08932	0	4.63495	3.93826	
6.21766	5.8501	4.51728	3.05492	4.81845	5.54872	10.6187	11.4409	7.66982	6.08499	3.53555	3.53814	0.324347	2.90237	5.63504	7.34388	3.15943	4.63495	0	0.119422	
3.41586	7.28765	4.6367	2.17317	4.93788	6.51519	8.29977	10.1606	4.86802	6.20441	1.55677	3.65757	0.204925	2.78295	4.51668	5.90597	3.04	3.93826	0.119422	0	

0	5.08005	5.36504	4.21667	16.884	14.6483	5.3744	12.9904	12.853	15.1055	3.20552	1.23201	3.7008	1.5624	5.48197	2.66157	3.94438	4.8526	4.54651	4.24478	
5.08005	0	7.86997	4.44138	11.9437	4.20059	1.74082	5.96597	7.76554	6.76555	3.43022	5.88321	3.7892	6.34864	5.23888	2.41848	4.43801	6.79576	4.77121	3.66626	
5.36504	7.86997	0	4.50628	9.63054	7.07663	8.52693	12.2821	12.3102	13.6938	3.29732	4.38454	2.80204	3.80263	2.27462	5.09503	3.23609	4.14431	3.62223	2.92497	
4.21667	4.44138	4.50628	0	11.0456	8.44445	8.57231	12.1261	7.80388	6.73042	1.01116	4.95501	1.50644	6.31351	3.65859	4.59077	2.01894	3.9883	1.95537	2.73762	
16.884	11.9437	9.63054	11.0456	0	9.87921	12.3164	16.5416	11.427	10.1627	7.37104	10.7524	6.87576	13.4332	9.42398	13.863	8.55264	7.64442	7.69595	6.99869	
14.6483	4.20059	7.07663	8.44445	9.87921	0	2.45978	3.03645	6.90696	0.283535	4.76987	6.60216	4.27459	14.8238	6.82281	9.68545	10.7039	11.6121	5.09478	3.38283	
5.3744	1.74082	8.52693	8.57231	12.3164	2.45978	0	4.22516	6.02473	2.74331	5.17104	4.14239	6.73437	13.1822	9.40571	4.15929	11.4278	14.1666	10.5277	5.40708	
12.9904	5.96597	12.2821	12.1261	16.5416	3.03645	4.22516	0	10.2499	2.75292	10.0538	8.36754	8.64875	11.2082	11.5371	13.0322	9.046	9.95422	9.6689	5.85221	
12.853	7.76554	12.3102	7.80388	11.427	6.90696	6.02473	10.2499	0	7.19049	8.81504	10.1671	10.1427	15.4785	17.7001	12.3946	9.05007	8.14185	9.75925	11.2713	
15.1055	6.76555	13.6938	6.73042	10.1627	0.283535	2.74331	2.75292	7.19049	0	4.82575	11.4355	3.22223	5.78167	13.44	7.60564	10.4126	6.22878	4.24238	3.09929	
3.20552	3.43022	3.29732	1.01116	7.37104	4.76987	5.17104	10.0538	8.81504	4.82575	0	4.37197	0.495282	4.40885	3.0435	5.60192	1.00779	1.91601	1.31547	0.618217	
1.23201	5.88321	4.38454	4.95501	10.7524	6.60216	4.14239	8.36754	10.1671	11.4355	4.37197	0	3.87669	2.79441	6.42491	3.89358	5.17639	14.7547	4.69688	3.99962	
3.7008	3.7892	2.80204	1.50644	6.87576	4.27459	6.73437	8.64875	10.1427	3.22223	0.495282	3.87669	0	2.80532	2.52342	4.62928	1.50307	3.25243	0.820191	0.122935	
1.5624	6.34864	3.80263	6.31351	13.4332	14.8238	13.1822	11.2082	15.4785	5.78167	4.40885	2.79441	2.80532	0	6.07726	4.22397	5.50678	5.81188	3.82547	2.68238	
5.48197	5.23888	2.27462	3.65859	9.42398	6.82281	9.40571	11.5371	17.7001	13.44	3.0435	6.42491	2.52342	6.07726	0	2.8204	2.4911	3.39932	1.70323	2.67116	
2.66157	2.41848	5.09503	4.59077	13.863	9.68545	4.15929	13.0322	12.3946	7.60564	5.60192	3.89358	4.62928	4.22397	2.8204	0	5.3115	6.21856	4.52363	4.50635	
3.94438	4.43801	3.23609	2.01894	8.55264	10.7039	11.4278	9.046	9.05007	10.4126	1.00779	5.17639	1.50307	5.50678	2.4911	5.3115	0	0.908221	2.34878	2.73425	
4.8526	6.79576	4.14431	3.9883	7.64442	11.6121	14.1666	9.95422	8.14185	6.22878	1.91601	14.7547	3.25243	5.81188	3.39932	6.21856	0.908221	0	4.27258	3.12949	
4.54651	4.77121	3.62223	1.95537	7.69595	5.09478	10.5277	9.6689	9.75925	4.24238	1.31547	4.69688	0.820191	3.82547	1.70323	4.52363	2.34878	4.27258	0	0.943126	
4.24478	3.66626	2.92497	2.73762	6.99869	3.38283	5.40708	5.85221	11.2713	3.09929	0.618217	3.99962	0.122935	2.68238	2.67116	4.50635	2.73425	3.12949	0.943126	0	

0	8.18255	14.9682	5.72969	7.99789	7.59873	5.58306	5.94908	11.7145	7.3724	4.32527	9.73107	4.64397	6.44521	6.2419	4.13907	7.57309	4.21508	6.19407	4.88373	
8.18255	0	13.6176	6.58702	7.20189	11.7864	12.0969	7.92729	15.7684	10.65	7.99144	12.0972	11.8886	13.3911	11.7521	12.2568	10.6025	9.74173	7.33898	7.22116	
14.9682	13.6176	0	3.57406	13.16	14.5564	15.3521	9.54561	14.9631	12.7872	4.25983	2.2819	3.17968	8.66517	7.97315	9.68442	13.8576	14.4603	5.32958	2.93993	
5.72969	6.58702	3.57406	0	3.31782	6.57224	5.50988	1.34027	6.7578	4.58184	1.40442	5.51018	0.873891	6.80408	5.16506	3.69426	4.01546	3.75338	0.751954	0.634139	
7.99789	7.20189	13.16	3.31782	0	4.94338	6.95905	4.65809	6.87725	6.07976	4.72224	8.82801	8.61939	8.44633	8.48288	8.98761	7.33328	12.213	4.06978	3.95196	
7.59873	11.7864	14.5564	6.57224	4.94338	0	2.01567	4.37795	1.93387	1.13638	9.66379	12.2745	6.53707	13.3897	8.68167	10.7778	4.0057	9.68553	6.6841	9.07375	
5.58306	12.0969	15.3521	5.50988	6.95905	2.01567	0	5.03091	3.94953	1.78934	6.9143	11.0201	7.70783	12.314	10.6749	9.72213	1.99003	9.79814	6.26183	6.14402	
5.94908	7.92729	9.54561	1.34027	4.65809	4.37795	5.03091	0	5.41753	3.24157	2.74469	6.3922	1.3051	5.78671	6.50533	7.01006	5.35573	12.8647	2.09223	1.54485	
11.7145	15.7684	14.9631	6.7578	6.87725	1.93387	3.94953	5.41753	0	3.07024	13.4144	14.2083	6.72263	15.7218	10.6155	14.8275	7.9497	9.60413	8.61797	20.2672	
7.3724	10.65	12.7872	4.58184	6.07976	1.13638	1.78934	3.24157	3.07024	0	9.43747	13.4108	4.54667	12.4416	9.81805	10.1355	3.77937	9.80096	6.79953	9.18918	
4.32527	7.99144	4.25983	1.40442	4.72224	9.66379	6.9143	2.74469	13.4144	9.43747	0	6.9146	1.55966	4.59599	4.44714	2.28984	5.41988	7.51318	2.15638	1.31991	
9.73107	12.0972	2.2819	5.51018	8.82801	12.2745	11.0201	6.3922	14.2083	13.4108	6.9146	0	5.0871	6.38327	5.69125	7.40252	9.52564	11.637	6.26214	5.22183	
4.64397	11.8886	3.17968	0.873891	8.61939	6.53707	7.70783	1.3051	6.72263	4.54667	1.55966	5.0871	0	4.48161	6.46059	4.30329	5.71781	4.55152	1.5501	0.239752	
6.44521	13.3911	8.66517	6.80408	8.44633	13.3897	12.314	5.78671	15.7218	12.4416	4.59599	6.38327	4.48161	0	9.36655	2.30615	10.1994	6.11771	6.0317	4.72136	
6.2419	11.7521	7.97315	5.16506	8.48288	8.68167	10.6749	6.50533	10.6155	9.81805	4.44714	5.69125	6.46059	9.36655	0	6.73699	9.18052	5.94572	5.91701	5.76705	
4.13907	12.2568	9.68442	3.69426	8.98761	10.7778	9.72213	7.01006	14.8275	10.1355	2.28984	7.40252	4.30329	2.30615	6.73699	0	7.75459	5.22334	4.0937	3.60975	
7.57309	10.6025	13.8576	4.01546	7.33328	4.0057	1.99003	5.35573	7.9497	3.77937	5.41988	9.52564	5.71781	10.1994	9.18052	7.75459	0	11.6477	4.76741	4.6496	
4.21508	9.74173	14.4603	3.75338	12.213	9.68553	9.79814	12.8647	9.60413	9.80096	7.51318	11.637	4.55152	6.11771	5.94572	5.22334	11.6477	0	3.00143	5.39108	
6.19407	7.33898	5.32958	0.751954	4.06978	6.6841	6.26183	2.09223	8.61797	6.79953	2.15638	6.26214	1.5501	6.0317	5.91701	4.0937	4.76741	3.00143	0	1.38609	
4.88373	7.22116	2.93993	0.634139	3.95196	9.07375	6.14402	1.54485	20.2672	9.18918	1.31991	5.22183	0.239752	4.72136	5.76705	3.60975	4.6496	5.39108	1.38609	0	

0	5.0672	9.2528	5.29927	13.0439	9.76016	13.2085	10.8238	9.76431	10.8377	5.67376	2.64068	5.41893	0.557834	7.0091	2.93037	6.04215	6.48873	3.65529	4.98856	
5.0672	0	9.54352	3.0559	8.87637	11.2494	10.0809	14.2367	7.52094	10.6336	3.43039	6.43939	2.29129	8.52224	3.88146	3.96877	7.27105	4.24536	1.41192	1.86092	
9.2528	9.54352	0	4.89822	8.58571	6.64406	12.3493	7.55958	7.33315	5.56657	5.24251	7.20371	2.99431	12.2424	7.71417	10.6885	4.45776	10.9651	6.5422	3.42468	
5.29927	3.0559	4.89822	0	3.68749	11.4551	8.46364	6.50744	7.753	10.4648	1.21446	6.15158	1.94217	16.3486	4.90229	2.84604	3.40562	4.47743	1.64398	2.37255	
13.0439	8.87637	8.58571	3.68749	0	7.76757	4.77615	5.66275	9.7923	8.84506	4.90196	17.9532	5.62966	17.3178	13.4056	8.76794	10.1665	12.8949	5.33148	6.56924	
9.76016	11.2494	6.64406	11.4551	7.76757	0	12.5437	5.95574	17.5895	1.07749	8.57234	17.7094	7.00562	10.318	11.4091	15.5166	4.44002	11.7591	13.4154	9.38851	
13.2085	10.0809	12.3493	8.46364	4.77615	12.5437	0	10.4389	5.01615	16.016	11.9125	9.87208	8.65035	21.4737	10.2405	14.7369	15.9894	18.2543	11.1252	8.21997	
10.8238	14.2367	7.55958	6.50744	5.66275	5.95574	10.4389	0	12.7781	4.99391	6.81348	8.77468	4.56527	17.488	7.74281	8.0928	6.02872	7.23218	8.27998	4.99565	
9.76431	7.52094	7.33315	7.753	9.7923	17.5895	5.01615	12.7781	0	12.8997	8.1275	4.85592	8.21284	6.93877	11.6658	8.66587	9.67629	8.94247	6.10902	8.64322	
10.8377	10.6336	5.56657	10.4648	8.84506	1.07749	16.016	4.99391	12.8997	0	6.39271	16.0936	4.82599	8.84685	11.2992	12.9701	3.36253	9.57948	12.9761	9.27868	
5.67376	3.43039	5.24251	1.21446	4.90196	8.57234	11.9125	6.81348	8.1275	6.39271	0	6.45761	2.2482	4.00411	1.98157	1.63157	3.03017	4.85192	2.01848	2.67858	
2.64068	6.43939	7.20371	6.15158	17.9532	17.7094	9.87208	8.77468	4.85592	16.0936	6.45761	0	4.20941	2.08285	6.59823	4.45539	5.67286	14.7482	7.85131	4.63978	
5.41893	2.29129	2.99431	1.94217	5.62966	7.00562	8.65035	4.56527	8.21284	4.82599	2.2482	4.20941	0	6.29226	2.45092	3.87978	1.46345	6.54815	3.58615	0.430374	
0.557834	8.52224	12.2424	16.3486	17.3178	10.318	21.4737	17.488	6.93877	8.84685	4.00411	2.08285	6.29226	0	2.72254	2.37254	5.48432	11.7013	4.21312	5.54639	
7.0091	3.88146	7.71417	4.90229	13.4056	11.4091	10.2405	7.74281	11.6658	11.2992	1.98157	6.59823	2.45092	2.72254	0	0.349995	6.18331	3.14047	2.90685	2.02054	
2.93037	3.96877	10.6885	2.84604	8.76794	15.5166	14.7369	8.0928	8.66587	12.9701	1.63157	4.45539	3.87978	2.37254	0.349995	0	4.66174	3.49047	2.55685	2.37054	
6.04215	7.27105	4.45776	3.40562	10.1665	4.44002	15.9894	6.02872	9.67629	3.36253	3.03017	5.67286	1.46345	5.48432	6.18331	4.66174	0	6.21695	5.04865	1.89382	
6.48873	4.24536	10.9651	4.47743	12.8949	11.7591	18.2543	7.23218	8.94247	9.57948	4.85192	14.7482	6.54815	11.7013	3.14047	3.49047	6.21695	0	2.83345	5.16101	
3.65529	1.41192	6.5422	1.64398	5.33148	13.4154	11.1252	8.27998	6.10902	12.9761	2.01848	7.85131	3.58615	4.21312	2.90685	2.55685	5.04865	2.83345	0	3.27283	
4.98856	1.86092	3.42468	2.37255	6.56924	9.38851	8.21997	4.99565	8.64322	9.27868	2.67858	4.63978	0.430374	5.54639	2.02054	2.37054	1.89382	5.16101	3.27283	0	

0	11.6687	11.2899	9.91999	7.15155	4.08673	19.2726	7.81593	13.7764	10.0625	3.84564	0.982752	12.6676	5.12213	6.95201	1.634	4.09382	5.72711	6.78568	10.8536	
11.6687	0	2.90019	4.63426	1.623	4.76085	3.63867	20.4481	3.28113	9.69397	5.04165	7.44238	4.61103	8.35114	11.0562	9.31015	4.38575	4.86514	1.63945	3.70067	
11.2899	2.90019	0	1.55921	5.46045	5.42519	13.4171	23.4526	7.11859	9.14535	2.27532	7.06367	4.23232	7.97243	12.4541	7.87791	4.00704	3.30358	1.26074	2.4928	
9.91999	4.63426	1.55921	0	4.98653	6.98439	15.0158	6.20981	13.4228	8.72184	0.716114	3.57901	1.93851	6.3888	4.12512	5.83749	2.278	1.74438	2.81995	0.93359	
7.15155	1.623	5.46045	4.98653	0	3.13785	2.01568	12.3189	4.90413	6.85802	9.03169	6.1688	6.56648	10.3082	5.62289	5.59058	5.45257	3.24215	3.26245	5.32366	
4.08673	4.76085	5.42519	6.98439	3.13785	0	5.15353	7.96808	3.66899	3.72017	11.8018	8.34017	8.65528	16.8797	7.02887	2.45273	4.91254	6.38	6.68593	12.0192	
19.2726	3.63867	13.4171	15.0158	2.01568	5.15353	0	16.178	3.8437	10.0867	5.9736	8.18448	8.58216	18.8681	15.0275	5.8967	3.43689	5.25783	6.18319	4.78129	
7.81593	20.4481	23.4526	6.20981	12.3189	7.96808	16.178	0	17.167	4.24791	5.49369	8.35658	9.18302	11.1664	12.6351	9.44993	8.0304	10.2544	13.6459	6.83468	
13.7764	3.28113	7.11859	13.4228	4.90413	3.66899	3.8437	17.167	0	7.38916	10.7489	12.7936	13.5598	16.933	10.6979	6.12172	7.28059	11.6438	4.92058	6.9818	
10.0625	9.69397	9.14535	8.72184	6.85802	3.72017	10.0867	4.24791	7.38916	0	9.74161	14.2398	4.93511	18.6172	8.42511	6.17289	10.8884	6.97747	7.90669	5.94003	
3.84564	5.04165	2.27532	0.716114	9.03169	11.8018	5.9736	5.49369	10.7489	9.74161	0	2.86289	2.34591	5.67269	8.69657	4.99653	2.53671	2.46049	4.27925	1.34099	
0.982752	7.44238	7.06367	3.57901	6.1688	8.34017	8.18448	8.35658	12.7936	14.2398	2.86289	0	8.77451	4.13938	11.2055	2.61676	5.3996	9.41095	5.80292	4.20388	
12.6676	4.61103	4.23232	1.93851	6.56648	8.65528	8.58216	9.18302	13.5598	4.93511	2.34591	8.77451	0	9.68327	3.49	8.808	2.34933	5.87074	2.97158	1.00492	
5.12213	8.35114	7.97243	6.3888	10.3082	16.8797	18.8681	11.1664	16.933	18.6172	5.67269	4.13938	9.68327	0	16.2701	6.79839	8.2094	18.52	6.71169	7.01367	
6.95201	11.0562	12.4541	4.12512	5.62289	7.02887	15.0275	12.6351	10.6979	8.42511	8.69657	11.2055	3.49	16.2701	0	5.318	7.77782	2.38074	6.46158	4.49492	
1.634	9.31015	7.87791	5.83749	5.59058	2.45273	5.8967	9.44993	6.12172	6.17289	4.99653	2.61676	8.808	6.79839	5.318	0	2.45982	4.09311	5.20612	3.80422	
4.09382	4.38575	4.00704	2.278	5.45257	4.91254	3.43689	8.0304	7.28059	10.8884	2.53671	5.3996	2.34933	8.2094	7.77782	2.45982	0	6.55293	2.7463	1.34441	
5.72711	4.86514	3.30358	1.74438	3.24215	6.38	5.25783	10.2544	11.6438	6.97747	2.46049	9.41095	5.87074	18.52	2.38074	4.09311	6.55293	0	9.40899	2.67797	
6.78568	1.63945	1.26074	2.81995	3.26245	6.68593	6.18319	13.6459	4.92058	7.90669	4.27925	5.80292	2.97158	6.71169	6.46158	5.20612	2.7463	9.40899	0	2.93826	
10.8536	3.70067	2.4928	0.93359	5.32366	12.0192	4.78129	6.83468	6.9818	5.94003	1.34099	4.20388	1.00492	7.01367	4.49492	3.80422	1.34441	2.67797	2.93826	0	

-111