20
5
2
3
20

6	25
1	50
11	25
47	42
3	33

22	35
37	29
8	32
40	14
47	10
42	35
5	14
4	36
42	25
29	13
40	12
50	19
49	12
45	9
11	8
25	5
17	28
33	35
2	41
7	15

150

1.79769e+308
1.79769e+308
1.79769e+308
1.79769e+308
1.79769e+308

14
17
16
17
17
12
20
15
15
12
13
15
11
18
13
13
19
18
19
14

0
0
0
0
0

0

0	8.15843	2.35	8.87694	7.43328	9.48571	13.7531	4.25394	10.104	22.2655	13.9523	8.61498	6.14919	9.36	6.48556	11.5664	11.8578	11.4918	21.4616	7.26522	7.6377	2.28035	5.7732	11.0613	6.83392	
8.15843	0	10.5084	12.6064	7.43128	9.54858	12.8228	10.4364	26.6969	18.741	17.6818	10.5042	6.87255	14.0983	14.644	20.6708	20.4927	21.6264	18.574	11.2253	18.9525	10.4388	7.77506	3.80326	12.9183	
2.35	10.5084	0	11.2269	6.67509	7.13571	13.0913	1.90394	7.75403	16.3281	16.2169	6.26498	5.08498	10.4373	8.83556	10.954	16.4869	12.1794	16.1611	7.83216	12.2668	4.63035	9.66571	10.3031	6.13909	
8.87694	12.6064	11.2269	0	15.6192	22.155	9.37101	17.3125	13.4454	9.86851	5.07537	15.1433	15.0261	9.67537	14.0262	12.0143	7.88624	9.01998	14.5799	14.8553	21.0928	11.1573	16.7754	16.4097	15.1532	
7.43328	7.43128	6.67509	15.6192	0	9.17039	13.7671	5.40496	14.4291	14.9675	10.5438	12.9401	4.80666	15.0425	12.793	16.5939	17.9025	17.7992	14.0283	14.6985	13.6823	8.325	8.71931	3.62802	12.8142	
9.48571	9.54858	7.13571	22.155	9.17039	0	7.57777	9.03966	14.8897	9.19239	14.23	13.4007	12.2207	8.8532	12.6469	11.591	18.3518	10.0409	9.02541	8.16333	13.7074	6.02285	2.53	12.7984	9.85641	
13.7531	12.8228	13.0913	9.37101	13.7671	7.57777	0	13.6088	7.86092	16.7459	4.29564	9.85913	16.6547	8.89564	9.74179	4.66092	10.0318	13.7239	7.22654	8.64531	13.765	8.54062	5.04777	19.3961	6.95224	
4.25394	10.4364	1.90394	17.3125	5.40496	9.03966	13.6088	0	9.65797	26.3946	15.9488	8.16893	3.56382	14.8842	16.6049	26.2251	22.6765	19.1737	19.4333	11.4239	18.4563	8.81339	8.56098	9.03298	8.04303	
10.104	26.6969	7.75403	13.4454	14.4291	14.8897	7.86092	9.65797	0	5.27391	7.28328	13.3666	12.839	2.68328	8.28087	3.2	7.32452	4.42538	5.76562	17.274	8.74643	14.1038	9.00648	18.9521	13.8931	
22.2655	18.741	16.3281	9.86851	14.9675	9.19239	16.7459	26.3946	5.27391	0	21.5243	22.2515	22.3527	14.4542	5.85477	3.50477	3.74767	0.848528	0.939149	17.3557	17.6639	17.9668	11.7224	31.117	23.4424	
13.9523	17.6818	16.2169	5.07537	10.5438	14.23	4.29564	15.9488	7.28328	21.5243	0	12.9847	15.3505	4.6	12.0103	8.95656	12.9616	14.0953	23.5893	11.7709	14.9619	15.1928	9.34341	14.1719	10.0778	
8.61498	10.5042	6.26498	15.1433	12.9401	13.4007	9.85913	8.16893	13.3666	22.2515	12.9847	0	8.36863	18.979	14.9205	10.1666	15.5374	23.4866	12.7322	4.59996	19.2707	13.1744	16.0279	14.3075	2.90689	
6.14919	6.87255	5.08498	15.0261	4.80666	12.2207	16.6547	3.56382	12.839	22.3527	15.3505	8.36863	0	15.5092	12.6347	18.5352	26.5209	22.3547	18.835	13.4144	22.3008	8.42954	11.6069	6.6776	11.2241	
9.36	14.0983	10.4373	9.67537	15.0425	8.8532	8.89564	14.8842	2.68328	14.4542	4.6	18.979	15.5092	0	13.8933	5.88328	9.9	7.10866	11.3781	13.6371	11.4297	9.81605	6.3232	23.5435	14.6778	
6.48556	14.644	8.83556	14.0262	12.793	12.6469	9.74179	16.6049	8.28087	5.85477	12.0103	14.9205	12.6347	13.8933	0	5.08087	7.42571	5.00625	7.64648	4.48357	2.95161	8.30896	11.7975	16.421	6.17664	
11.5664	20.6708	10.954	12.0143	16.5939	11.591	4.66092	26.2251	3.2	3.50477	8.95656	10.1666	18.5352	5.88328	5.08087	0	5.37088	7.62538	2.56562	9.56444	8.03248	14.4615	9.70869	28.3679	11.6132	
11.8578	20.4927	16.4869	7.88624	17.9025	18.3518	10.0318	22.6765	7.32452	3.74767	12.9616	15.5374	26.5209	9.9	7.42571	5.37088	0	2.89914	7.9365	11.346	10.3773	9.57747	13.0703	21.6856	13.0391	
11.4918	21.6264	12.1794	9.01998	17.7992	10.0409	13.7239	19.1737	4.42538	0.848528	14.0953	23.4866	22.3547	7.10866	5.00625	7.62538	2.89914	0	1.78768	9.48982	7.95786	12.4766	22.1341	28.4678	23.4088	
21.4616	18.574	16.1611	14.5799	14.0283	9.02541	7.22654	19.4333	5.76562	0.939149	23.5893	12.7322	18.835	11.3781	7.64648	2.56562	7.9365	1.78768	0	17.1887	11.6697	17.7998	11.5554	17.6563	23.0825	
7.26522	11.2253	7.83216	14.8553	14.6985	8.16333	8.64531	11.4239	17.274	17.3557	11.7709	4.59996	13.4144	13.6371	4.48357	9.56444	11.346	9.48982	17.1887	0	7.43518	9.54557	7.31391	14.137	1.69307	
7.6377	18.9525	12.2668	21.0928	13.6823	13.7074	13.765	18.4563	8.74643	17.6639	14.9619	19.2707	22.3008	11.4297	2.95161	8.03248	10.3773	7.95786	11.6697	7.43518	0	5.35735	8.8502	17.4655	22.6454	
2.28035	10.4388	4.63035	11.1573	8.325	6.02285	8.54062	8.81339	14.1038	17.9668	15.1928	13.1744	8.42954	9.81605	8.30896	14.4615	9.57747	12.4766	17.7998	9.54557	5.35735	0	3.49285	11.953	9.11427	
5.7732	7.77506	9.66571	16.7754	8.71931	2.53	5.04777	8.56098	9.00648	11.7224	9.34341	16.0279	11.6069	6.3232	11.7975	9.70869	13.0703	22.1341	11.5554	7.31391	8.8502	3.49285	0	11.5783	9.00699	
11.0613	3.80326	10.3031	16.4097	3.62802	12.7984	19.3961	9.03298	18.9521	31.117	14.1719	14.3075	6.6776	23.5435	16.421	28.3679	21.6856	28.4678	17.6563	14.137	17.4655	11.953	11.5783	0	12.4439	
6.83392	12.9183	6.13909	15.1532	12.8142	9.85641	6.95224	8.04303	13.8931	23.4424	10.0778	2.90689	11.2241	14.6778	6.17664	11.6132	13.0391	23.4088	23.0825	1.69307	22.6454	9.11427	9.00699	12.4439	0	

0	14.0722	6.35	12.5991	7.34784	5.84907	15.8376	4.22246	10.8526	9.36674	24.9148	5.3729	8.74795	15.03	9.00032	12.4676	14.3346	17.0942	8.85244	12.7073	14.9713	9.36869	11.7763	9.12154	3.91945	
14.0722	0	18.8363	24.3293	3.94699	9.69031	25.4833	9.84974	12.2073	26.3969	12.6896	15.1417	11.005	17.5739	24.9668	14.5673	17.4621	16.0796	17.6521	28.6738	16.5806	7.92963	17.4035	2.17329	14.7883	
6.35	18.8363	0	19.2216	11.54	12.1991	11.7577	8.53405	14.0466	26.8207	12.68	8.73481	11.4141	8.68	9.30232	20.9501	11.38	13.7078	14.5799	17.6195	18.9621	3.01869	9.66644	8.77503	8.83167	
12.5991	24.3293	19.2216	0	19.3469	6.74999	4.42833	17.094	12.1219	6.72	12.0433	12.2034	14.7616	13.0085	11.4049	13.8545	17.3767	10.1424	7.2343	33.7616	16.4951	17.4169	6.51955	14.267	16.3464	
7.34784	3.94699	11.54	19.3469	0	9.29072	16.1591	9.11079	11.1742	28.7963	12.29	5.69443	4.5853	19.5292	9.32186	22.3284	19.2904	26.5577	16.2003	13.0289	24.1741	7.53003	16.732	1.7737	4.24099	
5.84907	9.69031	12.1991	6.74999	9.29072	0	11.0012	10.0715	10.5103	8.13173	14.58	16.383	16.3487	15.8768	23.5485	12.8703	15.765	11.5541	8.64602	28.5307	14.8835	10.6669	8.91	7.51702	9.76852	
15.8376	25.4833	11.7577	4.42833	16.1591	11.0012	0	9.64503	13.9467	7.72953	7.76122	7.77506	14.8588	8.58019	6.97653	14.864	11.2802	11.1519	8.24382	14.2239	16.6363	13.4912	2.09122	19.6543	9.22851	
4.22246	9.84974	8.53405	17.094	9.11079	10.0715	9.64503	0	11.8717	16.1981	13.2238	5.292	4.52548	12.8122	10.0194	16.3117	10.1122	12.3749	13.0749	11.7408	14.9959	5.51536	7.55381	10.9519	4.93852	
10.8526	12.2073	14.0466	12.1219	11.1742	10.5103	13.9467	11.8717	0	5.95902	9.36656	8.38663	16.9034	5.36656	8.27771	2.36	5.25476	3.87221	5.44472	15.721	4.37321	17.8253	16.3985	14.3806	6.93318	
9.36674	26.3969	26.8207	6.72	28.7963	8.13173	7.72953	16.1981	5.95902	0	9.4328	15.5046	21.4816	16.3097	5.79187	4.12949	5.68514	3.4224	0.514296	21.9436	6.63312	16.4181	9.82075	15.6487	18.3295	
24.9148	12.6896	12.68	12.0433	12.29	14.58	7.76122	13.2238	9.36656	9.4328	0	16.9131	18.4376	4	10.4159	19.6004	6.7	6.01041	14.7604	20.9581	20.9035	16.2727	5.67	10.5163	16.3246	
5.3729	15.1417	8.73481	12.2034	5.69443	16.383	7.77506	5.292	8.38663	15.5046	16.9131	0	9.81749	16.3552	6.53431	23.6475	15.4042	13.2136	17.3903	6.44881	20.2879	5.71612	9.86628	11.4725	1.45344	
8.74795	11.005	11.4141	14.7616	4.5853	16.3487	14.8588	4.52548	16.9034	21.4816	18.4376	9.81749	0	22.6311	15.0511	20.768	14.6376	22.3484	20.2093	16.7995	19.5214	8.39539	12.0793	6.359	8.82629	
15.03	17.5739	8.68	13.0085	19.5292	15.8768	8.58019	12.8122	5.36656	16.3097	4	16.3552	22.6311	0	6.72289	7.72656	2.7	4.96274	10.8113	16.4373	9.73978	11.6987	9.67	14.5163	11.8038	
9.00032	24.9668	9.30232	11.4049	9.32186	23.5485	6.97653	10.0194	8.27771	5.79187	10.4159	6.53431	15.0511	6.72289	0	8.89277	6.66824	4.4055	5.27758	9.7144	9.65981	12.321	9.06775	21.76	5.08087	
12.4676	14.5673	20.9501	13.8545	22.3284	12.8703	14.864	16.3117	2.36	4.12949	19.6004	23.6475	20.768	7.72656	8.89277	0	7.61476	6.23221	3.61519	18.1502	6.73321	17.9314	21.6183	20.5547	9.29318	
14.3346	17.4621	11.38	17.3767	19.2904	15.765	11.2802	10.1122	5.25476	5.68514	6.7	15.4042	14.6376	2.7	6.66824	7.61476	0	2.26274	10.6995	20.666	9.62797	12.6559	13.732	18.4123	12.1879	
17.0942	16.0796	13.7078	10.1424	26.5577	11.5541	11.1519	12.3749	3.87221	3.4224	6.01041	13.2136	22.3484	4.96274	4.4055	6.23221	2.26274	0	3.93669	14.1199	8.24542	13.9531	11.6804	16.5268	9.48636	
8.85244	17.6521	14.5799	7.2343	16.2003	8.64602	8.24382	13.0749	5.44472	0.514296	14.7604	17.3903	20.2093	10.8113	5.27758	3.61519	10.6995	3.93669	0	14.992	6.11882	15.9038	23.2376	21.6601	10.3584	
12.7073	28.6738	17.6195	33.7616	13.0289	28.5307	14.2239	11.7408	15.721	21.9436	20.9581	6.44881	16.7995	16.4373	9.7144	18.1502	20.666	14.1199	14.992	0	17.4677	12.1649	24.6488	25.1935	7.90226	
14.9713	16.5806	18.9621	16.4951	24.1741	14.8835	16.6363	14.9959	4.37321	6.63312	20.9035	20.2879	19.5214	9.73978	9.65981	6.73321	9.62797	8.24542	6.11882	17.4677	0	20.5112	22.5497	32.7352	11.3064	
9.36869	7.92963	3.01869	17.4169	7.53003	10.6669	13.4912	5.51536	17.8253	16.4181	16.2727	5.71612	8.39539	11.6987	12.321	17.9314	12.6559	13.9531	15.9038	12.1649	20.5112	0	12.6851	5.75634	7.16956	
11.7763	17.4035	9.66644	6.51955	16.732	8.91	2.09122	7.55381	16.3985	9.82075	5.67	9.86628	12.0793	9.67	9.06775	21.6183	13.732	11.6804	23.2376	24.6488	22.5497	12.6851	0	16.1863	12.4923	
9.12154	2.17329	8.77503	14.267	1.7737	7.51702	19.6543	10.9519	14.3806	15.6487	10.5163	11.4725	6.359	14.5163	21.76	20.5547	18.4123	16.5268	21.6601	25.1935	32.7352	5.75634	16.1863	0	6.01469	
3.91945	14.7883	8.83167	16.3464	4.24099	9.76852	9.22851	4.93852	6.93318	18.3295	16.3246	1.45344	8.82629	11.8038	5.08087	9.29318	12.1879	9.48636	10.3584	7.90226	11.3064	7.16956	12.4923	6.01469	0	

0	9.06922	2.9	17.2323	1.7088	6.76518	10.4727	5.87015	7.50438	13.6317	16.4398	7.44029	4.9027	9	7.87566	8.18438	18.5	14.9487	12.9491	9.7	18.5338	9.34944	14.972	6.54616	6.99273	
9.06922	0	14.8827	21.8782	7.36041	19.3965	20.3886	9.37757	19.4871	17.8897	13.5339	12.4964	8.76482	20.9827	19.0242	17.1201	13.336	19.0636	20.7151	19.7961	23.1888	19.5053	24.8739	4.61825	11.0083	
2.9	14.8827	0	14.3323	4.6088	3.86518	16.3419	2.97015	8.62512	13.478	15.2652	6.82073	3.78114	11.9	4.97566	7.94512	11.7292	10.8251	9.98596	6.8	13.5622	11.8064	16.6032	7.72948	4.09273	
17.2323	21.8782	14.3323	0	28.3349	18.1975	20.3375	17.3025	13.1673	7.04	8.34426	23.6965	18.1135	15.6107	18.8233	11.6284	11.5937	9.04818	8.49344	21.1323	17.9992	26.1388	19.6843	25.2928	18.4251	
1.7088	7.36041	4.6088	28.3349	0	6.79945	19.7237	7.8015	9.21318	17.7662	18.1486	5.73149	3.1939	10.7088	20.3375	19.3377	20.6964	16.3024	19.8404	8.96625	20.5639	11.0582	15.1815	4.83735	8.45949	
6.76518	19.3965	3.86518	18.1975	6.79945	0	15.7603	3.57946	7.98154	12.8344	11.4	12.1944	3.60555	15.4289	8.84084	7.30154	11.0856	10.1815	9.34237	9.3779	16.3419	12.1293	19.25	7.75213	7.9579	
10.4727	20.3886	16.3419	20.3375	19.7237	15.7603	0	21.5745	9.07535	11.6062	10.5727	14.8433	16.5298	1.47272	19.0623	8.45871	7.05252	8.70748	7.49588	21.037	19.1777	31.8173	11.1051	20.6764	12.2492	
5.87015	9.37757	2.97015	17.3025	7.8015	3.57946	21.5745	0	17.7694	11.6421	14.9795	12.6375	6.75129	19.0083	7.94581	10.881	16.1958	13.6503	13.0955	9.77015	12.7624	10.2428	20.835	4.75933	7.06288	
7.50438	19.4871	8.62512	13.1673	9.21318	7.98154	9.07535	17.7694	0	6.12732	15.4555	18.5919	19.1319	7.60263	9.38856	0.68	4.46403	3.56	2.72083	19.0224	14.8269	16.8538	12.8388	28.7796	23.0817	
13.6317	17.8897	13.478	7.04	17.7662	12.8344	11.6062	11.6421	6.12732	0	9.74136	12.5791	14.5723	7.47661	10.6892	3.49428	4.55368	2.00818	1.45344	20.3447	10.8356	12.0258	18.9662	16.4014	24.2438	
16.4398	13.5339	15.2652	8.34426	18.1486	11.4	10.5727	14.9795	15.4555	9.74136	0	20.79	15.0056	9.1	18.2414	8.97171	5.18768	10.9152	12.5667	16.6707	9.65493	23.5293	11.34	18.1522	24.15	
7.44029	12.4964	6.82073	23.6965	5.73149	12.1944	14.8433	12.6375	18.5919	12.5791	20.79	0	8.58886	16.316	14.8929	13.4509	16.2985	10.5709	14.109	8.23072	15.2465	20.5885	9.45	7.87819	2.728	
4.9027	8.76482	3.78114	18.1135	3.1939	3.60555	16.5298	6.75129	19.1319	14.5723	15.0056	8.58886	0	18.0025	8.7568	10.9071	19.126	15.8298	16.0258	5.77235	12.7881	15.5876	17.2656	4.14658	7.87386	
9	20.9827	11.9	15.6107	10.7088	15.4289	1.47272	19.0083	7.60263	7.47661	9.1	16.316	18.0025	0	15.2589	8.064	8.52524	7.23476	6.02316	20.518	15.4054	17.2523	12.5778	25.5396	13.7219	
7.87566	19.0242	4.97566	18.8233	20.3375	8.84084	19.0623	7.94581	9.38856	10.6892	18.2414	14.8929	8.7568	15.2589	0	10.0686	14.3876	13.4835	9.23576	11.7757	8.5865	16.7821	11.6276	22.7711	9.06839	
8.18438	17.1201	7.94512	11.6284	19.3377	7.30154	8.45871	10.881	0.68	3.49428	8.97171	13.4509	10.9071	8.064	10.0686	0	3.78403	2.88	2.04083	14.7451	11.423	12.8976	13.5188	30.7971	12.0378	
18.5	13.336	11.7292	11.5937	20.6964	11.0856	7.05252	16.1958	4.46403	4.55368	5.18768	16.2985	19.126	8.52524	14.3876	3.78403	0	5.72756	5.82487	25.8264	14.8426	15.7451	16.5277	17.9543	19.3017	
14.9487	19.0636	10.8251	9.04818	16.3024	10.1815	8.70748	13.6503	3.56	2.00818	10.9152	10.5709	15.8298	7.23476	13.4835	2.88	5.72756	0	3.46163	18.8016	16.8322	10.0176	20.0209	18.4491	13.2989	
12.9491	20.7151	9.98596	8.49344	19.8404	9.34237	7.49588	13.0955	2.72083	1.45344	12.5667	14.109	16.0258	6.02316	9.23576	2.04083	5.82487	3.46163	0	16.3979	9.3822	17.4676	17.4548	21.9871	16.837	
9.7	19.7961	6.8	21.1323	8.96625	9.3779	21.037	9.77015	19.0224	20.3447	16.6707	8.23072	5.77235	20.518	11.7757	14.7451	25.8264	18.8016	16.3979	0	7.01573	18.6064	11.4933	9.91892	8.78786	
18.5338	23.1888	13.5622	17.9992	20.5639	16.3419	19.1777	12.7624	14.8269	10.8356	9.65493	15.2465	12.7881	15.4054	8.5865	11.423	14.8426	16.8322	9.3822	7.01573	0	14.8545	8.07257	17.5218	15.8036	
9.34944	19.5053	11.8064	26.1388	11.0582	12.1293	31.8173	10.2428	16.8538	12.0258	23.5293	20.5885	15.5876	17.2523	16.7821	12.8976	15.7451	10.0176	17.4676	18.6064	14.8545	0	22.927	14.8871	15.8992	
14.972	24.8739	16.6032	19.6843	15.1815	19.25	11.1051	20.835	12.8388	18.9662	11.34	9.45	17.2656	12.5778	11.6276	13.5188	16.5277	20.0209	17.4548	11.4933	8.07257	22.927	0	17.3282	12.178	
6.54616	4.61825	7.72948	25.2928	4.83735	7.75213	20.6764	4.75933	28.7796	16.4014	18.1522	7.87819	4.14658	25.5396	22.7711	30.7971	17.9543	18.4491	21.9871	9.91892	17.5218	14.8871	17.3282	0	10.6062	
6.99273	11.0083	4.09273	18.4251	8.45949	7.9579	12.2492	7.06288	23.0817	24.2438	24.15	2.728	7.87386	13.7219	9.06839	12.0378	19.3017	13.2989	16.837	8.78786	15.8036	15.8992	12.178	10.6062	0	

0	11.076	5.1	27.9193	7.51242	18.4402	21.4176	9.46414	11.9235	16.089	23.7864	7.51085	4.91935	20.2358	14.2213	12.0122	14.4535	14.8922	21.1712	11.4989	9.98262	10.1312	13.9147	8.90591	8.11569	
11.076	0	8.89473	18.2093	8.74973	19.6775	20.987	9.07721	20.5559	23.3055	27.1865	13.8218	6.15666	27.2465	20.0846	25.8733	31.3141	31.8727	29.4921	28.4266	18.5129	13.0738	14.1365	7.51597	21.1681	
5.1	8.89473	0	17.2138	5.20431	16.2589	20.6172	9.36465	6.82355	11.419	18.7908	4.98343	2.73807	15.1029	10.4281	7.46355	13.979	18.1326	17.8544	10.1105	4.88262	5.03115	11.7334	10.589	3.01569	
27.9193	18.2093	17.2138	0	18.8626	8.5673	13.1352	24.9622	10.3902	14.9857	12.0372	29.1003	21.4557	9.03722	12.9294	11.0302	14.6127	18.1914	15.8743	35.2643	30.8409	19.109	14.4003	25.7253	24.0673	
7.51242	8.74973	5.20431	18.8626	0	16.1139	20.1629	8.20942	12.0279	22.3419	22.5306	12.954	2.59307	18.8427	16.521	21.0688	18.3485	24.152	25.2265	23.1786	10.0869	8.77098	11.5884	9.9972	8.22	
18.4402	19.6775	16.2589	8.5673	16.1139	0	20.679	17.323	18.9575	16.7698	22.159	17.4677	13.5208	17.6045	17.546	19.755	22.567	18.4352	13.8852	21.0283	22.9737	12.9895	17.93	18.5474	15.5	
21.4176	20.987	20.6172	13.1352	20.1629	20.679	0	11.9535	13.27	9.95002	3.51461	16.698	15.8459	4.098	7.9902	9.16581	6.7245	7.28303	10.9351	21.5753	20.533	14.1697	6.85055	24.1763	21.9343	
9.46414	9.07721	9.36465	24.9622	8.20942	17.323	11.9535	0	17.5618	20.5562	15.4681	4.74455	9.72979	14.4052	14.3224	21.4763	13.911	19.2365	26.3857	8.73264	14.3176	4.3335	14.6374	9.89134	6.71229	
11.9235	20.5559	6.82355	10.3902	12.0279	18.9575	13.27	17.5618	0	4.59549	12.4143	16.0957	9.56161	15.868	2.84907	0.64	3.08131	3.52	7.48001	18.174	11.7062	11.8547	6.41942	18.18	9.83924	
16.089	23.3055	11.419	14.9857	22.3419	16.7698	9.95002	20.5562	4.59549	0	15.032	10.4331	18.1643	9.72163	6.28593	4.07686	3.22552	3.33754	2.88453	10.0276	15.4984	12.803	9.16899	22.7755	8.46537	
23.7864	27.1865	18.7908	12.0372	22.5306	22.159	3.51461	15.4681	12.4143	15.032	0	27.75	21.3938	3	6.8922	11.7743	10.2391	10.7976	9.8371	27.5576	23.1958	13.0717	10.3652	19.3174	20.8363	
7.51085	13.8218	4.98343	29.1003	12.954	17.4677	16.698	4.74455	16.0957	10.4331	27.75	0	12.0102	19.804	23.8545	19.523	24.3205	24.132	11.1312	3.98808	14.1548	9.07805	14.7	8.42151	1.96774	
4.91935	6.15666	2.73807	21.4557	2.59307	13.5208	15.8459	9.72979	9.56161	18.1643	21.3938	12.0102	0	17.8201	13.9279	16.137	19.0414	21.5405	23.3286	22.2669	7.62069	7.76922	8.99534	8.29315	5.75376	
20.2358	27.2465	15.1029	9.03722	18.8427	17.6045	4.098	14.4052	15.868	9.72163	3	19.804	17.8201	0	3.8922	6.10127	10.8225	9.15419	6.8371	13.9802	9.43765	10.0717	10.9485	15.6296	17.8363	
14.2213	20.0846	10.4281	12.9294	16.521	17.546	7.9902	14.3224	2.84907	6.28593	6.8922	23.8545	13.9279	3.8922	0	2.20907	4.65038	5.08907	9.40068	16.5438	5.54545	9.98887	18.5566	15.5467	21.7285	
12.0122	25.8733	7.46355	11.0302	21.0688	19.755	9.16581	21.4763	0.64	4.07686	11.7743	19.523	16.137	6.10127	2.20907	0	2.44131	2.88	6.96139	16.5892	7.75452	12.0188	7.05942	18.82	12.5422	
14.4535	31.3141	13.979	14.6127	18.3485	22.567	6.7245	13.911	3.08131	3.22552	10.2391	24.3205	19.0414	10.8225	4.65038	2.44131	0	3.9598	6.11005	23.9851	13.8628	9.57747	12.3945	15.1353	11.6909	
14.8922	31.8727	18.1326	18.1914	24.152	18.4352	7.28303	19.2365	3.52	3.33754	10.7976	24.132	21.5405	9.15419	5.08907	2.88	3.9598	0	4.55	11.6931	13.25	13.5373	12.5065	25.5271	11.8029	
21.1712	29.4921	17.8544	15.8743	25.2265	13.8852	10.9351	26.3857	7.48001	2.88453	9.8371	11.1312	23.3286	6.8371	9.40068	6.96139	6.11005	4.55	0	7.14309	14.9461	16.9088	12.0535	21.9762	11.3499	
11.4989	28.4266	10.1105	35.2643	23.1786	21.0283	21.5753	8.73264	18.174	10.0276	27.5576	3.98808	22.2669	13.9802	16.5438	16.5892	23.9851	11.6931	7.14309	0	22.6222	14.4076	18.6881	12.4096	5.95582	
9.98262	18.5129	4.88262	30.8409	10.0869	22.9737	20.533	14.3176	11.7062	15.4984	23.1958	14.1548	7.62069	9.43765	5.54545	7.75452	13.8628	13.25	14.9461	22.6222	0	9.91378	20.2881	15.542	7.89831	
10.1312	13.0738	5.03115	19.109	8.77098	12.9895	14.1697	4.3335	11.8547	12.803	13.0717	9.07805	7.76922	10.0717	9.98887	12.0188	9.57747	13.5373	16.9088	14.4076	9.91378	0	10.3039	5.55784	8.04685	
13.9147	14.1365	11.7334	14.4003	11.5884	17.93	6.85055	14.6374	6.41942	9.16899	10.3652	14.7	8.99534	10.9485	18.5566	7.05942	12.3945	12.5065	12.0535	18.6881	20.2881	10.3039	0	15.8617	16.6677	
8.90591	7.51597	10.589	25.7253	9.9972	18.5474	24.1763	9.89134	18.18	22.7755	19.3174	8.42151	8.29315	15.6296	15.5467	18.82	15.1353	25.5271	21.9762	12.4096	15.542	5.55784	15.8617	0	10.3892	
8.11569	21.1681	3.01569	24.0673	8.22	15.5	21.9343	6.71229	9.83924	8.46537	20.8363	1.96774	5.75376	17.8363	21.7285	12.5422	11.6909	11.8029	11.3499	5.95582	7.89831	8.04685	16.6677	10.3892	0	

0	20.906	1.05	19.0854	10.4274	16.808	12.9661	6.5521	14.4269	17.9855	19.82	12.4523	8.30572	11.52	16.1765	16.3802	18.4708	15.7228	18.3149	11.3895	21.0688	9.03276	23.3523	15.7156	11.7584	
20.906	0	21.956	13.8328	19.059	25.5489	20.6312	20.7963	17.2283	28.0695	10.4779	36.4433	14.0657	18.7779	26.9122	37.2862	34.9852	29.2303	19.1148	38.6355	34.8727	26.8275	12.6379	11.3192	31.3304	
1.05	21.956	0	20.1354	13.8027	15.758	12.3883	7.6021	21.9842	23.01	31.1829	11.4023	11.8826	12.57	19.0658	17.4302	17.2182	16.7728	21.8918	14.9663	20.0188	7.98276	22.522	21.5425	12.8084	
19.0854	13.8328	20.1354	0	14.8238	8.30768	7.6188	19.3324	10.1053	20.9465	3.35491	21.2766	19.5375	11.6549	18.1792	13.0765	14.9757	14.79	11.9918	37.6398	24.5885	17.3625	5.51491	14.6298	24.6126	
10.4274	19.059	13.8027	14.8238	0	14.9	10.2336	3.87525	14.0543	20.8525	10.8793	8.09186	4.45881	11.1474	10.3187	15.6914	17.5905	17.4048	15.6381	8.71261	14.2436	12.2436	8.71931	7.20525	5.90051	
16.808	25.5489	15.758	8.30768	14.9	0	15.5025	11.0247	9.12735	11.546	11.6626	12.9689	12.7783	12.0342	15.865	11.7473	20.3324	23.5098	14.8549	15.8621	16.2808	11.097	14.4121	16.6278	15.1602	
12.9661	20.6312	12.3883	7.6188	10.2336	15.5025	0	6.41405	8.47761	11.8764	3.67433	23.02	8.16767	5.57072	13.5891	8.4864	10.3855	10.1999	9.9087	11.2514	19.4826	4.4055	1.51433	10.0397	13.5664	
6.5521	20.7963	7.6021	19.3324	3.87525	11.0247	6.41405	0	14.6955	13.7306	16.5674	9.34369	1.75362	11.9848	11.5705	12.0755	21.251	19.2628	11.7628	4.83735	18.1188	9.53844	7.92838	4.50006	7.15234	
14.4269	17.2283	21.9842	10.1053	14.0543	9.12735	8.47761	14.6955	0	2.41868	6.75041	22.0962	21.7862	2.90689	6.73767	2.62	9.62867	4.68142	4.38642	12.1537	14.6981	12.9786	8.91041	18.0757	11.1558	
17.9855	28.0695	23.01	20.9465	20.8525	11.546	11.8764	13.7306	2.41868	0	9.16908	20.681	18.6589	5.32557	9.15635	5.03868	7.20999	2.26274	1.96774	9.73499	14.0014	16.4201	10.9483	25.4307	17.5554	
19.82	10.4779	31.1829	3.35491	10.8793	11.6626	3.67433	16.5674	6.75041	9.16908	0	30.2063	14.0717	8.3	13.4881	9.13207	11.0312	10.8455	8.63693	27.3266	20.6706	14.5588	2.16	10.6853	21.0402	
12.4523	36.4433	11.4023	21.2766	8.09186	12.9689	23.02	9.34369	22.0962	20.681	30.2063	0	18.3596	14.9315	6.60949	28.6814	34.8632	28.1405	28.3688	10.0117	21.7124	18.0454	29.05	28.2879	2.19135	
8.30572	14.0657	11.8826	19.5375	4.45881	12.7783	8.16767	1.75362	21.7862	18.6589	14.0717	18.3596	0	15.6062	21.9997	13.8291	17.0202	24.1912	13.5165	6.59098	18.7024	7.78481	11.2718	2.74643	8.90597	
11.52	18.7779	12.57	11.6549	11.1474	12.0342	5.57072	11.9848	2.90689	5.32557	8.3	14.9315	15.6062	0	9.64456	5.52689	10.1	17.2894	8.63445	17.1712	13.9119	9.97621	7.08505	18.8871	12.7402	
16.1765	26.9122	19.0658	18.1792	10.3187	15.865	13.5891	11.5705	6.73767	9.15635	13.4881	6.60949	21.9997	9.64456	0	9.35767	20.946	19.579	12.4652	12.2385	7.9604	14.2149	12.0748	20.6001	4.41814	
16.3802	37.2862	17.4302	13.0765	15.6914	11.7473	8.4864	12.0755	2.62	5.03868	9.13207	28.6814	13.8291	5.52689	9.35767	0	15.8433	7.65	8.34756	16.9129	16.7185	15.281	6.97207	15.4974	16.3471	
18.4708	34.9852	17.2182	14.9757	17.5905	20.3324	10.3855	21.251	9.62867	7.20999	11.0312	34.8632	17.0202	10.1	20.946	15.8433	0	9.47273	9.17773	16.3348	24.0119	9.23542	8.87119	17.3965	22.8402	
15.7228	29.2303	16.7728	14.79	17.4048	23.5098	10.1999	19.2628	4.68142	2.26274	10.8455	28.1405	24.1912	17.2894	19.579	7.65	9.47273	0	4.23048	11.9977	18.75	19.7006	8.68553	17.2109	25.0149	
18.3149	19.1148	21.8918	11.9918	15.6381	14.8549	9.9087	11.7628	4.38642	1.96774	8.63693	28.3688	13.5165	8.63445	12.4652	8.34756	9.17773	4.23048	0	11.7027	12.0337	14.3142	10.7969	19.4376	18.9152	
11.3895	38.6355	14.9663	37.6398	8.71261	15.8621	11.2514	4.83735	12.1537	9.73499	27.3266	10.0117	6.59098	17.1712	12.2385	16.9129	16.3348	11.9977	11.7027	0	19.7586	7.09941	25.88	16.5193	7.82039	
21.0688	34.8727	20.0188	24.5885	14.2436	16.2808	19.4826	18.1188	14.6981	14.0014	20.6706	21.7124	18.7024	13.9119	7.9604	16.7185	24.0119	18.75	12.0337	19.7586	0	22.1753	20.0352	21.9834	12.3785	
9.03276	26.8275	7.98276	17.3625	12.2436	11.097	4.4055	9.53844	12.9786	16.4201	14.5588	18.0454	7.78481	9.97621	14.2149	15.281	9.23542	19.7006	14.3142	7.09941	22.1753	0	5.91983	10.5312	14.9198	
23.3523	12.6379	22.522	5.51491	8.71931	14.4121	1.51433	7.92838	8.91041	10.9483	2.16	29.05	11.2718	7.08505	12.0748	6.97207	8.87119	8.68553	10.7969	25.88	20.0352	5.91983	0	8.52533	14.6198	
15.7156	11.3192	21.5425	14.6298	7.20525	16.6278	10.0397	4.50006	18.0757	25.4307	10.6853	28.2879	2.74643	18.8871	20.6001	15.4974	17.3965	17.2109	19.4376	16.5193	21.9834	10.5312	8.52533	0	13.6403	
11.7584	31.3304	12.8084	24.6126	5.90051	15.1602	13.5664	7.15234	11.1558	17.5554	21.0402	2.19135	8.90597	12.7402	4.41814	16.3471	22.8402	25.0149	18.9152	7.82039	12.3785	14.9198	14.6198	13.6403	0	

0	6.37377	3.15	12.3144	3.33216	6.22643	9.68967	5.01484	15.2463	19.1012	18.2809	18.8876	4.75519	11.8166	20.2939	17.1083	23.9293	22.1402	15.7211	7.4	21.8257	6.75136	19.8246	6.87955	11.5509	
6.37377	0	9.52377	21.3066	9.70594	12.6002	16.0634	9.69442	21.0996	18.9038	26.6312	17.6424	8.59069	18.3431	13.9201	23.482	23.0931	25.7349	22.814	26.2822	19.8563	15.7436	26.5059	6.88209	14.9144	
3.15	9.52377	0	13.5077	4.52548	7.87902	11.2399	6.20816	12.0963	14.3287	24.1843	11.1289	5.94851	13.4692	19.2758	13.3576	19.5871	26.8476	19.5902	4.25	13.3428	5.2324	16.6746	6.7923	8.40086	
12.3144	21.3066	13.5077	0	8.9822	26.4942	11.344	10.6649	18.3924	11.5625	2.75274	21.3738	10.4052	16.245	20.0745	14.2961	10.9016	9.92198	15.622	20.2179	13.4421	12.4014	11.1227	12.5296	21.8896	
3.33216	9.70594	4.52548	8.9822	0	9.55859	9.42669	1.68268	13.1125	12.5155	11.7349	15.6354	1.42302	11.1474	15.5703	11.5444	17.1161	17.7915	19.5448	7.00377	17.8493	3.4192	15.1835	3.54739	8.66759	
6.22643	12.6002	7.87902	26.4942	9.55859	0	15.8324	11.5974	10.1741	12.8634	21.4902	15.978	11.8983	5.59017	10.0131	21.1147	23.0902	12.2343	17.9621	12.129	18.1919	12.9895	9.62626	14.4098	13.25	
9.68967	16.0634	11.2399	11.344	9.42669	15.8324	0	16.8412	8.87229	8.69231	8.59127	20.8513	25.5927	11.4616	15.8845	8.28608	16.3631	11.7314	6.03138	16.0423	19.2807	6.0075	10.6003	16.9247	11.2559	
5.01484	9.69442	6.20816	10.6649	1.68268	11.5974	16.8412	0	17.6233	14.8341	17.6496	16.2671	3.1057	12.8301	24.8027	18.9589	22.2798	23.5621	17.8621	5.32109	18.7798	5.10187	25.2043	2.81233	14.475	
15.2463	21.0996	12.0963	18.3924	13.1125	10.1741	8.87229	17.6233	0	11.429	13.9634	18.9	19.7266	4.58394	7.17948	2.42	7.49083	11.2281	8.01771	16.3463	11.8951	9.6933	8.62003	18.8886	14.9417	
19.1012	18.9038	14.3287	11.5625	12.5155	12.8634	8.69231	14.8341	11.429	0	8.92328	13.0923	16.0606	7.27324	11.6962	8.25863	13.3785	1.64049	2.66092	16.9461	17.5501	9.09628	11.3093	12.0217	14.3447	
18.2809	26.6312	24.1843	2.75274	11.7349	21.4902	8.59127	17.6496	13.9634	8.92328	0	20.9973	26.6509	12.4061	20.323	11.5434	13.6543	10.5638	11.5842	24.1481	10.6894	14.5988	8.37	20.945	15.6313	
18.8876	17.6424	11.1289	21.3738	15.6354	15.978	20.8513	16.2671	18.9	13.0923	20.9973	0	17.153	18.096	17.7497	21.32	21.7297	11.4518	17.1518	10.946	7.66991	7.97639	23.7797	22.7054	2.728	
4.75519	8.59069	5.94851	10.4052	1.42302	11.8983	25.5927	3.1057	19.7266	16.0606	26.6509	17.153	0	12.5704	22.5108	17.3066	15.6931	27.431	22.9044	14.8246	19.3669	4.84222	18.2809	4.03887	14.3304	
11.8166	18.3431	13.4692	16.245	11.1474	5.59017	11.4616	12.8301	4.58394	7.27324	12.4061	18.096	12.5704	0	4.42295	7.00394	12.0748	6.64417	9.93416	15.2028	16.4791	14.2772	4.03609	14.6948	16.3802	
20.2939	13.9201	19.2758	20.0745	15.5703	10.0131	15.8845	24.8027	7.17948	11.6962	20.323	17.7497	22.5108	4.42295	0	9.59948	9.17294	11.0671	15.2522	19.6257	15.3841	16.8728	8.45904	20.8022	15.0217	
17.1083	23.482	13.3576	14.2961	11.5444	21.1147	8.28608	18.9589	2.42	8.25863	11.5434	21.32	17.3066	7.00394	9.59948	0	9.91083	11.2977	5.59771	23.4196	14.3151	8.12518	12.9825	17.2086	13.3736	
23.9293	23.0931	19.5871	10.9016	17.1161	23.0902	16.3631	22.2798	7.49083	13.3785	13.6543	21.7297	15.6931	12.0748	9.17294	9.91083	0	11.738	16.259	23.9077	19.386	17.1841	11.4392	19.7319	19.0017	
22.1402	25.7349	26.8476	9.92198	17.7915	12.2343	11.7314	23.5621	11.2281	1.64049	10.5638	11.4518	27.431	6.64417	11.0671	11.2977	11.738	0	4.30141	18.5866	20.5891	10.7368	10.6803	13.6622	14.1798	
15.7211	22.814	19.5902	15.622	19.5448	17.9621	6.03138	17.8621	8.01771	2.66092	11.5842	17.1518	22.9044	9.93416	15.2522	5.59771	16.259	4.30141	0	19.607	14.8891	11.7572	16.408	14.6827	19.831	
7.4	26.2822	4.25	20.2179	7.00377	12.129	16.0423	5.32109	16.3463	16.9461	24.1481	10.946	14.8246	15.2028	19.6257	23.4196	23.9077	18.5866	19.607	0	13.4588	9.4824	19.2389	8.13342	11.3678	
21.8257	19.8563	13.3428	13.4421	17.8493	18.1919	19.2807	18.7798	11.8951	17.5501	10.6894	7.66991	19.3669	16.4791	15.3841	14.3151	19.386	20.5891	14.8891	13.4588	0	10.1903	17.0766	38.9215	4.9419	
6.75136	15.7436	5.2324	12.4014	3.4192	12.9895	6.0075	5.10187	9.6933	9.09628	14.5988	7.97639	4.84222	14.2772	16.8728	8.12518	17.1841	10.7368	11.7572	9.4824	10.1903	0	16.6078	6.96659	5.24839	
19.8246	26.5059	16.6746	11.1227	15.1835	9.62626	10.6003	25.2043	8.62003	11.3093	8.37	23.7797	18.2809	4.03609	8.45904	12.9825	11.4392	10.6803	16.408	19.2389	17.0766	16.6078	0	22.3197	20.4163	
6.87955	6.88209	6.7923	12.5296	3.54739	14.4098	16.9247	2.81233	18.8886	12.0217	20.945	22.7054	4.03887	14.6948	20.8022	17.2086	19.7319	13.6622	14.6827	8.13342	38.9215	6.96659	22.3197	0	15.1932	
11.5509	14.9144	8.40086	21.8896	8.66759	13.25	11.2559	14.475	14.9417	14.3447	15.6313	2.728	14.3304	16.3802	15.0217	13.3736	19.0017	14.1798	19.831	11.3678	4.9419	5.24839	20.4163	15.1932	0	

0	11.2877	6.6	15.1888	5.63904	12.5219	11.2525	8.22652	14.354	26.9364	14.2204	4.19724	6.74584	18.424	17.7209	16.1166	18.4691	33.2004	17.7147	6.57312	13.7931	10.2616	16.1561	6.92682	8.13272	
11.2877	0	13.476	29.393	5.64869	24.5777	20.0272	8.24919	12.8349	14.7109	27.7622	18.449	6.75549	22.7488	22.3698	11.4349	15.2189	12.8564	17.6064	12.9984	24.0611	12.7326	26.094	7.96874	29.403	
6.6	13.476	0	19.5531	8.46465	10.1595	17.8525	5.86415	7.75403	13.1557	14.2935	5.88908	9.38459	24.8	12.1722	9.15403	22.1888	20.8458	14.613	5.61	9.52111	5.83614	19.8162	5.50727	9.44032	
15.1888	29.393	19.5531	0	16.2895	9.42916	3.93629	13.689	16.1626	21.113	6.90419	27.0126	19.3501	11.1078	20.5807	17.5626	11.1528	16.5366	10.3985	23.581	20.7083	15.2287	4.53922	16.3931	17.2651	
5.63904	5.64869	8.46465	16.2895	0	6.89585	14.3785	2.6005	23.4801	31.2114	17.3464	9.72555	1.1068	21.55	26.6722	10.1928	21.595	18.5051	20.8407	7.34967	9.61984	5.22817	19.282	4.98412	6.17667	
12.5219	24.5777	10.1595	9.42916	6.89585	0	5.49287	4.29535	13.7395	10.9602	7.2	17.6855	14.4777	10.2859	19.6494	13.1428	12.7094	15.6836	11.7651	14.2119	11.3147	12.3873	9.02	6.99951	7.87152	
11.2525	20.0272	17.8525	3.93629	14.3785	5.49287	0	9.78821	9.50735	7.26718	2.96789	15.4498	15.4853	7.1715	12.5644	11.0006	7.21654	11.2122	6.4622	21.7282	18.088	17.4217	4.90355	18.1793	15.8675	
8.22652	8.24919	5.86415	13.689	2.6005	4.29535	9.78821	0	13.6182	15.2555	11.4953	7.51165	3.7073	14.5813	11.7497	17.4381	24.8808	30.2256	18.6451	9.91658	7.01934	7.46803	13.3153	2.70416	3.57617	
14.354	12.8349	7.75403	16.1626	23.4801	13.7395	9.50735	13.6182	0	4.67605	6.53946	10.85	10.486	10.6195	4.41814	1.4	5.18403	10.1252	6.2067	13.2259	10.5002	8.34701	14.9095	13.1109	12.5917	
26.9364	14.7109	13.1557	21.113	31.2114	10.9602	7.26718	15.2555	4.67605	0	11.9412	15.1955	12.362	5.21776	6.90718	3.27605	7.06008	4.72347	0.804984	24.8783	12.4307	13.7487	13.691	26.5332	24.597	
14.2204	27.7622	14.2935	6.90419	17.3464	7.2	2.96789	11.4953	6.53946	11.9412	0	16.8351	25.1502	10.1394	10.9576	7.93946	10.1844	14.9058	9.43009	26.4442	20.7673	14.8865	7.87144	25.3661	12.8996	
4.19724	18.449	5.88908	27.0126	9.72555	17.6855	15.4498	7.51165	10.85	15.1955	16.8351	0	12.9179	23.2355	12.109	11.9194	15.7034	21.4594	17.7089	2.37588	10.3939	9.18387	25.7053	11.1241	3.93548	
6.74584	6.75549	9.38459	19.3501	1.1068	14.4777	15.4853	3.7073	10.486	12.362	25.1502	12.9179	0	22.6335	20.0209	9.08599	12.87	18.626	16.0248	8.45646	17.2017	4.12137	21.5521	3.87732	9.36976	
18.424	22.7488	24.8	11.1078	21.55	10.2859	7.1715	14.5813	10.6195	5.21776	10.1394	23.2355	22.6335	0	11.4997	8.49381	13.2816	9.89243	6.02274	20.8597	17.5818	22.6733	12.075	25.418	19.6732	
17.7209	22.3698	12.1722	20.5807	26.6722	19.6494	12.5644	11.7497	4.41814	6.90718	10.9576	12.109	20.0209	11.4997	0	5.81814	14.7189	10.8522	6.1022	14.1001	6.0821	12.7651	18.9882	26.7758	8.17357	
16.1166	11.4349	9.15403	17.5626	10.1928	13.1428	11.0006	17.4381	1.4	3.27605	7.93946	11.9194	9.08599	8.49381	5.81814	0	3.78403	7.99952	4.08103	14.2953	17.017	9.74701	15.6271	12.9633	15.8549	
18.4691	15.2189	22.1888	11.1528	21.595	12.7094	7.21654	24.8808	5.18403	7.06008	10.1844	15.7034	12.87	13.2816	14.7189	3.78403	0	5.58614	8.86879	18.6756	23.8123	24.1113	12.1201	22.1766	20.2352	
33.2004	12.8564	20.8458	16.5366	18.5051	15.6836	11.2122	30.2256	10.1252	4.72347	14.9058	21.4594	18.626	9.89243	10.8522	7.99952	5.58614	0	4.75	29.6018	16.3758	21.4388	17.636	20.8251	26.9971	
17.7147	17.6064	14.613	10.3985	20.8407	11.7651	6.4622	18.6451	6.2067	0.804984	9.43009	17.7089	16.0248	6.02274	6.1022	4.08103	8.86879	4.75	0	19.6437	11.6258	15.2059	11.3657	25.7282	14.2758	
6.57312	12.9984	5.61	23.581	7.34967	14.2119	21.7282	9.91658	13.2259	24.8783	26.4442	2.37588	8.45646	20.8597	14.1001	14.2953	18.6756	29.6018	19.6437	0	8.01798	8.35225	25.4262	11.1173	6.31136	
13.7931	24.0611	9.52111	20.7083	9.61984	11.3147	18.088	7.01934	10.5002	12.4307	20.7673	10.3939	17.2017	17.5818	6.0821	17.017	23.8123	16.3758	11.6258	8.01798	0	15.3573	17.6976	9.72351	10.5955	
10.2616	12.7326	5.83614	15.2287	5.22817	12.3873	17.4217	7.46803	8.34701	13.7487	14.8865	9.18387	4.12137	22.6733	12.7651	9.74701	24.1113	21.4388	15.2059	8.35225	15.3573	0	19.7679	4.76386	5.24839	
16.1561	26.094	19.8162	4.53922	19.282	9.02	4.90355	13.3153	14.9095	13.691	7.87144	25.7053	21.5521	12.075	18.9882	15.6271	12.1201	17.636	11.3657	25.4262	17.6976	19.7679	0	24.6287	21.2696	
6.92682	7.96874	5.50727	16.3931	4.98412	6.99951	18.1793	2.70416	13.1109	26.5332	25.3661	11.1241	3.87732	25.418	26.7758	12.9633	22.1766	20.8251	25.7282	11.1173	9.72351	4.76386	24.6287	0	6.28033	
8.13272	29.403	9.44032	17.2651	6.17667	7.87152	15.8675	3.57617	12.5917	24.597	12.8996	3.93548	9.36976	19.6732	8.17357	15.8549	20.2352	26.9971	14.2758	6.31136	10.5955	5.24839	21.2696	6.28033	0	

0	7.39358	5.03544	15.9505	4.26048	16.7138	12.1902	1.45602	17.8147	14.4414	23.9056	15.3433	7.26722	8.74578	16.4654	23.0248	21.3094	16.9661	18.0674	13.1128	22.7058	9.69149	14.2975	14.591	11.5099	
7.39358	0	11.091	23.4307	7.01807	24.2586	19.5838	8.8496	17.0134	15.2398	31.9833	20.6463	9.95899	20.4575	19.0242	17.0896	13.9159	18.8601	17.9454	20.5064	32.3511	17.0851	25.2683	11.3192	18.99	
5.03544	11.091	0	15.7241	4.07294	13.9937	9.47012	3.57941	16.7487	16.5648	16.8864	7.64328	7.01385	10.8692	18.5888	14.709	24.0699	19.0895	17.8409	12.1114	19.7057	11.1356	12.5664	14.3646	9.25325	
15.9505	23.4307	15.7241	0	11.6242	14.2788	11.0063	14.8968	12.2488	13.9462	9.48532	22.8279	8.68332	14.4483	9.21567	12.5234	13.453	12.8906	11.2406	13.8649	22.5426	19.5633	5.16532	16.0071	12.926	
4.26048	7.01807	4.07294	11.6242	0	19.385	13.5431	2.80446	13.4884	13.5481	28.8746	11.7162	2.94092	10.0942	16.5291	10.636	13.8097	14.056	11.9188	17.8003	19.078	10.7036	15.6459	10.2647	7.18356	
16.7138	24.2586	13.9937	14.2788	19.385	0	4.52354	18.8915	13.3958	19.8516	16.2	21.7103	16.5855	12.9116	9.69645	16.0895	20.1133	16.9054	14.2168	19.2408	9.64788	12.934	10.3645	18.5837	20.8282	
12.1902	19.5838	9.47012	11.0063	13.5431	4.52354	0	13.0495	8.87229	10.646	10.161	17.1134	13.831	8.38809	13.22	10.9761	14.7397	11.3433	9.6933	21.3565	14.1714	8.41049	5.84099	21.1549	18.0737	
1.45602	8.8496	3.57941	14.8968	2.80446	18.8915	13.0495	0	14.7591	12.5075	17.1615	11.2227	5.74538	7.28975	13.8357	13.4405	21.5898	13.3433	15.691	13.64	23.8713	11.1475	12.8415	13.7691	10.8988	
17.8147	17.0134	16.7487	12.2488	13.4884	13.3958	8.87229	14.7591	0	1.7737	11.4035	19.9368	10.5475	6.99145	9.51921	3.05058	6.6337	3.04245	1.76777	16.2878	11.902	17.2828	7.0835	14.8883	14.7902	
14.4414	15.2398	16.5648	13.9462	13.5481	19.8516	10.646	12.5075	1.7737	0	12.9129	15.7189	12.3212	5.21776	10.4571	2.91204	6.08575	3.62039	2.70564	16.8501	11.354	18.0417	8.8572	13.1146	14.109	
23.9056	31.9833	16.8864	9.48532	28.8746	16.2	10.161	17.1615	11.4035	12.9129	0	12.7632	18.748	13.603	11.699	11.4901	18.0674	9.85707	10.2073	21.7881	20.6071	18.9519	4.32	24.8439	14.3732	
15.3433	20.6463	7.64328	22.8279	11.7162	21.7103	17.1134	11.2227	19.9368	15.7189	12.7632	0	5.85261	23.1603	23.06	16.4768	19.6505	19.8968	17.7596	4.35114	12.0624	15.715	17.0832	18.5549	1.60997	
7.26722	9.95899	7.01385	8.68332	2.94092	16.5855	13.831	5.74538	10.5475	12.3212	18.748	5.85261	0	14.7002	13.5882	12.083	17.8841	12.4502	10.8002	6.98381	17.2151	13.6445	13.8486	7.32382	4.24264	
8.74578	20.4575	10.8692	14.4483	10.0942	12.9116	8.38809	7.28975	6.99145	5.21776	13.603	23.1603	14.7002	0	6.54597	8.1298	14.3	6.05358	7.70358	22.2739	16.8036	16.7986	9.283	18.3324	18.1886	
16.4654	19.0242	18.5888	9.21567	16.5291	9.69645	13.22	13.8357	9.51921	10.4571	11.699	23.06	13.5882	6.54597	0	9.03425	10.4834	7.20899	7.75144	22.9199	13.327	20.9382	7.37902	20.9121	17.8309	
23.0248	17.0896	14.709	12.5234	10.636	16.0895	10.9761	13.4405	3.05058	2.91204	11.4901	16.4768	12.083	8.1298	9.03425	0	3.1737	2.93281	1.28281	18.0349	8.442	15.1296	10.5435	13.734	17.021	
21.3094	13.9159	24.0699	13.453	13.8097	20.1133	14.7397	21.5898	6.6337	6.08575	18.0674	19.6505	17.8841	14.3	10.4834	3.1737	0	6.5937	4.45651	27.1495	11.6157	18.3033	17.8624	10.5603	26.0376	
16.9661	18.8601	19.0895	12.8906	14.056	16.9054	11.3433	13.3433	3.04245	3.62039	9.85707	19.8968	12.4502	6.05358	7.20899	2.93281	6.5937	0	1.65	19.3303	10.75	18.5496	10.126	16.735	17.7293	
18.0674	17.9454	17.8409	11.2406	11.9188	14.2168	9.6933	15.691	1.76777	2.70564	10.2073	17.7596	10.8002	7.70358	7.75144	1.28281	4.45651	1.65	0	18.0556	9.72481	16.4124	8.85127	15.8203	15.0428	
13.1128	20.5064	12.1114	13.8649	17.8003	19.2408	21.3565	13.64	16.2878	16.8501	21.7881	4.35114	6.98381	22.2739	22.9199	18.0349	27.1495	19.3303	18.0556	0	9.59294	12.946	19.0303	19.6861	2.74117	
22.7058	32.3511	19.7057	22.5426	19.078	9.64788	14.1714	23.8713	11.902	11.354	20.6071	12.0624	17.2151	16.8036	13.327	8.442	11.6157	10.75	9.72481	9.59294	0	22.5389	20.706	28.2316	12.3341	
9.69149	17.0851	11.1356	19.5633	10.7036	12.934	8.41049	11.1475	17.2828	18.0417	18.9519	15.715	13.6445	16.7986	20.9382	15.1296	18.3033	18.5496	16.4124	12.946	22.5389	0	14.2515	19.8494	14.105	
14.2975	25.2683	12.5664	5.16532	15.6459	10.3645	5.84099	12.8415	7.0835	8.8572	4.32	17.0832	13.8486	9.283	7.37902	10.5435	17.8624	10.126	8.85127	19.0303	20.706	14.2515	0	20.5239	16.7292	
14.591	11.3192	14.3646	16.0071	10.2647	18.5837	21.1549	13.7691	14.8883	13.1146	24.8439	18.5549	7.32382	18.3324	20.9121	13.734	10.5603	16.735	15.8203	19.6861	28.2316	19.8494	20.5239	0	11.5665	
11.5099	18.99	9.25325	12.926	7.18356	20.8282	18.0737	10.8988	14.7902	14.109	14.3732	1.60997	4.24264	18.1886	17.8309	17.021	26.0376	17.7293	15.0428	2.74117	12.3341	14.105	16.7292	11.5665	0	

0	11.2178	8.85	16.5558	9.83661	19.2054	13.5688	10.6707	18.2249	21.3762	23.4707	12.9356	6.4846	20.32	16.0842	19.5649	15.8484	20.1926	19.4751	11.3408	19.6619	6.95507	19.2414	12.0852	9.04489	
11.2178	0	10.4082	44.4451	8.24149	12.1853	12.6681	5.79396	19.9286	22.3615	16.4506	10.1736	5.58395	23.386	20.2393	23.9072	16.3458	27.325	27.1843	17.1682	30.9998	10.4685	26.7805	6.33877	11.3634	
8.85	10.4082	0	12.9548	4.97803	18.2361	8.41789	7.42556	14.3769	16.7577	14.27	13.1565	4.82421	11.47	11.4657	15.6789	12.2475	16.5916	15.8741	14.4276	15.0434	3.3541	10.3914	7.07422	10.141	
16.5558	44.4451	12.9548	0	18.223	18.3077	13.8703	19.8297	14.5865	21.8954	12.1293	21.0329	14.4853	14.9293	16.922	13.2465	9.27793	16.0662	16.3369	21.7361	19.02	9.60071	20.5047	22.2412	19.4414	
9.83661	8.24149	4.97803	18.223	0	7.94276	10.4362	2.44753	17.0102	16.1168	12.2081	6.82712	3.35201	16.448	10.8248	15.3534	12.9993	16.0313	21.1423	9.44957	14.4025	8.2366	15.3695	2.09619	5.16294	
19.2054	12.1853	18.2361	18.3077	7.94276	0	10.3395	8.59069	22.692	16.4482	12.6074	12.9703	11.4471	17.447	16.6738	18.7113	9.02973	15.818	15.6209	24.49	18.7718	14.882	9.9	5.84657	15.0619	
13.5688	12.6681	8.41789	13.8703	10.4362	10.3395	0	11.2703	10.0144	15.0132	8.17005	16.7576	7.08419	7.10747	12.2365	11.3164	4.59234	11.3806	16.2744	23.2468	14.3344	11.772	12.98	12.6848	14.7209	
10.6707	5.79396	7.42556	19.8297	2.44753	8.59069	11.2703	0	18.5307	16.5676	14.1295	4.37959	4.18607	14.0297	13.2723	18.1132	10.5518	14.9505	17.3949	9.13135	13.8102	9.07066	18.4907	4.54372	6.47117	
18.2249	19.9286	14.3769	14.5865	17.0102	22.692	10.0144	18.5307	0	7.89841	5.70689	12.557	14.3446	2.90689	5.8686	1.34	13.8295	6.2	4.4304	9.82962	9.76311	18.7111	15.9379	19.9452	18.8351	
21.3762	22.3615	16.7577	21.8954	16.1168	16.4482	15.0132	16.5676	7.89841	0	6.32357	13.8236	20.7536	7.90569	5.292	3.91775	10.0409	3.25269	0.827345	15.4799	7.89636	13.3473	9.99075	19.295	15.3183	
23.4707	16.4506	14.27	12.1293	12.2081	12.6074	8.17005	14.1295	5.70689	6.32357	0	12.4501	15.7124	2.8	11.2218	7.00894	3.57771	10.3659	5.49623	18.4993	13.3198	12.4711	8.46	10.1119	22.4563	
12.9356	10.1736	13.1565	21.0329	6.82712	12.9703	16.7576	4.37959	12.557	13.8236	12.4501	0	8.56566	9.65013	13.0083	13.2414	14.9314	10.5709	17.8209	4.75176	9.43064	11.4322	19.3079	9.78792	3.89076	
6.4846	5.58395	4.82421	14.4853	3.35201	11.4471	7.08419	4.18607	14.3446	20.7536	15.7124	8.56566	0	14.1917	14.1768	15.6846	11.6765	18.1221	17.4046	12.8016	21.5739	4.88459	15.2156	5.4482	7.63675	
20.32	23.386	11.47	14.9293	16.448	17.447	7.10747	14.0297	2.90689	7.90569	2.8	9.65013	14.1917	0	8.73754	4.20894	6.37771	9.06894	7.29935	12.6986	15.8021	14.8241	11.26	12.9119	13.5409	
16.0842	20.2393	11.4657	16.922	10.8248	16.6738	12.2365	13.2723	5.8686	5.292	11.2218	13.0083	14.1768	8.73754	0	4.5286	7.64412	5.2065	6.11935	13.0182	3.57771	14.8198	21.8571	12.921	13.2544	
19.5649	23.9072	15.6789	13.2465	15.3534	18.7113	11.3164	18.1132	1.34	3.91775	7.00894	13.2414	15.6846	4.20894	4.5286	0	11.6482	4.86	3.0904	8.48962	8.10631	15.6104	12.2538	18.5316	14.2944	
15.8484	16.3458	12.2475	9.27793	12.9993	9.02973	4.59234	10.5518	13.8295	10.0409	3.57771	14.9314	11.6765	6.37771	7.64412	11.6482	0	6.78823	9.07393	19.0154	9.74205	8.89337	12.0377	13.6896	17.023	
20.1926	27.325	16.5916	16.0662	16.0313	15.818	11.3806	14.9505	6.2	3.25269	10.3659	10.5709	18.1221	9.06894	5.2065	4.86	6.78823	0	4.08004	12.2272	8.7842	13.2375	16.4134	19.2095	14.4617	
19.4751	27.1843	15.8741	16.3369	21.1423	15.6209	16.2744	17.3949	4.4304	0.827345	5.49623	17.8209	17.4046	7.29935	6.11935	3.0904	9.07393	4.08004	0	11.58	8.72371	12.52	9.16341	15.6081	16.1456	
11.3408	17.1682	14.4276	21.7361	9.44957	24.49	23.2468	9.13135	9.82962	15.4799	18.4993	4.75176	12.8016	12.6986	13.0182	8.48962	19.0154	12.2272	11.58	0	14.1824	15.6456	21.222	11.5458	5.80483	
19.6619	30.9998	15.0434	19.02	14.4025	18.7718	14.3344	13.8102	9.76311	7.89636	13.3198	9.43064	21.5739	15.8021	3.57771	8.10631	9.74205	8.7842	8.72371	14.1824	0	17.2896	27.4697	17.5807	13.3214	
6.95507	10.4685	3.3541	9.60071	8.2366	14.882	11.772	9.07066	18.7111	13.3473	12.4711	11.4322	4.88459	14.8241	14.8198	15.6104	8.89337	13.2375	12.52	15.6456	17.2896	0	13.7455	10.4852	9.84073	
19.2414	26.7805	10.3914	20.5047	15.3695	9.9	12.98	18.4907	15.9379	9.99075	8.46	19.3079	15.2156	11.26	21.8571	12.2538	12.0377	16.4134	9.16341	21.222	27.4697	13.7455	0	15.7466	15.4171	
12.0852	6.33877	7.07422	22.2412	2.09619	5.84657	12.6848	4.54372	19.9452	19.295	10.1119	9.78792	5.4482	12.9119	12.921	18.5316	13.6896	19.2095	15.6081	11.5458	17.5807	10.4852	15.7466	0	7.25913	
9.04489	11.3634	10.141	19.4414	5.16294	15.0619	14.7209	6.47117	18.8351	15.3183	22.4563	3.89076	7.63675	13.5409	13.2544	14.2944	17.023	14.4617	16.1456	5.80483	13.3214	9.84073	15.4171	7.25913	0	

0	18.1998	8.6	19.7474	11.5689	12.2642	12.9947	10.1922	15.2354	14.5082	9.7144	6.8369	7.26722	11.9144	11.0492	23.1421	11.5459	11.6798	17.4298	12.4243	13.7268	10.8808	21.1742	14.627	4.42195	
18.1998	0	15.3477	26.4951	21.3526	5.9356	14.0134	17.5563	22.6742	21.0483	21.4083	21.7368	13.6875	19.2083	25.9076	19.0784	24.6083	24.9644	22.0305	21.8081	14.28	13.8735	14.8456	13.8547	23.2222	
8.6	15.3477	0	11.1474	3.58531	14.324	7.10259	2.20857	15.8708	11.7269	9.12044	11.9035	6.50778	11.3204	16.7543	15.169	14.5998	13.3717	12.8773	10.2154	5.12675	2.28079	18.6972	6.6434	11.6295	
19.7474	26.4951	11.1474	0	17.3699	22.9093	16.4113	13.356	10.6217	17.1637	10.3512	23.0508	21.3173	8.15122	8.1917	24.3179	13.5512	15.0333	18.5697	21.8391	16.2741	13.4282	23.4884	30.79	14.8189	
11.5689	21.3526	3.58531	17.3699	0	12.3689	11.2974	1.37674	16.705	18.8122	12.8869	10.6193	4.61693	15.0869	20.0484	14.465	20.8223	17.8823	15.8061	6.03723	11.3493	8.50333	23.8447	5.81156	14.26	
12.2642	5.9356	14.324	22.9093	12.3689	0	8.07775	12.0511	15.3828	15.5926	11.3581	19.915	7.75194	14.758	24.0103	13.1428	20.158	18.4361	14.4839	19.9779	17.8876	12.0433	8.91	16.605	16.6861	
12.9947	14.0134	7.10259	16.4113	11.2974	8.07775	0	9.31117	10.0307	7.51482	3.2803	17.2185	7.75888	5.4803	14.3617	14.1717	12.6289	10.3432	10.3099	17.3346	12.2293	9.38338	12.5473	17.3445	19.2731	
10.1922	17.5563	2.20857	13.356	1.37674	12.0511	9.31117	0	16.889	22.9391	11.329	13.2218	4.29921	20.3549	19.3189	15.8417	16.8083	21.8719	21.8387	7.41396	7.33533	4.48936	21.0801	4.43483	14.379	
15.2354	22.6742	15.8708	10.6217	16.705	15.3828	10.0307	16.889	0	7.74483	5.66591	17.2718	19.6906	3.46591	2.42998	2.24	3.68951	8.35642	3.58112	16.4411	12.7003	15.1282	17.0447	17.4179	9.0572	
14.5082	21.0483	11.7269	17.1637	18.8122	15.5926	7.51482	22.9391	7.74483	0	10.7951	9.70371	15.2737	9.01249	14.4427	4.1362	7.49533	2.82843	2.79508	14.2858	6.76831	9.44614	12.3545	26.3792	12.1187	
9.7144	21.4083	9.12044	10.3512	12.8869	11.3581	3.2803	11.329	5.66591	10.7951	0	17.5566	11.0392	2.2	9.18039	8.99041	7.6	8.8954	11.7002	18.9241	14.2472	11.4012	13.86	20.3848	14.1363	
6.8369	21.7368	11.9035	23.0508	10.6193	19.915	17.2185	13.2218	17.2718	9.70371	17.5566	0	15.1094	18.7162	9.04217	17.8574	19.3881	12.5321	12.4988	4.58205	7.45678	11.7636	27.2203	19.343	2.41495	
7.26722	13.6875	6.50778	21.3173	4.61693	7.75194	7.75888	4.29921	19.6906	15.2737	11.0392	15.1094	0	16.0189	23.3856	19.0819	18.8131	18.947	23.564	10.6542	15.2967	12.4507	16.6619	8.73404	11.6892	
11.9144	19.2083	11.3204	8.15122	15.0869	14.758	5.4803	20.3549	3.46591	9.01249	2.2	18.7162	16.0189	0	5.89588	5.70591	5.4	10.0669	8.41565	30.8917	15.7808	18.4586	15.3371	19.1284	18.3227	
11.0492	25.9076	16.7543	8.1917	20.0484	24.0103	14.3617	19.3189	2.42998	14.4427	9.18039	9.04217	23.3856	5.89588	0	4.66998	6.11949	12.7478	7.37973	14.0112	11.6276	15.9759	19.4747	21.8093	6.62722	
23.1421	19.0784	15.169	24.3179	14.465	13.1428	14.1717	15.8417	2.24	4.1362	8.99041	17.8574	19.0819	5.70591	4.66998	0	5.92951	7.09112	1.34112	20.5022	9.09163	12.8882	15.8675	19.5987	17.0968	
11.5459	24.6083	14.5998	13.5512	20.8223	20.158	12.6289	16.8083	3.68951	7.49533	7.6	19.3881	18.8131	5.4	6.11949	5.92951	0	4.6669	8.63926	16.512	19.7085	15.7578	14.193	13.7284	14.7081	
11.6798	24.9644	13.3717	15.0333	17.8823	18.4361	10.3432	21.8719	8.35642	2.82843	8.8954	12.5321	18.947	10.0669	12.7478	7.09112	4.6669	0	5.62351	11.8451	9.59674	11.0909	9.52607	18.3953	13.8953	
17.4298	22.0305	12.8773	18.5697	15.8061	14.4839	10.3099	21.8387	3.58112	2.79508	11.7002	12.4988	23.564	8.41565	7.37973	1.34112	8.63926	5.62351	0	17.5951	7.75051	12.2412	15.2761	20.9398	19.6453	
12.4243	21.8081	10.2154	21.8391	6.03723	19.9779	17.3346	7.41396	16.4411	14.2858	18.9241	4.58205	10.6542	30.8917	14.0112	20.5022	16.512	11.8451	17.5951	0	12.0388	7.93463	21.3712	13.5351	6.99701	
13.7268	14.28	5.12675	16.2741	11.3493	17.8876	12.2293	7.33533	12.7003	6.76831	14.2472	7.45678	15.2967	15.7808	11.6276	9.09163	19.7085	9.59674	7.75051	12.0388	0	5.84438	22.2608	24.5902	9.87174	
10.8808	13.8735	2.28079	13.4282	8.50333	12.0433	9.38338	4.48936	15.1282	9.44614	11.4012	11.7636	12.4507	18.4586	15.9759	12.8882	15.7578	11.0909	12.2412	7.93463	5.84438	0	16.4164	17.9278	9.3487	
21.1742	14.8456	18.6972	23.4884	23.8447	8.91	12.5473	21.0801	17.0447	12.3545	13.86	27.2203	16.6619	15.3371	19.4747	15.8675	14.193	9.52607	15.2761	21.3712	22.2608	16.4164	0	19.5767	23.4214	
14.627	13.8547	6.6434	30.79	5.81156	16.605	17.3445	4.43483	17.4179	26.3792	20.3848	19.343	8.73404	19.1284	21.8093	19.5987	13.7284	18.3953	20.9398	13.5351	24.5902	17.9278	19.5767	0	21.9746	
4.42195	23.2222	11.6295	14.8189	14.26	16.6861	19.2731	14.379	9.0572	12.1187	14.1363	2.41495	11.6892	18.3227	6.62722	17.0968	14.7081	13.8953	19.6453	6.99701	9.87174	9.3487	23.4214	21.9746	0	

0	11.4887	1.95	17.7219	5.5264	6.70714	13.4792	4.14966	15.2419	23.3815	25.6551	15.0217	11.3339	13.42	10.5689	10.8485	13.7877	22.4129	25.7582	15.4969	15.9851	3.35872	10.3652	11.6795	15.5773	
11.4887	0	14.0014	33.1502	8.71575	10.3228	16.6685	7.33902	27.5992	33.228	21.6907	23.544	14.5232	17.9254	20.0192	22.9	25.8047	34.8858	31.559	30.6716	34.5084	12.1293	23.4262	9.96092	26.4285	
1.95	14.0014	0	16.7814	11.826	3.21521	12.6227	6.09966	10.2785	11.301	21.4593	16.9717	9.49882	11.47	5.2506	8.89854	11.8377	14.9489	13.9132	10.1786	20.507	1.40872	9.42478	9.72951	15.9401	
17.7219	33.1502	16.7814	0	13.5363	14.7556	3.60827	12.9378	18.9053	28.5695	12.3557	30.5566	23.3161	14.5576	30.7989	16.0374	10.4968	10.267	24.8568	32.3891	36.8526	14.8223	7.35666	24.5472	11.5537	
5.5264	8.71575	11.826	13.5363	0	7.06884	9.928	1.37674	15.4046	26.1649	18.6755	6.30464	3.57337	14.6715	16.7653	22.3571	16.8165	14.7934	16.8281	8.13713	20.5936	7.68	15.6248	8.54599	9.18917	
6.70714	10.3228	3.21521	14.7556	7.06884	0	11.1473	8.10976	13.7832	12.9785	18.7026	13.3735	9.89659	7.60263	5.64836	13.6557	15.5026	17.8061	24.432	10.5763	14.5264	1.80649	13.2	12.1282	19.0927	
13.4792	16.6685	12.6227	3.60827	9.928	11.1473	0	9.32952	13.8091	8.46896	8.74748	10.8299	13.5014	10.9493	15.0559	12.4291	6.88851	6.65877	9.80877	12.3797	17.0056	11.214	5.69677	18.474	7.94541	
4.14966	7.33902	6.09966	12.9378	1.37674	8.10976	9.32952	0	24.6266	32.6011	18.077	7.68138	4.95011	20.2789	10.1451	20.0176	16.218	15.9883	20.439	9.51387	31.626	6.30327	14.5149	9.92273	17.2749	
15.2419	27.5992	10.2785	18.9053	15.4046	13.7832	13.8091	24.6266	0	3.78244	15.9992	9.1	17.2146	7.15542	4.08678	1.38	9.32636	7.1098	3.9598	16.2276	8.91669	7.92866	20.9938	30.5103	11.9845	
23.3815	33.228	11.301	28.5695	26.1649	12.9785	8.46896	32.6011	3.78244	0	15.2593	22.8058	13.0302	5.37587	8.14602	2.40244	4.92146	1.81019	3.21994	18.0278	11.2805	16.0682	13.8579	33.6719	20.3407	
25.6551	21.6907	21.4593	12.3557	18.6755	18.7026	8.74748	18.077	15.9992	15.2593	0	12.9623	18.7305	11.1	29.2968	17.054	13.0586	15.1894	12.0394	14.5121	19.138	19.9615	14.4443	11.7298	10.0778	
15.0217	23.544	16.9717	30.5566	6.30464	13.3735	10.8299	7.68138	9.1	22.8058	12.9623	0	9.87801	16.2554	13.1868	10.48	23.6344	22.6527	13.0598	7.12764	11.9447	15.8975	25.3869	14.8506	2.88453	
11.3339	14.5232	9.49882	23.3161	3.57337	9.89659	13.5014	4.95011	17.2146	13.0302	18.7305	9.87801	0	18.7798	11.932	18.2694	14.3313	11.22	13.2548	11.7105	27.7532	8.0901	15.9595	7.00071	19.731	
13.42	17.9254	11.47	14.5576	14.6715	7.60263	10.9493	20.2789	7.15542	5.37587	11.1	16.2554	18.7798	0	11.2422	7.77831	7.9	7.18607	8.59581	17.6777	16.6564	9.40912	16.6461	21.1995	18.8948	
10.5689	20.0192	5.2506	30.7989	16.7653	5.64836	15.0559	10.1451	4.08678	8.14602	29.2968	13.1868	11.932	11.2422	0	5.46678	15.6309	13.4836	8.04658	12.6117	4.82991	3.84187	21.5204	14.1636	13.8901	
10.8485	22.9	8.89854	16.0374	22.3571	13.6557	12.4291	20.0176	1.38	2.40244	17.054	10.48	18.2694	7.77831	5.46678	0	9.88731	4.21263	5.01462	18.443	10.5735	9.58546	18.1259	18.628	20.3745	
13.7877	25.8047	11.8377	10.4968	16.8165	15.5026	6.88851	16.218	9.32636	4.92146	13.0586	23.6344	14.3313	7.9	15.6309	9.88731	0	3.11127	5.36656	25.5777	20.1113	13.2464	12.5853	19.5366	14.8339	
22.4129	34.8858	14.9489	10.267	14.7934	17.8061	6.65877	15.9883	7.1098	1.81019	15.1894	22.6527	11.22	7.18607	13.4836	4.21263	3.11127	0	3.15	19.8379	13.0907	17.8728	12.0477	18.2207	14.6042	
25.7582	31.559	13.9132	24.8568	16.8281	24.432	9.80877	20.439	3.9598	3.21994	12.0394	13.0598	13.2548	8.59581	8.04658	5.01462	5.36656	3.15	0	21.2477	14.5005	21.3449	15.1977	20.2555	22.1172	
15.4969	30.6716	10.1786	32.3891	8.13713	10.5763	12.3797	9.51387	16.2276	18.0278	14.5121	7.12764	11.7105	17.6777	12.6117	18.443	25.5777	19.8379	21.2477	0	12.4565	8.76986	31.2562	16.6831	4.43424	
15.9851	34.5084	20.507	36.8526	20.5936	14.5264	17.0056	31.626	8.91669	11.2805	19.138	11.9447	27.7532	16.6564	4.82991	10.5735	20.1113	13.0907	14.5005	12.4565	0	8.67178	29.0477	26.5346	9.06015	
3.35872	12.1293	1.40872	14.8223	7.68	1.80649	11.214	6.30327	7.92866	16.0682	19.9615	15.8975	8.0901	9.40912	3.84187	9.58546	13.2464	17.8728	21.3449	8.76986	8.67178	0	10.8335	10.3217	13.2041	
10.3652	23.4262	9.42478	7.35666	15.6248	13.2	5.69677	14.5149	20.9938	13.8579	14.4443	25.3869	15.9595	16.6461	21.5204	18.1259	12.5853	12.0477	15.1977	31.2562	29.0477	10.8335	0	19.1543	13.6422	
11.6795	9.96092	9.72951	24.5472	8.54599	12.1282	18.474	9.92273	30.5103	33.6719	11.7298	14.8506	7.00071	21.1995	14.1636	18.628	19.5366	18.2207	20.2555	16.6831	26.5346	10.3217	19.1543	0	17.4744	
15.5773	26.4285	15.9401	11.5537	9.18917	19.0927	7.94541	17.2749	11.9845	20.3407	10.0778	2.88453	19.731	18.8948	13.8901	20.3745	14.8339	14.6042	22.1172	4.43424	9.06015	13.2041	13.6422	17.4744	0	

0	5.60892	3.4	9.76463	4.53883	7.26518	12.1785	4.87767	17.2855	16.9596	14.776	8.61538	3.2423	16.6927	15.2983	14.5232	23.8394	29.9123	15.3335	10.3124	14.0983	14.066	20.3625	3.29848	10.8514	
5.60892	0	9.00892	15.3736	9.34167	15.6102	15.3999	10.4866	11.6766	12.8014	13.5339	12.9223	8.85122	14.1363	18.3038	12.7766	27.7906	16.0258	13.8747	11.2253	17.5251	12.5134	16.4139	6.51988	16.1432	
3.4	9.00892	0	13.1646	2.26274	3.86518	14.5872	6.138	12.2232	14.6904	13.6807	11.7782	3.55928	17.36	11.8983	11.1232	21.688	21.7432	12.2894	13.4752	9.38454	6.96201	16.5607	5.08453	12.0355	
9.76463	15.3736	13.1646	0	15.9537	22.2983	10.3727	12.0785	15.4837	23.9605	6.62379	18.38	13.0069	11.8238	26.0447	24.154	22.0112	28.054	22.5343	20.19	23.8838	19.2014	9.50379	13.0631	25.4424	
4.53883	9.34167	2.26274	15.9537	0	6.12792	11.7018	3.87525	20.4001	16.4829	13.7736	12.0088	1.29653	14.747	11.1467	13.3859	18.2289	33.0708	14.3311	11.812	7.1218	12.9288	18.4167	2.82179	9.77272	
7.26518	15.6102	3.86518	22.2983	6.12792	0	13.086	10.7194	15.4827	10.7937	16.8349	15.6433	7.03082	17.312	12.3173	14.9884	18.9904	22.0587	26.3015	20.7717	14.4718	3.09684	18.92	10.1067	19.5899	
12.1785	15.3999	14.5872	10.3727	11.7018	13.086	0	13.6472	6.2788	8.74606	3.74892	11.1747	13.6209	4.22606	4.11437	5.1788	5.90444	10.9956	6.34499	13.8566	8.13929	13.3349	6.62892	8.88	8.93859	
4.87767	10.4866	6.138	12.0785	3.87525	10.7194	13.6472	0	13.1755	11.5292	9.89831	13.4931	5.17179	13.5381	14.2491	11.622	18.5381	12.1059	10.4559	15.6872	10.9971	9.35641	12.7783	6.69705	13.648	
17.2855	11.6766	12.2232	15.4837	20.4001	15.4827	6.2788	13.1755	0	2.25743	7.65967	10.2852	15.9101	2.45967	6.62722	1.1	7.45967	5.48184	2.26619	8.58811	10.6521	9.95429	11.7399	15.9185	13.5061	
16.9596	12.8014	14.6904	23.9605	16.4829	10.7937	8.74606	11.5292	2.25743	0	11.1173	24.2509	21.3066	4.71711	4.86657	2.2395	8.31558	2.72331	1.07331	10.8455	12.903	7.69686	20.2167	13.6611	24.4261	
14.776	13.5339	13.6807	6.62379	13.7736	16.8349	3.74892	9.89831	7.65967	11.1173	0	15.2632	17.931	5.2	7.86328	8.92772	9.65336	15.037	16.5952	13.5662	16.897	19.2547	2.88	12.6289	12.6875	
8.61538	12.9223	11.7782	18.38	12.0088	15.6433	11.1747	13.4931	10.2852	24.2509	15.2632	0	11.8577	27.1529	9.50785	20.6837	17.5172	31.3037	17.3127	1.69706	5.48293	18.9653	29.4621	11.1381	2.23607	
3.2423	8.85122	3.55928	13.0069	1.29653	7.03082	13.6209	5.17179	15.9101	21.3066	17.931	11.8577	0	13.4504	24.2424	17.7393	18.4504	22.2685	18.4886	13.1085	8.41833	10.1277	17.1202	4.11832	11.0693	
16.6927	14.1363	17.36	11.8238	14.747	17.312	4.22606	13.5381	2.45967	4.71711	5.2	27.1529	13.4504	0	8.34043	3.55967	5	8.63677	11.3952	11.0478	14.8169	14.8456	8.08	13.1061	13.1647	
15.2983	18.3038	11.8983	26.0447	11.1467	12.3173	4.11437	14.2491	6.62722	4.86657	7.86328	9.50785	24.2424	8.34043	0	4.95945	10.0188	5.44326	3.79326	10.3248	4.02492	9.2205	16.0127	12.9944	13.053	
14.5232	12.7766	11.1232	24.154	13.3859	14.9884	5.1788	11.622	1.1	2.2395	8.92772	20.6837	17.7393	3.55967	4.95945	0	10.8638	2.81619	1.16619	9.68811	12.9959	11.2641	17.0771	14.0588	14.1174	
23.8394	27.7906	21.688	22.0112	18.2289	18.9904	5.90444	18.5381	7.45967	8.31558	9.65336	17.5172	18.4504	5	10.0188	10.8638	0	5.09117	6.74117	18.2347	12.0343	16.0765	16.1665	14.7844	14.843	
29.9123	16.0258	21.7432	28.054	33.0708	22.0587	10.9956	12.1059	5.48184	2.72331	15.037	31.3037	22.2685	8.63677	5.44326	2.81619	5.09117	0	1.65	14.7652	13.4797	10.9213	23.7166	16.8855	26.656	
15.3335	13.8747	12.2894	22.5343	14.3311	26.3015	6.34499	10.4559	2.26619	1.07331	16.5952	17.3127	18.4886	11.3952	3.79326	1.16619	6.74117	1.65	0	17.4308	7.81818	8.77017	22.5617	14.7344	25.006	
10.3124	11.2253	13.4752	20.19	11.812	20.7717	13.8566	15.6872	8.58811	10.8455	13.5662	1.69706	13.1085	11.0478	10.3248	9.68811	18.2347	14.7652	17.4308	0	6.29984	20.974	16.4462	12.8352	3.93312	
14.0983	17.5251	9.38454	23.8838	7.1218	14.4718	8.13929	10.9971	10.6521	12.903	16.897	5.48293	8.41833	14.8169	4.02492	12.9959	12.0343	13.4797	7.81818	6.29984	0	13.2454	25.0464	9.94359	7.719	
14.066	12.5134	6.96201	19.2014	12.9288	3.09684	13.3349	9.35641	9.95429	7.69686	19.2547	18.9653	10.1277	14.8456	9.2205	11.2641	16.0765	10.9213	8.77017	20.974	13.2454	0	22.0168	16.9076	16.7292	
20.3625	16.4139	16.5607	9.50379	18.4167	18.92	6.62892	12.7783	11.7399	20.2167	2.88	29.4621	17.1202	8.08	16.0127	17.0771	16.1665	23.7166	22.5617	16.4462	25.0464	22.0168	0	20.7783	20.8369	
3.29848	6.51988	5.08453	13.0631	2.82179	10.1067	8.88	6.69705	15.9185	13.6611	12.6289	11.1381	4.11832	13.1061	12.9944	14.0588	14.7844	16.8855	14.7344	12.8352	9.94359	16.9076	20.7783	0	11.9144	
10.8514	16.1432	12.0355	25.4424	9.77272	19.5899	8.93859	13.648	13.5061	24.4261	12.6875	2.23607	11.0693	13.1647	13.053	14.1174	14.843	26.656	25.006	3.93312	7.719	16.7292	20.8369	11.9144	0	

0	7.43942	6.22068	19.0491	3.8448	10.5315	17.121	6.3337	19.2456	18.2215	18.5007	2.65089	5.6473	13.32	21.2813	16.5807	22.42	19.9764	17.3897	5.53588	20.9655	10.2808	12.3807	6.82784	6.16151	
7.43942	0	5.9705	23.215	3.59462	10.2814	22.2993	11.1922	24.0829	15.1474	18.4006	10.142	5.39712	17.5288	18.5602	18.9764	17.099	12.8564	14.7064	13.027	19.38	16.5938	13.4297	6.57766	13.6527	
6.22068	5.9705	0	8.90197	2.37588	9.06262	13.5951	8.91622	10.3007	13.5312	12.6654	8.64568	4.17838	16.3101	14.3827	8.58073	20.5432	14.7007	17.5604	7.8303	27.6575	2.28079	19.7919	5.35891	5.16976	
19.0491	23.215	8.90197	0	21.3386	18.2343	21.4098	21.7413	20.1309	14.08	13.6777	29.1294	26.5496	17.6245	18.5863	19.0305	11.5974	15.4048	13.5548	19.7017	26.497	6.62118	15.809	23.3851	24.0065	
3.8448	3.59462	2.37588	21.3386	0	6.68674	10.5734	6.61082	19.8598	18.8358	12.6904	6.49569	1.8025	13.9342	17.5375	10.9566	17.6514	16.451	18.0039	16.3231	22.9746	4.65667	9.43674	2.98304	7.54564	
10.5315	10.2814	9.06262	18.2343	6.68674	0	8.56241	9.30658	16.3735	16.5291	8.87	9.72666	8.48924	11.6276	10.8508	16.158	10.9647	15.2073	15.6973	12.6117	14.5179	11.6131	2.75	9.66978	13.053	
17.121	22.2993	13.5951	21.4098	10.5734	8.56241	0	10.7873	9.31558	12.4572	7.73215	16.0909	8.77091	7.55569	15.517	7.59558	10.0047	13.7156	11.6254	15.2408	12.0748	18.1168	8.86966	13.1329	12.5802	
6.3337	11.1922	8.91622	21.7413	6.61082	9.30658	10.7873	0	16.437	19.6675	13.422	7.25709	4.80833	17.9427	17.8845	14.327	20.2713	20.837	23.6967	6.40701	20.7828	14.7707	7.30201	9.17031	3.74647	
19.2456	24.0829	10.3007	20.1309	19.8598	16.3735	9.31558	16.437	0	6.67047	14.1337	19.688	11.2387	5.92558	5.52268	1.72	12.5116	7.84	6.57609	18.838	9.18983	17.6246	16.602	23.8411	16.1774	
18.2215	15.1474	13.5312	14.08	18.8358	16.5291	12.4572	19.6675	6.67047	0	13.831	18.4724	14.4691	4.90153	6.3869	4.95047	6.35618	2.29103	2.34787	14.4605	10.0541	18.4888	16.7407	28.3188	19.0977	
18.5007	18.4006	12.6654	13.6777	12.6904	8.87	7.73215	13.422	14.1337	13.831	0	35.6517	14.0694	12.5	19.6563	15.3277	15.7826	11.54	13.39	22.1409	19.8069	10.3846	6.12	9.7074	18.7094	
2.65089	10.142	8.64568	29.1294	6.49569	9.72666	16.0909	7.25709	19.688	18.4724	35.6517	0	13.4699	15.9709	17.6487	17.2264	10.9893	17.9745	16.1245	2.885	11.3325	10.9265	12.4767	12.5126	3.51063	
5.6473	5.39712	4.17838	26.5496	1.8025	8.48924	8.77091	4.80833	11.2387	14.4691	14.0694	13.4699	0	15.7367	19.5041	9.51866	18.7757	15.6387	18.4983	15.8127	20.8457	7.105	11.4033	4.36198	8.55479	
13.32	17.5288	16.3101	17.6245	13.9342	11.6276	7.55569	17.9427	5.92558	4.90153	12.5	15.9709	15.7367	0	7.96131	7.64558	9.1	5.91971	4.06971	16.8568	11.0245	20.0632	11.8392	16.9173	14.1962	
21.2813	18.5602	14.3827	18.5863	17.5375	10.8508	15.517	17.8845	5.52268	6.3869	19.6563	17.6487	19.5041	7.96131	0	7.24268	6.98891	8.67793	8.73477	12.1147	3.66715	12.1019	13.6008	23.14	14.1381	
16.5807	18.9764	8.58073	19.0305	10.9566	16.158	7.59558	14.327	1.72	4.95047	15.3277	17.2264	9.51866	7.64558	7.24268	0	10.3626	6.12	7.29835	20.0667	19.0379	10.8615	16.4652	13.8806	13.7505	
22.42	17.099	20.5432	11.5974	17.6514	10.9647	10.0047	20.2713	12.5116	6.35618	15.7826	10.9893	18.7757	9.1	6.98891	10.3626	0	4.24264	6.09264	8.10432	10.6561	18.2186	13.7147	21.4444	10.7649	
19.9764	12.8564	14.7007	15.4048	16.451	15.2073	13.7156	20.837	7.84	2.29103	11.54	17.9745	15.6387	5.91971	8.67793	6.12	4.24264	0	1.85	12.347	18.3708	21.4663	14.8495	21.2474	27.497	
17.3897	14.7064	17.5604	13.5548	18.0039	15.6973	11.6254	23.6967	6.57609	2.34787	13.39	16.1245	18.4983	4.06971	8.73477	7.29835	6.09264	1.85	0	14.6263	15.0942	20.176	15.9089	27.9664	17.2869	
5.53588	13.027	7.8303	19.7017	16.3231	12.6117	15.2408	6.40701	18.838	14.4605	22.1409	2.885	15.8127	16.8568	12.1147	20.0667	8.10432	12.347	14.6263	0	8.44751	20.0458	16.0209	11.6625	2.66055	
20.9655	19.38	27.6575	26.497	22.9746	14.5179	12.0748	20.7828	9.18983	10.0541	19.8069	11.3325	20.8457	11.0245	3.66715	19.0379	10.6561	18.3708	15.0942	8.44751	0	15.7691	20.9444	21.7876	11.1081	
10.2808	16.5938	2.28079	6.62118	4.65667	11.6131	18.1168	14.7707	17.6246	18.4888	10.3846	10.9265	7.105	20.0632	12.1019	10.8615	18.2186	21.4663	20.176	20.0458	15.7691	0	14.3631	17.7004	7.45055	
12.3807	13.4297	19.7919	15.809	9.43674	2.75	8.86966	7.30201	16.602	16.7407	6.12	12.4767	11.4033	11.8392	13.6008	16.4652	13.7147	14.8495	15.9089	16.0209	20.9444	14.3631	0	11.9986	11.0485	
6.82784	6.57766	5.35891	23.3851	2.98304	9.66978	13.1329	9.17031	23.8411	28.3188	9.7074	12.5126	4.36198	16.9173	23.14	13.8806	21.4444	21.2474	27.9664	11.6625	21.7876	17.7004	11.9986	0	9.00198	
6.16151	13.6527	5.16976	24.0065	7.54564	13.053	12.5802	3.74647	16.1774	19.0977	18.7094	3.51063	8.55479	14.1962	14.1381	13.7505	10.7649	27.497	17.2869	2.66055	11.1081	7.45055	11.0485	9.00198	0	

0	12.3507	5.35	23.5239	8.01506	10.5531	17.5553	8.73613	12.5073	11.351	23.8403	14.3316	7.15901	18.1499	12.4523	15.1873	19.4148	13.9532	13.0057	14.53	14.2411	13.4494	13.5665	5.11265	10.3514	
12.3507	0	7.00071	35.9449	10.69	12.2038	21.8658	11.5735	34.025	23.6062	27.7459	21.6424	9.83399	16.8073	33.4376	17.1705	34.4073	21.0421	29.8303	16.1807	33.0816	16.1244	15.2172	7.78763	22.8331	
5.35	7.00071	0	26.6864	6.44881	5.20312	12.471	6.47341	12.8498	16.701	15.7738	13.0385	9.58468	13.0294	17.8023	10.1698	18.9839	14.4584	16.7084	9.18	16.1957	9.24622	8.21647	9.35123	15.3073	
23.5239	35.9449	26.6864	0	23.8553	26.9639	16.5652	21.7804	11.5447	16.6239	13.0755	21.2006	18.6691	19.1376	15.9942	14.2247	27.5838	22.1222	20.2421	21.2211	14.2053	18.7871	18.4699	20.7155	25.1808	
8.01506	10.69	6.44881	23.8553	0	11.6519	12.9739	6.32278	21.7583	14.7155	13.7392	13.9373	4.94878	16.0851	17.4732	16.4355	27.2805	15.3109	13.0609	6.82469	13.8404	8.02768	8.71931	2.90241	9.95711	
10.5531	12.2038	5.20312	26.9639	11.6519	0	12.8847	11.4543	18.3138	14.6251	9.75463	7.83537	8.31711	7.82624	17.6456	14.0081	22.2518	19.6615	20.4807	6.99714	14.0129	4.04309	8.05987	12.3799	11.0956	
17.5553	21.8658	12.471	16.5652	12.9739	12.8847	0	12.3119	5.04803	10.1273	4.21753	13.5506	15.0875	5.05847	6.0821	7.72803	18.2054	18.0476	13.1316	16.7306	7.87096	8.27133	4.25455	17.39	17.866	
8.73613	11.5735	6.47341	21.7804	6.32278	11.4543	12.3119	0	21.2434	15.6736	14.0831	17.0928	3.11127	15.7705	21.1884	14.3606	33.568	17.0403	16.9344	11.1259	18.1416	7.38528	8.05739	3.78583	13.1126	
12.5073	34.025	12.8498	11.5447	21.7583	18.3138	5.04803	21.2434	0	5.07922	9.26556	14.7829	13.9293	8.86188	11.1301	2.68	13.143	7.68138	6.73391	24.4552	15.0947	14.2707	9.30258	17.6199	21.3232	
11.351	23.6062	16.701	16.6239	14.7155	14.6251	10.1273	15.6736	5.07922	0	17.5071	9.70371	12.5623	6.7989	10.0366	7.75922	7.12764	2.60215	1.65469	20.685	11.8254	14.8563	10.5317	14.6087	13.6839	
23.8403	27.7459	15.7738	13.0755	13.7392	9.75463	4.21753	14.0831	9.26556	17.5071	0	22.8599	9.98555	9.276	10.2996	7.38777	21.6694	16.1178	15.4928	20.7456	18.8614	5.71153	8.47209	14.0483	12.7641	
14.3316	21.6424	13.0385	21.2006	13.9373	7.83537	13.5506	17.0928	14.7829	9.70371	22.8599	0	15.9011	8.49211	12.974	14.674	17.7675	12.3059	11.3584	10.1075	11.1852	11.0327	21.0354	13.8547	3.9802	
7.15901	9.83399	9.58468	18.6691	4.94878	8.31711	15.0875	3.11127	13.9293	12.5623	9.98555	15.9011	0	12.3314	19.3632	11.2493	20.6262	15.1645	14.217	12.0108	17.4239	4.27401	8.29079	2.04636	11.3265	
18.1499	16.8073	13.0294	19.1376	16.0851	7.82624	5.05847	15.7705	8.86188	6.7989	9.276	8.49211	12.3314	0	11.1406	6.18188	14.8627	9.40105	8.45359	14.8234	16.2743	8.05739	9.31302	14.7056	12.4723	
12.4523	33.4376	17.8023	15.9942	17.4732	17.6456	6.0821	21.1884	11.1301	10.0366	10.2996	12.974	19.3632	11.1406	0	14.2036	18.1004	12.6387	11.6912	8.80459	1.78885	14.9387	10.3367	17.5649	16.568	
15.1873	17.1705	10.1698	14.2247	16.4355	14.0081	7.72803	14.3606	2.68	7.75922	7.38777	14.674	11.2493	6.18188	14.2036	0	13.2555	8.73	8.10502	19.3498	12.4147	13.0993	15.9932	13.2957	26.0021	
19.4148	34.4073	18.9839	27.5838	27.2805	22.2518	18.2054	33.568	13.143	7.12764	21.6694	17.7675	20.6262	14.8627	18.1004	13.2555	0	4.52548	6.77548	29.249	21.0255	25.6574	18.8146	17.7799	25.1579	
13.9532	21.0421	14.4584	22.1222	15.3109	19.6615	18.0476	17.0403	7.68138	2.60215	16.1178	12.3059	15.1645	9.40105	12.6387	8.73	4.52548	0	2.25	23.5157	16.5	18.3059	11.127	13.2544	18.0747	
13.0057	29.8303	16.7084	20.2421	13.0609	20.4807	13.1316	16.9344	6.73391	1.65469	15.4928	11.3584	14.217	8.45359	11.6912	8.10502	6.77548	2.25	0	19.8855	18.75	12.8938	8.87705	15.5044	20.3895	
14.53	16.1807	9.18	21.2211	6.82469	6.99714	16.7306	11.1259	24.4552	20.685	20.7456	10.1075	12.0108	14.8234	8.80459	19.3498	29.249	23.5157	19.8855	0	7.01573	11.0402	15.544	9.7271	6.12732	
14.2411	33.0816	16.1957	14.2053	13.8404	14.0129	7.87096	18.1416	15.0947	11.8254	18.8614	11.1852	17.4239	16.2743	1.78885	12.4147	21.0255	16.5	18.75	7.01573	0	13.1499	17.1666	18.9265	13.143	
13.4494	16.1244	9.24622	18.7871	8.02768	4.04309	8.27133	7.38528	14.2707	14.8563	5.71153	11.0327	4.27401	8.05739	14.9387	13.0993	25.6574	18.3059	12.8938	11.0402	13.1499	0	4.01678	6.32038	7.05252	
13.5665	15.2172	8.21647	18.4699	8.71931	8.05987	4.25455	8.05739	9.30258	10.5317	8.47209	21.0354	8.29079	9.31302	10.3367	15.9932	18.8146	11.127	8.87705	15.544	17.1666	4.01678	0	11.6217	11.0693	
5.11265	7.78763	9.35123	20.7155	2.90241	12.3799	17.39	3.78583	17.6199	14.6087	14.0483	13.8547	2.04636	14.7056	17.5649	13.2957	17.7799	13.2544	15.5044	9.7271	18.9265	6.32038	11.6217	0	12.8595	
10.3514	22.8331	15.3073	25.1808	9.95711	11.0956	17.866	13.1126	21.3232	13.6839	12.7641	3.9802	11.3265	12.4723	16.568	26.0021	25.1579	18.0747	20.3895	6.12732	13.143	7.05252	11.0693	12.8595	0	

0	14.8244	1.9	15.6179	9.30456	9.77902	16.4611	7.76415	10.8381	8.73155	8.21988	5.78429	8.60886	15.48	15.4991	15.0937	11.9571	13.4833	9.29057	16.01	10.7586	4.44912	9.50148	9.23576	2.91446	
14.8244	0	12.9244	20.9734	13.865	11.8712	19.3928	15.2927	21.0625	16.1958	16.8712	16.5154	11.2389	30.1945	18.1112	19.8351	15.8583	17.5368	15.6368	19.9607	27.4114	14.8813	10.9558	8.33095	13.1389	
1.9	12.9244	0	23.9779	7.29187	7.87902	8.15611	5.86415	10.3576	10.6316	10.1199	3.88429	7.3915	17.38	12.5318	9.55358	13.1527	20.395	19.6049	12.1527	7.41944	2.54912	11.4015	9.09943	4.81446	
15.6179	20.9734	23.9779	0	15.7189	12.398	18.4546	17.1466	21.6463	16.64	7.398	40.0162	16.4146	17.0112	17.173	21.5576	14.9201	18.04	17.199	26.4809	25.4388	20.6384	10.0176	23.7005	22.3569	
9.30456	13.865	7.29187	15.7189	0	4.01204	7.87393	1.42773	14.5617	15.6035	9.01204	10.0145	0.695701	16.7743	24.009	15.6945	11.1542	12.136	14.036	7.71629	21.7804	10.8081	16.3109	3.60369	6.63807	
9.77902	11.8712	7.87902	12.398	4.01204	0	11.886	5.43977	13.5425	12.9002	5	11.7633	4.70775	15.5747	19.5247	11.6825	9.67471	13.7052	14.4823	14.7741	16.3974	10.4281	14.45	9.2177	10.6501	
16.4611	19.3928	8.15611	18.4546	7.87393	11.886	0	9.30166	10.7711	6.50577	13.4767	23.4499	8.56963	8.90034	15.5924	12.6115	3.28024	5.20216	7.10216	18.242	10.4773	5.607	8.18274	12.1573	14.512	
7.76415	15.2927	5.86415	17.1466	1.42773	5.43977	9.30166	0	14.5651	19.683	16.3525	9.74843	1.52735	20.8538	20.1439	17.5945	15.2337	13.5638	18.5339	6.28856	20.924	8.41326	20.3638	4.43534	6.64146	
10.8381	21.0625	10.3576	21.6463	14.5617	13.5425	10.7711	14.5651	0	7.84222	16.6651	9.22199	21.7127	11.8512	8.17357	1.86	7.49083	9.1832	6.05829	19.5285	9.97093	7.80849	12.3933	14.3588	7.92364	
8.73155	16.1958	10.6316	16.64	15.6035	12.9002	6.50577	19.683	7.84222	0	13.422	16.4633	17.3404	8.38004	9.79477	4.7573	3.22552	2.45902	0.559017	12.8043	8.7988	13.3365	8.12802	13.9591	11.646	
8.21988	16.8712	10.1199	7.398	9.01204	5	13.4767	16.3525	16.6651	13.422	0	15.9516	11.3097	16.0965	16.6054	16.6825	10.1965	14.227	15.004	27.5606	18.1107	13.2404	9.45	16.2755	11.1343	
5.78429	16.5154	3.88429	40.0162	10.0145	11.7633	23.4499	9.74843	9.22199	16.4633	15.9516	0	13.0238	23.2118	8.6475	7.36199	17.2493	18.072	11.5603	12.4734	11.4045	6.43341	15.8029	16.9675	3.37646	
8.60886	11.2389	7.3915	16.4146	0.695701	4.70775	8.56963	1.52735	21.7127	17.3404	11.3097	13.0238	0	20.1218	25.4779	16.8625	14.2218	12.8317	16.3081	7.81591	19.3675	9.4583	18.1103	2.90799	7.33377	
15.48	30.1945	17.38	17.0112	16.7743	15.5747	8.90034	20.8538	11.8512	8.38004	16.0965	23.2118	20.1218	0	17.6918	13.7112	5.9	9.93051	8.93905	30.4776	17.1788	14.5073	10.8025	24.7158	18.3945	
15.4991	18.1112	12.5318	17.173	24.009	19.5247	15.5924	20.1439	8.17357	9.79477	16.6054	8.6475	25.4779	17.6918	0	7.84221	12.0579	11.1358	9.23576	20.5497	4.74046	9.61078	7.15542	22.6358	12.024	
15.0937	19.8351	9.55358	21.5576	15.6945	11.6825	12.6115	17.5945	1.86	4.7573	16.6825	7.36199	16.8625	13.7112	7.84221	0	9.00583	6.09829	4.19829	16.4436	11.8309	7.00446	11.54	13.5548	9.78364	
11.9571	15.8583	13.1527	14.9201	11.1542	9.67471	3.28024	15.2337	7.49083	3.22552	10.1965	17.2493	14.2218	5.9	12.0579	9.00583	0	4.03051	3.78454	17.0528	12.0243	8.88724	4.9025	17.1298	15.4145	
13.4833	17.5368	20.395	18.04	12.136	13.7052	5.20216	13.5638	9.1832	2.45902	14.227	18.072	12.8317	9.93051	11.1358	6.09829	4.03051	0	1.9	14.1453	13.5506	10.8092	8.93301	15.3001	18.7741	
9.29057	15.6368	19.6049	17.199	14.036	14.4823	7.10216	18.5339	6.05829	0.559017	15.004	11.5603	16.3081	8.93905	9.23576	4.19829	3.78454	1.9	0	12.2453	9.35782	11.2027	9.71005	13.4001	15.2068	
16.01	19.9607	12.1527	26.4809	7.71629	14.7741	18.242	6.28856	19.5285	12.8043	27.5606	12.4734	7.81591	30.4776	20.5497	16.4436	17.0528	14.1453	12.2453	0	23.0517	16.6591	18.1106	11.6298	12.93	
10.7586	27.4114	7.41944	25.4388	21.7804	16.3974	10.4773	20.924	9.97093	8.7988	18.1107	11.4045	19.3675	17.1788	4.74046	11.8309	12.0243	13.5506	9.35782	23.0517	0	4.87032	11.8959	11.4206	13.6731	
4.44912	14.8813	2.54912	20.6384	10.8081	10.4281	5.607	8.41326	7.80849	13.3365	13.2404	6.43341	9.4583	14.5073	9.61078	7.00446	8.88724	10.8092	11.2027	16.6591	4.87032	0	14.044	6.55031	11.1654	
9.50148	10.9558	11.4015	10.0176	16.3109	14.45	8.18274	20.3638	12.3933	8.12802	9.45	15.8029	18.1103	10.8025	7.15542	11.54	4.9025	8.93301	9.71005	18.1106	11.8959	14.044	0	18.7372	12.4159	
9.23576	8.33095	9.09943	23.7005	3.60369	9.2177	12.1573	4.43534	14.3588	13.9591	16.2755	16.9675	2.90799	24.7158	22.6358	13.5548	17.1298	15.3001	13.4001	11.6298	11.4206	6.55031	18.7372	0	12.1502	
2.91446	13.1389	4.81446	22.3569	6.63807	10.6501	14.512	6.64146	7.92364	11.646	11.1343	3.37646	7.33377	18.3945	12.024	9.78364	15.4145	18.7741	15.2068	12.93	13.6731	11.1654	12.4159	12.1502	0	

0	9.43319	5.05	24.5579	8.86198	16.4969	20.9422	5.24168	30.4832	24.8003	18.4049	14.0038	7.22158	20.3315	23.8883	11.7239	18.8606	18.3035	19.386	10.49	11.6415	11.4899	16.4435	8.48668	8.60421	
9.43319	0	14.0014	27.9865	4.27931	17.8438	25.328	7.89961	36.8331	27.7468	22.4297	9.05555	5.22799	27.3387	23.492	20.6753	22.4244	25.5174	14.4378	19.4414	20.593	20.4413	11.4953	7.98795	17.5556	
5.05	14.0014	0	19.5079	14.2775	11.4469	16.8529	10.2917	10.0339	8.71234	13.3549	7.10956	15.3075	9.96214	9.18538	6.6739	13.8106	13.2535	12.4465	5.44	6.59154	6.43988	20.9352	16.5726	3.55421	
24.5579	27.9865	19.5079	0	21.7728	30.9548	21.3181	32.8355	13.3967	8.64	15.2261	36.3015	29.0654	20.3261	14.297	10.6784	13.1937	13.6746	9.62387	24.9479	21.7078	25.9478	14.5568	30.7832	23.0621	
8.86198	4.27931	14.2775	21.7728	0	13.5225	14.6718	2.92858	17.7952	11.1423	16.216	4.77624	0.948683	14.3991	14.2816	15.9311	18.1451	17.0584	10.1584	13.6009	20.0448	12.7797	7.21598	3.70864	8.33159	
16.4969	17.8438	11.4469	30.9548	13.5225	0	10.5011	13.0589	13.2761	18.0329	16.5931	18.3408	13.2065	19.5295	14.6154	16.6361	25.0094	15.2514	20.9129	16.8869	18.0384	14.5379	19.14	9.81389	15.0011	
20.9422	25.328	16.8529	21.3181	14.6718	10.5011	0	16.935	14.7179	9.77133	6.09199	9.89553	17.0827	9.02841	4.11437	10.9625	14.6284	11.4448	8.23747	18.7202	6.7082	10.413	11.8983	13.69	13.4509	
5.24168	7.89961	10.2917	32.8355	2.92858	13.0589	16.935	0	20.3412	19.0196	25.0441	8.39655	1.9799	15.4303	14.9142	16.9812	21.7654	23.7312	13.7787	14.0283	19.9191	9.15944	10.8363	3.245	16.8818	
30.4832	36.8331	10.0339	13.3967	17.7952	13.2761	14.7179	20.3412	0	4.75673	16.4541	14.35	26.2423	6.64824	10.2081	3.36	9.31041	9.79133	5.7406	13.6061	10.6433	25.9666	20.6659	22.2727	17.9053	
24.8003	27.7468	8.71234	8.64	11.1423	18.0329	9.77133	19.0196	4.75673	0	14.8553	19.1067	20.1297	5.32667	5.10698	2.03843	4.55368	5.0346	0.98387	12.2845	8.25081	31.0133	15.7193	17.3262	17.586	
18.4049	22.4297	13.3549	15.2261	16.216	16.5931	6.09199	25.0441	16.4541	14.8553	0	15.9875	18.5504	5.1	10.2064	8.38824	10.7	17.5368	13.8714	18.7949	14.3486	16.505	9	19.782	13.4721	
14.0038	9.05555	7.10956	36.3015	4.77624	18.3408	9.89553	8.39655	14.35	19.1067	15.9875	0	5.72493	11.9275	14.0099	17.71	22.9213	21.3403	14.9347	8.82469	22.2909	11.6166	11.9922	8.48488	3.55535	
7.22158	5.22799	15.3075	29.0654	0.948683	13.2065	17.0827	1.9799	26.2423	20.1297	18.5504	5.72493	0	13.4504	15.0618	16.7387	19.0504	22.1867	11.1071	16.0082	19.0961	11.1393	8.16467	3.39265	15.4476	
20.3315	27.3387	9.96214	20.3261	14.3991	19.5295	9.02841	15.4303	6.64824	5.32667	5.1	11.9275	13.4504	0	10.1364	3.28824	5.6	10.0382	9.06088	13.5343	10.5715	19.4414	14.1	16.8431	8.37213	
23.8883	23.492	9.18538	14.297	14.2816	14.6154	4.11437	14.9142	10.2081	5.10698	10.2064	14.0099	15.0618	10.1364	0	6.84812	10.2106	10.6916	4.12311	16.6266	2.59384	14.5274	10.0623	11.6692	11.929	
11.7239	20.6753	6.6739	10.6784	15.9311	16.6361	10.9625	16.9812	3.36	2.03843	8.38824	17.71	16.7387	3.28824	6.84812	0	6.59211	6.75	3.0223	10.2461	7.2833	13.1138	16.9104	18.5173	10.2281	
18.8606	22.4244	13.8106	13.1937	18.1451	25.0094	14.6284	21.7654	9.31041	4.55368	10.7	22.9213	19.0504	5.6	10.2106	6.59211	0	9.58828	5.53755	19.2506	19.2457	20.2505	20.1299	21.8537	13.9721	
18.3035	25.5174	13.2535	13.6746	17.0584	15.2514	11.4448	23.7312	9.79133	5.0346	17.5368	21.3403	22.1867	10.0382	10.6916	6.75	9.58828	0	6.01847	16.9961	14.0333	19.6934	17.9314	24.9467	16.8077	
19.386	14.4378	12.4465	9.62387	10.1584	20.9129	8.23747	13.7787	5.7406	0.98387	13.8714	14.9347	11.1071	9.06088	4.12311	3.0223	5.53755	6.01847	0	16.0187	6.71694	21.1833	14.1854	13.8671	16.0521	
10.49	19.4414	5.44	24.9479	13.6009	16.8869	18.7202	14.0283	13.6061	12.2845	18.7949	8.82469	16.0082	13.5343	16.6266	10.2461	19.2506	16.9961	16.0187	0	12.0315	11.8799	26.6889	17.2733	8.99421	
11.6415	20.593	6.59154	21.7078	20.0448	18.0384	6.7082	19.9191	10.6433	8.25081	14.3486	22.2909	19.0961	10.5715	2.59384	7.2833	19.2457	14.0333	6.71694	12.0315	0	13.0314	12.6561	14.263	10.1457	
11.4899	20.4413	6.43988	25.9478	12.7797	14.5379	10.413	9.15944	25.9666	31.0133	16.505	11.6166	11.1393	19.4414	14.5274	13.1138	20.2505	19.6934	21.1833	11.8799	13.0314	0	14.4953	12.4044	9.99408	
16.4435	11.4953	20.9352	14.5568	7.21598	19.14	11.8983	10.8363	20.6659	15.7193	9	11.9922	8.16467	14.1	10.0623	16.9104	20.1299	17.9314	14.1854	26.6889	12.6561	14.4953	0	10.9246	21.7829	
8.48668	7.98795	16.5726	30.7832	3.70864	9.81389	13.69	3.245	22.2727	17.3262	19.782	8.48488	3.39265	16.8431	11.6692	18.5173	21.8537	24.9467	13.8671	17.2733	14.263	12.4044	10.9246	0	16.0518	
8.60421	17.5556	3.55421	23.0621	8.33159	15.0011	13.4509	16.8818	17.9053	17.586	13.4721	3.55535	15.4476	8.37213	11.929	10.2281	13.9721	16.8077	16.0521	8.99421	10.1457	9.99408	21.7829	16.0518	0	

0	11.4728	5.6	19.8866	7.94592	13.3963	9.06453	9.60975	17.8676	14.4323	20.3963	11.3638	9.21083	18	14.3408	12.8623	19.8052	18.2257	23.9865	4.25281	12.4357	10.9191	10.9411	10.5258	10.2312	
11.4728	0	7.22532	32.5092	4.48155	22.447	16.6709	20.2696	13.5555	17.6781	27.8761	20.0345	8.41768	19.9554	16.2402	19.7165	22.7061	20.3934	20.1825	15.7256	14.28	21.4598	22.4139	1.90163	13.0217	
5.6	7.22532	0	14.6667	2.82843	8.17634	14.6645	4.66407	14.8597	19.2332	15.1763	5.76378	4.09334	12.4	16.1153	14.1775	14.2052	18.9464	23.2872	9.85281	6.83567	5.80164	12.4497	5.32369	4.63124	
19.8866	32.5092	14.6667	0	15.8845	6.49038	13.5373	11.788	6.71249	13.7396	12.4528	19.693	11.8987	4.25281	7.96809	11.0923	17.9846	15.0333	20.4833	19.1021	26.0612	12.9113	10.9567	21.7119	12.6249	
7.94592	4.48155	2.82843	15.8845	0	6.67324	13.186	1.83565	14.2338	27.6586	11.5405	8.59221	1.26491	13.6381	11.1811	9.38283	17.0336	11.8716	16.2124	9.63482	9.6641	2.97321	9.62131	2.57992	7.45967	
13.3963	22.447	8.17634	6.49038	6.67324	0	16.9633	5.29759	9.95711	17.198	7	13.9401	5.40833	10.7432	14.6431	12.8448	11.651	15.3335	17.2403	13.7782	15.012	13.5706	9.9	11.9244	12.8076	
9.06453	16.6709	14.6645	13.5373	13.186	16.9633	0	11.345	7.37779	5.36773	13.9803	12.2115	20.5803	9.28453	10.425	3.79779	10.3957	8.08302	7.87212	13.3173	10.7331	10.2127	7.93221	18.5726	17.6567	
9.60975	20.2696	4.66407	11.788	1.83565	5.29759	11.345	0	11.1272	9.58562	12.2976	14.6742	2.65872	11.8025	9.34547	7.54718	17.9556	10.036	14.3768	11.0286	15.7461	4.80886	11.457	4.41557	13.5417	
17.8676	13.5555	14.8597	6.71249	14.2338	9.95711	7.37779	11.1272	0	5.61843	10.6597	11.9937	15.3654	2.45967	6.17495	3.58	13.9754	6.17709	7.2832	13.2406	17.3179	24.323	13.4617	11.6539	10.8318	
14.4323	17.6781	19.2332	13.7396	27.6586	17.198	5.36773	9.58562	5.61843	0	9.67904	10.4521	32.6621	8.87796	8.66565	2.03843	5.02802	2.71529	2.5044	11.699	16.1009	15.5805	9.99993	19.5797	17.859	
20.3963	27.8761	15.1763	12.4528	11.5405	7	13.9803	12.2976	10.6597	9.67904	0	23.6402	12.4083	8.2	11.9153	12.2365	4.65102	12.5706	12.7024	23.0492	15.172	8.5673	15.57	30.1775	16.5721	
11.3638	20.0345	5.76378	19.693	8.59221	13.9401	12.2115	14.6742	11.9937	10.4521	23.6402	0	16.5489	10.8094	15.0409	8.4137	19.969	18.7475	15.9939	11.6248	8.55337	15.2303	24.0869	11.0875	2.43731	
9.21083	8.41768	4.09334	11.8987	1.26491	5.40833	20.5803	2.65872	15.3654	32.6621	12.4083	16.5489	0	14.4612	12.0042	10.2059	18.3079	12.6947	17.0355	8.3699	19.4829	4.23812	10.8862	3.84483	16.7931	
18	19.9554	12.4	4.25281	13.6381	10.7432	9.28453	11.8025	2.45967	8.87796	8.2	10.8094	14.4612	0	3.71528	6.03967	12.851	8.63677	9.74287	13.8033	18.0261	16.7673	14.1263	14.1135	8.37213	
14.3408	16.2402	16.1153	7.96809	11.1811	14.6431	10.425	9.34547	6.17495	8.66565	11.9153	15.0409	12.0042	3.71528	0	6.62722	18.5643	12.047	6.59697	10.088	14.3108	17.6185	17.8416	18.1418	12.0874	
12.8623	19.7165	14.1775	11.0923	9.38283	12.8448	3.79779	7.54718	3.58	2.03843	12.2365	8.4137	10.2059	6.03967	6.62722	0	7.06645	4.75372	4.54283	9.66061	14.5309	14.0105	11.73	15.2339	10.851	
19.8052	22.7061	14.2052	17.9846	17.0336	11.651	10.3957	17.9556	13.9754	5.02802	4.65102	19.969	18.3079	12.851	18.5643	7.06645	0	7.74331	7.53242	25.4252	19.823	13.2183	15.2042	19.5289	18.8364	
18.2257	20.3934	18.9464	15.0333	11.8716	15.3335	8.08302	10.036	6.17709	2.71529	12.5706	18.7475	12.6947	8.63677	12.047	4.75372	7.74331	0	5.21969	20.2806	23.495	18.309	7.28464	17.831	24.1703	
23.9865	20.1825	23.2872	20.4833	16.2124	17.2403	7.87212	14.3768	7.2832	2.5044	12.7024	15.9939	17.0355	9.74287	6.59697	4.54283	7.53242	5.21969	0	16.685	20.9078	22.6498	12.7346	18.9371	25.4649	
4.25281	15.7256	9.85281	19.1021	9.63482	13.7782	13.3173	11.0286	13.2406	11.699	23.0492	11.6248	8.3699	13.8033	10.088	9.66061	25.4252	20.2806	16.685	0	15.3201	16.6226	15.1939	14.886	12.4965	
12.4357	14.28	6.83567	26.0612	9.6641	15.012	10.7331	15.7461	17.3179	16.1009	15.172	8.55337	19.4829	18.0261	14.3108	14.5309	19.823	23.495	20.9078	15.3201	0	13.1499	18.6653	12.1594	10.9907	
10.9191	21.4598	5.80164	12.9113	2.97321	13.5706	10.2127	4.80886	24.323	15.5805	8.5673	15.2303	4.23812	16.7673	17.6185	14.0105	13.2183	18.309	22.6498	16.6226	13.1499	0	11.701	5.55314	12.793	
10.9411	22.4139	12.4497	10.9567	9.62131	9.9	7.93221	11.457	13.4617	9.99993	15.57	24.0869	10.8862	14.1263	17.8416	11.73	15.2042	7.28464	12.7346	15.1939	18.6653	11.701	0	12.2012	21.6496	
10.5258	1.90163	5.32369	21.7119	2.57992	11.9244	18.5726	4.41557	11.6539	19.5797	30.1775	11.0875	3.84483	14.1135	18.1418	15.2339	19.5289	17.831	18.9371	14.886	12.1594	5.55314	12.2012	0	9.95493	
10.2312	13.0217	4.63124	12.6249	7.45967	12.8076	17.6567	13.5417	10.8318	17.859	16.5721	2.43731	16.7931	8.37213	12.0874	10.851	18.8364	24.1703	25.4649	12.4965	10.9907	12.793	21.6496	9.95493	0	

0	17.498	5.4	15.408	5.80992	5.28303	12.8761	3.78566	15.015	13.2953	19.8277	5.41223	7.99189	19.7941	15.3513	13.9744	13.564	11.2305	14.7541	12.2853	12.4138	8.55191	21.343	17.6614	7.29052	
17.498	0	23.6287	13.0733	13.3514	18.2941	20.5848	13.7124	25.8294	28.0411	18.9229	27.7095	15.5334	29.3758	32.6865	22.3151	22.5832	30.8126	33.3609	25.4727	32.2242	22.0119	27.1606	10.5948	28.1874	
5.4	23.6287	0	12.8293	11.0481	7.15964	8.15483	9.18566	9.615	22.5146	14.0906	3.88429	8.86612	12.637	9.95132	11.875	12.1	16.6305	16.9689	10.7574	14.5129	3.89076	9.88549	13.0339	5.76259	
15.408	13.0733	12.8293	0	14.8206	10.125	11.7854	14.7067	11.5018	14.8474	5.84958	26.6962	13.025	16.3024	13.8779	9.24175	9.50988	11.8433	18.4547	22.37	20.3838	8.93859	14.0872	20.4027	30.8441	
5.80992	13.3514	11.0481	14.8206	0	6.49569	14.0888	4.58912	12.478	18.9178	20.6312	11.2221	2.18197	22.2049	21.8941	14.738	17.3846	17.0405	19.8319	15.1698	18.2237	9.6615	22.5557	9.55965	14.9553	
5.28303	18.2941	7.15964	10.125	6.49569	0	7.59308	4.5817	11.606	14.9517	13.5289	10.6953	8.67766	12.0753	14.5696	9.34597	11.4781	16.5136	14.2324	12.245	14.7141	3.26888	9.32375	16.171	14.4284	
12.8761	20.5848	8.15483	11.7854	14.0888	7.59308	0	12.1748	14.2091	20.5845	5.93579	12.0391	14.5057	4.48219	6.97653	12.5055	11.3446	13.0458	10.6681	15.7959	11.5381	10.862	1.73066	9.99	17.8481	
3.78566	13.7124	9.18566	14.7067	4.58912	4.5817	12.1748	0	12.4487	14.3287	16.0421	9.19788	6.77109	18.212	18.9741	10.1887	19.9259	15.0162	18.1747	16.8267	16.1995	7.85059	20.6417	13.9535	12.931	
15.015	25.8294	9.615	11.5018	12.478	11.606	14.2091	12.4487	0	7.86568	11.033	13.4993	14.66	9.7269	12.0394	2.26	12.6593	10.3259	7.35391	17.4828	16.601	11.2257	15.9637	22.6489	18.4885	
13.2953	28.0411	22.5146	14.8474	18.9178	14.9517	20.5845	14.3287	7.86568	0	14.3787	29.1098	20.7999	10.032	9.9653	5.60568	4.3982	2.06475	3.84604	20.8285	15.8148	13.8065	13.8685	22.4042	28.2179	
19.8277	18.9229	14.0906	5.84958	20.6312	13.5289	5.93579	16.0421	11.033	14.3787	0	20.8466	18.8746	10.418	12.9123	8.77298	15.3595	19.6636	17.0121	22.4137	25.8225	14.7882	7.66645	15.9258	22.7249	
5.41223	27.7095	3.88429	26.6962	11.2221	10.6953	12.0391	9.19788	13.4993	29.1098	20.8466	0	12.7504	18.1868	13.8356	22.0959	29.2048	16.6428	20.1663	6.87308	13.159	7.77505	25.2	16.9182	1.8783	
7.99189	15.5334	8.86612	13.025	2.18197	8.67766	14.5057	6.77109	14.66	20.7999	18.8746	12.7504	0	18.9879	18.8174	16.4452	15.2026	17.5361	25.4872	12.9878	16.8495	7.47953	16.2364	7.37768	17.8191	
19.7941	29.3758	12.637	16.3024	22.2049	12.0753	4.48219	18.212	9.7269	10.032	10.418	18.1868	18.9879	0	11.4587	8.0233	10.897	8.5636	6.18595	11.3137	22.3136	16.989	6.21285	14.4722	17.2798	
15.3513	32.6865	9.95132	13.8779	21.8941	14.5696	6.97653	18.9741	12.0394	9.9653	12.9123	13.8356	18.8174	11.4587	0	11.929	4.36807	6.70152	15.8838	18.3067	4.56158	12.5773	8.7072	16.9665	13.6962	
13.9744	22.3151	11.875	9.24175	14.738	9.34597	12.5055	10.1887	2.26	5.60568	8.77298	22.0959	16.4452	8.0233	11.929	0	11.2029	7.67044	9.2129	15.2228	16.4906	8.96571	13.7037	21.8678	20.7485	
13.564	22.5832	12.1	9.50988	17.3846	11.4781	11.3446	19.9259	12.6593	4.3982	15.3595	29.2048	15.2026	10.897	4.36807	11.2029	0	2.33345	9.44327	25.5137	8.92964	8.20926	12.1395	21.1114	18.0643	
11.2305	30.8126	16.6305	11.8433	17.0405	16.5136	13.0458	15.0162	10.3259	2.06475	19.6636	16.6428	17.5361	8.5636	6.70152	7.67044	2.33345	0	5.91079	19.8773	13.75	10.5427	14.473	23.1953	20.3759	
14.7541	33.3609	16.9689	18.4547	19.8319	14.2324	10.6681	18.1747	7.35391	3.84604	17.0121	20.1663	25.4872	6.18595	15.8838	9.2129	9.44327	5.91079	0	17.4997	16.3169	17.5013	10.0225	26.2502	23.8995	
12.2853	25.4727	10.7574	22.37	15.1698	12.245	15.7959	16.8267	17.4828	20.8285	22.4137	6.87308	12.9878	11.3137	18.3067	15.2228	25.5137	19.8773	17.4997	0	13.7451	15.5139	21.7836	20.3655	5.96607	
12.4138	32.2242	14.5129	20.3838	18.2237	14.7141	11.5381	16.1995	16.601	15.8148	25.8225	13.159	16.8495	22.3136	4.56158	16.4906	8.92964	13.75	16.3169	13.7451	0	11.4452	26.3393	24.2272	15.0373	
8.55191	22.0119	3.89076	8.93859	9.6615	3.26888	10.862	7.85059	11.2257	13.8065	14.7882	7.77505	7.47953	16.989	12.5773	8.96571	8.20926	10.5427	17.5013	15.5139	11.4452	0	19.3289	12.9021	13.5841	
21.343	27.1606	9.88549	14.0872	22.5557	9.32375	1.73066	20.6417	15.9637	13.8685	7.66645	25.2	16.2364	6.21285	8.7072	13.7037	12.1395	14.473	10.0225	21.7836	26.3393	19.3289	0	11.7207	27.0783	
17.6614	10.5948	13.0339	20.4027	9.55965	16.171	9.99	13.9535	22.6489	22.4042	15.9258	16.9182	7.37768	14.4722	16.9665	21.8678	21.1114	23.1953	26.2502	20.3655	24.2272	12.9021	11.7207	0	18.993	
7.29052	28.1874	5.76259	30.8441	14.9553	14.4284	17.8481	12.931	18.4885	28.2179	22.7249	1.8783	17.8191	17.2798	13.6962	20.7485	18.0643	20.3759	23.8995	5.96607	15.0373	13.5841	27.0783	18.993	0	

0	6.84163	5.5	11.9839	3.07584	16.9052	15.7488	6.13525	14.6482	19.9475	20.6684	3.42406	8.38847	15.2603	20.5949	11.6482	21.9017	22.5382	18.4704	7.15759	11.3591	11.7438	22.2265	3.62833	6.55456	
6.84163	0	12.4385	22.8783	3.76579	28.2839	21.3847	6.82521	21.6554	27.1971	22.3177	9.05539	9.07842	24.4	29.8829	29.4861	25.0405	28.8758	28.4363	12.7889	26.01	23.1225	19.4377	12.7681	12.1859	
5.5	12.4385	0	17.4839	5.34414	11.6684	10.512	2.28473	10.7292	21.5248	14.9136	3.38309	8.79011	15.8542	19.9017	9.33527	21.3318	19.8591	23.1958	7.11661	5.85915	5.83032	27.791	4.22224	5.8609	
11.9839	22.8783	17.4839	0	15.0597	31.3379	12.3009	16.1047	24.5491	15.901	14.5379	15.4079	22.61	14.9262	28.337	22.0301	23.7818	20.8079	15.2079	21.5527	28.6755	16.3059	14.2479	15.6122	19.6808	
3.07584	3.76579	5.34414	15.0597	0	24.5361	23.4795	3.05941	11.5039	22.3136	15.6883	6.4999	5.31263	23.9558	29.1084	14.724	28.4535	30.2705	24.6705	11.2829	15.5889	6.605	22.8506	6.70417	6.63558	
16.9052	28.2839	11.6684	31.3379	24.5361	0	7.09742	8.70698	11.4039	18.228	16.8	23.155	20.1911	4.47214	8.89509	9.99637	16.1245	13.1834	10.3325	9.96394	15.4506	5.1614	13.8897	16.1041	13.854	
15.7488	21.3847	10.512	12.3009	23.4795	7.09742	0	7.55059	9.55709	7.94424	4.13943	13.0762	23.2381	2.62528	7.04823	8.14952	7.54985	11.3365	8.48566	8.80754	14.1748	4.005	1.947	14.2572	12.6976	
6.13525	6.82521	2.28473	16.1047	3.05941	8.70698	7.55059	0	8.44448	19.2542	12.6289	5.66782	6.50538	15.3763	16.5076	11.4445	21.1901	20.1533	19.8996	8.2235	8.14388	3.54559	15.5089	6.50697	3.57617	
14.6482	21.6554	10.7292	24.5491	11.5039	11.4039	9.55709	8.44448	0	11.2993	16.876	12.6	14.9499	6.93181	8.06311	3	12.7456	11.7088	9.82221	13.8316	6.47612	11.9901	13.5783	15.0426	12.0206	
19.9475	27.1971	21.5248	15.901	22.3136	18.228	7.94424	19.2542	11.2993	0	12.0837	18.1417	25.7596	6.55356	12.359	7.51539	9.61665	4.94975	0.693181	19.1309	11.7754	11.9492	9.89123	25.3879	21.2722	
20.6684	22.3177	14.9136	14.5379	15.6883	16.8	4.13943	12.6289	16.876	12.0837	0	14.8331	19.1343	6.76471	13.7991	13.4583	8.48286	16.4733	13.6957	11.0996	14.1376	8.14443	2.88	19.227	15.3183	
3.42406	9.05539	3.38309	15.4079	6.4999	23.155	13.0762	5.66782	12.6	18.1417	14.8331	0	12.2492	15.7015	18.594	14.5651	24.4873	19.8204	18.8349	3.73352	9.24224	8.53606	15.0232	7.05239	3.1305	
8.38847	9.07842	8.79011	22.61	5.31263	20.1911	23.2381	6.50538	14.9499	25.7596	19.1343	12.2492	0	18.7942	24.2771	31.4374	32.0056	39.9838	29.9831	14.7289	14.7253	10.051	24.1674	7.16227	10.0816	
15.2603	24.4	15.8542	14.9262	23.9558	4.47214	2.62528	15.3763	6.93181	6.55356	6.76471	15.7015	18.7942	0	4.42295	5.52424	13.3782	8.71125	5.86038	15.6597	9.00036	6.63028	4.57228	11.632	15.2882	
20.5949	29.8829	19.9017	28.337	29.1084	8.89509	7.04823	16.5076	8.06311	12.359	13.7991	18.594	24.2771	4.42295	0	8.94674	12.0761	7.40924	10.2833	19.7783	12.4229	24.1562	13.8405	16.0549	15.4635	
11.6482	29.4861	9.33527	22.0301	14.724	9.99637	8.14952	11.4445	3	7.51539	13.4583	14.5651	31.4374	5.52424	8.94674	0	10.2535	10.89	6.82221	10.8316	3.47612	15.6341	10.5783	15.2765	16.3945	
21.9017	25.0405	21.3318	23.7818	28.4535	16.1245	7.54985	21.1901	12.7456	9.61665	8.48286	24.4873	32.0056	13.3782	12.0761	10.2535	0	4.6669	10.2669	21.0851	13.7296	15.4859	5.60286	28.232	27.1247	
22.5382	28.8758	19.8591	20.8079	30.2705	13.1834	11.3365	20.1533	11.7088	4.94975	16.4733	19.8204	39.9838	8.71125	7.40924	10.89	4.6669	0	5.6	21.7216	14	20.7507	10.2698	20.3432	22.8727	
18.4704	28.4363	23.1958	15.2079	24.6705	10.3325	8.48566	19.8996	9.82221	0.693181	13.6957	18.8349	29.9831	5.86038	10.2833	6.82221	10.2669	5.6	0	17.6538	10.2983	21.6683	15.2779	17.4923	21.1486	
7.15759	12.7889	7.11661	21.5527	11.2829	9.96394	8.80754	8.2235	13.8316	19.1309	11.0996	3.73352	14.7289	15.6597	19.7783	10.8316	21.0851	21.7216	17.6538	0	14.3077	4.80254	13.9796	13.1972	5.56296	
11.3591	26.01	5.85915	28.6755	15.5889	15.4506	14.1748	8.14388	6.47612	11.7754	14.1376	9.24224	14.7253	9.00036	12.4229	3.47612	13.7296	14	10.2983	14.3077	0	12.3661	14.0544	10.0814	20.9376	
11.7438	23.1225	5.83032	16.3059	6.605	5.1614	4.005	3.54559	11.9901	11.9492	8.14443	8.53606	10.051	6.63028	24.1562	15.6341	15.4859	20.7507	21.6683	4.80254	12.3661	0	5.95199	10.1437	7.12176	
22.2265	19.4377	27.791	14.2479	22.8506	13.8897	1.947	15.5089	13.5783	9.89123	2.88	15.0232	24.1674	4.57228	13.8405	10.5783	5.60286	10.2698	15.2779	13.9796	14.0544	5.95199	0	21.0495	18.1983	
3.62833	12.7681	4.22224	15.6122	6.70417	16.1041	14.2572	6.50697	15.0426	25.3879	19.227	7.05239	7.16227	11.632	16.0549	15.2765	28.232	20.3432	17.4923	13.1972	10.0814	10.1437	21.0495	0	10.1743	
6.55456	12.1859	5.8609	19.6808	6.63558	13.854	12.6976	3.57617	12.0206	21.2722	15.3183	3.1305	10.0816	15.2882	15.4635	16.3945	27.1247	22.8727	21.1486	5.56296	20.9376	7.12176	18.1983	10.1743	0	

0	11.7277	6.85	26.2582	5.80992	10.7547	15.5309	8.00812	12.1499	14.2461	23.3222	8.73383	6.50562	15.8977	13.6223	14.0299	16.074	17.5196	16.039	14.7345	20.1011	14.0278	16.7581	7.503	7.43691	
11.7277	0	14.9082	24.3795	11.1262	7.48402	16.6709	14.3896	23.8777	22.7225	21.2933	15.3293	11.8219	12.627	34.0338	23.576	23.3864	29.2474	31.1188	18.8544	16.8304	20.1294	20.904	10.142	12.984	
6.85	14.9082	0	16.3895	3.43377	11.7442	8.68094	7.8858	18.9198	13.2904	11.8612	11.2344	2.73807	16.8872	12.3643	15.586	14.5079	24.3696	22.8089	18.5316	21.0906	7.17778	9.9081	6.45383	14.2869	
26.2582	24.3795	16.3895	0	25.1682	23.9822	7.70857	26.7601	21.3596	15.1294	7.22595	14.7768	16.3491	11.326	20.4793	14.6136	23.4537	27.0606	14.5543	21.2926	14.6358	24.7298	12.3655	27.3186	18.8213	
5.80992	11.1262	3.43377	25.1682	0	14.2214	11.2713	3.26337	13.7258	11.2481	9.81886	4.20309	0.695701	16.3229	18.639	15.6058	12.2602	14.8765	16.7688	8.9246	15.3877	8.25969	17.1531	1.69307	5.50001	
10.7547	7.48402	11.7442	23.9822	14.2214	0	14.4915	11.7406	13.64	22.4871	9.24296	6.79692	14.4823	5.14296	11.6854	13.1536	14.1371	28.2744	14.4454	11.3704	9.34638	12.6454	13.42	12.5284	5.5	
15.5309	16.6709	8.68094	7.70857	11.2713	14.4915	0	18.5053	8.78507	12.5108	9.21609	7.06824	11.419	9.34856	17.2877	6.90507	12.276	14.6451	9.41238	21.5781	10.7122	11.1248	11.5378	18.2269	8.36516	
8.00812	14.3896	7.8858	26.7601	3.26337	11.7406	18.5053	0	12.8427	10.7465	14.2709	7.46647	3.95907	16.8836	18.4216	15.9315	15.5236	13.2356	12.6696	8.70724	12.1243	14.1824	19.7324	4.95645	15.445	
12.1499	23.8777	18.9198	21.3596	13.7258	13.64	8.78507	12.8427	0	2.09619	9.99967	16.45	12.6486	8.49706	11.4756	1.88	7.25088	4.5852	3.88909	22.6504	5.68718	20.5066	10.0542	15.4189	17.7469	
14.2461	22.7225	13.2904	15.1294	11.2481	22.4871	12.5108	10.7465	2.09619	0	7.90348	18.5462	10.5524	10.5932	9.50953	3.97619	5.10531	2.48902	1.92302	19.4538	7.02204	22.882	12.6074	14.2681	24.1007	
23.3222	21.2933	11.8612	7.22595	9.81886	9.24296	9.21609	14.2709	9.99967	7.90348	0	16.2843	9.12316	4.1	14.9148	9.83561	12.9185	9.5783	7.3283	19.3313	12.4273	19.8953	5.4	12.8389	26.0472	
8.73383	15.3293	11.2344	14.7768	4.20309	6.79692	7.06824	7.46647	16.45	18.5462	16.2843	0	4.8988	16.4168	7.48232	13.9733	9.93405	24.1022	20.3391	11.536	20.4468	4.0566	12.95	5.89617	1.29692	
6.50562	11.8219	2.73807	16.3491	0.695701	14.4823	11.419	3.95907	12.6486	10.5524	9.12316	4.8988	0	13.2232	25.7934	16.1581	11.7698	13.0414	12.4754	9.6203	17.2721	9.91584	12.6462	2.38878	15.3915	
15.8977	12.627	16.8872	11.326	16.3229	5.14296	9.34856	16.8836	8.49706	10.5932	4.1	16.4168	13.2232	0	13.6227	10.3771	17.6	16.1493	11.4283	16.5133	14.4893	17.7884	9.5	17.6713	10.643	
13.6223	34.0338	12.3643	20.4793	18.639	11.6854	17.2877	18.4216	11.4756	9.50953	14.9148	7.48232	25.7934	13.6227	0	10.0938	13.1767	9.83651	7.58651	9.7144	9.48093	5.18653	18.5568	29.173	6.1854	
14.0299	23.576	15.586	14.6136	15.6058	13.1536	6.90507	15.9315	1.88	3.97619	9.83561	13.9733	16.1581	10.3771	10.0938	0	5.37088	4.75731	2.50731	12.2547	3.80718	15.5692	8.17415	21.9888	14.008	
16.074	23.3864	14.5079	23.4537	12.2602	14.1371	12.276	15.5236	7.25088	5.10531	12.9185	9.93405	11.7698	17.6	13.1767	5.37088	0	2.6163	4.8663	8.50954	9.17806	12.3139	13.545	13.9533	8.63713	
17.5196	29.2474	24.3696	27.0606	14.8765	28.2744	14.6451	13.2356	4.5852	2.48902	9.5783	24.1022	13.0414	16.1493	9.83651	4.75731	2.6163	0	2.25	11.1258	7.34902	14.9302	15.0964	28.4935	11.2534	
16.039	31.1188	22.8089	14.5543	16.7688	14.4454	9.41238	12.6696	3.88909	1.92302	7.3283	20.3391	12.4754	11.4283	7.58651	2.50731	4.8663	2.25	0	13.5465	5.09902	12.773	10.6815	24.4961	13.7719	
14.7345	18.8544	18.5316	21.2926	8.9246	11.3704	21.5781	8.70724	22.6504	19.4538	19.3313	11.536	9.6203	16.5133	9.7144	12.2547	8.50954	11.1258	13.5465	0	8.44751	14.9009	13.9313	10.6177	10.2391	
20.1011	16.8304	21.0906	14.6358	15.3877	9.34638	10.7122	12.1243	5.68718	7.02204	12.4273	20.4468	17.2721	14.4893	9.48093	3.80718	9.17806	7.34902	5.09902	8.44751	0	14.6675	11.9813	21.8748	14.8464	
14.0278	20.1294	7.17778	24.7298	8.25969	12.6454	11.1248	14.1824	20.5066	22.882	19.8953	4.0566	9.91584	17.7884	5.18653	15.5692	12.3139	14.9302	12.773	14.9009	14.6675	0	14.4953	16.7237	5.35352	
16.7581	20.904	9.9081	12.3655	17.1531	13.42	11.5378	19.7324	10.0542	12.6074	5.4	12.95	12.6462	9.5	18.5568	8.17415	13.545	15.0964	10.6815	13.9313	11.9813	14.4953	0	19.454	14.2469	
7.503	10.142	6.45383	27.3186	1.69307	12.5284	18.2269	4.95645	15.4189	14.2681	12.8389	5.89617	2.38878	17.6713	29.173	21.9888	13.9533	28.4935	24.4961	10.6177	21.8748	16.7237	19.454	0	18.0284	
7.43691	12.984	14.2869	18.8213	5.50001	5.5	8.36516	15.445	17.7469	24.1007	26.0472	1.29692	15.3915	10.643	6.1854	14.008	8.63713	11.2534	13.7719	10.2391	14.8464	5.35352	14.2469	18.0284	0	

-111