10
10
2
2
30

6	25
1	50
11	25
47	42
3	33
22	35
37	29
8	32
40	14
47	10

40	12
50	19
49	12
45	9
11	8
25	5
17	28
33	35
2	41
7	15

150

1.79769e+308
1.79769e+308
1.79769e+308
1.79769e+308
1.79769e+308
1.79769e+308
1.79769e+308
1.79769e+308
1.79769e+308
1.79769e+308

13
15
11
18
13
13
19
18
19
14

0
0
0
0
0
0
0
0
0
0

0

0	12.4856	2.5	17.0377	5.80992	7.18557	13.8466	1.60162	11.4947	15.9303	13.8322	13.3223	21.9813	13.8293	3.89841	17.3793	5.31745	7.48601	8.24621	5.94651	
12.4856	0	10.8618	14.941	6.67572	17.9477	31.111	12.8455	28.1142	22.0958	22.8877	15.0755	21.1566	20.2185	34.7475	20.91	10.9869	20.9118	10.8665	20.6894	
2.5	10.8618	0	15.4138	4.18607	10.5595	13.8312	4.10162	8.99468	13.5095	12.0747	18.8983	14.8952	10.2618	6.39841	17.4486	2.81745	8.75529	10.7462	3.44651	
17.0377	14.941	15.4138	0	11.2278	17.3942	21.3216	17.3976	19.8694	19.0816	19.8735	12.0613	16.8373	17.2043	29.2154	22.8146	15.5389	14.5568	19.3548	22.4756	
5.80992	6.67572	4.18607	11.2278	0	11.2719	15.3249	6.16981	11.3119	16.8806	19.1606	14.7122	20.7934	11.7555	9.70833	17.0923	4.31116	10.249	11.4484	7.63258	
7.18557	17.9477	10.5595	17.3942	11.2719	0	17.8289	5.58395	14.7428	18.1029	17.8158	20.7639	18.3209	15.1864	28.8033	26.2493	7.74209	13.6799	19.1048	11.6784	
13.8466	31.111	13.8312	21.3216	15.3249	17.8289	0	12.245	7.91355	9.45289	4.83355	10.8671	4.78599	7.48599	25.4657	26.8216	11.0137	7.57166	24.6223	14.95	
1.60162	12.8455	4.10162	17.3976	6.16981	5.58395	12.245	0	15.6677	14.3287	15.4338	20.8821	17.031	16.1113	5.50003	18.9809	7.98661	9.08764	9.84784	10.4455	
11.4947	28.1142	8.99468	19.8694	11.3119	14.7428	7.91355	15.6677	0	4.51486	3.08	10.8922	5.90051	5.99548	15.6247	24.5626	7.00071	5.31263	17.2477	10.937	
15.9303	22.0958	13.5095	19.0816	16.8806	18.1029	9.45289	14.3287	4.51486	0	5.39751	7.02026	4.6669	2.48204	25.96	31.2405	9.92636	9.82749	21.7626	17.8703	
13.8322	22.8877	12.0747	19.8735	19.1606	17.8158	4.83355	15.4338	3.08	5.39751	0	7.8122	5.61548	2.91548	17.7306	24.1673	10.0807	8.39263	20.3277	18.3038	
13.3223	15.0755	18.8983	12.0613	14.7122	20.7639	10.8671	20.8821	10.8922	7.02026	7.8122	0	6.08112	5.14296	32.654	25.0863	11.7742	5.83631	22.887	20.5313	
21.9813	21.1566	14.8952	16.8373	20.7934	18.3209	4.78599	17.031	5.90051	4.6669	5.61548	6.08112	0	2.7	30.6269	30.75	10.1443	11.2131	23.1482	18.0883	
13.8293	20.2185	10.2618	17.2043	11.7555	15.1864	7.48599	16.1113	5.99548	2.48204	2.91548	5.14296	2.7	0	28.3843	25.9515	7.44433	10.9793	23.541	11.3806	
3.89841	34.7475	6.39841	29.2154	9.70833	28.8033	25.4657	5.50003	15.6247	25.96	17.7306	32.654	30.6269	28.3843	0	18.6132	9.44745	11.3844	12.1446	10.0765	
17.3793	20.91	17.4486	22.8146	17.0923	26.2493	26.8216	18.9809	24.5626	31.2405	24.1673	25.0863	30.75	25.9515	18.6132	0	17.9383	19.25	25.6255	14.0021	
5.31745	10.9869	2.81745	15.5389	4.31116	7.74209	11.0137	7.98661	7.00071	9.92636	10.0807	11.7742	10.1443	7.44433	9.44745	17.9383	0	5.93784	13.6484	3.93629	
7.48601	20.9118	8.75529	14.5568	10.249	13.6799	7.57166	9.08764	5.31263	9.82749	8.39263	5.83631	11.2131	10.9793	11.3844	19.25	5.93784	0	15.7322	9.87414	
8.24621	10.8665	10.7462	19.3548	11.4484	19.1048	24.6223	9.84784	17.2477	21.7626	20.3277	22.887	23.1482	23.541	12.1446	25.6255	13.6484	15.7322	0	14.2775	
5.94651	20.6894	3.44651	22.4756	7.63258	11.6784	14.95	10.4455	10.937	17.8703	18.3038	20.5313	18.0883	11.3806	10.0765	14.0021	3.93629	9.87414	14.2775	0	

0	9.94309	1.25	20.9459	7.6896	5.47171	7.30036	2.84931	12.8646	17.6179	12.7402	17.5587	17.6096	13.1086	16.6	12.48	2.85997	10.3652	11.7542	4.05029	
9.94309	0	11.1931	45.8947	11.6397	15.4148	28.8178	11.2017	22.8077	30.4622	22.6833	24.399	24.4309	21.6575	20.3926	43.8741	14.0578	16.02	1.81108	16.6511	
1.25	11.1931	0	24.9118	6.96175	6.72171	6.05036	1.59931	14.1146	21.7691	13.9902	10.5033	10.5542	12.0552	8.44387	11.23	1.60997	11.6152	13.6058	2.80029	
20.9459	45.8947	24.9118	0	37.3218	24.6634	17.7184	28.998	8.08129	13.8055	8.56129	13.336	16.8399	19.5454	19.8071	14.6358	27.7371	18.7065	36.0506	23.5984	
7.6896	11.6397	6.96175	37.3218	0	13.1613	14.3094	8.20795	20.5543	28.2088	20.4298	14.2452	14.2961	18.9202	13.2864	19.489	5.35178	18.0549	13.4508	11.0593	
5.47171	15.4148	6.72171	24.6634	13.1613	0	6.62375	11.5974	16.2609	9.58226	16.2084	14.4963	11.5869	7.63688	15.452	22.4551	10.3228	15.837	20.15	14.2381	
7.30036	28.8178	6.05036	17.7184	14.3094	6.62375	0	7.64967	9.63715	15.3613	10.1171	7.87259	9.64035	14.2606	13.2579	15.8314	7.66032	10.8167	24.7751	7.61435	
2.84931	11.2017	1.59931	28.998	8.20795	11.5974	7.64967	0	20.9665	12.4012	19.0273	11.7495	11.8004	10.4559	9.19097	12.8293	2.85617	19.5382	12.0065	4.3996	
12.8646	22.8077	14.1146	8.08129	20.5543	16.2609	9.63715	20.9665	0	5.35767	0.48	5.25476	7.02253	7.66958	21.1607	4.61824	14.1481	10.6253	21.5127	15.5171	
17.6179	30.4622	21.7691	13.8055	28.2088	9.58226	15.3613	12.4012	5.35767	0	4.87767	4.20021	2.43245	1.94538	37.1372	9.01591	11.3767	16.3495	25.0754	18.8725	
12.7402	22.6833	13.9902	8.56129	20.4298	16.2084	10.1171	19.0273	0.48	4.87767	0	5.73476	6.75	6.82305	27.6195	4.13824	15.6943	11.1053	21.0327	15.9971	
17.5587	24.399	10.5033	13.336	14.2452	14.4963	7.87259	11.7495	5.25476	4.20021	5.73476	0	1.76777	5.71777	16.828	18.0537	8.89337	15.88	24.4108	15.4869	
17.6096	24.4309	10.5542	16.8399	14.2961	11.5869	9.64035	11.8004	7.02253	2.43245	6.75	1.76777	0	3.95	16.8789	10.8882	8.94427	14.5693	22.643	17.4729	
13.1086	21.6575	12.0552	19.5454	18.9202	7.63688	14.2606	10.4559	7.66958	1.94538	6.82305	5.71777	3.95	0	19.6468	12.7097	12.8943	18.5193	22.4623	15.9053	
16.6	20.3926	8.44387	19.8071	13.2864	15.452	13.2579	9.19097	21.1607	37.1372	27.6195	16.828	16.8789	19.6468	0	23.4812	7.93463	28.0853	21.1975	5.64358	
12.48	43.8741	11.23	14.6358	19.489	22.4551	15.8314	12.8293	4.61824	9.01591	4.13824	18.0537	10.8882	12.7097	23.4812	0	12.84	18.3185	25.171	14.0303	
2.85997	14.0578	1.60997	27.7371	5.35178	10.3228	7.66032	2.85617	14.1481	11.3767	15.6943	8.89337	8.94427	12.8943	7.93463	12.84	0	19.0306	14.8627	4.41025	
10.3652	16.02	11.6152	18.7065	18.0549	15.837	10.8167	19.5382	10.6253	16.3495	11.1053	15.88	14.5693	18.5193	28.0853	18.3185	19.0306	0	14.2089	18.431	
11.7542	1.81108	13.6058	36.0506	13.4508	20.15	24.7751	12.0065	21.5127	25.0754	21.0327	24.4108	22.643	22.4623	21.1975	25.171	14.8627	14.2089	0	17.4559	
4.05029	16.6511	2.80029	23.5984	11.0593	14.2381	7.61435	4.3996	15.5171	18.8725	15.9971	15.4869	17.4729	15.9053	5.64358	14.0303	4.41025	18.431	17.4559	0	

0	22.8801	5.2	26.5719	9.05664	18.5857	9.3771	9.23636	12.7171	11.8355	15.5532	17.5481	15.2386	10.5386	6.20202	14.764	8.62118	15.0739	11.3798	6.73342	
22.8801	0	24.0954	21.9445	16.7408	5.1614	14.37	14.0384	15.0884	26.027	13.0684	14.4957	18.3784	18.0831	25.8417	12.6988	18.1509	11.4314	11.5003	22.4114	
5.2	24.0954	0	27.2574	9.84924	12.9134	14.5771	4.03636	15.05	25.9886	13.03	22.9173	18.34	15.7386	11.402	14.892	3.42118	25.4388	13.7713	10.6778	
26.5719	21.9445	27.2574	0	17.5153	27.1059	22.3057	23.3282	27.1467	14.8268	17.3366	24.3546	12.0266	16.7266	35.7006	35.8158	23.8362	19.5915	22.7558	23.047	
9.05664	16.7408	9.84924	17.5153	0	12.7575	13.7505	5.81288	21.6004	24.366	26.3802	25.5975	29.5419	19.5953	7.54729	13.5623	16.5481	18.1863	5.24047	5.53173	
18.5857	5.1614	12.9134	27.1059	12.7575	0	9.20863	8.87705	17.775	19.9441	18.2298	18.9986	13.8348	11.9971	19.1348	7.53741	12.9895	6.27	7.51702	15.5185	
9.3771	14.37	14.5771	22.3057	13.7505	9.20863	0	13.7027	8.56635	10.7355	10.5864	13.0385	13.2616	11.4239	15.0815	16.746	22.1981	5.69677	8.51	16.1105	
9.23636	14.0384	4.03636	23.3282	5.81288	8.87705	13.7027	0	15.7875	21.3505	17.0664	19.7847	28.9673	18.8988	8.65703	14.6721	7.45754	15.147	9.73499	6.64146	
12.7171	15.0884	15.05	27.1467	21.6004	17.775	8.56635	15.7875	0	4.40819	2.02	4.47214	7.33	3.11127	6.51512	15.9334	26.5228	8.8384	17.0764	8.53069	
11.8355	26.027	25.9886	14.8268	24.366	19.9441	10.7355	21.3505	4.40819	0	6.31154	10.0351	2.80014	1.29692	12.0781	14.2134	28.3672	7.02405	19.1255	19.3494	
15.5532	13.0684	13.03	17.3366	26.3802	18.2298	10.5864	17.0664	2.02	6.31154	0	6.49214	5.31	5.01462	8.53512	21.3485	16.4512	10.7417	21.9749	27.6777	
17.5481	14.4957	22.9173	24.3546	25.5975	18.9986	13.0385	19.7847	4.47214	10.0351	6.49214	0	12.4451	7.58341	10.9873	11.4612	24.2857	19.5246	25.996	13.3616	
15.2386	18.3784	18.34	12.0266	29.5419	13.8348	13.2616	28.9673	7.33	2.80014	5.31	12.4451	0	4.09706	21.6352	17.0136	29.7444	7.56482	20.5107	22.1496	
10.5386	18.0831	15.7386	16.7266	19.5953	11.9971	11.4239	18.8988	3.11127	1.29692	5.01462	7.58341	4.09706	0	9.62639	15.5104	25.703	5.72713	18.673	17.272	
6.20202	25.8417	11.402	35.7006	7.54729	19.1348	15.0815	8.65703	6.51512	12.0781	8.53512	10.9873	21.6352	9.62639	0	10.0462	15.8312	19.0728	16.7606	2.01556	
14.764	12.6988	14.892	35.8158	13.5623	7.53741	16.746	14.6721	15.9334	14.2134	21.3485	11.4612	17.0136	15.5104	10.0462	0	18.3132	13.8074	15.0544	8.03059	
8.62118	18.1509	3.42118	23.8362	16.5481	12.9895	22.1981	7.45754	26.5228	28.3672	16.4512	24.2857	29.7444	25.703	15.8312	18.3132	0	19.2595	20.4702	17.3767	
15.0739	11.4314	25.4388	19.5915	18.1863	6.27	5.69677	15.147	8.8384	7.02405	10.7417	19.5246	7.56482	5.72713	19.0728	13.8074	19.2595	0	12.9459	17.0573	
11.3798	11.5003	13.7713	22.7558	5.24047	7.51702	8.51	9.73499	17.0764	19.1255	21.9749	25.996	20.5107	18.673	16.7606	15.0544	20.4702	12.9459	0	10.7722	
6.73342	22.4114	10.6778	23.047	5.53173	15.5185	16.1105	6.64146	8.53069	19.3494	27.6777	13.3616	22.1496	17.272	2.01556	8.03059	17.3767	17.0573	10.7722	0	

0	6.10565	2	17.6757	5.80992	9.35386	13.7531	5.24168	19.1642	12.6608	18.2081	9.32551	14.7702	13.3092	11.8724	15.6292	7.56781	9.61355	3.29848	5.76962	
6.10565	0	11.2516	30.7141	9.3376	8.86255	26.4872	10.3788	18.5764	25.7286	19.4164	28.4151	26.413	26.5667	22.2756	29.247	17.6819	9.12223	2.80717	18.3096	
2	11.2516	0	19.4723	7.80992	13.2308	14.5791	5.25488	17.0481	13.6145	14.3732	11.3255	22.6881	15.6956	10.1615	15.3007	5.56781	14.7595	5.29848	3.76962	
17.6757	30.7141	19.4723	0	24.608	25.5176	12.793	16.4652	18.1888	18.9754	19.5802	8.35014	13.7949	17.4062	18.4982	14.6538	13.9045	22.4558	27.9069	19.3039	
5.80992	9.3376	7.80992	24.608	0	12.5858	14.3785	2.6005	17.6537	18.4707	23.167	15.1354	16.687	23.0765	15.2973	23.2333	5.1612	12.8455	6.53043	19.5783	
9.35386	8.86255	13.2308	25.5176	12.5858	0	20.6244	11.0247	8.72566	18.1506	7.88566	19.1157	14.3657	13.0752	15.7436	21.1843	11.6131	12.3704	6.05538	17.0004	
13.7531	26.4872	14.5791	12.793	14.3785	20.6244	0	11.5719	17.93	17.058	17.09	15.1585	20.6048	22.2796	13.605	8.85483	9.01124	9.66288	15.9779	11.256	
5.24168	10.3788	5.25488	16.4652	2.6005	11.0247	11.5719	0	15.0532	10.6074	15.8932	14.5672	19.2875	20.476	7.15444	23.7841	2.5607	13.8486	7.57166	9.0245	
19.1642	18.5764	17.0481	18.1888	17.6537	8.72566	17.93	15.0532	0	8.63877	0.84	9.8387	7.32	6.02955	10.2079	10.6706	17.3183	19.6041	21.3836	11.4435	
12.6608	25.7286	13.6145	18.9754	18.4707	18.1506	17.058	10.6074	8.63877	0	5.83801	9.03682	3.5921	0.64846	12.6404	15.3421	8.04671	15.3596	15.9592	12.5744	
18.2081	19.4164	14.3732	19.5802	23.167	7.88566	17.09	15.8932	0.84	5.83801	0	10.6787	6.48	5.18955	9.36786	11.5106	13.9616	18.2475	13.941	10.6035	
9.32551	28.4151	11.3255	8.35014	15.1354	19.1157	15.1585	14.5672	9.8387	9.03682	10.6787	0	5.44472	9.05608	11.7445	6.30368	18.672	16.2392	12.624	17.8348	
14.7702	26.413	22.6881	13.7949	16.687	14.3657	20.6048	19.2875	7.32	3.5921	6.48	5.44472	0	4.24056	12.2272	11.7484	11.6388	11.7675	18.0826	17.0835	
13.3092	26.5667	15.6956	17.4062	23.0765	13.0752	22.2796	20.476	6.02955	0.64846	5.18955	9.05608	4.24056	0	14.5574	15.3598	8.69517	18.5175	28.0477	11.9259	
11.8724	22.2756	10.1615	18.4982	15.2973	15.7436	13.605	7.15444	10.2079	12.6404	9.36786	11.7445	12.2272	14.5574	0	5.44077	4.59373	15.3762	15.1709	6.44981	
15.6292	29.247	15.3007	14.6538	23.2333	21.1843	8.85483	23.7841	10.6706	15.3421	11.5106	6.30368	11.7484	15.3598	5.44077	0	10.0345	9.93547	16.2505	11.5311	
7.56781	17.6819	5.56781	13.9045	5.1612	11.6131	9.01124	2.5607	17.3183	8.04671	13.9616	18.672	11.6388	8.69517	4.59373	10.0345	0	16.2418	10.1324	9.33742	
9.61355	9.12223	14.7595	22.4558	12.8455	12.3704	9.66288	13.8486	19.6041	15.3596	18.2475	16.2392	11.7675	18.5175	15.3762	9.93547	16.2418	0	6.31506	20.9189	
3.29848	2.80717	5.29848	27.9069	6.53043	6.05538	15.9779	7.57166	21.3836	15.9592	13.941	12.624	18.0826	28.0477	15.1709	16.2505	10.1324	6.31506	0	12.2141	
5.76962	18.3096	3.76962	19.3039	19.5783	17.0004	11.256	9.0245	11.4435	12.5744	10.6035	17.8348	17.0835	11.9259	6.44981	11.5311	9.33742	20.9189	12.2141	0	

0	10.7079	3.05	23.4013	6.32256	12.2646	17.4532	9.73891	19.115	22.1145	19.6418	14.6544	20.1698	12.8199	10.1004	13.5173	6.15695	11.9915	14.5133	4.01995	
10.7079	0	13.7579	29.863	6.50455	13.9555	36.6416	9.9209	26.3807	28.5762	30.5018	18.5545	24.0699	25.3702	20.8084	23.5155	9.92375	21.8059	5.07102	14.7279	
3.05	13.7579	0	26.0372	9.37256	14.4929	21.4019	13.5561	14.6968	11.4022	12.044	17.7044	13.6199	9.76991	13.1504	16.5673	8.38525	8.94145	17.5633	5.70827	
23.4013	29.863	26.0372	0	15.8975	20.1194	16.5652	12.4811	31.895	23.6754	33.5784	29.2255	22.0609	28.1972	23.918	26.5198	21.4436	19.2795	28.3816	26.4452	
6.32256	6.50455	9.37256	15.8975	0	7.45094	11.0051	3.41634	17.9612	14.6106	21.1398	12.9967	12.9961	18.8657	16.423	16.3255	3.4192	10.2148	11.5756	10.3425	
12.2646	13.9555	14.4929	20.1194	7.45094	0	3.55421	10.8673	10.5103	23.0068	12.9103	12.8996	18.415	15.1862	10.4957	16.108	6.10765	16.2457	20.2542	19.5254	
17.4532	36.6416	21.4019	16.5652	11.0051	3.55421	0	18.4447	14.0645	13.2643	13.906	16.4538	15.482	11.632	7.35274	15.0844	9.66186	12.6915	23.8084	16.3825	
9.73891	9.9209	13.5561	12.4811	3.41634	10.8673	18.4447	0	12.5538	11.192	12.0098	15.0952	9.57978	12.8266	15.7214	14.0387	6.83554	6.79843	15.9005	13.9641	
19.115	26.3807	14.6968	31.895	17.9612	10.5103	14.0645	12.5538	0	9.26908	2.4	7.82624	4.83	4.67407	11.5495	5.59771	16.6179	5.75535	22.4903	20.5793	
22.1145	28.5762	11.4022	23.6754	14.6106	23.0068	13.2643	11.192	9.26908	0	3.9064	7.12764	1.6122	1.63233	21.4814	15.5671	20.1568	17.9927	27.0948	25.1584	
19.6418	30.5018	12.044	33.5784	21.1398	12.9103	13.906	12.0098	2.4	3.9064	0	7.94543	2.43	2.27407	13.8562	6.12459	19.0309	8.15535	26.1111	24.141	
14.6544	18.5545	17.7044	29.2255	12.9967	12.8996	16.4538	15.0952	7.82624	7.12764	7.94543	0	5.51543	9.36543	19.3758	13.424	9.57747	13.5816	23.6255	15.5468	
20.1698	24.0699	13.6199	22.0609	12.9961	18.415	15.482	9.57978	4.83	1.6122	2.43	5.51543	0	3.24453	19.702	8.55459	15.0929	11.8062	25.4803	21.0623	
12.8199	25.3702	9.76991	28.1972	18.8657	15.1862	11.632	12.8266	4.67407	1.63233	2.27407	9.36543	3.24453	0	18.9847	8.39866	18.1552	11.6503	32.1661	15.4782	
10.1004	20.8084	13.1504	23.918	16.423	10.4957	7.35274	15.7214	11.5495	21.4814	13.8562	19.3758	19.702	18.9847	0	7.73162	16.2574	17.3049	24.6138	9.02973	
13.5173	23.5155	16.5673	26.5198	16.3255	16.108	15.0844	14.0387	5.59771	15.5671	6.12459	13.424	8.55459	8.39866	7.73162	0	12.9063	11.3531	28.0306	16.7614	
6.15695	9.92375	8.38525	21.4436	3.4192	6.10765	9.66186	6.83554	16.6179	20.1568	19.0309	9.57747	15.0929	18.1552	16.2574	12.9063	0	15.7609	15.6802	10.1769	
11.9915	21.8059	8.94145	19.2795	10.2148	16.2457	12.6915	6.79843	5.75535	17.9927	8.15535	13.5816	11.8062	11.6503	17.3049	11.3531	15.7609	0	16.7349	14.6497	
14.5133	5.07102	17.5633	28.3816	11.5756	20.2542	23.8084	15.9005	22.4903	27.0948	26.1111	23.6255	25.4803	32.1661	24.6138	28.0306	15.6802	16.7349	0	18.5333	
4.01995	14.7279	5.70827	26.4452	10.3425	19.5254	16.3825	13.9641	20.5793	25.1584	24.141	15.5468	21.0623	15.4782	9.02973	16.7614	10.1769	14.6497	18.5333	0	

0	18.9767	8.3	20.9933	2.30688	8.42047	25.2016	3.27605	17.9522	15.9374	15.6522	16.6586	13.4766	19.3955	14.8857	22.3233	13.3982	12.0888	9.24042	10.9393	
18.9767	0	15.7645	11.6726	15.355	10.0647	14.9114	18.9137	26.3833	25.3612	16.198	19.3269	19.1893	20.599	18.9966	28.0168	14.1938	17.5783	8.42151	16.3147	
8.3	15.7645	0	11.7194	10.6069	9.22735	15.9075	11.576	11.8341	20.4543	9.53415	25.9917	13.7641	17.2893	10.3184	13.0291	5.09823	12.4332	7.34302	8.29315	
20.9933	11.6726	11.7194	0	23.5877	10.7503	14.7611	23.6597	10.7648	9.97738	11.7466	7.65429	7.51665	8.92635	11.8413	15.4531	6.62118	13.9562	16.6541	22.3755	
2.30688	15.355	10.6069	23.5877	0	6.11359	10.9602	5.58293	22.4322	23.3349	12.2469	34.055	15.7835	21.3874	19.2582	30.5348	10.2427	16.0904	6.93354	12.3636	
8.42047	10.0647	9.22735	10.7503	6.11359	0	4.84665	13.7621	8.43329	14.0791	6.13329	14.6874	10.3633	13.8885	9.34927	10.986	4.12912	6.86576	13.0471	6.25	
25.2016	14.9114	15.9075	14.7611	10.9602	4.84665	0	10.8319	11.0948	9.23249	10.9799	9.84073	11.6932	10.1241	10.7261	12.3503	8.97576	2.01911	11.1759	7.61435	
3.27605	18.9137	11.576	23.6597	5.58293	13.7621	10.8319	0	17.8885	18.2437	18.1132	22.045	16.7527	16.1194	11.6097	12.3992	16.1478	8.81277	10.4922	7.66322	
17.9522	26.3833	11.8341	10.7648	22.4322	8.43329	11.0948	17.8885	0	3.96274	2.3	7.76406	6.53	1.83848	16.2597	8.36522	11.0396	9.07574	18.2326	22.1201	
15.9374	25.3612	20.4543	9.97738	23.3349	14.0791	9.23249	18.2437	3.96274	0	6.69073	5.64271	2.46073	2.12426	16.9166	7.89636	20.5154	11.2516	16.9397	12.6323	
15.6522	16.198	9.53415	11.7466	12.2469	6.13329	10.9799	18.1132	2.3	6.69073	0	7.41198	4.23	4.13848	17.7933	8.77306	10.2624	11.3757	16.8772	12.3833	
16.6586	19.3269	25.9917	7.65429	34.055	14.6874	9.84073	22.045	7.76406	5.64271	7.41198	0	3.18198	5.92558	12.5617	12.4523	14.2755	11.8598	24.3084	17.4551	
13.4766	19.1893	13.7641	7.51665	15.7835	10.3633	11.6932	16.7527	6.53	2.46073	4.23	3.18198	0	4.585	15.7437	10.3571	14.1378	15.6412	19.4005	30.6943	
19.3955	20.599	17.2893	8.92635	21.3874	13.8885	10.1241	16.1194	1.83848	2.12426	4.13848	5.92558	4.585	0	15.547	6.52674	12.8781	10.9142	19.064	11.2627	
14.8857	18.9966	10.3184	11.8413	19.2582	9.34927	10.7261	11.6097	16.2597	16.9166	17.7933	12.5617	15.7437	15.547	0	9.02023	5.22015	8.70704	15.3924	10.884	
22.3233	28.0168	13.0291	15.4531	30.5348	10.986	12.3503	12.3992	8.36522	7.89636	8.77306	12.4523	10.3571	6.52674	9.02023	0	14.2404	17.7273	12.6789	4.73599	
13.3982	14.1938	5.09823	6.62118	10.2427	4.12912	8.97576	16.1478	11.0396	20.5154	10.2624	14.2755	14.1378	12.8781	5.22015	14.2404	0	7.33498	12.4413	10.3791	
12.0888	17.5783	12.4332	13.9562	16.0904	6.86576	2.01911	8.81277	9.07574	11.2516	11.3757	11.8598	15.6412	10.9142	8.70704	17.7273	7.33498	0	9.15684	9.63346	
9.24042	8.42151	7.34302	16.6541	6.93354	13.0471	11.1759	10.4922	18.2326	16.9397	16.8772	24.3084	19.4005	19.064	15.3924	12.6789	12.4413	9.15684	0	7.94292	
10.9393	16.3147	8.29315	22.3755	12.3636	6.25	7.61435	7.66322	22.1201	12.6323	12.3833	17.4551	30.6943	11.2627	10.884	4.73599	10.3791	9.63346	7.94292	0	

0	18.7928	5.35	19.4269	12.7306	11.2964	19.0112	7.20731	23.362	16.9879	28.5835	24.7937	13.7841	21.2398	7.97402	10.8664	11.2532	17.3563	4.12311	6.13042	
18.7928	0	22.979	29.9735	19.1713	17.0326	23.4948	21.8239	26.5377	30.4324	27.1977	28.9974	24.1263	28.3055	27.6411	23.9117	17.1379	20.9926	14.6697	19.1757	
5.35	22.979	0	18.356	10.418	5.94643	12.4086	2.20857	16.1785	11.2342	14.6441	12.8181	8.43406	10.2341	13.324	10.6597	5.90322	9.90643	9.47311	5.61445	
19.4269	29.9735	18.356	0	23.2853	7.87312	8.45611	15.7474	11.0247	11.4036	16.0209	14.306	9.92198	9.25695	22.0238	12.4835	18.1545	3.91312	15.3038	17.2195	
12.7306	19.1713	10.418	23.2853	0	16.3276	18.4866	8.20942	15.7961	16.175	20.7922	25.7958	15.8283	14.0283	17.8492	17.0902	13.2308	20.0437	11.6903	11.6153	
11.2964	17.0326	5.94643	7.87312	16.3276	0	6.4622	8.155	14.4677	9.8938	13.3037	11.4777	7.09366	8.89366	16.6692	9.04489	3.09684	3.96	17.5194	11.5	
19.0112	23.4948	12.4086	8.45611	18.4866	6.4622	0	16.3773	16.8927	13.9985	21.0605	14.4331	13.5559	18.8631	21.1819	15.5071	7.60949	4.54299	26.9407	17.9622	
7.20731	21.8239	2.20857	15.7474	8.20942	8.155	16.3773	0	16.1547	21.2898	16.8147	17.5864	10.6426	17.9224	11.8712	8.14187	8.11179	11.8343	9.19416	3.40588	
23.362	26.5377	16.1785	11.0247	15.7961	14.4677	16.8927	16.1547	0	3.91439	0.66	2.45967	3.56777	1.76777	15.0335	5.42279	21.6975	20.8233	25.3488	10.1588	
16.9879	30.4324	11.2342	11.4036	16.175	9.8938	13.9985	21.2898	3.91439	0	4.87767	7.1842	2.80014	2.14663	9.01388	9.80014	13.2946	9.45552	31.9314	17.4792	
28.5835	27.1977	14.6441	16.0209	20.7922	13.3037	21.0605	16.8147	0.66	4.87767	0	3.11967	6.21	2.42777	13.8916	6.08279	18.1722	14.3332	32.9623	21.2889	
24.7937	28.9974	12.8181	14.306	25.7958	11.4777	14.4331	17.5864	2.45967	7.1842	3.11967	0	4.38406	4.22744	20.4929	7.88246	18.3371	18.4427	26.7805	14.1915	
13.7841	24.1263	8.43406	9.92198	15.8283	7.09366	13.5559	10.6426	3.56777	2.80014	6.21	4.38406	0	1.8	11.814	7	10.1905	11.0537	25.2258	11.736	
21.2398	28.3055	10.2341	9.25695	14.0283	8.89366	18.8631	17.9224	1.76777	2.14663	2.42777	4.22744	1.8	0	11.1605	7.19055	15.4412	11.6021	24.5607	20.033	
7.97402	27.6411	13.324	22.0238	17.8492	16.6692	21.1819	11.8712	15.0335	9.01388	13.8916	20.4929	11.814	11.1605	0	13.2014	13.5724	18.1106	12.0971	8.46537	
10.8664	23.9117	10.6597	12.4835	17.0902	9.04489	15.5071	8.14187	5.42279	9.80014	6.08279	7.88246	7	7.19055	13.2014	0	12.1417	13.0049	20.3571	4.73599	
11.2532	17.1379	5.90322	18.1545	13.2308	3.09684	7.60949	8.11179	21.6975	13.2946	18.1722	18.3371	10.1905	15.4412	13.5724	12.1417	0	7.05684	15.5249	11.8269	
17.3563	20.9926	9.90643	3.91312	20.0437	3.96	4.54299	11.8343	20.8233	9.45552	14.3332	18.4427	11.0537	11.6021	18.1106	13.0049	7.05684	0	19.2169	15.2402	
4.12311	14.6697	9.47311	15.3038	11.6903	17.5194	26.9407	9.19416	25.3488	31.9314	32.9623	26.7805	25.2258	24.5607	12.0971	20.3571	15.5249	19.2169	0	10.2535	
6.13042	19.1757	5.61445	17.2195	11.6153	11.5	17.9622	3.40588	10.1588	17.4792	21.2889	14.1915	11.736	20.033	8.46537	4.73599	11.8269	15.2402	10.2535	0	

0	9.83233	6.05	12.4277	3.67392	16.2264	17.4337	5.96969	16.7955	19.5367	14.3217	17.4053	27.7672	17.7325	4.07561	16.1796	11.8014	15.3472	11.7025	4.52244	
9.83233	0	10.5011	13.5402	9.06364	19.2952	11.6697	3.86264	26.9936	28.2602	20.6467	29.547	33.7076	15.6255	10.7935	14.0726	12.2413	16.9338	9.59547	8.46058	
6.05	10.5011	0	11.1474	9.72392	15.4392	18.4042	10.0908	14.63	20.4204	13.03	21.9408	25.9	20.4936	8.55653	19.8167	8.38525	16.3177	6.60872	5.49287	
12.4277	13.5402	11.1474	0	16.1016	8.04807	11.3686	12.4811	17.4612	14.72	18.7916	19.9378	19.1889	15.4355	16.5033	22.6911	14.4873	6.10447	16.6541	16.6402	
3.67392	9.06364	9.72392	16.1016	0	19.9004	26.3107	5.201	20.4694	16.6788	22.6422	13.7314	16.6306	15.9633	7.74953	15.411	14.9514	21.0466	10.1584	8.19637	
16.2264	19.2952	15.4392	8.04807	19.9004	0	11.1473	16.8043	20.0653	17.3241	15.4593	22.5419	21.793	18.0397	14.7797	27.9641	7.05391	14.1525	23.4869	20.7489	
17.4337	11.6697	18.4042	11.3686	26.3107	11.1473	0	15.5323	18.69	14.7196	17.09	17.8773	20.7765	21.1129	15.975	23.8768	13.6469	5.2641	21.3675	12.9113	
5.96969	3.86264	10.0908	12.4811	5.201	16.8043	15.5323	0	22.7652	12.4784	16.9967	18.9324	14.9628	11.7628	7.66159	10.21	9.75037	15.4227	5.73283	4.59793	
16.7955	26.9936	14.63	17.4612	20.4694	20.0653	18.69	22.7652	0	2.74117	1.6	7.95893	7.21008	3.45671	11.8461	8.38671	10.0054	12.1967	24.2879	14.1917	
19.5367	28.2602	20.4204	14.72	16.6788	17.3241	14.7196	12.4784	2.74117	0	4.34117	5.21776	3.91554	0.715542	18.3998	10.3017	16.281	9.45552	24.8357	20.2803	
14.3217	20.6467	13.03	18.7916	22.6422	15.4593	17.09	16.9967	1.6	4.34117	0	8.91079	10.6636	7.46362	10.2461	6.78671	8.40536	16.7882	19.6387	12.5917	
17.4053	29.547	21.9408	19.9378	13.7314	22.5419	17.8773	18.9324	7.95893	5.21776	8.91079	0	2.89914	5.9333	19.1569	15.6975	17.3161	14.6733	23.8899	21.5025	
27.7672	33.7076	25.9	19.1889	16.6306	21.793	20.7765	14.9628	7.21008	3.91554	10.6636	2.89914	0	3.2	23.1161	12.7862	18.7654	13.9244	27.3202	25.4617	
17.7325	15.6255	20.4936	15.4355	15.9633	18.0397	21.1129	11.7628	3.45671	0.715542	7.46362	5.9333	3.2	0	17.7097	9.58616	15.5654	10.1711	17.4957	16.3608	
4.07561	10.7935	8.55653	16.5033	7.74953	14.7797	15.975	7.66159	11.8461	18.3998	10.2461	19.1569	23.1161	17.7097	0	17.0328	7.72583	13.8885	14.0242	3.06366	
16.1796	14.0726	19.8167	22.6911	15.411	27.9641	23.8768	10.21	8.38671	10.3017	6.78671	15.6975	12.7862	9.58616	17.0328	0	15.1921	29.8064	15.9428	14.8079	
11.8014	12.2413	8.38525	14.4873	14.9514	7.05391	13.6469	9.75037	10.0054	16.281	8.40536	17.3161	18.7654	15.5654	7.72583	15.1921	0	8.38284	14.994	10.7895	
15.3472	16.9338	16.3177	6.10447	21.0466	14.1525	5.2641	15.4227	12.1967	9.45552	16.7882	14.6733	13.9244	10.1711	13.8885	29.8064	8.38284	0	16.1034	10.8248	
11.7025	9.59547	6.60872	16.6541	10.1584	23.4869	21.3675	5.73283	24.2879	24.8357	19.6387	23.8899	27.3202	17.4957	14.0242	15.9428	14.994	16.1034	0	10.3308	
4.52244	8.46058	5.49287	16.6402	8.19637	20.7489	12.9113	4.59793	14.1917	20.2803	12.5917	21.5025	25.4617	16.3608	3.06366	14.8079	10.7895	10.8248	10.3308	0	

0	9.7122	3.25	18.6416	3.07584	13.5849	22.8176	8.93971	19.6716	22.9353	28.4801	19.497	29.6486	22.6103	17.1732	22.9192	7.94574	17.0247	9.73053	14.2708	
9.7122	0	6.4622	20.5438	12.9569	29.0586	31.3807	12.1598	19.4601	26.1258	16.8801	15.1926	25.8801	24.7518	27.8822	27.2133	9.33648	20.2369	1.99218	13.6418	
3.25	6.4622	0	19.5079	6.32584	8.39474	16.4428	7.05947	14.389	19.7396	23.3423	13.2471	26.8202	22.1702	17.227	20.7511	4.69574	10.8082	8.07733	14.3245	
18.6416	20.5438	19.5079	0	16.7345	15.5955	14.962	10.8706	10.6788	9.5445	13.2588	19.5113	12.5845	7.93453	16.8978	9.90069	13.2344	16.4342	21.0383	18.549	
3.07584	12.9569	6.32584	16.7345	0	10.5888	18.3027	5.86387	16.1441	19.8595	29.0979	24.0337	23.3102	21.4695	19.1666	19.5835	8.2276	15.6346	10.9647	17.3467	
13.5849	29.0586	8.39474	15.5955	10.5888	0	12.4581	4.72488	12.5609	10.6354	14.8951	12.2503	13.6754	9.02541	18.0276	18.0898	3.699	9.79	11.0433	17.9681	
22.8176	31.3807	16.4428	14.962	18.3027	12.4581	0	14.5634	4.28318	16.9947	6.86318	11.5393	7.60221	7.81871	10.5022	17.7527	8.7806	2.66811	32.5481	37.0884	
8.93971	12.1598	7.05947	10.8706	5.86387	4.72488	14.5634	0	10.2802	17.4076	12.8602	10.915	13.5993	13.7503	13.3027	13.7196	2.36373	8.47621	9.70802	13.4532	
19.6716	19.4601	14.389	10.6788	16.1441	12.5609	4.28318	10.2802	0	5.1455	2.58	7.77381	3.31904	3.53553	6.21898	13.4695	9.6933	5.75535	17.0376	9.12139	
22.9353	26.1258	19.7396	9.5445	19.8595	10.6354	16.9947	17.4076	5.1455	0	9.24574	4.17421	3.45068	1.60997	20.6452	17.4507	12.7255	13.0454	17.3746	22.3988	
28.4801	16.8801	23.3423	13.2588	29.0979	14.8951	6.86318	12.8602	2.58	9.24574	0	11.4125	5.89904	6.11553	8.79898	11.256	12.2733	8.33535	18.8722	19.9043	
19.497	15.1926	13.2471	19.5113	24.0337	12.2503	11.5393	10.915	7.77381	4.17421	11.4125	0	4.45477	5.78418	15.0514	18.4548	8.55132	8.87119	13.2004	22.8204	
29.6486	25.8801	26.8202	12.5845	23.3102	13.6754	7.60221	13.5993	3.31904	3.45068	5.89904	4.45477	0	4.65	9.53802	14	13.0061	9.07438	17.6552	18.9482	
22.6103	24.7518	22.1702	7.93453	21.4695	9.02541	7.81871	13.7503	3.53553	1.60997	6.11553	5.78418	4.65	0	9.75451	17.005	12.7244	9.29088	25.946	23.5982	
17.1732	27.8822	17.227	16.8978	19.1666	18.0276	10.5022	13.3027	6.21898	20.6452	8.79898	15.0514	9.53802	9.75451	0	11.5507	15.6665	11.9743	14.552	2.90241	
22.9192	27.2133	20.7511	9.90069	19.5835	18.0898	17.7527	13.7196	13.4695	17.4507	11.256	18.4548	14	17.005	11.5507	0	16.0834	19.2248	20.2979	8.64833	
7.94574	9.33648	4.69574	13.2344	8.2276	3.699	8.7806	2.36373	9.6933	12.7255	12.2733	8.55132	13.0061	12.7244	15.6665	16.0834	0	6.11249	7.34429	14.2691	
17.0247	20.2369	10.8082	16.4342	15.6346	9.79	2.66811	8.47621	5.75535	13.0454	8.33535	8.87119	9.07438	9.29088	11.9743	19.2248	6.11249	0	13.4568	17.5302	
9.73053	1.99218	8.07733	21.0383	10.9647	11.0433	32.5481	9.70802	17.0376	17.3746	18.8722	13.2004	17.6552	25.946	14.552	20.2979	7.34429	13.4568	0	11.6496	
14.2708	13.6418	14.3245	18.549	17.3467	17.9681	37.0884	13.4532	9.12139	22.3988	19.9043	22.8204	18.9482	23.5982	2.90241	8.64833	14.2691	17.5302	11.6496	0	

0	5.86387	8.35	15.0908	10.9522	14.2964	19.2947	11.0658	16.3886	15.2112	17.8626	14.2103	16.8266	13.4894	13.11	18.7232	14.0242	20.4859	6.59697	10.0499	
5.86387	0	13.4629	20.9547	15.2002	19.4093	23.7561	16.9296	18.0456	15.8493	18.6656	18.7673	20.488	15.6368	16.8379	23.6434	19.888	24.9078	10.6854	15.9137	
8.35	13.4629	0	15.6263	2.60215	5.94643	9.50064	4.9477	19.4036	29.3123	29.8955	21.426	19.7949	21.8394	4.76	14.6393	10.1838	16.7253	7.11702	8.50856	
15.0908	20.9547	15.6263	0	13.0242	8.14655	4.59234	15.3697	12.0182	17.4407	11.3982	9.67672	17.1582	15.7714	25.6479	22.3842	13.0028	6.03456	17.5391	24.4564	
10.9522	15.2002	2.60215	13.0242	0	8.54858	15.9922	2.34555	20.2368	21.8313	22.9527	19.809	17.1927	25.4356	7.36215	10.003	7.5817	14.0435	4.51486	11.1107	
14.2964	19.4093	5.94643	8.14655	8.54858	0	3.55421	16.4655	14.5681	25.6304	16.77	8.63859	18.0958	16.4786	10.7064	24.123	9.9787	4.99643	13.7812	14.455	
19.2947	23.7561	9.50064	4.59234	15.9922	3.55421	0	20.0197	8.30436	14.6462	7.21221	5.08438	7.70067	8.21487	21.0556	16.6116	7.90399	1.44222	17.3354	20.0542	
11.0658	16.9296	4.9477	15.3697	2.34555	16.4655	20.0197	0	13.2552	23.9014	19.9066	25.2761	19.5383	22.3426	11.1259	7.65747	9.92724	21.5305	6.86041	13.7778	
16.3886	18.0456	19.4036	12.0182	20.2368	14.5681	8.30436	13.2552	0	4.62091	0.62	6.02963	6.38	2.89914	15.477	5.59771	12.6551	6.38999	28.2393	10.895	
15.2112	15.8493	29.3123	17.4407	21.8313	25.6304	14.6462	23.9014	4.62091	0	6.04249	4.85227	4.63862	1.72177	26.1232	11.9669	19.0243	11.8125	26.5347	17.2642	
17.8626	18.6656	29.8955	11.3982	22.9527	16.77	7.21221	19.9066	0.62	6.04249	0	7.50371	5.76	3.51914	22.1285	6.21771	12.2318	5.76999	34.8908	11.515	
14.2103	18.7673	21.426	9.67672	19.809	8.63859	5.08438	25.2761	6.02963	4.85227	7.50371	0	2.6163	3.1305	26.14	16.1163	13.4949	6.5266	20.8073	24.2602	
16.8266	20.488	19.7949	17.1582	17.1927	18.0958	7.70067	19.5383	6.38	4.63862	5.76	2.6163	0	5.74679	23.3793	13.5	24.7744	11.53	21.7076	24.1711	
13.4894	15.6368	21.8394	15.7714	25.4356	16.4786	8.21487	22.3426	2.89914	1.72177	3.51914	3.1305	5.74679	0	24.5645	8.49685	15.5543	9.76128	20.0864	13.7941	
13.11	16.8379	4.76	25.6479	7.36215	10.7064	21.0556	11.1259	15.477	26.1232	22.1285	26.14	23.3793	24.5645	0	9.8793	15.0236	22.4978	14.8567	7.25603	
18.7232	23.6434	14.6393	22.3842	10.003	24.123	16.6116	7.65747	5.59771	11.9669	6.21771	16.1163	13.5	8.49685	9.8793	0	18.2529	12.4599	22.6416	16.4927	
14.0242	19.888	10.1838	13.0028	7.5817	9.9787	7.90399	9.92724	12.6551	19.0243	12.2318	13.4949	24.7744	15.5543	15.0236	18.2529	0	6.46177	12.0966	12.3009	
20.4859	24.9078	16.7253	6.03456	14.0435	4.99643	1.44222	21.5305	6.38999	11.8125	5.76999	6.5266	11.53	9.76128	22.4978	12.4599	6.46177	0	24.7812	17.7571	
6.59697	10.6854	7.11702	17.5391	4.51486	13.7812	17.3354	6.86041	28.2393	26.5347	34.8908	20.8073	21.7076	20.0864	14.8567	22.6416	12.0966	24.7812	0	15.9471	
10.0499	15.9137	8.50856	24.4564	11.1107	14.455	20.0542	13.7778	10.895	17.2642	11.515	24.2602	24.1711	13.7941	7.25603	16.4927	12.3009	17.7571	15.9471	0	

0	8.29353	8.25	17.5949	4.87008	17.6156	15.0125	1.89283	15.7128	14.9541	17.0782	23.0762	12.5782	11.0417	6.37922	13.6209	12.0372	22.458	7.04689	10.5524	
8.29353	0	7.94893	23.3178	3.42345	7.67719	18.338	10.4091	19.6448	22.4649	23.782	15.3601	30.2031	20.1574	29.0329	16.5988	5.44059	12.7228	5.60026	9.50835	
8.25	7.94893	0	22.937	4.52548	9.36562	13.6791	7.23498	20.1605	13.7054	19.7992	17.2986	12.5199	9.76991	13.9616	5.37088	7.37902	19.9636	6.70229	9.37019	
17.5949	23.3178	22.937	0	22.6877	20.1138	16.4012	15.702	10.6788	18.3419	9.24175	14.3685	13.7418	19.271	19.3119	24.5365	17.8772	11.7394	29.2229	25.3398	
4.87008	3.42345	4.52548	22.6877	0	13.8911	15.0235	6.76291	16.2214	25.9755	19.0014	18.6087	17.4483	14.2954	11.2493	9.89637	8.86404	16.1463	2.17681	6.0849	
17.6156	7.67719	9.36562	20.1138	13.8911	0	17.4386	12.3809	13.4205	12.6617	14.7858	12.1561	10.2858	13.0358	20.3515	14.7365	2.2366	16.06	15.2428	8.5	
15.0125	18.338	13.6791	16.4012	15.0235	17.4386	0	13.1196	9.63715	5.58244	12.4171	16.7292	7.95832	9.51792	10.6949	18.4106	20.1692	9.73499	24.4957	8.93859	
1.89283	10.4091	7.23498	15.702	6.76291	12.3809	13.1196	0	15.4204	13.0843	18.2004	18.3167	11.8989	9.14887	8.27204	12.6059	10.1443	22.8546	9.14949	11.2394	
15.7128	19.6448	20.1605	10.6788	16.2214	13.4205	9.63715	15.4204	0	5.51052	2.78	7.90675	3.13465	5.88465	20.332	24.1346	24.3635	13.8392	18.3982	18.5757	
14.9541	22.4649	13.7054	18.3419	25.9755	12.6617	5.58244	13.0843	5.51052	0	6.87588	13.1034	2.37588	3.93548	16.2773	20.5305	24.9087	9.74205	43.2119	14.521	
17.0782	23.782	19.7992	9.24175	19.0014	14.7858	12.4171	18.2004	2.78	6.87588	0	5.12675	4.5	7.25	25.3075	25.5	15.0463	11.0592	26.0015	17.6506	
23.0762	15.3601	17.2986	14.3685	18.6087	12.1561	16.7292	18.3167	7.90675	13.1034	5.12675	0	9.62675	9.16788	24.3754	21.9958	9.91953	8.87119	42.341	12.5238	
12.5782	30.2031	12.5199	13.7418	17.4483	10.2858	7.95832	11.8989	3.13465	2.37588	4.5	9.62675	0	2.75	18.9574	21	12.5224	12.1179	19.8349	18.7858	
11.0417	20.1574	9.76991	19.271	14.2954	13.0358	9.51792	9.14887	5.88465	3.93548	7.25	9.16788	2.75	0	22.9731	15.1408	17.1489	13.6775	22.6697	19.1401	
6.37922	29.0329	13.9616	19.3119	11.2493	20.3515	10.6949	8.27204	20.332	16.2773	25.3075	24.3754	18.9574	22.9731	0	8.59069	22.9365	20.4299	13.6359	11.8515	
13.6209	16.5988	5.37088	24.5365	9.89637	14.7365	18.4106	12.6059	24.1346	20.5305	25.5	21.9958	21	15.1408	8.59069	0	12.7499	14.5927	15.3521	9.47198	
12.0372	5.44059	7.37902	17.8772	8.86404	2.2366	20.1692	10.1443	24.3635	24.9087	15.0463	9.91953	12.5224	17.1489	22.9365	12.7499	0	18.1634	11.5983	10.7366	
22.458	12.7228	19.9636	11.7394	16.1463	16.06	9.73499	22.8546	13.8392	9.74205	11.0592	8.87119	12.1179	13.6775	20.4299	14.5927	18.1634	0	18.8805	18.6736	
7.04689	5.60026	6.70229	29.2229	2.17681	15.2428	24.4957	9.14949	18.3982	43.2119	26.0015	42.341	19.8349	22.6697	13.6359	15.3521	11.5983	18.8805	0	8.26171	
10.5524	9.50835	9.37019	25.3398	6.0849	8.5	8.93859	11.2394	18.5757	14.521	17.6506	12.5238	18.7858	19.1401	11.8515	9.47198	10.7366	18.6736	8.26171	0	

0	11.2178	8.9	11.54	9.48384	16.4817	14.6873	5.75129	18.9687	24.7601	21.6122	27.0159	28.0795	21.4351	17.1884	23.9178	13.7299	15.7662	12.5715	9.66805	
11.2178	0	7.20311	10.2719	4.964	19.6748	16.6037	9.85906	26.1573	16.6382	38.3052	42.235	34.9125	25.1492	9.06655	15.7959	9.88342	14.4981	3.5316	9.62117	
8.9	7.20311	0	12.6758	7.35391	6.80844	5.7873	3.57941	15.4322	18.3179	12.7122	14.0315	15.9208	19.2632	17.5671	15.4471	4.82991	15.0896	3.67151	7.49617	
11.54	10.2719	12.6758	0	15.2359	14.6762	6.88851	14.0513	9.09608	18.8351	13.8428	15.1984	18.9284	14.8772	13.6298	16.5483	15.054	4.22617	13.5033	10.1345	
9.48384	4.964	7.35391	15.2359	0	14.7108	11.6397	4.89506	18.1125	27.7429	20.0661	21.1606	31.0496	20.5788	14.0306	21.2995	12.1838	20.942	7.73977	8.81182	
16.4817	19.6748	6.80844	14.6762	14.7108	0	9.85485	11.1611	10.5865	9.20099	9.25731	6.44981	13.0694	12.1496	14.7157	19.5147	1.97853	10.45	8.33035	13.9514	
14.6873	16.6037	5.7873	6.88851	11.6397	9.85485	0	9.36671	14.1722	16.1032	15.5364	16.3047	14.6598	18.2262	16.3892	9.65981	9.61199	9.30232	9.45881	17.0231	
5.75129	9.85906	3.57941	14.0513	4.89506	11.1611	9.36671	0	13.2174	18.3773	15.9374	17.3542	15.9833	15.6838	11.2534	20.5644	8.40932	18.0874	7.25093	3.91676	
18.9687	26.1573	15.4322	9.09608	18.1125	10.5865	14.1722	13.2174	0	5.15984	2.72	4.13673	2.76586	7.35391	12.7315	7.347	13.8568	4.86991	21.3507	17.0822	
24.7601	16.6382	18.3179	18.8351	27.7429	9.20099	16.1032	18.3773	5.15984	0	5.55869	2.75118	3.93151	3.95784	7.57166	8.93151	15.0224	10.0298	26.6815	14.9083	
21.6122	38.3052	12.7122	13.8428	20.0661	9.25731	15.5364	15.9374	2.72	5.55869	0	2.80751	5.48586	9.56352	13.1773	10.067	17.5421	7.58991	16.3837	24.9904	
27.0159	42.235	14.0315	15.1984	21.1606	6.44981	16.3047	17.3542	4.13673	2.75118	2.80751	0	6.6827	6.70902	10.3228	11.4837	8.42834	9.00663	28.5306	24.5694	
28.0795	34.9125	15.9208	18.9284	31.0496	13.0694	14.6598	15.9833	2.76586	3.93151	5.48586	6.6827	0	5.1	11.5032	5	11.0909	7.63577	17.4427	14.3164	
21.4351	25.1492	19.2632	14.8772	20.5788	12.1496	18.2262	15.6838	7.35391	3.95784	9.56352	6.70902	5.1	0	11.5295	8.56635	14.1281	12.2238	26.9331	19.4164	
17.1884	9.06655	17.5671	13.6298	14.0306	14.7157	16.3892	11.2534	12.7315	7.57166	13.1773	10.3228	11.5032	11.5295	0	6.72938	12.7372	9.4036	12.5982	7.33665	
23.9178	15.7959	15.4471	16.5483	21.2995	19.5147	9.65981	20.5644	7.347	8.93151	10.067	11.4837	5	8.56635	6.72938	0	16.0909	12.2169	24.1785	14.066	
13.7299	9.88342	4.82991	15.054	12.1838	1.97853	9.61199	8.40932	13.8568	15.0224	17.5421	8.42834	11.0909	14.1281	12.7372	16.0909	0	10.8278	6.35182	11.9729	
15.7662	14.4981	15.0896	4.22617	20.942	10.45	9.30232	18.0874	4.86991	10.0298	7.58991	9.00663	7.63577	12.2238	9.4036	12.2169	10.8278	0	17.1797	14.3607	
12.5715	3.5316	3.67151	13.5033	7.73977	8.33035	9.45881	7.25093	21.3507	26.6815	16.3837	28.5306	17.4427	26.9331	12.5982	24.1785	6.35182	17.1797	0	6.08957	
9.66805	9.62117	7.49617	10.1345	8.81182	13.9514	17.0231	3.91676	17.0822	14.9083	24.9904	24.5694	14.3164	19.4164	7.33665	14.066	11.9729	14.3607	6.08957	0	

0	12.7475	3.55	13.1319	4.78464	7.80446	8.74471	1.45602	10.3632	16.9742	12.6832	12.6255	11.9841	16.7979	10.01	17.2478	9.98988	12.2498	3.62833	11.1628	
12.7475	0	16.2975	26.5068	17.5322	11.6131	18.7302	14.2036	23.1107	24.0792	29.3879	21.4536	24.8477	24.457	26.9236	31.2104	20.7853	15.1967	14.0358	24.4054	
3.55	16.2975	0	14.0368	7.45991	8.03121	9.64958	2.36089	8.68451	13.3272	11.0045	9.07553	8.43406	15.1192	6.46	16.6675	6.43988	8.69979	3.85509	12.0676	
13.1319	26.5068	14.0368	0	16.7749	23.6171	18.9646	11.6759	14.6111	8	13.6057	17.1642	12.8932	9.67705	23.1136	16.3577	18.1459	16.8825	17.3876	10.6171	
4.78464	17.5322	7.45991	16.7749	0	11.7546	12.3877	5.09902	14.6578	17.9435	12.3378	20.272	18.3678	15.6031	20.3367	12.4631	18.6942	24.0533	7.57852	14.8058	
7.80446	11.6131	8.03121	23.6171	11.7546	0	8.40086	12.2108	13.6019	14.5209	16.1092	19.0482	13.603	12.8439	19.2448	19.5973	10.8389	11.9343	4.17612	13	
8.74471	18.7302	9.64958	18.9646	12.3877	8.40086	0	7.28869	5.201	10.0953	7.521	8.59628	5.20216	10.9857	12.366	13.7022	9.122	3.53344	12.577	16.2219	
1.45602	14.2036	2.36089	11.6759	5.09902	12.2108	7.28869	0	11.0454	17.7965	15.0731	11.4364	10.7949	16.1194	8.82089	17.5622	8.80077	10.8221	5.08435	9.70675	
10.3632	23.1107	8.68451	14.6111	14.6578	13.6019	5.201	11.0454	0	6.61105	2.32	10.2543	8.35	5.58533	15.1445	11.7202	15.1244	8.73444	12.5396	11.9295	
16.9742	24.0792	13.3272	8	17.9435	14.5209	10.0953	17.7965	6.61105	0	4.94238	8.28729	4.89318	1.67705	18.2667	13.3932	10.1459	8.88246	21.2615	15.2151	
12.6832	29.3879	11.0045	13.6057	12.3378	16.1092	7.521	15.0731	2.32	4.94238	0	7.93426	6.03	3.26533	19.1722	13.0768	15.7515	14.0521	16.5673	9.60946	
12.6255	21.4536	9.07553	17.1642	20.272	19.0482	8.59628	11.4364	10.2543	8.28729	7.93426	0	3.39411	10.4941	15.5355	11.8941	8.20926	9.10464	12.9306	17.5437	
11.9841	24.8477	8.43406	12.8932	18.3678	13.603	5.20216	10.7949	8.35	4.89318	6.03	3.39411	0	6.57023	13.3735	8.5	11.6034	8.7356	12.2891	15.6395	
16.7979	24.457	15.1192	9.67705	15.6031	12.8439	10.9857	16.1194	5.58533	1.67705	3.26533	10.4941	6.57023	0	20.4735	15.6	11.8229	10.5595	17.02	12.8748	
10.01	26.9236	6.46	23.1136	20.3367	19.2448	12.366	8.82089	15.1445	18.2667	19.1722	15.5355	13.3735	20.4735	0	19.6239	9.39628	14.9848	10.3151	12.4965	
17.2478	31.2104	16.6675	16.3577	12.4631	19.5973	13.7022	17.5622	11.7202	13.3932	13.0768	11.8941	8.5	15.6	19.6239	0	10.2277	15.8162	20.0417	19.7676	
9.98988	20.7853	6.43988	18.1459	18.6942	10.8389	9.122	8.80077	15.1244	10.1459	15.7515	8.20926	11.6034	11.8229	9.39628	10.2277	0	5.58856	10.295	19.2566	
12.2498	15.1967	8.69979	16.8825	24.0533	11.9343	3.53344	10.8221	8.73444	8.88246	14.0521	9.10464	8.7356	10.5595	14.9848	15.8162	5.58856	0	12.5549	19.7553	
3.62833	14.0358	3.85509	17.3876	7.57852	4.17612	12.577	5.08435	12.5396	21.2615	16.5673	12.9306	12.2891	17.02	10.3151	20.0417	10.295	12.5549	0	15.2862	
11.1628	24.4054	12.0676	10.6171	14.8058	13	16.2219	9.70675	11.9295	15.2151	9.60946	17.5437	15.6395	12.8748	12.4965	19.7676	19.2566	19.7553	15.2862	0	

0	23.355	1.7	12.823	5.89536	8.68705	19.5028	4.36807	16.1549	10.9144	18.0968	19.8321	13.9691	14.671	16.834	11.4652	7.46906	17.2754	12.1638	14.8738	
23.355	0	22.3264	31.6308	17.4596	17.9827	28.1018	22.9665	25.5588	23.2576	23.9588	23.4789	20.2029	25.7029	17.5369	13.351	18.5814	28.2817	11.8626	9.23275	
1.7	22.3264	0	16.9085	7.59536	6.98705	16.5825	6.06807	22.4264	12.6144	13.2414	21.4991	27.2603	19.4838	18.534	9.76524	5.76906	16.9971	10.4638	13.786	
12.823	31.6308	16.9085	0	13.9619	24.4103	14.7611	8.45495	13.2764	18.5169	14.8764	17.1642	16.236	15.7513	16.836	12.053	18.5993	14.4003	21.2186	16.1713	
5.89536	17.4596	7.59536	13.9619	0	18.6402	27.9561	5.50694	25.156	16.8098	30.895	21.8554	31.8571	36.8294	20.999	20.5161	15.6513	23.1708	10.2391	20.7692	
8.68705	17.9827	6.98705	24.4103	18.6402	0	13.8319	15.4406	14.9716	15.9099	17.2225	14.5121	17.9967	12.4967	17.0541	12.8683	9.54858	10.01	15.6605	8.75	
19.5028	28.1018	16.5825	14.7611	27.9561	13.8319	0	20.9578	5.74304	8.58836	4.14304	17.506	11.6431	9.85738	27.4351	7.61916	10.8135	3.82188	20.241	20.1622	
4.36807	22.9665	6.06807	8.45495	5.50694	15.4406	20.9578	0	21.7313	15.2825	26.5922	24.38	24.6909	32.4146	21.2021	18.2188	10.1443	21.6435	12.7637	19.2419	
16.1549	25.5588	22.4264	13.2764	25.156	14.9716	5.74304	21.7313	0	5.24047	1.6	12.2984	7.97487	2.47487	16.8801	5.07612	17.2325	8.81249	14.9169	18.4624	
10.9144	23.2576	12.6144	18.5169	16.8098	15.9099	8.58836	15.2825	5.24047	0	6.84047	8.91762	3.0547	3.75659	21.6333	14.8331	19.4019	12.3208	20.1574	16.5289	
18.0968	23.9588	13.2414	14.8764	30.895	17.2225	4.14304	26.5922	1.6	6.84047	0	13.8984	11.2143	4.07487	18.4801	3.47612	14.9565	7.21249	16.5169	7.59437	
19.8321	23.4789	21.4991	17.1642	21.8554	14.5121	17.506	24.38	12.2984	8.91762	13.8984	0	11.6673	12.6742	29.1785	19.2226	22.9305	19.3765	11.6163	23.2621	
13.9691	20.2029	27.2603	16.236	31.8571	17.9967	11.6431	24.6909	7.97487	3.0547	11.2143	11.6673	0	5.5	21.7784	15.6261	22.8229	15.3755	23.2836	13.4742	
14.671	25.7029	19.4838	15.7513	36.8294	12.4967	9.85738	32.4146	2.47487	3.75659	4.07487	12.6742	5.5	0	19.355	9.19045	19.7074	12.9268	17.3918	18.9742	
16.834	17.5369	18.534	16.836	20.999	17.0541	27.4351	21.2021	16.8801	21.6333	18.4801	29.1785	21.7784	19.355	0	12.4224	17.6528	31.2363	30.942	8.30413	
11.4652	13.351	9.76524	12.053	20.5161	12.8683	7.61916	18.2188	5.07612	14.8331	3.47612	19.2226	15.6261	9.19045	12.4224	0	13.4669	10.6886	20.2291	4.11825	
7.46906	18.5814	5.76906	18.5993	15.6513	9.54858	10.8135	10.1443	17.2325	19.4019	14.9565	22.9305	22.8229	19.7074	17.6528	13.4669	0	14.6354	11.3142	9.3487	
17.2754	28.2817	16.9971	14.4003	23.1708	10.01	3.82188	21.6435	8.81249	12.3208	7.21249	19.3765	15.3755	12.9268	31.2363	10.6886	14.6354	0	16.4192	18.76	
12.1638	11.8626	10.4638	21.2186	10.2391	15.6605	20.241	12.7637	14.9169	20.1574	16.5169	11.6163	23.2836	17.3918	30.942	20.2291	11.3142	16.4192	0	20.6629	
14.8738	9.23275	13.786	16.1713	20.7692	8.75	20.1622	19.2419	18.4624	16.5289	7.59437	23.2621	13.4742	18.9742	8.30413	4.11825	9.3487	18.76	20.6629	0	

0	10.4363	5.15	17.7539	3.07584	6.98115	6.2514	4.87767	10.8405	15.4664	23.2705	14.5502	17.267	18.4599	17.0112	10.5537	6.95507	9.73115	8.55818	13.6678	
10.4363	0	12.5647	24.028	7.36041	14.4126	22.7659	12.2555	20.4251	13.411	19.3079	24.9326	14.8818	16.6309	24.6092	14.8383	18.6586	11.6626	10.5948	15.8901	
5.15	12.5647	0	17.7586	5.20431	12.1311	11.4014	1.82779	9.17081	15.9292	24.3584	11.5003	14.4584	17.6764	16.83	12.6822	6.17155	16.9994	10.6866	16.3709	
17.7539	24.028	17.7586	0	20.8297	15.1155	19.8408	17.7918	18.5754	23.8026	18.1754	13.9169	18.8666	23.0919	29.7106	20.7936	11.5871	12.3655	30.2881	22.8622	
3.07584	7.36041	5.20431	20.8297	0	10.057	9.32724	4.89506	12.2381	20.7714	34.6247	14.3546	19.6627	13.3928	20.0871	7.47789	10.0309	19.023	5.48234	10.7776	
6.98115	14.4126	12.1311	15.1155	10.057	0	4.52354	11.8588	9.11266	8.48528	14.3822	15.2356	9.95606	11.7052	18.2264	23.9082	10.5809	2.75	16.0781	13.2468	
6.2514	22.7659	11.4014	19.8408	9.32724	4.52354	0	11.1291	4.58912	11.6033	4.98912	19.9062	14.8093	11.8723	13.4734	18.4085	13.2065	7.27354	18.7856	19.9192	
4.87767	12.2555	1.82779	17.7918	4.89506	11.8588	11.1291	0	7.34302	14.3572	7.74302	9.6725	14.6222	14.6262	16.2273	12.3729	6.20478	15.9224	10.3774	16.1119	
10.8405	20.4251	9.17081	18.5754	12.2381	9.11266	4.58912	7.34302	0	6.29689	0.4	11.1418	8.48495	7.2832	8.88426	13.1981	13.5478	16.4153	18.1597	16.9465	
15.4664	13.411	15.9292	23.8026	20.7714	8.48528	11.6033	14.3572	6.29689	0	5.89689	6.42053	1.47078	3.21994	15.8984	9.1348	14.7248	11.2353	19.0011	13.7058	
23.2705	19.3079	24.3584	18.1754	34.6247	14.3822	4.98912	7.74302	0.4	5.89689	0	10.7418	7.36767	7.6832	9.28426	14.2194	20.7761	19.9546	36.6074	19.6027	
14.5502	24.9326	11.5003	13.9169	14.3546	15.2356	19.9062	9.6725	11.1418	6.42053	10.7418	0	4.94975	11.0997	24.0581	6.87674	15.8773	26.2824	20.4892	29.1153	
17.267	14.8818	14.4584	18.8666	19.6627	9.95606	14.8093	14.6222	8.48495	1.47078	7.36767	4.94975	0	4.69072	19.9477	11.8265	17.6549	13.0358	26.3639	15.1766	
18.4599	16.6309	17.6764	23.0919	13.3928	11.7052	11.8723	14.6262	7.2832	3.21994	7.6832	11.0997	4.69072	0	16.1675	5.91486	11.5049	18.4061	27.3362	16.9258	
17.0112	24.6092	16.83	29.7106	20.0871	18.2264	13.4734	16.2273	8.88426	15.8984	9.28426	24.0581	19.9477	16.1675	0	17.1814	20.8806	18.559	13.3575	8.06226	
10.5537	14.8383	12.6822	20.7936	7.47789	23.9082	18.4085	12.3729	13.1981	9.1348	14.2194	6.87674	11.8265	5.91486	17.1814	0	16.8026	27.6304	12.9602	22.2386	
6.95507	18.6586	6.17155	11.5871	10.0309	10.5809	13.2065	6.20478	13.5478	14.7248	20.7761	15.8773	17.6549	11.5049	20.8806	16.8026	0	10.8278	16.7805	18.0413	
9.73115	11.6626	16.9994	12.3655	19.023	2.75	7.27354	15.9224	16.4153	11.2353	19.9546	26.2824	13.0358	18.4061	18.559	27.6304	10.8278	0	15.7921	10.4968	
8.55818	10.5948	10.6866	30.2881	5.48234	16.0781	18.7856	10.3774	18.1597	19.0011	36.6074	20.4892	26.3639	27.3362	13.3575	12.9602	16.7805	15.7921	0	5.29528	
13.6678	15.8901	16.3709	22.8622	10.7776	13.2468	19.9192	16.1119	16.9465	13.7058	19.6027	29.1153	15.1766	16.9258	8.06226	22.2386	18.0413	10.4968	5.29528	0	

0	6.62873	6.10164	23.9042	9.91104	20.566	19.5487	1.45602	24.1004	13.9936	23.6604	14.6458	23.7203	25.117	11.518	13.5173	13.3401	22.8318	15.7965	14.5208	
6.62873	0	14.8787	17.2755	16.2614	17.4435	12.92	8.08475	31.995	26.4431	28.0575	26.612	26.8968	24.3365	16.8379	20.146	19.9688	19.0494	15.213	18.4655	
6.10164	14.8787	0	28.6647	13.11	16.65	21.1735	4.64562	22.3316	17.1832	22.7716	17.8354	32.9491	24.4529	19.768	18.3098	11.7394	26	19.3563	18.6327	
23.9042	17.2755	28.6647	0	26.2382	11.248	6.7245	31.181	11.222	10.6395	10.782	21.2886	9.62131	12.2981	34.1134	28.3639	22.344	12.8539	31.435	22.6153	
9.91104	16.2614	13.11	26.2382	0	12.1318	19.5137	8.46437	17.8302	21.002	27.8742	21.6541	18.9262	23.8452	8.07654	23.4283	4.9058	19.3709	5.88545	4.60977	
20.566	17.4435	16.65	11.248	12.1318	0	4.52354	21.2956	11.6166	14.8492	12.0566	24.7155	15.8675	13.7379	28.5717	18.6645	7.22595	9.35	13.7812	20.4144	
19.5487	12.92	21.1735	6.7245	19.5137	4.52354	0	23.6485	13.5379	13.8315	12.9326	20.6962	16.3458	11.4165	19.3576	15.4439	11.7495	6.12944	18.3047	15.8908	
1.45602	8.08475	4.64562	31.181	8.46437	21.2956	23.6485	0	20.7611	12.5376	21.565	13.1898	13.5559	14.9526	12.9741	14.9733	13.3702	24.1722	14.3498	13.0741	
24.1004	31.995	22.3316	11.222	17.8302	11.6166	13.5379	20.7611	0	4.53627	0.44	11.401	9.24174	1.95605	15.7272	13.6444	12.9244	20.9666	22.4288	21.3567	
13.9936	26.4431	17.1832	10.6395	21.002	14.8492	13.8315	12.5376	4.53627	0	3.931	9.86631	1.01823	2.41495	16.0208	14.4486	21.1479	24.1992	27.2483	15.3346	
23.6604	28.0575	22.7716	10.782	27.8742	12.0566	12.9326	21.565	0.44	3.931	0	10.7957	8.96605	1.51605	15.1219	13.5497	13.3644	25.4134	21.9888	20.7514	
14.6458	26.612	17.8354	21.2886	21.6541	24.7155	20.6962	13.1898	11.401	9.86631	10.7957	0	10.8845	9.27968	22.8856	21.3134	23.2596	30.8953	27.9004	25.9836	
23.7203	26.8968	32.9491	9.62131	18.9262	15.8675	16.3458	13.5559	9.24174	1.01823	8.96605	10.8845	0	3.43319	17.7832	19.4837	27.4913	29.0775	32.3203	14.3164	
25.117	24.3365	24.4529	12.2981	23.8452	13.7379	11.4165	14.9526	1.95605	2.41495	1.51605	9.27968	3.43319	0	13.6059	12.0337	15.0457	17.546	23.5048	17.0727	
11.518	16.8379	19.768	34.1134	8.07654	28.5717	19.3576	12.9741	15.7272	16.0208	15.1219	22.8856	17.7832	13.6059	0	9.73612	18.0639	18.2279	21.4707	3.46677	
13.5173	20.146	18.3098	28.3639	23.4283	18.6645	15.4439	14.9733	13.6444	14.4486	13.5497	21.3134	19.4837	12.0337	9.73612	0	26.5688	9.3145	31.1678	13.2029	
13.3401	19.9688	11.7394	22.344	4.9058	7.22595	11.7495	13.3702	12.9244	21.1479	13.3644	23.2596	27.4913	15.0457	18.0639	26.5688	0	16.576	10.7913	9.51557	
22.8318	19.0494	26	12.8539	19.3709	9.35	6.12944	24.1722	20.9666	24.1992	25.4134	30.8953	29.0775	17.546	18.2279	9.3145	16.576	0	23.1312	14.7611	
15.7965	15.213	19.3563	31.435	5.88545	13.7812	18.3047	14.3498	22.4288	27.2483	21.9888	27.9004	32.3203	23.5048	21.4707	31.1678	10.7913	23.1312	0	10.4952	
14.5208	18.4655	18.6327	22.6153	4.60977	20.4144	15.8908	13.0741	21.3567	15.3346	20.7514	25.9836	14.3164	17.0727	3.46677	13.2029	9.51557	14.7611	10.4952	0	

0	21.4159	2	14.1218	3.58848	14.2152	18.3696	4.81225	12.4682	18.7099	11.6482	14.6268	18.3082	12.1047	4.96161	17.7045	3.40872	10.3652	6.58939	9.34638	
21.4159	0	13.192	17.1862	18.5192	17.2797	15.0038	12.1721	18.2996	21.2644	32.1008	29.7232	33.7316	21.734	23.5773	12.24	15.9469	13.4297	8.60262	18.3989	
2	13.192	0	13.138	5.58848	4.07544	22.3347	8.15889	11.9432	18.1849	11.1232	12.6268	17.7832	11.9031	4.76	17.5029	1.40872	12.3652	4.58939	8.72397	
14.1218	17.1862	13.138	0	30.6742	7.60659	11.7609	22.3531	8.6265	13.3184	11.0901	15.4845	17.7501	12.0609	17.898	29.2125	14.5467	3.75659	17.7274	21.8619	
3.58848	18.5192	5.58848	30.6742	0	10.2484	14.3434	1.22376	38.5652	14.6569	15.2367	29.4344	23.2607	24.3887	8.55009	30.623	7.5817	13.9537	4.79326	12.9349	
14.2152	17.2797	4.07544	7.60659	10.2484	0	11.8543	18.6219	8.71991	12.5169	8.17773	12.5721	13.6082	11.1082	7.05165	11.1554	2.66672	3.85	10.011	11.5234	
18.3696	15.0038	22.3347	11.7609	14.3434	11.8543	0	13.1196	6.11882	7.89252	6.93882	18.6408	14.3474	11.8474	18.9905	21.4663	22.8489	8.00432	16.6891	32.1362	
4.81225	12.1721	8.15889	22.3531	1.22376	18.6219	13.1196	0	15.2069	13.4332	20.3383	20.8329	14.31	14.8419	13.9751	22.4576	8.80546	21.124	3.5695	13.3658	
12.4682	18.2996	11.9432	8.6265	38.5652	8.71991	6.11882	15.2069	0	1.7737	0.82	5.21436	2.65051	3.18242	19.376	10.7981	19.7145	4.86991	26.3636	23.1387	
18.7099	21.2644	18.1849	13.3184	14.6569	12.5169	7.89252	13.4332	1.7737	0	2.5937	7.39973	0.876812	1.40872	8.55181	9.02441	20.0195	6.6436	15.8808	21.365	
11.6482	32.1008	11.1232	11.0901	15.2367	8.17773	6.93882	20.3383	0.82	2.5937	0	4.39436	6.66	5.36448	12.5076	16.0861	10.8444	5.68991	15.7126	19.0775	
14.6268	29.7232	12.6268	15.4845	29.4344	12.5721	18.6408	20.8329	5.21436	7.39973	4.39436	0	8.27654	8.80845	17.3868	16.4241	14.0356	17.3919	17.2162	14.6831	
18.3082	33.7316	17.7832	17.7501	23.2607	13.6082	14.3474	14.31	2.65051	0.876812	6.66	8.27654	0	2.28554	9.64309	9.90122	21.1108	10.8043	16.9721	22.2418	
12.1047	21.734	11.9031	12.0609	24.3887	11.1082	11.8474	14.8419	3.18242	1.40872	5.36448	8.80845	2.28554	0	7.14309	10.4331	11.528	8.30434	14.4721	11.8998	
4.96161	23.5773	4.76	17.898	8.55009	7.05165	18.9905	13.9751	19.376	8.55181	12.5076	17.3868	9.64309	7.14309	0	12.7429	4.38493	13.7626	9.34939	4.75673	
17.7045	12.24	17.5029	29.2125	30.623	11.1554	21.4663	22.4576	10.7981	9.02441	16.0861	16.4241	9.90122	10.4331	12.7429	0	13.8221	15.0054	20.8426	17.4996	
3.40872	15.9469	1.40872	14.5467	7.5817	2.66672	22.8489	8.80546	19.7145	20.0195	10.8444	14.0356	21.1108	11.528	4.38493	13.8221	0	6.51672	5.99811	8.85666	
10.3652	13.4297	12.3652	3.75659	13.9537	3.85	8.00432	21.124	4.86991	6.6436	5.68991	17.3919	10.8043	8.30434	13.7626	15.0054	6.51672	0	20.7807	19.7116	
6.58939	8.60262	4.58939	17.7274	4.79326	10.011	16.6891	3.5695	26.3636	15.8808	15.7126	17.2162	16.9721	14.4721	9.34939	20.8426	5.99811	20.7807	0	9.79627	
9.34638	18.3989	8.72397	21.8619	12.9349	11.5234	32.1362	13.3658	23.1387	21.365	19.0775	14.6831	22.2418	11.8998	4.75673	17.4996	8.85666	19.7116	9.79627	0	

0	8.15843	8.35	20.4331	2.136	15.1274	8.9829	1.96563	12.1499	16.1534	13.3899	17.8201	12.9139	19.6193	13.5753	14.2431	9.9432	7.25329	9.21279	9.14539	
8.15843	0	16.5084	29.8672	10.2944	17.5487	16.2542	10.0429	20.3084	24.3118	23.5045	28.0489	20.9912	30.5668	21.6525	27.1966	18.0204	15.3305	15.9375	17.3038	
8.35	16.5084	0	16.3229	10.486	19.8919	12.8899	10.129	14.5801	20.9492	20.1402	9.47012	19.5817	15.2929	8.95654	22.6154	7.8486	11.3414	17.1778	3.87732	
20.4331	29.8672	16.3229	0	19.1013	19.1137	13.6002	15.9313	17.6564	29.1071	20.8633	17.6281	27.7397	18.3693	33.3509	31.3816	10.9249	10.6437	20.2542	20.2003	
2.136	10.2944	10.486	19.1013	0	12.9914	6.8469	4.10163	14.2859	16.285	14.0972	20.6707	15.6394	15.6207	14.9706	12.1071	8.17634	9.01998	11.9383	11.2814	
15.1274	17.5487	19.8919	19.1137	12.9914	0	11.4266	13.7577	14.6785	28.5711	15.4414	17.092	25.982	15.9707	8.16333	9.64788	11.9628	8.47	19.2102	13.2426	
8.9829	16.2542	12.8899	13.6002	6.8469	11.4266	0	8.24422	8.49032	9.07035	7.25032	22.0203	13.2683	10.2824	15.0815	13.0439	6.4494	2.95655	20.8752	16.7672	
1.96563	10.0429	10.129	15.9313	4.10163	13.7577	8.24422	0	14.1156	14.0596	19.1561	18.4657	10.9483	15.4219	11.6097	14.4732	7.97757	5.28766	7.24716	9.02557	
12.1499	20.3084	14.5801	17.6564	14.2859	14.6785	8.49032	14.1156	0	3.06003	1.24	14.8136	4.70197	4.27209	6.51512	7.03353	6.73146	10.2243	16.0607	11.5943	
16.1534	24.3118	20.9492	29.1071	16.285	28.5711	9.07035	14.0596	3.06003	0	1.82003	9.39149	3.11127	3.46591	11.7556	7.61356	10.9102	16.3519	21.8577	23.7837	
13.3899	23.5045	20.1402	20.8633	14.0972	15.4414	7.25032	19.1561	1.24	1.82003	0	8.95768	4.9313	3.03209	7.75512	5.79353	7.97146	10.2069	23.058	24.5316	
17.8201	28.0489	9.47012	17.6281	20.6707	17.092	22.0203	18.4657	14.8136	9.39149	8.95768	0	10.1116	5.92558	16.6171	12.2484	13.3699	18.8116	25.7128	13.3474	
12.9139	20.9912	19.5817	27.7397	15.6394	25.982	13.2683	10.9483	4.70197	3.11127	4.9313	10.1116	0	6.57718	11.2171	15.1728	11.4334	16.236	18.1955	19.9739	
19.6193	30.5668	15.2929	18.3693	15.6207	15.9707	10.2824	15.4219	4.27209	3.46591	3.03209	5.92558	6.57718	0	9.18635	6.32278	7.44433	10.9372	16.7736	23.4472	
13.5753	21.6525	8.95654	33.3509	14.9706	8.16333	15.0815	11.6097	6.51512	11.7556	7.75512	16.6171	11.2171	9.18635	0	2.86356	13.2466	16.6333	18.8568	5.07922	
14.2431	27.1966	22.6154	31.3816	12.1071	9.64788	13.0439	14.4732	7.03353	7.61356	5.79353	12.2484	15.1728	6.32278	2.86356	0	13.7671	18.1179	22.7026	7.94279	
9.9432	18.0204	7.8486	10.9249	8.17634	11.9628	6.4494	7.97757	6.73146	10.9102	7.97146	13.3699	11.4334	7.44433	13.2466	13.7671	0	3.49285	9.32923	11.7259	
7.25329	15.3305	11.3414	10.6437	9.01998	8.47	2.95655	5.28766	10.2243	16.3519	10.2069	18.8116	16.236	10.9372	16.6333	18.1179	3.49285	0	12.5348	14.3132	
9.21279	15.9375	17.1778	20.2542	11.9383	19.2102	20.8752	7.24716	16.0607	21.8577	23.058	25.7128	18.1955	16.7736	18.8568	22.7026	9.32923	12.5348	0	16.2727	
9.14539	17.3038	3.87732	20.2003	11.2814	13.2426	16.7672	9.02557	11.5943	23.7837	24.5316	13.3474	19.9739	23.4472	5.07922	7.94279	11.7259	14.3132	16.2727	0	

0	26.0928	2.8	19.8813	6.408	7.25982	9.3771	9.39134	10.554	19.039	18.9886	34.7289	21.0724	28.4567	11.47	20.8038	12.2586	10.8914	16.3246	6.24651	
26.0928	0	13.7503	26.1543	18.0664	9.29051	23.3198	22.9687	25.7486	38.8622	19.8047	33.63	34.3492	25.302	21.8139	19.6843	16.5938	18.5305	8.14985	14.2905	
2.8	13.7503	0	21.5944	9.208	4.45982	12.1771	7.53356	7.75403	18.6381	9.09403	17.5927	20.2004	12.0674	8.67	11.8889	9.45857	13.6998	15.7875	3.44651	
19.8813	26.1543	21.5944	0	13.4733	17.1346	25.3061	14.8968	20.8436	18.252	26.1611	21.5614	19.2803	16.5303	20.4598	29.5388	19.5325	23.7918	18.0044	18.9839	
6.408	18.0664	9.208	13.4733	0	15.6947	15.7851	8.46437	16.2905	19.6707	17.3219	20.6748	14.6644	17.4144	12.3559	17.8504	7.13571	15.334	9.91658	10.6947	
7.25982	9.29051	4.45982	17.1346	15.6947	0	10.7543	9.08705	11.8542	17.7943	10.5142	15.0306	20.8642	20.6018	13.1298	13.4424	11.6992	9.24	17.4404	5	
9.3771	23.3198	12.1771	25.3061	15.7851	10.7543	0	18.7684	7.64853	9.66191	8.24599	17.4872	14.6682	11.3837	15.8334	21.168	10.6132	1.51433	15.17	21.7384	
9.39134	22.9687	7.53356	14.8968	8.46437	9.08705	18.7684	0	16.057	17.3232	10.7143	18.3273	12.3169	15.0669	5.56296	10.7174	9.4549	21.4487	14.8188	4.08705	
10.554	25.7486	7.75403	20.8436	16.2905	11.8542	7.64853	16.057	0	6.03512	1.34	5.85643	7.06335	4.31335	14.3749	7.63012	9.15478	8.07166	21.4655	7.96722	
19.039	38.8622	18.6381	18.252	19.6707	17.7943	9.66191	17.3232	6.03512	0	7.28011	6.75293	4.47177	1.72177	16.6605	11.5061	16.6104	11.1762	18.8739	13.9073	
18.9886	19.8047	9.09403	26.1611	17.3219	10.5142	8.24599	10.7143	1.34	7.28011	0	4.51643	10.35	5.65335	11.4445	6.29012	10.4948	6.73166	17.8245	6.62722	
34.7289	33.63	17.5927	21.5614	20.6748	15.0306	17.4872	18.3273	5.85643	6.75293	4.51643	0	6.01041	5.03115	16.6139	10.8065	18.9935	11.2481	22.1833	11.1436	
21.0724	34.3492	20.2004	19.2803	14.6644	20.8642	14.6682	12.3169	7.06335	4.47177	10.35	6.01041	0	2.75	16.1544	11	17.6387	17.0817	19.9021	16.4039	
28.4567	25.302	12.0674	16.5303	17.4144	20.6018	11.3837	15.0669	4.31335	1.72177	5.65335	5.03115	2.75	0	20.1088	13.2279	13.4681	16.8192	17.1521	16.7148	
11.47	21.8139	8.67	20.4598	12.3559	13.1298	15.8334	5.56296	14.3749	16.6605	11.4445	16.6139	16.1544	20.1088	0	5.15442	5.22015	24.6055	16.6888	9.65001	
20.8038	19.6843	11.8889	29.5388	17.8504	13.4424	21.168	10.7174	7.63012	11.5061	6.29012	10.8065	11	13.2279	5.15442	0	10.3746	13.0218	11.5344	8.44242	
12.2586	16.5938	9.45857	19.5325	7.13571	11.6992	10.6132	9.4549	9.15478	16.6104	10.4948	18.9935	17.6387	13.4681	5.22015	10.3746	0	12.1276	17.0523	12.9051	
10.8914	18.5305	13.6998	23.7918	15.334	9.24	1.51433	21.4487	8.07166	11.1762	6.73166	11.2481	17.0817	16.8192	24.6055	13.0218	12.1276	0	16.6843	13.3589	
16.3246	8.14985	15.7875	18.0044	9.91658	17.4404	15.17	14.8188	21.4655	18.8739	17.8245	22.1833	19.9021	17.1521	16.6888	11.5344	17.0523	16.6843	0	15.8858	
6.24651	14.2905	3.44651	18.9839	10.6947	5	21.7384	4.08705	7.96722	13.9073	6.62722	11.1436	16.4039	16.7148	9.65001	8.44242	12.9051	13.3589	15.8858	0	

0	9.41997	2.15	19.9731	3.58848	19.1163	24.8406	9.76577	15.799	10.4779	15.5739	21.044	15.0316	11.7971	19.1376	17.4718	7.60232	8.91651	6.24903	5.05799	
9.41997	0	7.26997	21.4776	6.64491	12.963	29.0191	14.8857	21.2302	22.87	24.2662	25.4787	31.7404	24.8385	29.2	25.8239	14.7832	14.0365	3.98437	10.178	
2.15	7.26997	0	22.1231	3.28098	8.65799	8.42506	7.61577	18.9455	12.6279	12.0557	24.3685	17.1331	16.9193	14.0339	18.554	7.29481	6.76651	5.94152	2.90799	
19.9731	21.4776	22.1231	0	23.5616	18.5303	10.3328	23.4524	16.4512	12.5599	12.8149	17.86	16.5406	11.2406	20.3022	16.1356	27.4828	11.9913	25.462	31.4282	
3.58848	6.64491	3.28098	23.5616	0	9.8066	11.5805	7.64853	20.384	14.0663	15.2111	21.0875	20.2886	20.256	15.1825	20.0859	4.01384	9.92198	2.66055	4.0566	
19.1163	12.963	8.65799	18.5303	9.8066	0	11.4704	23.6967	9.83742	8.60903	6.71742	17.5247	12.5898	7.28975	14.5774	12.1848	13.8497	12.0066	8.97866	5.75	
24.8406	29.0191	8.42506	10.3328	11.5805	11.4704	0	13.1196	9.85244	11.8285	6.73244	21.9906	12.0252	8.3068	19.6133	9.39149	20.1707	1.65855	20.4491	17.2204	
9.76577	14.8857	7.61577	23.4524	7.64853	23.6967	13.1196	0	28.5165	22.1988	19.8521	28.7361	25.9778	28.1981	29.5458	22.5111	11.6624	14.3823	10.3091	10.5238	
15.799	21.2302	18.9455	16.4512	20.384	9.83742	9.85244	28.5165	0	5.32109	3.12	4.24853	9.87486	4.69436	16.0008	11.7202	16.4248	8.40916	22.2548	19.0261	
10.4779	22.87	12.6279	12.5599	14.0663	8.60903	11.8285	22.1988	5.32109	0	2.89364	9.56962	4.55377	1.31928	16.225	6.21434	17.5614	10.3852	23.8367	18.508	
15.5739	24.2662	12.0557	12.8149	15.2111	6.71742	6.73244	19.8521	3.12	2.89364	0	7.36853	6.87436	1.57436	12.8808	6.46942	17.8165	5.28916	15.6961	12.4674	
21.044	25.4787	24.3685	17.86	21.0875	17.5247	21.9906	28.7361	4.24853	9.56962	7.36853	0	11.3137	13.1928	28.139	15.9687	20.6733	20.5474	23.7481	25.1441	
15.0316	31.7404	17.1331	16.5406	20.2886	12.5898	12.0252	25.9778	9.87486	4.55377	6.87436	11.3137	0	5.3	20.7787	10.1951	21.5422	10.3666	23.8986	25.2947	
11.7971	24.8385	16.9193	11.2406	20.256	7.28975	8.3068	28.1981	4.69436	1.31928	1.57436	13.1928	5.3	0	14.4552	4.89506	16.2422	6.86352	16.2684	13.0398	
19.1376	29.2	14.0339	20.3022	15.1825	14.5774	19.6133	29.5458	16.0008	16.225	12.8808	28.139	20.7787	14.4552	0	11.3111	16.0781	18.17	19.0688	11.1259	
17.4718	25.8239	18.554	16.1356	20.0859	12.1848	9.39149	22.5111	11.7202	6.21434	6.46942	15.9687	10.1951	4.89506	11.3111	0	16.0721	11.05	33.7014	21.462	
7.60232	14.7832	7.29481	27.4828	4.01384	13.8497	20.1707	11.6624	16.4248	17.5614	17.8165	20.6733	21.5422	16.2422	16.0781	16.0721	0	13.9358	6.67438	8.07044	
8.91651	14.0365	6.76651	11.9913	9.92198	12.0066	1.65855	14.3823	8.40916	10.3852	5.28916	20.5474	10.3666	6.86352	18.17	11.05	13.9358	0	12.5825	9.67449	
6.24903	3.98437	5.94152	25.462	2.66055	8.97866	20.4491	10.3091	22.2548	23.8367	15.6961	23.7481	23.8986	16.2684	19.0688	33.7014	6.67438	12.5825	0	6.71714	
5.05799	10.178	2.90799	31.4282	4.0566	5.75	17.2204	10.5238	19.0261	18.508	12.4674	25.1441	25.2947	13.0398	11.1259	21.462	8.07044	9.67449	6.71714	0	

0	6.95442	1.3	18.9174	7.6896	6.94911	22.8708	8.23035	16.1877	22.5842	22.257	21.8914	29.3463	19.556	9.74602	19.3104	11.7034	17.008	10.1116	12.8243	
6.95442	0	5.65442	21.9445	12.2164	11.3035	17.9399	12.5848	20.5422	19.2391	32.0731	14.4957	23.5467	22.6573	13.619	20.2953	15.0003	20.3509	14.0358	9.58785	
1.3	5.65442	0	17.7897	6.56195	5.64911	21.5708	6.93035	14.8877	15.9022	14.703	20.1501	24.937	17.3862	11.046	20.6104	10.5758	15.1267	8.81163	11.5243	
18.9174	21.9445	17.7897	0	11.2278	14.1135	8.20061	15.103	11.3268	8.96	13.0369	11.6449	11.449	6.94272	30.2058	29.6339	7.80961	3.44354	9.75861	21.0534	
7.6896	12.2164	6.56195	11.2278	0	5.73149	19.4284	3.87525	21.4497	14.8946	14.7854	12.5652	17.3836	13.1501	17.4356	24.4243	4.01384	8.3799	5.40171	9.42624	
6.94911	11.3035	5.64911	14.1135	5.73149	0	21.0021	9.60675	12.0139	10.253	9.05391	14.9965	12.7421	14.1662	20.1168	18.6928	6.96788	10.67	11.1332	12.3803	
22.8708	17.9399	21.5708	8.20061	19.4284	21.0021	0	28.0652	18.3141	8.18767	21.0217	3.44426	12.4952	11.6059	27.8674	34.5437	11.9956	11.6442	19.2229	23.8362	
8.23035	12.5848	6.93035	15.103	3.87525	9.60675	28.0652	0	14.8399	14.369	17.6862	14.7561	16.1559	10.4559	11.1835	17.8598	6.20478	10.5708	9.27697	7.15234	
16.1877	20.5422	14.8877	11.3268	21.4497	12.0139	18.3141	14.8399	0	7.03686	2.96	12.5457	10.0493	4.38406	19.8784	19.3474	13.5203	25.2881	23.6994	15.8473	
22.5842	19.2391	15.9022	8.96	14.8946	10.253	8.18767	14.369	7.03686	0	4.07686	4.74342	2.48902	3.91312	16.1245	20.4643	13.0493	12.4035	18.0326	12.0934	
22.257	32.0731	14.703	13.0369	14.7854	9.05391	21.0217	17.6862	2.96	4.07686	0	8.82028	6.56588	7.23038	18.1502	16.3874	16.0218	16.6901	21.9999	16.1702	
21.8914	14.4957	20.1501	11.6449	12.5652	14.9965	3.44426	14.7561	12.5457	4.74342	8.82028	0	7.23243	8.16165	22.5413	31.551	8.55132	12.9174	22.776	13.9637	
29.3463	23.5467	24.937	11.449	17.3836	12.7421	12.4952	16.1559	10.0493	2.48902	6.56588	7.23243	0	5.7	31.4007	22.5	14.8362	18.772	20.5216	14.5824	
19.556	22.6573	17.3862	6.94272	13.1501	14.1662	11.6059	10.4559	4.38406	3.91312	7.23038	8.16165	5.7	0	23.1262	23.6178	9.13622	10.3863	21.9457	14.5486	
9.74602	13.619	11.046	30.2058	17.4356	20.1168	27.8674	11.1835	19.8784	16.1245	18.1502	22.5413	31.4007	23.1262	0	14.7386	9.44353	18.3561	23.9295	4.03113	
19.3104	20.2953	20.6104	29.6339	24.4243	18.6928	34.5437	17.8598	19.3474	20.4643	16.3874	31.551	22.5	23.6178	14.7386	0	16.1199	29.3628	31.6387	10.7075	
11.7034	15.0003	10.5758	7.80961	4.01384	6.96788	11.9956	6.20478	13.5203	13.0493	16.0218	8.55132	14.8362	9.13622	9.44353	16.1199	0	4.36606	9.41555	5.4124	
17.008	20.3509	15.1267	3.44354	8.3799	10.67	11.6442	10.5708	25.2881	12.4035	16.6901	12.9174	18.772	10.3863	18.3561	29.3628	4.36606	0	6.31506	9.77846	
10.1116	14.0358	8.81163	9.75861	5.40171	11.1332	19.2229	9.27697	23.6994	18.0326	21.9999	22.776	20.5216	21.9457	23.9295	31.6387	9.41555	6.31506	0	20.3359	
12.8243	9.58785	11.5243	21.0534	9.42624	12.3803	23.8362	7.15234	15.8473	12.0934	16.1702	13.9637	14.5824	14.5486	4.03113	10.7075	5.4124	9.77846	20.3359	0	

0	8.63588	5.27293	11.54	4.87008	11.5027	9.87834	2.91204	10.0058	12.0947	10.1352	12.542	10.3524	8.85244	8.61879	12.1648	5.47284	9.31498	9.62681	2.81397	
8.63588	0	9.50678	20.9732	3.76579	8.00016	27.0636	7.14589	17.511	25.1824	15.791	21.6502	26.411	15.9842	23.351	16.3987	14.906	16.9658	8.52253	12.2472	
5.27293	9.50678	0	12.3641	7.91882	10.9516	8.16209	2.36089	11.8205	13.0122	11.0527	13.4594	11.2699	9.76991	12.267	11.6137	3.75659	7.59873	8.32196	6.4622	
11.54	20.9732	12.3641	0	16.4101	18.4327	13.013	14.4521	12.4105	11.2	14.1305	13.5717	12.5011	14.4423	20.7025	20.2244	8.60753	12.4497	13.1729	14.354	
4.87008	3.76579	7.91882	16.4101	0	11.766	15.7037	5.55793	14.8759	30.6298	19.5568	41.9152	29.3287	13.7225	18.8689	14.8107	9.3221	15.1403	4.75673	7.68405	
11.5027	8.00016	10.9516	18.4327	11.766	0	19.0635	8.59069	10.0346	11.2263	9.26682	11.6735	9.48402	7.98402	21.93	11.4569	12.7088	16.06	8.14344	15.6442	
9.87834	27.0636	8.16209	13.013	15.7037	19.0635	0	12.2846	12.1654	8.27615	11.7636	5.90444	7.49111	8.99111	15.7366	15.0734	4.4055	8.24763	8.97087	9.93177	
2.91204	7.14589	2.36089	14.4521	5.55793	8.59069	12.2846	0	12.9179	15.0051	13.0456	15.4523	13.2628	11.7628	16.2051	9.25277	6.11748	9.81995	10.3147	5.72601	
10.0058	17.511	11.8205	12.4105	14.8759	10.0346	12.1654	12.9179	0	2.90241	1.72	5.27412	3.55061	2.05061	8.29197	11.9268	15.4787	14.2216	25.6385	12.8198	
12.0947	25.1824	13.0122	11.2	30.6298	11.2263	8.27615	15.0051	2.90241	0	4.52511	2.37171	1.30108	2.80108	11.1944	9.02441	17.4542	20.6334	26.7757	16.7688	
10.1352	15.791	11.0527	14.1305	19.5568	9.26682	11.7636	13.0456	1.72	4.52511	0	4.97232	2.78281	1.28281	10.012	13.7901	15.4947	12.5016	21.2862	15.5864	
12.542	21.6502	13.4594	13.5717	41.9152	11.6735	5.90444	15.4523	5.27412	2.37171	4.97232	0	3.67278	3.68951	14.553	9.16899	10.3099	15.4231	20.3344	15.8362	
10.3524	26.411	11.2699	12.5011	29.3287	9.48402	7.49111	13.2628	3.55061	1.30108	2.78281	3.67278	0	1.5	15.446	10.3255	11.8966	17.0098	21.9211	17.4229	
8.85244	15.9842	9.76991	14.4423	13.7225	7.98402	8.99111	11.7628	2.05061	2.80108	1.28281	3.68951	1.5	0	10.3426	12.2667	13.5265	13.7845	16.1275	11.6664	
8.61879	23.351	12.267	20.7025	18.8689	21.93	15.7366	16.2051	8.29197	11.1944	10.012	14.553	15.446	10.3426	0	20.362	19.4717	17.4141	31.7588	5.80483	
12.1648	16.3987	11.6137	20.2244	14.8107	11.4569	15.0734	9.25277	11.9268	9.02441	13.7901	9.16899	10.3255	12.2667	20.362	0	17.1319	19.0727	17.9424	20.8659	
5.47284	14.906	3.75659	8.60753	9.3221	12.7088	4.4055	6.11748	15.4787	17.4542	15.4947	10.3099	11.8966	13.5265	19.4717	17.1319	0	3.84213	4.56537	8.28681	
9.31498	16.9658	7.59873	12.4497	15.1403	16.06	8.24763	9.81995	14.2216	20.6334	12.5016	15.4231	17.0098	13.7845	17.4141	19.0727	3.84213	0	8.4075	19.4504	
9.62681	8.52253	8.32196	13.1729	4.75673	8.14344	8.97087	10.3147	25.6385	26.7757	21.2862	20.3344	21.9211	16.1275	31.7588	17.9424	4.56537	8.4075	0	22.2787	
2.81397	12.2472	6.4622	14.354	7.68405	15.6442	9.93177	5.72601	12.8198	16.7688	15.5864	15.8362	17.4229	11.6664	5.80483	20.8659	8.28681	19.4504	22.2787	0	

0	12.7475	3	11.3605	4.10112	11.3208	16.9752	11.0658	22.0944	19.6569	21.5442	34.066	14.2145	16.8618	16.7085	12.277	5.07954	27.7108	7.77297	7.43691	
12.7475	0	14.4132	18.9526	12.4182	18.0649	23.7193	4.05577	33.7187	31.3699	36.3222	46.5917	33.8488	20.6109	10.3443	27.4419	21.5867	33.7472	11.5193	20.1845	
3	14.4132	0	8.36053	7.10112	7.15492	10.49	10.3575	14.9987	17.0005	17.6023	28.7611	22.6716	18.6592	16.646	9.27698	2.07954	19.2368	4.77297	10.4369	
11.3605	18.9526	8.36053	0	20.9187	30.9123	21.9353	14.8968	6.6382	8.64	7.6582	18.2658	9.31187	11.2406	18.7238	17.6375	10.4401	23.3222	13.1335	21.2343	
4.10112	12.4182	7.10112	20.9187	0	15.4219	24.7594	8.36239	12.787	14.8085	17.4431	19.0229	10.1134	11.3134	14.651	21.8352	13.3365	18.2385	5.7242	11.538	
11.3208	18.0649	7.15492	30.9123	15.4219	0	5.65442	17.4862	20.9515	25.8371	25.3596	27.7961	24.5152	22.9353	15.452	24.3291	5.07537	7.52931	10.0227	18.7577	
16.9752	23.7193	10.49	21.9353	24.7594	5.65442	0	25.9415	15.2971	20.1827	16.3171	22.1416	10.0001	18.525	21.1064	26.6389	8.41049	1.87489	15.6771	14.5666	
11.0658	4.05577	10.3575	14.8968	8.36239	17.4862	25.9415	0	21.535	19.3502	24.1386	33.8846	17.7551	13.7718	6.28856	15.1656	12.437	27.3559	7.46349	15.5602	
22.0944	33.7187	14.9987	6.6382	12.787	20.9515	15.2971	21.535	0	6.28856	1.02	11.5832	2.67367	3.87367	12.7158	14.6148	23.7076	10.7988	31.6131	27.8725	
19.6569	31.3699	17.0005	8.64	14.8085	25.8371	20.1827	19.3502	6.28856	0	6.7705	10.056	3.99508	2.79508	10.2783	12.1773	28.5931	12.8204	30.3231	26.9388	
21.5442	36.3222	17.6023	7.6582	17.4431	25.3596	16.3171	24.1386	1.02	6.7705	0	12.6476	3.69367	6.25259	17.1043	18.3738	23.2548	19.8356	23.1673	29.7432	
34.066	46.5917	28.7611	18.2658	19.0229	27.7961	22.1416	33.8846	11.5832	10.056	12.6476	0	8.90955	10.1095	24.1935	19.4841	30.5521	17.0347	32.7369	36.7082	
14.2145	33.8488	22.6716	9.31187	10.1134	24.5152	10.0001	17.7551	2.67367	3.99508	3.69367	8.90955	0	1.2	8.68323	10.5822	30.6541	8.12518	15.8376	24.5556	
16.8618	20.6109	18.6592	11.2406	11.3134	22.9353	18.525	13.7718	3.87367	2.79508	6.25259	10.1095	1.2	0	7.48323	9.3822	26.0972	9.32518	20.1392	16.7548	
16.7085	10.3443	16.646	18.7238	14.651	15.452	21.1064	6.28856	12.7158	10.2783	17.1043	24.1935	8.68323	7.48323	0	8.87705	20.5274	23.4092	12.6559	9.2716	
12.277	27.4419	9.27698	17.6375	21.8352	24.3291	26.6389	15.1656	14.6148	12.1773	18.3738	19.4841	10.5822	9.3822	8.87705	0	11.3565	27.3225	14.0499	18.1486	
5.07954	21.5867	2.07954	10.4401	13.3365	5.07537	8.41049	12.437	23.7076	28.5931	23.2548	30.5521	30.6541	26.0972	20.5274	11.3565	0	10.2854	6.85251	15.7452	
27.7108	33.7472	19.2368	23.3222	18.2385	7.52931	1.87489	27.3559	10.7988	12.8204	19.8356	17.0347	8.12518	9.32518	23.4092	27.3225	10.2854	0	19.8924	16.4415	
7.77297	11.5193	4.77297	13.1335	5.7242	10.0227	15.6771	7.46349	31.6131	30.3231	23.1673	32.7369	15.8376	20.1392	12.6559	14.0499	6.85251	19.8924	0	16.9449	
7.43691	20.1845	10.4369	21.2343	11.538	18.7577	14.5666	15.5602	27.8725	26.9388	29.7432	36.7082	24.5556	16.7548	9.2716	18.1486	15.7452	16.4415	16.9449	0	

0	20.1411	4.8	16.3454	11.4751	5.66039	12.3911	8.08092	9.29114	11.8312	10.2111	14.2105	10.3321	14.3116	20.3781	10.4828	9.49574	6.62224	17.8118	17.4868	
20.1411	0	15.7472	18.9526	9.07214	23.9435	23.793	16.5677	13.7996	23.1244	14.7196	18.719	16.7499	18.8201	22.4757	30.2599	24.0179	19.0842	9.32705	13.8491	
4.8	15.7472	0	15.6207	6.67509	10.4604	18.6772	12.8809	13.3369	13.4422	14.2569	18.2563	15.1321	14.5221	25.1052	14.4364	4.69574	11.4222	20.8647	14.8645	
16.3454	18.9526	15.6207	0	9.88043	16.2991	12.1369	17.376	8.96357	7.51238	12.7633	11.5288	6.01332	11.1121	29.162	20.6656	10.9249	14.6989	16.204	21.0937	
11.4751	9.07214	6.67509	9.88043	0	14.6545	14.7208	7.49556	20.012	20.1204	25.2833	22.4294	15.8937	22.9797	23.7467	22.5298	11.3708	13.53	14.1896	15.1201	
5.66039	23.9435	10.4604	16.2991	14.6545	0	8.07775	7.15891	8.5136	11.7849	7.5936	15.7863	10.2858	13.5412	21.3526	16.1432	7.13993	12.2826	14.6164	17.3087	
12.3911	23.793	18.6772	12.1369	14.7208	8.07775	0	15.2367	12.6279	12.6678	15.6713	7.70857	13.224	13.5399	29.185	23.9484	14.8503	5.76888	22.6942	22.512	
8.08092	16.5677	12.8809	17.376	7.49556	7.15891	15.2367	0	12.8503	22.525	13.7703	17.7696	15.8005	17.8707	28.459	18.5637	14.2988	11.5825	14.1698	22.3085	
9.29114	13.7996	13.3369	8.96357	20.012	8.5136	12.6279	12.8503	0	4.44932	0.92	4.91935	2.95025	5.02046	13.8643	17.2581	12.6551	11.6358	20.0286	20.2141	
11.8312	23.1244	13.4422	7.51238	20.1204	11.7849	12.6678	22.525	4.44932	0	6.81964	7.0145	1.49907	0.872067	9.71589	11.2805	8.74643	10.1846	15.8802	18.7629	
10.2111	14.7196	14.2569	12.7633	25.2833	7.5936	15.6713	13.7703	0.92	6.81964	0	5.83935	3.87025	5.94046	13.759	18.1852	13.5751	15.3973	20.9557	22.3857	
14.2105	18.719	18.2563	11.5288	22.4294	15.7863	7.70857	17.7696	4.91935	7.0145	5.83935	0	5.51543	6.4846	15.3284	18.7222	17.5745	13.4775	21.4927	22.7793	
10.3321	16.7499	15.1321	6.01332	15.8937	10.2858	13.224	15.8005	2.95025	1.49907	3.87025	5.51543	0	2.37113	14.9938	12.7796	10.2455	8.68553	21.1581	17.2639	
14.3116	18.8201	14.5221	11.1121	22.9797	13.5412	13.5399	17.8707	5.02046	0.872067	5.94046	6.4846	2.37113	0	8.84382	12.1526	9.61849	9.44976	15.0081	17.4704	
20.3781	22.4757	25.1052	29.162	23.7467	21.3526	29.185	28.459	13.8643	9.71589	13.759	15.3284	14.9938	8.84382	0	15.6064	18.7954	18.2936	14.3662	8.62662	
10.4828	30.2599	14.4364	20.6656	22.5298	16.1432	23.9484	18.5637	17.2581	11.2805	18.1852	18.7222	12.7796	12.1526	15.6064	0	9.74064	17.105	20.9328	19.9094	
9.49574	24.0179	4.69574	10.9249	11.3708	7.13993	14.8503	14.2988	12.6551	8.74643	13.5751	17.5745	10.2455	9.61849	18.7954	9.74064	0	9.08141	21.7564	10.1688	
6.62224	19.0842	11.4222	14.6989	13.53	12.2826	5.76888	11.5825	11.6358	10.1846	15.3973	13.4775	8.68553	9.44976	18.2936	17.105	9.08141	0	24.4341	19.2502	
17.8118	9.32705	20.8647	16.204	14.1896	14.6164	22.6942	14.1698	20.0286	15.8802	20.9557	21.4927	21.1581	15.0081	14.3662	20.9328	21.7564	24.4341	0	19.8573	
17.4868	13.8491	14.8645	21.0937	15.1201	17.3087	22.512	22.3085	20.2141	18.7629	22.3857	22.7793	17.2639	17.4704	8.62662	19.9094	10.1688	19.2502	19.8573	0	

0	8.41338	5.2	18.119	10.1674	5.28303	6.56397	2.32964	19.0285	14.6781	15.8858	14.6401	27.9969	16.3912	6.02482	12.7681	5.38278	10.563	5.79096	11.6579	
8.41338	0	6.73146	9.805	12.7039	9.93428	14.9774	6.08739	10.6151	12.7919	11.1351	24.2551	24.6288	13.5849	14.4382	14.2995	13.7417	24.118	2.62606	20.0712	
5.2	6.73146	0	16.5365	11.0874	10.483	11.764	6.24493	17.3465	32.6233	26.6763	18.5554	32.3181	27.781	11.2248	7.56806	8.45234	23.7154	9.35752	16.8579	
18.119	9.805	16.5365	0	14.7564	21.949	14.9251	13.647	15.5329	16.5656	17.0528	22.7371	18.913	12.563	27.9381	20.3345	10.5939	23.6352	12.4311	25.0951	
10.1674	12.7039	11.0874	14.7564	0	15.4504	16.7313	7.21565	24.2542	25.2869	25.7742	21.0808	27.6344	21.2844	16.1922	13.9031	4.1625	12.628	10.0778	18.7596	
5.28303	9.93428	10.483	21.949	15.4504	0	11.847	7.61266	12.4945	15.1108	11.9745	15.0262	17.4582	11.1082	11.3078	9.94938	11.3551	5.28	7.30821	16.9409	
6.56397	14.9774	11.764	14.9251	16.7313	11.847	0	8.8936	9.84185	16.8204	9.32185	12.3735	19.4898	13.1398	12.5888	9.65981	14.0891	9.95132	15.1232	18.2218	
2.32964	6.08739	6.24493	13.647	7.21565	7.61266	8.8936	0	24.7137	24.4536	15.3621	12.3105	14.6439	22.4846	8.35445	12.7938	3.05315	17.6255	3.46133	13.9875	
19.0285	10.6151	17.3465	15.5329	24.2542	12.4945	9.84185	24.7137	0	2.17681	0.52	3.57164	2.99705	2.96985	10.8301	24.8528	30.4991	13.5029	13.2411	19.4076	
14.6781	12.7919	32.6233	16.5656	25.2869	15.1108	16.8204	24.4536	2.17681	0	2.69681	3.1537	0.820244	4.00256	8.65332	25.5702	31.7496	15.6797	33.4712	16.2318	
15.8858	11.1351	26.6763	17.0528	25.7742	11.9745	9.32185	15.3621	0.52	2.69681	0	3.05164	5.38509	3.48985	16.1518	18.9817	23.3296	14.0229	19.2827	12.1206	
14.6401	24.2551	18.5554	22.7371	21.0808	15.0262	12.3735	12.3105	3.57164	3.1537	3.05164	0	2.33345	7.54147	16.6475	23.6888	15.3636	20.0769	15.7718	9.06899	
27.9969	24.6288	32.3181	18.913	27.6344	17.4582	19.4898	14.6439	2.99705	0.820244	5.38509	2.33345	0	4.82281	9.47357	24.75	34.097	22.4104	39.702	11.4024	
16.3912	13.5849	27.781	12.563	21.2844	11.1082	13.1398	22.4846	2.96985	4.00256	3.48985	7.54147	4.82281	0	12.6559	21.0576	22.4633	16.3882	18.4164	19.2431	
6.02482	14.4382	11.2248	27.9381	16.1922	11.3078	12.5888	8.35445	10.8301	8.65332	16.1518	16.6475	9.47357	12.6559	0	21.9063	13.55	20.5486	20.7592	7.57852	
12.7681	14.2995	7.56806	20.3345	13.9031	9.94938	9.65981	12.7938	24.8528	25.5702	18.9817	23.6888	24.75	21.0576	21.9063	0	9.74064	15.2294	14.952	14.6198	
5.38278	13.7417	8.45234	10.5939	4.1625	11.3551	14.0891	3.05315	30.4991	31.7496	23.3296	15.3636	34.097	22.4633	13.55	9.74064	0	16.6351	6.51448	14.5971	
10.563	24.118	23.7154	23.6352	12.628	5.28	9.95132	17.6255	13.5029	15.6797	14.0229	20.0769	22.4104	16.3882	20.5486	15.2294	16.6351	0	12.5882	28.1271	
5.79096	2.62606	9.35752	12.4311	10.0778	7.30821	15.1232	3.46133	13.2411	33.4712	19.2827	15.7718	39.702	18.4164	20.7592	14.952	6.51448	12.5882	0	21.1719	
11.6579	20.0712	16.8579	25.0951	18.7596	16.9409	18.2218	13.9875	19.4076	16.2318	12.1206	9.06899	11.4024	19.2431	7.57852	14.6198	14.5971	28.1271	21.1719	0	

0	19.3763	5.65	15.603	13.8614	12.9411	15.1212	11.2114	18.2352	16.1156	12.1108	21.4335	13.5248	12.2248	5.67041	14.927	3.30651	13.6104	8.26887	5.82893	
19.3763	0	20.5054	29.415	21.4987	8.5163	27.9238	18.9269	18.75	24.7798	29.9318	15.9336	17.0287	31.6011	25.0467	29.9999	15.7383	17.6706	10.7759	25.0732	
5.65	20.5054	0	9.95301	13.3724	12.452	14.6322	9.21509	18.6097	16.673	19.7697	15.7835	21.027	16.0142	11.3204	9.27698	2.81745	11.8414	7.7798	11.4789	
15.603	29.415	9.95301	0	17.5153	22.9835	20.8295	19.1681	10.0255	6.72	14.5825	13.171	11.0475	10.6108	18.3215	14.2053	12.7705	21.7944	19.6825	13.0301	
13.8614	21.4987	13.3724	17.5153	0	20.1895	22.3696	4.6911	19.6896	16.3841	24.2466	22.8351	20.7116	20.2749	18.6173	21.0642	10.5549	20.8588	10.7228	8.29759	
12.9411	8.5163	12.452	22.9835	20.1895	0	21.4493	21.3336	10.2337	12.8399	11.3937	7.41728	8.51239	9.81239	18.9506	19.6798	9.6346	15.4	14.597	29.2703	
15.1212	27.9238	14.6322	20.8295	22.3696	21.4493	0	28.0901	18.3565	21.662	17.2627	22.6336	27.5161	24.3669	19.3845	27.8026	11.8147	11.2493	16.7771	22.7077	
11.2114	18.9269	9.21509	19.1681	4.6911	21.3336	28.0901	0	25.6941	21.0752	28.2332	22.8623	26.7161	23.4362	16.8818	18.4921	12.0325	21.0565	15.4139	12.9887	
18.2352	18.75	18.6097	10.0255	19.6896	10.2337	18.3565	25.6941	0	3.30553	1.16	6.53088	7.31041	6.01041	7.6004	9.44614	19.2072	13.4212	18.6059	22.2127	
16.1156	24.7798	16.673	6.72	16.3841	12.8399	21.662	21.0752	3.30553	0	4.46553	6.45105	4.32749	3.89076	14.3029	12.7517	17.0875	17.6939	15.3004	19.7501	
12.1108	29.9318	19.7697	14.5825	24.2466	11.3937	17.2627	28.2332	1.16	4.46553	0	5.37088	10.4546	7.17041	6.4404	10.6061	22.3514	12.2612	23.1629	16.7601	
21.4335	15.9336	15.7835	13.171	22.8351	7.41728	22.6336	22.8623	6.53088	6.45105	5.37088	0	10.7785	10.3418	11.8113	19.9877	17.0519	12.6064	21.7515	29.8316	
13.5248	17.0287	21.027	11.0475	20.7116	8.51239	27.5161	26.7161	7.31041	4.32749	10.4546	10.7785	0	1.3	21.2904	11.75	14.4968	23.9124	19.6279	24.5166	
12.2248	31.6011	16.0142	10.6108	20.2749	9.81239	24.3669	23.4362	6.01041	3.89076	7.17041	10.3418	1.3	0	15.595	13.05	13.1968	20.3988	18.1591	18.0537	
5.67041	25.0467	11.3204	18.3215	18.6173	18.9506	19.3845	16.8818	7.6004	14.3029	6.4404	11.8113	21.2904	15.595	0	13.4588	8.97692	18.7016	21.5031	10.3197	
14.927	29.9999	9.27698	14.2053	21.0642	19.6798	27.8026	18.4921	9.44614	12.7517	10.6061	19.9877	11.75	13.05	13.4588	0	12.0944	21.1184	19.0065	12.7666	
3.30651	15.7383	2.81745	12.7705	10.5549	9.6346	11.8147	12.0325	19.2072	17.0875	22.3514	17.0519	14.4968	13.1968	8.97692	12.0944	0	10.3039	4.96236	9.13544	
13.6104	17.6706	11.8414	21.7944	20.8588	15.4	11.2493	21.0565	13.4212	17.6939	12.2612	12.6064	23.9124	20.3988	18.7016	21.1184	10.3039	0	15.2663	25.5859	
8.26887	10.7759	7.7798	19.6825	10.7228	14.597	16.7771	15.4139	18.6059	15.3004	23.1629	21.7515	19.6279	18.1591	21.5031	19.0065	4.96236	15.2663	0	14.2973	
5.82893	25.0732	11.4789	13.0301	8.29759	29.2703	22.7077	12.9887	22.2127	19.7501	16.7601	29.8316	24.5166	18.0537	10.3197	12.7666	9.13544	25.5859	14.2973	0	

0	24.8272	1.55	21.1388	7.1012	11.197	20.2476	1.74723	22.5622	13.6663	8.2239	15.3068	10.7813	14.1313	16.3505	24.8276	7.5203	10.3082	9.07083	8.55071	
24.8272	0	23.6733	19.795	16.4326	22.0206	12.0864	21.7865	23.6977	23.1644	19.8546	31.7974	26.0494	24.3272	28.7695	18.7946	21.7843	14.8433	15.7564	19.3697	
1.55	23.6733	0	18.4685	7.24077	17.8271	14.284	3.29723	8.0139	14.1724	6.6739	16.916	12.3313	11.6885	10.3869	19.3555	5.9703	16.9383	10.6208	7.00071	
21.1388	19.795	18.4685	0	11.2278	19.9867	7.70857	16.5817	23.9328	14.611	15.4768	16.2515	11.726	15.076	14.8553	14.4168	15.5598	18.783	21.9506	14.9919	
7.1012	16.4326	7.24077	11.2278	0	14.8037	11.9821	5.35397	20.3786	22.606	13.9147	16.2975	19.721	23.071	9.83983	14.9558	5.35178	13.915	10.7228	6.45368	
11.197	22.0206	17.8271	19.9867	14.8037	0	12.2782	9.44976	16.5272	14.2349	15.1872	15.8753	11.3499	14.6999	30.6125	18.9864	12.6454	11.88	6.26418	19.5615	
20.2476	12.0864	14.284	7.70857	11.9821	12.2782	0	17.336	9.1082	15.2667	7.7682	17.6479	18.1035	12.7828	10.6694	6.7082	17.2215	11.4657	18.5424	7.2833	
1.74723	21.7865	3.29723	16.5817	5.35397	9.44976	17.336	0	17.4154	24.0127	15.0513	22.4226	12.5285	22.8245	17.6909	20.3097	10.7058	8.56098	10.8181	11.8077	
22.5622	23.6977	8.0139	23.9328	20.3786	16.5272	9.1082	17.4154	0	2.64768	1.34	10.541	4.83492	1.48492	19.783	5.42279	24.5857	8.85438	22.7177	9.95538	
13.6663	23.1644	14.1724	14.611	22.606	14.2349	15.2667	24.0127	2.64768	0	6.17737	7.41048	2.885	1.16276	25.9415	12.8401	19.5787	16.0533	15.3004	16.1139	
8.2239	19.8546	6.6739	15.4768	13.9147	15.1872	7.7682	15.0513	1.34	6.17737	0	13.6713	8.36462	2.82492	12.0015	6.76279	12.6442	10.1944	21.4514	8.61538	
15.3068	31.7974	16.916	16.2515	16.2975	15.8753	17.6479	22.4226	10.541	7.41048	13.6713	0	4.52548	7.87548	13.7507	19.0628	10.9457	18.9096	18.8855	10.3646	
10.7813	26.0494	12.3313	11.726	19.721	11.3499	18.1035	12.5285	4.83492	2.885	8.36462	4.52548	0	3.35	26.5813	19.25	15.4712	18.2405	17.614	14.89	
14.1313	24.3272	11.6885	15.076	23.071	14.6999	12.7828	22.8245	1.48492	1.16276	2.82492	7.87548	3.35	0	23.4576	6.90771	20.0018	10.3393	16.4632	13.63	
16.3505	28.7695	10.3869	14.8553	9.83983	30.6125	10.6694	17.6909	19.783	25.9415	12.0015	13.7507	26.5813	23.4576	0	15.7409	14.539	32.0222	23.0597	3.38615	
24.8276	18.7946	19.3555	14.4168	14.9558	18.9864	6.7082	20.3097	5.42279	12.8401	6.76279	19.0628	19.25	6.90771	15.7409	0	20.3076	14.2772	25.6786	12.3548	
7.5203	21.7843	5.9703	15.5598	5.35178	12.6454	17.2215	10.7058	24.5857	19.5787	12.6442	10.9457	15.4712	20.0018	14.539	20.3076	0	16.4164	7.93977	11.1528	
10.3082	14.8433	16.9383	18.783	13.915	11.88	11.4657	8.56098	8.85438	16.0533	10.1944	18.9096	18.2405	10.3393	32.0222	14.2772	16.4164	0	18.1442	18.7489	
9.07083	15.7564	10.6208	21.9506	10.7228	6.26418	18.5424	10.8181	22.7177	15.3004	21.4514	18.8855	17.614	16.4632	23.0597	25.6786	7.93977	18.1442	0	17.1765	
8.55071	19.3697	7.00071	14.9919	6.45368	19.5615	7.2833	11.8077	9.95538	16.1139	8.61538	10.3646	14.89	13.63	3.38615	12.3548	11.1528	18.7489	17.1765	0	

0	9.94309	2.8	16.5687	9.65472	13.3549	6.56397	11.0315	15.0088	15.367	12.088	12.7964	23.3078	19.5342	17.7552	26.8625	11.1182	9.66474	9.23576	6.1388	
9.94309	0	12.7431	40.6845	14.6902	19.6094	16.5071	16.03	24.9518	35.302	22.1368	35.2048	30.0856	34.5046	15.1109	27.1379	28.932	33.4037	8.2404	17.6908	
2.8	12.7431	0	16.5812	7.46705	10.5549	6.57647	8.84378	14.2338	15.3795	12.1005	12.8089	20.1816	22.1702	5.91872	24.1348	8.31817	9.67725	12.0358	3.3388	
16.5687	40.6845	16.5812	0	20.2751	21.9598	10.0047	19.3343	23.7006	18.8078	15.5288	16.2372	25.7251	19.1751	29.3892	27.3336	18.2082	13.1055	30.7018	34.3922	
9.65472	14.6902	7.46705	20.2751	0	4.95619	10.2703	1.37674	12.478	17.6128	15.238	16.4107	13.653	17.0035	8.3909	16.3726	13.3795	13.3711	6.44981	10.8058	
13.3549	19.6094	10.5549	21.9598	4.95619	0	11.9551	3.57946	21.395	20.7581	17.4791	18.1875	25.977	29.159	10.5936	18.5753	11.269	15.0558	12.8818	10.5	
6.56397	16.5071	6.57647	10.0047	10.2703	11.9551	0	9.32952	8.28406	8.80307	5.52406	6.23246	8.99018	9.95558	12.55	17.1111	9.3879	3.10077	15.7997	9.91528	
11.0315	16.03	8.84378	19.3343	1.37674	3.57946	9.32952	0	13.8547	18.1326	14.0401	15.562	15.0298	23.1543	7.01416	14.9959	12.902	12.4303	7.82654	9.59409	
15.0088	24.9518	14.2338	23.7006	12.478	21.395	8.28406	13.8547	0	7.65598	2.76	11.3319	8.57418	4.52548	9.78589	12.6839	25.8574	23.5988	18.9278	10.895	
15.367	35.302	15.3795	18.8078	17.6128	20.7581	8.80307	18.1326	7.65598	0	7.56202	6.71751	3.9598	3.1305	14.5972	11.2889	25.1982	11.9038	29.3947	20.3278	
12.088	22.1368	12.1005	15.5288	15.238	17.4791	5.52406	14.0401	2.76	7.56202	0	11.7565	9.36	4.43152	7.02589	11.5871	26.3368	8.62483	30.6957	9.60582	
12.7964	35.2048	12.8089	16.2372	16.4107	18.1875	6.23246	15.562	11.3319	6.71751	11.7565	0	2.75772	9.30772	25.617	16.5077	29.1655	9.33324	39.7975	19.6005	
23.3078	30.0856	20.1816	25.7251	13.653	25.977	8.99018	15.0298	8.57418	3.9598	9.36	2.75772	0	6.55	16.3859	13.75	27.0325	21.6205	20.1028	16.8428	
19.5342	34.5046	22.1702	19.1751	17.0035	29.159	9.95558	23.1543	4.52548	3.1305	4.43152	9.30772	6.55	0	11.4574	8.15843	30.4884	22.0415	26.2642	15.4205	
17.7552	15.1109	5.91872	29.3892	8.3909	10.5936	12.55	7.01416	9.78589	14.5972	7.02589	25.617	16.3859	11.4574	0	12.027	19.9162	22.4853	16.3165	2.57992	
26.8625	27.1379	24.1348	27.3336	16.3726	18.5753	17.1111	14.9959	12.6839	11.2889	11.5871	16.5077	13.75	8.15843	12.027	0	25.0821	31.3693	24.2982	14.6069	
11.1182	28.932	8.31817	18.2082	13.3795	11.269	9.3879	12.902	25.8574	25.1982	26.3368	29.1655	27.0325	30.4884	19.9162	25.0821	0	6.28713	19.8293	11.657	
9.66474	33.4037	9.67725	13.1055	13.3711	15.0558	3.10077	12.4303	23.5988	11.9038	8.62483	9.33324	21.6205	22.0415	22.4853	31.3693	6.28713	0	26.6761	21.4634	
9.23576	8.2404	12.0358	30.7018	6.44981	12.8818	15.7997	7.82654	18.9278	29.3947	30.6957	39.7975	20.1028	26.2642	16.3165	24.2982	19.8293	26.6761	0	16.4154	
6.1388	17.6908	3.3388	34.3922	10.8058	10.5	9.91528	9.59409	10.895	20.3278	9.60582	19.6005	16.8428	15.4205	2.57992	14.6069	11.657	21.4634	16.4154	0	

0	12.325	8.6	17.3587	7.67624	14.359	14.4287	2.47524	20.6963	30.9388	22.8526	11.2684	28.2664	32.1718	11.4243	14.2805	9.76339	18.3368	7.66723	9.44688	
12.325	0	5.38516	14.1438	4.62166	19.9056	21.8032	9.82266	17.4815	22.504	22.7407	18.6429	19.5907	20.7907	18.7988	18.8124	7.53179	18.753	9.32705	16.8017	
8.6	5.38516	0	8.75865	10.0068	9.88872	17.1654	9.43478	12.0963	20.8841	12.7763	18.3891	23.0675	14.7833	8.82842	13.4272	2.14663	6.68733	14.7122	8.70711	
17.3587	14.1438	8.75865	0	21.0906	17.3942	17.2213	18.3545	15.2967	20.0488	15.9767	27.062	23.0477	17.9837	33.9187	22.1859	10.9053	11.7394	29.7922	20.1752	
7.67624	4.62166	10.0068	21.0906	0	15.284	17.1545	5.201	20.2503	22.4407	19.5703	13.9942	22.7203	25.0036	14.1501	17.0063	8.91964	13.4603	7.33665	15.078	
14.359	19.9056	9.88872	17.3942	15.284	0	17.6095	11.8838	12.4067	13.5881	16.7751	12.7384	10.9197	9.71967	14.4239	23.6891	7.74209	10.01	17.0758	14.3026	
14.4287	21.8032	17.1654	17.2213	17.1545	17.6095	0	11.9535	16.7977	8.7397	8.97642	7.31135	5.82642	7.02642	20.9026	9.92814	15.0187	12.2589	17.1454	21.5792	
2.47524	9.82266	9.43478	18.3545	5.201	11.8838	11.9535	0	20.8679	23.2132	12.5772	8.79318	10.2781	11.8119	8.94911	11.8053	7.28815	11.8289	5.19199	9.87704	
20.6963	17.4815	12.0963	15.2967	20.2503	12.4067	16.7977	20.8679	0	6.5554	0.68	4.46403	3.83	2.68701	23.8069	12.9447	14.2429	12.3961	33.8298	22.5498	
30.9388	22.504	20.8841	20.0488	22.4407	13.5881	8.7397	23.2132	6.5554	0	6.06328	4.3982	2.91328	3.8684	16.5855	13.6633	12.8501	8.3094	41.9093	20.1183	
22.8526	22.7407	12.7763	15.9767	19.5703	16.7751	8.97642	12.5772	0.68	6.06328	0	3.78403	3.15	3.36701	23.1269	12.953	26.6176	13.0761	25.5694	21.8698	
11.2684	18.6429	18.3891	27.062	13.9942	12.7384	7.31135	8.79318	4.46403	4.3982	3.78403	0	1.48492	2.68492	17.7423	9.16899	16.0813	22.0996	13.9852	18.6702	
28.2664	19.5907	23.0675	23.0477	22.7203	10.9197	5.82642	10.2781	3.83	2.91328	3.15	1.48492	0	1.2	19.4988	10.6539	20.8452	11.2227	28.9177	25.0198	
32.1718	20.7907	14.7833	17.9837	25.0036	9.71967	7.02642	11.8119	2.68701	3.8684	3.36701	2.68492	1.2	0	20.4539	11.95	17.4618	12.1778	33.106	28.9253	
11.4243	18.7988	8.82842	33.9187	14.1501	14.4239	20.9026	8.94911	23.8069	16.5855	23.1269	17.7423	19.4988	20.4539	0	12.7429	6.6818	11.2225	14.1411	9.91658	
14.2805	18.8124	13.4272	22.1859	17.0063	23.6891	9.92814	11.8053	12.9447	13.6633	12.953	9.16899	10.6539	11.95	12.7429	0	15.5738	21.7338	16.9973	16.6789	
9.76339	7.53179	2.14663	10.9053	8.91964	7.74209	15.0187	7.28815	14.2429	12.8501	26.6176	16.0813	20.8452	17.4618	6.6818	15.5738	0	4.5407	12.4801	6.56049	
18.3368	18.753	6.68733	11.7394	13.4603	10.01	12.2589	11.8289	12.3961	8.3094	13.0761	22.0996	11.2227	12.1778	11.2225	21.7338	4.5407	0	20.8172	11.1012	
7.66723	9.32705	14.7122	29.7922	7.33665	17.0758	17.1454	5.19199	33.8298	41.9093	25.5694	13.9852	28.9177	33.106	14.1411	16.9973	12.4801	20.8172	0	15.069	
9.44688	16.8017	8.70711	20.1752	15.078	14.3026	21.5792	9.87704	22.5498	20.1183	21.8698	18.6702	25.0198	28.9253	9.91658	16.6789	6.56049	11.1012	15.069	0	

0	20.3969	4.8	17.2639	3.8448	13.677	17.9529	5.06857	28.6392	13.618	23.8198	13.3222	14.1419	22.49	13.47	15.5958	6.27096	21.4746	15.3528	7.9394	
20.3969	0	17.771	20.0429	12.8117	16.456	20.3757	11.5879	23.6892	18.6555	23.9167	24.8047	21.9868	15.6368	19.8601	34.5169	15.8317	15.2263	6.70099	14.1144	
4.8	17.771	0	15.6138	8.38259	12.0269	13.1529	7.15883	16.3697	15.6652	22.882	18.1222	16.1891	17.8919	8.67	22.91	8.31817	16.6746	10.9676	3.55421	
17.2639	20.0429	15.6138	0	9.67871	13.323	11.2507	8.45495	12.2266	9.51011	9.01398	14.0922	6.31398	12.664	23.2089	14.814	14.1849	7.35666	15.882	28.8235	
3.8448	12.8117	8.38259	9.67871	0	6.09182	23.5367	1.22376	17.9367	16.8613	20.8464	17.167	17.3852	27.8431	10.237	11.751	8.7089	21.5056	12.9802	11.7842	
13.677	16.456	12.0269	13.323	6.09182	0	6.62375	4.86806	6.91466	13.9342	7.63466	20.4277	12.6301	11.3627	14.6143	24.988	10.1507	10.5177	16.6582	19.8661	
17.9529	20.3757	13.1529	11.2507	23.5367	6.62375	0	11.4918	8.7639	7.75764	13.0189	13.9068	11.0889	4.73895	21.3046	24.4179	16.7745	3.894	12.4193	13.2424	
5.06857	11.5879	7.15883	8.45495	1.22376	4.86806	11.4918	0	11.7827	14.8321	14.7982	22.1311	14.7689	27.2247	11.4608	12.9747	7.48513	15.8116	11.7902	10.713	
28.6392	23.6892	16.3697	12.2266	17.9367	6.91466	8.7639	11.7827	0	4.72406	0.72	11.2176	3.42	8.99995	7.69969	18.2661	17.0654	4.86991	13.3952	15.7619	
13.618	18.6555	15.6652	9.51011	16.8613	13.9342	7.75764	14.8321	4.72406	0	4.00406	10.6253	3.19612	3.01869	21.4055	5.18904	7.347	13.8611	16.4777	24.5448	
23.8198	23.9167	22.882	9.01398	20.8464	7.63466	13.0189	14.7982	0.72	4.00406	0	10.4782	2.7	7.02275	8.41969	9.1931	10.571	5.58991	18.3824	26.4362	
13.3222	24.8047	18.1222	14.0922	17.167	20.4277	13.9068	22.1311	11.2176	10.6253	10.4782	0	7.77817	9.16788	23.0168	15.8143	15.0503	14.941	23.4663	21.2616	
14.1419	21.9868	16.1891	6.31398	17.3852	12.6301	11.0889	14.7689	3.42	3.19612	2.7	7.77817	0	6.21481	19.6851	8.38516	7.87096	12.5571	17.0017	27.8558	
22.49	15.6368	17.8919	12.664	27.8431	11.3627	4.73895	27.2247	8.99995	3.01869	7.02275	9.16788	6.21481	0	19.0134	8.20773	10.3657	8.63294	22.3378	17.9813	
13.47	19.8601	8.67	23.2089	10.237	14.6143	21.3046	11.4608	7.69969	21.4055	8.41969	23.0168	19.6851	19.0134	0	18.3268	16.9882	12.5696	15.4757	8.06226	
15.5958	34.5169	22.91	14.814	11.751	24.988	24.4179	12.9747	18.2661	5.18904	9.1931	15.8143	8.38516	8.20773	18.3268	0	12.536	27.4032	24.7312	19.3558	
6.27096	15.8317	8.31817	14.1849	8.7089	10.1507	16.7745	7.48513	17.0654	7.347	10.571	15.0503	7.87096	10.3657	16.9882	12.536	0	17.6561	9.13074	11.8724	
21.4746	15.2263	16.6746	7.35666	21.5056	10.5177	3.894	15.8116	4.86991	13.8611	5.58991	14.941	12.5571	8.63294	12.5696	27.4032	17.6561	0	8.52533	15.9387	
15.3528	6.70099	10.9676	15.882	12.9802	16.6582	12.4193	11.7902	13.3952	16.4777	18.3824	23.4663	17.0017	22.3378	15.4757	24.7312	9.13074	8.52533	0	7.41339	
7.9394	14.1144	3.55421	28.8235	11.7842	19.8661	13.2424	10.713	15.7619	24.5448	26.4362	21.2616	27.8558	17.9813	8.06226	19.3558	11.8724	15.9387	7.41339	0	

-111