20
5
2
3
20

6	11
10	43
1	33
14	23
27	48

12	21
1	2
11	28
2	10
14	5
10	12
23	24
24	11
8	30
11	27
29	42
26	47
30	36
37	28
31	27
42	35
42	47
41	23
36	45
43	34

150

1.79769e+308
1.79769e+308
1.79769e+308
1.79769e+308
1.79769e+308

11
15
11
14
17
13
14
15
13
17
16
18
12
19
18
15
16
14
20
14

0
0
0
0
0

0

0	5.28498	8.20976	11.2435	5.93683	10.1004	1.92225	3.54131	0.664049	7.74473	2.8208	4.06476	5.44105	11.2523	8.04358	5.28863	7.61849	7.22737	2.91968	7.96363	10.1995	11.7252	2.36615	8.65199	4.09246	
5.28498	0	2.92477	5.95848	4.87717	6.11052	7.20723	8.43522	5.94903	8.64548	8.55574	11.1299	8.71908	6.64315	6.23718	18.9064	3.35287	9.51311	8.68923	10.9476	5.86992	11.7392	7.65113	4.38638	6.9113	
8.20976	2.92477	0	6.28924	10.2624	4.39754	14.9131	5.43828	14.609	5.72071	16.6639	4.13246	8.70536	3.71838	3.3124	13.5006	6.27765	15.2436	11.1301	8.87174	8.7947	15.0794	15.1813	5.50772	9.10048	
11.2435	5.95848	6.28924	0	5.71038	0.152042	6.94641	2.47674	5.354	6.68438	4.57324	3.7969	10.9109	0.831206	2.97684	4.05568	4.40567	6.6939	8.61048	9.40368	6.40646	5.63447	9.29127	1.65143	7.6002	
5.93683	4.87717	10.2624	5.71038	0	3.8376	7.75474	8.15005	5.27278	4.54165	7.42954	8.6735	8.70727	4.12756	10.3083	3.02173	1.5243	6.57316	5.40043	8.36973	5.37251	4.60052	4.84689	2.33822	8.7012	
10.1004	6.11052	4.39754	0.152042	3.8376	0	7.38758	2.62878	5.79517	5.55587	5.01441	7.04651	5.66614	0.679164	1.96715	2.1829	2.53289	7.13508	6.7377	7.5309	4.53368	3.76169	9.13922	1.49939	6.06126	
1.92225	7.20723	14.9131	6.94641	7.75474	7.38758	0	4.46967	2.48196	9.66698	4.63871	5.88267	7.25896	12.142	6.59555	7.10653	9.54074	8.68684	8.29973	6.04138	12.545	13.1587	4.2884	11.3852	5.91037	
3.54131	8.43522	5.43828	2.47674	8.15005	2.62878	4.46967	0	2.87726	9.45024	2.09651	2.94593	5.45778	3.41386	2.12587	7.50184	9.70674	4.21717	5.20958	9.13447	6.16484	13.2678	6.15315	4.4173	5.12346	
0.664049	5.94903	14.609	5.354	5.27278	5.79517	2.48196	2.87726	0	8.40878	2.15675	3.40071	4.777	8.81052	4.22077	4.62458	6.79708	7.09443	5.26983	8.52333	4.4698	10.3581	3.0302	5.3081	3.42842	
7.74473	8.64548	5.72071	6.68438	4.54165	5.55587	9.66698	9.45024	8.40878	0	7.5269	14.8067	4.16562	4.8767	6.16469	13.9153	6.06595	11.1148	8.61546	9.89425	16.4424	9.62699	9.38855	6.66605	10.2588	
2.8208	8.55574	16.6639	4.57324	7.42954	5.01441	4.63871	2.09651	2.15675	7.5269	0	5.55746	3.36128	7.50885	4.22238	6.78133	10.8892	6.31367	3.11307	5.37142	9.27072	11.7262	3.6666	8.32907	5.58517	
4.06476	11.1299	4.13246	3.7969	8.6735	7.04651	5.88267	2.94593	3.40071	14.8067	5.55746	0	8.17771	2.10804	0.820055	8.02529	9.06008	11.5236	10.145	12.4034	11.0609	8.94944	9.58968	8.02657	6.82913	
5.44105	8.71908	8.70536	10.9109	8.70727	5.66614	7.25896	5.45778	4.777	4.16562	3.36128	8.17771	0	4.98698	6.27496	9.40158	11.1048	13.6724	4.44984	5.72863	10.6075	12.8459	5.00337	6.77633	8.20542	
11.2523	6.64315	3.71838	0.831206	4.12756	0.679164	12.142	3.41386	8.81052	4.8767	7.50885	2.10804	4.98698	0	1.28798	2.47286	2.82285	9.93798	7.02766	7.82086	4.82364	4.05165	9.81839	1.78935	5.3821	
8.04358	6.23718	3.3124	2.97684	10.3083	1.96715	6.59555	2.12587	4.22077	6.16469	4.22238	0.820055	6.27496	1.28798	0	11.9323	7.40577	6.34304	9.00199	12.1841	11.1952	9.76949	11.8689	3.07733	6.67008	
5.28863	18.9064	13.5006	4.05568	3.02173	2.1829	7.10653	7.50184	4.62458	13.9153	6.78133	8.02529	9.40158	2.47286	11.9323	0	1.71702	8.83215	5.92183	6.71503	3.71781	2.94582	9.20398	0.683517	2.9112	
7.61849	3.35287	6.27765	4.40567	1.5243	2.53289	9.54074	9.70674	6.79708	6.06595	10.8892	9.06008	11.1048	2.82285	7.40577	1.71702	0	6.16024	6.27182	7.06502	4.0678	3.29581	6.3712	1.0335	11.4999	
7.22737	9.51311	15.2436	6.6939	6.57316	7.13508	8.68684	4.21717	7.09443	11.1148	6.31367	11.5236	13.6724	9.93798	6.34304	8.83215	6.16024	0	5.41475	9.81067	11.1829	10.4109	4.86122	7.19374	9.34063	
2.91968	8.68923	11.1301	8.61048	5.40043	6.7377	8.29973	5.20958	5.26983	8.61546	3.11307	10.145	4.44984	7.02766	9.00199	5.92183	6.27182	5.41475	0	2.25835	6.15765	7.50061	0.553532	5.23831	6.11564	
7.96363	10.9476	8.87174	9.40368	8.36973	7.5309	6.04138	9.13447	8.52333	9.89425	5.37142	12.4034	5.72863	7.82086	12.1841	6.71503	7.06502	9.81067	2.25835	0	6.50362	7.11731	2.81188	6.03151	7.545	
10.1995	5.86992	8.7947	6.40646	5.37251	4.53368	12.545	6.16484	4.4698	16.4424	9.27072	11.0609	10.6075	4.82364	11.1952	3.71781	4.0678	11.1829	6.15765	6.50362	0	5.2966	6.71118	3.0343	1.04138	
11.7252	11.7392	15.0794	5.63447	4.60052	3.76169	13.1587	13.2678	10.3581	9.62699	11.7262	8.94944	12.8459	4.05165	9.76949	2.94582	3.29581	10.4109	7.50061	7.11731	5.2966	0	9.93224	2.2623	9.86141	
2.36615	7.65113	15.1813	9.29127	4.84689	9.13922	4.2884	6.15315	3.0302	9.38855	3.6666	9.58968	5.00337	9.81839	11.8689	9.20398	6.3712	4.86122	0.553532	2.81188	6.71118	9.93224	0	5.79184	6.66917	
8.65199	4.38638	5.50772	1.65143	2.33822	1.49939	11.3852	4.4173	5.3081	6.66605	8.32907	8.02657	6.77633	1.78935	3.07733	0.683517	1.0335	7.19374	5.23831	6.03151	3.0343	2.2623	5.79184	0	3.59472	
4.09246	6.9113	9.10048	7.6002	8.7012	6.06126	5.91037	5.12346	3.42842	10.2588	5.58517	6.82913	8.20542	5.3821	6.67008	2.9112	11.4999	9.34063	6.11564	7.545	1.04138	9.86141	6.66917	3.59472	0	

0	4.15391	3.83019	6.35923	12.3706	14.3264	11.0462	2.36576	2.36854	2.62701	0.655394	5.54625	2.75667	5.73505	1.37222	11.6709	13.2697	15.7298	10.697	5.27699	8.14795	12.105	7.08772	10.1387	8.43428	
4.15391	0	7.9841	9.94177	8.41685	12.6913	13.4598	8.02719	8.02997	10.4093	4.8093	9.47639	2.83612	12.3628	4.22058	11.2213	8.50348	14.9896	11.7506	7.28521	12.0867	7.95113	11.0075	10.3637	11.8004	
3.83019	7.9841	0	2.52904	8.81473	5.27858	16.9207	3.68071	5.01314	7.53603	4.48558	9.6886	5.42989	9.3207	4.04543	8.71782	10.1734	10.3859	9.2287	5.94369	11.1924	8.7211	10.0252	6.30853	8.66063	
6.35923	9.94177	2.52904	0	11.5351	2.74954	5.84526	1.15166	2.48409	8.38413	6.41251	6.64461	8.37807	3.37992	2.14521	6.18878	8.00255	7.85685	6.69966	1.99895	8.69356	9.45894	9.99976	8.83757	12.5981	
12.3706	8.41685	8.81473	11.5351	0	7.77123	14.6918	9.44537	11.6353	12.9796	11.406	7.72363	11.253	7.21711	14.5553	1.90041	0.0866355	6.91331	5.02118	6.53115	7.47221	4.4334	4.97368	2.5062	8.75489	
14.3264	12.6913	5.27858	2.74954	7.77123	0	3.19595	3.90121	5.23364	6.55281	8.52443	7.80868	13.4338	12.4676	10.1822	8.93832	7.68459	10.6064	9.4492	13.7358	12.8094	16.8959	10.3108	14.9687	18.5251	
11.0462	13.4598	16.9207	5.84526	14.6918	3.19595	0	11.8243	3.36116	4.46066	6.43228	11.0046	9.25514	7.77936	4.35748	11.3628	10.8805	9.84314	12.7664	5.46759	10.9562	18.7313	12.4665	14.2503	13.694	
2.36576	8.02719	3.68071	1.15166	9.44537	3.90121	11.8243	0	1.98987	4.62296	7.30791	5.49294	2.378	2.22826	0.993543	6.14681	7.2918	9.00852	6.07753	0.847289	7.5419	8.38273	4.92885	9.60567	3.56423	
2.36854	8.02997	5.01314	2.48409	11.6353	5.23364	3.36116	1.98987	0	4.62573	7.68274	9.64365	2.38078	4.4182	0.996322	7.40595	8.55094	8.04474	7.33667	2.10643	15.833	11.2718	6.18799	11.7704	4.82337	
2.62701	10.4093	7.53603	8.38413	12.9796	6.55281	4.46066	4.62296	4.62573	0	1.97162	6.86247	5.01387	7.05127	3.62941	12.9871	14.2374	14.3038	11.306	7.53419	6.49556	12.9357	8.00588	10.5231	6.7819	
0.655394	4.8093	4.48558	6.41251	11.406	8.52443	6.43228	7.30791	7.68274	1.97162	0	4.89085	4.99248	5.07965	2.02761	11.0155	12.8292	8.46753	7.59331	10.5139	8.46718	14.2856	6.43233	11.8729	14.0445	
5.54625	9.47639	9.6886	6.64461	7.72363	7.80868	11.0046	5.49294	9.64365	6.86247	4.89085	0	6.64027	7.7212	6.48648	4.44135	13.5675	3.57668	2.70245	6.34023	8.31349	8.66741	5.81496	7.9838	10.2763	
2.75667	2.83612	5.42989	8.37807	11.253	13.4338	9.25514	2.378	2.38078	5.01387	4.99248	6.64027	0	9.52051	1.38446	9.74861	10.8936	10.2169	9.34272	4.44909	10.6699	10.7873	8.17135	17.0316	7.16603	
5.73505	12.3628	9.3207	3.37992	7.21711	12.4676	7.77936	2.22826	4.4182	7.05127	5.07965	7.7212	9.52051	0	3.2218	12.4198	7.30374	11.7594	9.14852	3.07555	9.77016	10.611	11.512	9.72331	13.6747	
1.37222	4.22058	4.04543	2.14521	14.5553	10.1822	4.35748	0.993543	0.996322	3.62941	2.02761	6.48648	1.38446	3.2218	0	8.99793	10.3493	9.04106	7.9138	1.84083	8.53544	9.37627	7.98634	10.354	6.62172	
11.6709	11.2213	8.71782	6.18878	1.90041	8.93832	11.3628	6.14681	7.40595	12.9871	11.0155	4.44135	9.74861	12.4198	8.99793	0	1.81377	4.97792	1.73889	5.29952	7.07413	3.27016	5.03899	3.76875	6.78779	
13.2697	8.50348	10.1734	8.00255	0.0866355	7.68459	10.8805	7.2918	8.55094	14.2374	12.8292	13.5675	10.8936	7.30374	10.3493	1.81377	0	10.2792	3.55266	6.44451	11.7667	4.52004	5.06032	2.59283	8.60156	
15.7298	14.9896	10.3859	7.85685	6.91331	10.6064	9.84314	9.00852	8.04474	14.3038	8.46753	3.57668	10.2169	11.7594	9.04106	4.97792	10.2792	0	3.23903	8.46928	10.9974	6.81968	6.53913	4.40711	10.6558	
10.697	11.7506	9.2287	6.69966	5.02118	9.4492	12.7664	6.07753	7.33667	11.306	7.59331	2.70245	9.34272	9.14852	7.9138	1.73889	3.55266	3.23903	0	5.23024	5.79863	5.00905	3.3001	5.50764	7.57387	
5.27699	7.28521	5.94369	1.99895	6.53115	13.7358	5.46759	0.847289	2.10643	7.53419	10.5139	6.34023	4.44909	3.07555	1.84083	5.29952	6.44451	8.46928	5.23024	0	3.00327	8.56968	4.08156	8.96563	2.71694	
8.14795	12.0867	11.1924	8.69356	7.47221	12.8094	10.9562	7.5419	15.833	6.49556	8.46718	8.31349	10.6699	9.77016	8.53544	7.07413	11.7667	10.9974	5.79863	3.00327	0	6.78092	2.49853	6.53503	0.286334	
12.105	7.95113	8.7211	9.45894	4.4334	16.8959	18.7313	8.38273	11.2718	12.9357	14.2856	8.66741	10.7873	10.611	9.37627	3.27016	4.52004	6.81968	5.00905	8.56968	6.78092	0	9.26506	2.41257	6.49458	
7.08772	11.0075	10.0252	9.99976	4.97368	10.3108	12.4665	4.92885	6.18799	8.00588	6.43233	5.81496	8.17135	11.512	7.98634	5.03899	5.06032	6.53913	3.3001	4.08156	2.49853	9.26506	0	7.47988	2.78486	
10.1387	10.3637	6.30853	8.83757	2.5062	14.9687	14.2503	9.60567	11.7704	10.5231	11.8729	7.9838	17.0316	9.72331	10.354	3.76875	2.59283	4.40711	5.50764	8.96563	6.53503	2.41257	7.47988	0	6.24869	
8.43428	11.8004	8.66063	12.5981	8.75489	18.5251	13.694	3.56423	4.82337	6.7819	14.0445	10.2763	7.16603	13.6747	6.62172	6.78779	8.60156	10.6558	7.57387	2.71694	0.286334	6.49458	2.78486	6.24869	0	

0	9.40366	8.86913	3.68209	5.78694	3.04635	4.00252	5.8585	1.5761	3.87044	1.32402	2.80662	5.54851	3.87385	4.53373	5.68191	6.73955	7.72016	4.42507	4.33252	8.75655	7.10214	4.6824	8.89629	8.60822	
9.40366	0	8.5459	3.15546	9.22138	3.7912	15.7936	4.48353	5.58454	14.1916	12.287	6.09518	9.99219	4.63187	6.11743	7.46224	8.50156	1.6835	14.6896	4.72494	5.14032	4.72996	15.6454	4.66545	3.94262	
8.86913	8.5459	0	4.99436	7.12892	4.35361	10.0613	7.20921	10.4452	11.5908	10.1931	4.58519	7.72924	3.51796	4.60744	5.95225	6.4091	5.65191	10.4688	8.01146	4.59855	9.89712	9.11935	5.7537	3.3928	
3.68209	3.15546	4.99436	0	6.63992	0.635742	4.26325	1.32807	2.42908	9.37397	7.17051	2.54364	3.8146	1.4714	2.12312	3.9107	4.32895	4.83897	5.27805	3.22344	8.29578	10.8733	3.32127	6.48568	9.43911	
5.78694	9.22138	7.12892	6.63992	0	5.44116	18.6059	8.66354	4.21084	7.51395	8.95227	4.60531	8.18325	4.91906	7.9185	2.48477	1.74796	4.35716	7.05981	6.13121	6.9417	3.6073	8.04548	1.37522	8.14746	
3.04635	3.7912	4.35361	0.635742	5.44116	0	3.62751	1.96381	3.06482	6.81095	4.37037	1.90288	3.17886	0.835653	1.48738	3.26994	3.6932	5.62913	5.04509	2.58769	6.35911	5.10526	2.68552	4.3486	7.5153	
4.00252	15.7936	10.0613	4.26325	18.6059	3.62751	0	7.5999	7.41994	5.81836	2.67851	7.79235	5.85316	4.46316	5.11488	11.3928	7.32071	9.30789	8.72384	6.2152	15.5831	14.0997	6.31303	9.47744	9.96272	
5.8585	4.48353	7.20921	1.32807	8.66354	1.96381	7.5999	0	3.75715	8.43755	6.74108	4.05823	7.15125	2.32861	1.23913	6.12555	7.66559	7.28713	6.66199	5.58413	6.11086	10.8767	6.65791	9.67279	11.8873	
1.5761	5.58454	10.4452	2.42908	4.21084	3.06482	7.41994	3.75715	0	5.44654	2.90011	4.38272	3.97241	3.90549	8.43995	6.69561	5.9588	9.29625	2.84897	5.30636	7.18045	9.43547	6.2585	5.58606	8.30885	
3.87044	14.1916	11.5908	9.37397	7.51395	6.81095	5.81836	8.43755	5.44654	0	3.13986	4.37932	9.6772	5.44655	7.69251	5.02917	7.50802	7.2647	6.68065	4.22326	9.40378	9.49666	8.55285	8.83755	8.19802	
1.32402	12.287	10.1931	7.17051	8.95227	4.37037	2.67851	6.74108	2.90011	3.13986	0	4.13063	6.53735	6.59144	5.50196	8.16903	10.8681	9.04417	7.5904	7.36311	8.48996	10.8632	6.00642	10.2127	7.28421	
2.80662	6.09518	4.58519	2.54364	4.60531	1.90288	7.79235	4.05823	4.38272	4.37932	4.13063	0	5.7923	1.06723	2.15672	2.87529	4.91312	4.56734	2.60376	1.5259	8.18492	6.77246	7.48902	5.56851	10.1287	
5.54851	9.99219	7.72924	3.8146	8.18325	3.17886	5.85316	7.15125	3.97241	9.6772	6.53735	5.7923	0	4.01451	4.66624	8.66759	6.87207	6.59555	6.82137	5.76655	5.5422	10.8408	5.86439	9.0288	4.33644	
3.87385	4.63187	3.51796	1.4714	4.91906	0.835653	4.46316	2.32861	3.90549	5.44655	6.59144	1.06723	4.01451	0	1.08949	2.43429	4.52886	6.71145	3.67099	2.59313	5.96122	6.90178	3.52118	6.24267	6.91075	
4.53373	6.11743	4.60744	2.12312	7.9185	1.48738	5.11488	1.23913	8.43995	7.69251	5.50196	2.15672	4.66624	1.08949	0	3.52378	5.18058	7.83166	5.91695	4.07507	4.87174	10.4864	4.1729	7.33731	6.07749	
5.68191	7.46224	5.95225	3.9107	2.48477	3.26994	11.3928	6.12555	6.69561	5.02917	8.16903	2.87529	8.66759	2.43429	3.52378	0	2.47884	6.79032	5.47905	4.40119	8.85795	4.33819	6.88723	3.13424	10.0637	
6.73955	8.50156	6.4091	4.32895	1.74796	3.6932	7.32071	7.66559	5.9588	7.50802	10.8681	4.91312	6.87207	4.52886	5.18058	2.47884	0	3.63734	5.5395	6.2809	8.68966	1.85934	4.27908	0.655396	7.51667	
7.72016	1.6835	5.65191	4.83897	4.35716	5.62913	9.30789	7.28713	9.29625	7.2647	9.04417	4.56734	6.59555	6.71145	7.83166	6.79032	3.63734	0	5.49883	3.04144	3.46487	3.04645	5.46619	2.98195	2.25912	
4.42507	14.6896	10.4688	5.27805	7.05981	5.04509	8.72384	6.66199	2.84897	6.68065	7.5904	2.60376	6.82137	3.67099	5.91695	5.47905	5.5395	5.49883	0	2.45739	9.67842	6.96232	5.45609	6.1949	8.47266	
4.33252	4.72494	8.01146	3.22344	6.13121	2.58769	6.2152	5.58413	5.30636	4.22326	7.36311	1.5259	5.76655	2.59313	4.07507	4.40119	6.2809	3.04144	2.45739	0	11.3549	6.08789	5.27322	6.02339	5.30055	
8.75655	5.14032	4.59855	8.29578	6.9417	6.35911	15.5831	6.11086	7.18045	9.40378	8.48996	8.18492	5.5422	5.96122	4.87174	8.85795	8.68966	3.46487	9.67842	11.3549	0	7.71008	10.9672	8.06703	1.20576	
7.10214	4.72996	9.89712	10.8733	3.6073	5.10526	14.0997	10.8767	9.43547	9.49666	10.8632	6.77246	10.8408	6.90178	10.4864	4.33819	1.85934	3.04645	6.96232	6.08789	7.71008	0	2.41974	2.51474	5.30557	
4.6824	15.6454	9.11935	3.32127	8.04548	2.68552	6.31303	6.65791	6.2585	8.55285	6.00642	7.48902	5.86439	3.52118	4.1729	6.88723	4.27908	5.46619	5.45609	5.27322	10.9672	2.41974	0	8.53546	8.92406	
8.89629	4.66545	5.7537	6.48568	1.37522	4.3486	9.47744	9.67279	5.58606	8.83755	10.2127	5.56851	9.0288	6.24267	7.33731	3.13424	0.655396	2.98195	6.1949	6.02339	8.06703	2.51474	8.53546	0	5.24106	
8.60822	3.94262	3.3928	9.43911	8.14746	7.5153	9.96272	11.8873	8.30885	8.19802	7.28421	10.1287	4.33644	6.91075	6.07749	10.0637	7.51667	2.25912	8.47266	5.30055	1.20576	5.30557	8.92406	5.24106	0	

0	3.68293	12.6088	4.0254	4.7811	5.06998	8.23303	4.83512	2.17867	2.33974	1.54792	9.91809	2.13986	4.03004	3.91159	4.93567	4.65871	6.71382	5.24796	3.58749	10.6082	8.28972	12.3724	7.74011	6.88507	
3.68293	0	9.17892	11.7711	11.5868	8.38503	10.305	6.55575	5.86159	6.02267	5.23084	7.11892	5.82279	8.79408	7.47928	6.36959	8.34163	3.0309	10.439	5.3266	6.92522	15.1723	8.62375	7.6093	9.12634	
12.6088	9.17892	0	3.54197	6.49976	5.65857	8.39458	3.21603	9.51689	7.88915	3.45983	11.5302	5.4275	0.977708	4.0837	7.0803	6.62215	12.2098	5.76957	11.9165	12.5612	8.78567	6.97075	9.80212	10.3601	
4.0254	11.7711	3.54197	0	7.83314	2.1166	9.05673	4.81086	7.34168	11.592	5.63866	6.51575	1.88553	4.51968	6.19576	6.61693	4.24215	8.06957	4.99363	3.33315	5.12731	6.04429	3.42878	12.3651	4.50361	
4.7811	11.5868	6.49976	7.83314	0	2.24794	9.24166	13.1939	14.777	18.1935	4.35451	4.7675	12.0993	6.83663	11.5359	0.399355	0.122395	4.5549	9.52238	3.74504	10.1561	11.7411	7.84141	3.2038	8.92837	
5.06998	8.38503	5.65857	2.1166	2.24794	0	9.21462	2.69426	5.22508	7.03611	3.52206	2.68644	3.4239	4.93258	3.61779	2.40251	2.12555	4.27199	5.46489	1.97628	8.43242	6.24731	5.54539	5.20695	6.23131	
8.23303	10.305	8.39458	9.05673	9.24166	9.21462	0	6.52036	6.05436	7.86539	10.3682	10.4663	10.9423	8.75869	5.76338	10.4579	9.36406	13.3359	7.77693	9.46633	7.2322	12.1654	6.10591	11.9714	5.03108	
4.83512	6.55575	3.21603	4.81086	13.1939	2.69426	6.52036	0	7.91934	9.14977	4.72044	4.99308	6.23349	2.23832	0.923529	8.34091	4.8198	8.64722	2.93708	4.62648	12.5284	6.84124	10.2157	7.13158	8.92556	
2.17867	5.86159	9.51689	7.34168	14.777	5.22508	6.05436	7.91934	0	1.81103	3.72659	6.32039	4.31853	8.53918	6.09026	12.5755	6.83737	9.23679	5.25465	7.20136	11.8922	6.11106	10.1937	15.4083	11.0854	
2.33974	6.02267	7.88915	11.592	18.1935	7.03611	7.86539	9.14977	1.81103	0	3.88766	7.57835	4.4796	6.91145	6.25133	11.1296	6.99845	11.0478	7.06568	8.28851	18.338	6.12004	12.0047	15.4172	13.0135	
1.54792	5.23084	3.45983	5.63866	4.35451	3.52206	10.3682	4.72044	3.72659	3.88766	0	7.92122	3.68778	2.48212	5.45951	5.57072	4.4769	6.41048	7.27398	5.49834	7.53826	8.79645	6.41198	11.9179	5.33715	
9.91809	7.11892	11.5302	6.51575	4.7675	2.68644	10.4663	4.99308	6.32039	7.57835	7.92122	0	2.15778	5.8576	3.07929	3.239	3.82826	3.00587	1.06574	0.710163	7.63628	1.84816	6.51	9.89174	5.43517	
2.13986	5.82279	5.4275	1.88553	12.0993	3.4239	10.9423	6.23349	4.31853	4.4796	3.68778	2.15778	0	6.56606	5.12164	3.97646	6.01778	3.74333	3.10809	1.44762	17.0093	5.65822	5.31432	10.6292	6.59146	
4.03004	8.79408	0.977708	4.51968	6.83663	4.93258	8.75869	2.23832	8.53918	6.91145	2.48212	5.8576	6.56606	0	3.10599	6.10259	6.37955	8.8926	4.79186	6.80895	15.273	7.34198	8.10931	9.31405	7.81927	
3.91159	7.47928	4.0837	6.19576	11.5359	3.61779	5.76338	0.923529	6.09026	6.25133	5.45951	3.07929	5.12164	3.10599	0	6.23179	7.63157	5.99866	2.01355	3.70296	12.167	4.56367	9.62454	6.20805	8.8468	
4.93567	6.36959	7.0803	6.61693	0.399355	2.40251	10.4579	8.34091	12.5755	11.1296	5.57072	3.239	3.97646	6.10259	6.23179	0	0.27696	3.33869	4.61703	2.52883	8.32372	5.39945	6.6252	3.35837	7.67268	
4.65871	8.34163	6.62215	4.24215	0.122395	2.12555	9.36406	4.8198	6.83737	6.99845	4.4769	3.82826	6.01778	6.37955	7.63157	0.27696	0	3.61565	8.60039	2.80579	10.2785	10.8019	6.90216	3.08141	8.35685	
6.71382	3.0309	12.2098	8.06957	4.5549	4.27199	13.3359	8.64722	9.23679	11.0478	6.41048	3.00587	3.74333	8.8926	5.99866	3.33869	3.61565	0	6.32594	2.29571	5.13172	13.8636	6.83025	8.55222	7.33284	
5.24796	10.439	5.76957	4.99363	9.52238	5.46489	7.77693	2.93708	5.25465	7.06568	7.27398	1.06574	3.10809	4.79186	2.01355	4.61703	8.60039	6.32594	0	1.7759	13.9012	2.55012	13.7383	8.2216	6.50091	
3.58749	5.3266	11.9165	3.33315	3.74504	1.97628	9.46633	4.62648	7.20136	8.28851	5.49834	0.710163	1.44762	6.80895	3.70296	2.52883	2.80579	2.29571	1.7759	0	7.34495	2.55832	6.21867	7.65156	5.14384	
10.6082	6.92522	12.5612	5.12731	10.1561	8.43242	7.2322	12.5284	11.8922	18.338	7.53826	7.63628	17.0093	15.273	12.167	8.32372	10.2785	5.13172	13.9012	7.34495	0	12.8867	1.69852	13.6839	2.20111	
8.28972	15.1723	8.78567	6.04429	11.7411	6.24731	12.1654	6.84124	6.11106	6.12004	8.79645	1.84816	5.65822	7.34198	4.56367	5.39945	10.8019	13.8636	2.55012	2.55832	12.8867	0	9.47308	9.29721	7.28333	
12.3724	8.62375	6.97075	3.42878	7.84141	5.54539	6.10591	10.2157	10.1937	12.0047	6.41198	6.51	5.31432	8.10931	9.62454	6.6252	6.90216	6.83025	13.7383	6.21867	1.69852	9.47308	0	13.9976	1.07483	
7.74011	7.6093	9.80212	12.3651	3.2038	5.20695	11.9714	7.13158	15.4083	15.4172	11.9179	9.89174	10.6292	9.31405	6.20805	3.35837	3.08141	8.55222	8.2216	7.65156	13.6839	9.29721	13.9976	0	12.9228	
6.88507	9.12634	10.3601	4.50361	8.92837	6.23131	5.03108	8.92556	11.0854	13.0135	5.33715	5.43517	6.59146	7.81927	8.8468	7.67268	8.35685	7.33284	6.50091	5.14384	2.20111	7.28333	1.07483	12.9228	0	

0	4.6561	6.57617	3.68586	4.29412	4.1713	6.78622	4.60605	2.74467	1.36092	3.32065	4.28898	6.52991	10.0258	4.57924	1.29648	1.81003	2.15937	3.37139	3.54941	7.49004	6.26577	4.03382	3.1668	5.99383	
4.6561	0	1.92007	5.27428	3.32608	5.00907	4.02009	6.76364	5.81605	6.01702	7.97676	6.72402	4.34065	5.8195	3.52177	5.95259	6.46613	6.20676	7.21958	5.0113	11.3382	4.73616	8.54817	6.8097	6.30919	
6.57617	1.92007	0	5.26463	5.24615	4.33133	2.10002	6.0859	6.54699	5.63607	5.56558	5.47915	2.42058	6.14668	2.84403	11.5304	10.7903	7.53805	9.13966	6.93137	10.1758	12.0996	3.63618	9.39502	5.63145	
3.68586	5.27428	5.26463	0	1.9482	0.485438	7.54095	0.920192	4.92767	2.52312	4.99277	0.603114	2.84405	3.04867	1.97274	4.94584	5.4959	4.95022	4.79526	2.31583	6.18242	3.35829	7.39247	5.43182	4.13107	
4.29412	3.32608	5.24615	1.9482	0	2.43364	7.99698	2.8684	6.87587	4.47132	8.93441	2.55132	3.30008	4.39339	4.49672	2.99763	4.24884	2.84222	6.40704	4.85388	13.2383	1.41008	5.34343	3.48362	6.07927	
4.1713	5.00907	4.33133	0.485438	2.43364	0	7.55954	1.40563	5.19026	3.00855	5.92499	1.08855	3.27747	2.56323	1.4873	6.00706	7.25827	3.95461	5.2807	3.37143	7.9324	4.4195	11.4986	6.49304	3.46004	
6.78622	4.02009	2.10002	7.54095	7.99698	7.55954	0	7.53814	6.91835	7.45173	3.46556	7.68431	4.5206	4.99631	4.94405	4.27349	12.1897	3.87758	6.66254	5.80451	8.0758	14.9597	1.53616	10.4743	4.79757	
4.60605	6.76364	6.0859	0.920192	2.8684	1.40563	7.53814	0	5.84786	3.44331	4.07258	1.11718	3.76424	3.80517	3.24187	9.31939	8.6337	6.81579	5.71546	2.82989	7.95026	4.59311	9.16031	7.81639	5.05126	
2.74467	5.81605	6.54699	4.92767	6.87587	5.19026	6.91835	5.84786	0	4.10558	3.45279	2.51746	7.77172	1.61295	3.70296	4.04115	4.5547	2.65662	6.11606	0.804747	5.77532	12.8553	6.09545	12.1166	6.49039	
1.36092	6.01702	5.63607	2.52312	4.47132	3.00855	7.45173	3.44331	4.10558	0	4.68157	3.12623	5.36717	6.94424	5.34731	2.6574	3.17095	5.55286	4.73231	7.40474	14.0341	6.985	7.89428	7.59842	6.65418	
3.32065	7.97676	5.56558	4.99277	8.93441	5.92499	3.46556	4.07258	3.45279	4.68157	0	5.18976	6.02802	8.46187	4.61901	4.61714	5.13069	9.03568	6.69204	4.25753	9.22811	9.45624	5.00172	18.1551	7.40644	
4.28898	6.72402	5.47915	0.603114	2.55132	1.08855	7.68431	1.11718	2.51746	3.12623	5.18976	0	3.05857	2.52091	3.42731	8.44521	5.72998	3.56459	5.39838	1.71271	8.05717	3.47593	7.00341	5.90867	3.5848	
6.52991	4.34065	2.42058	2.84405	3.30008	3.27747	4.5206	3.76424	7.77172	5.36717	6.02802	3.05857	0	5.74656	4.76477	6.29771	7.54892	6.30209	7.63931	4.77128	12.0923	4.71016	6.23307	6.78369	6.97512	
10.0258	5.8195	6.14668	3.04867	4.39339	2.56323	4.99631	3.80517	1.61295	6.94424	8.46187	2.52091	5.74656	0	3.68423	2.25426	4.82547	1.39138	3.51924	0.808199	2.94816	2.82352	3.73279	3.43693	0.896806	
4.57924	3.52177	2.84403	1.97274	4.49672	1.4873	4.94405	3.24187	3.70296	5.34731	4.61901	3.42731	4.76477	3.68423	0	5.87573	6.38927	7.54689	5.40986	4.50771	4.83878	6.89082	6.04883	10.9967	2.78742	
1.29648	5.95259	11.5304	4.94584	2.99763	6.00706	4.27349	9.31939	4.04115	2.6574	4.61714	8.44521	6.29771	2.25426	5.87573	0	3.10652	0.862881	4.66788	2.71475	11.0992	2.29502	2.73733	1.87031	5.99874	
1.81003	6.46613	10.7903	5.4959	4.24884	7.25827	12.1897	8.6337	4.5547	3.17095	5.13069	5.72998	7.54892	4.82547	6.38927	3.10652	0	5.86914	5.18142	4.01727	12.6203	5.65892	9.30797	7.73246	10.7337	
2.15937	6.20676	7.53805	4.95022	2.84222	3.95461	3.87758	6.81579	2.65662	5.55286	9.03568	3.56459	6.30209	1.39138	7.54689	0.862881	5.86914	0	4.96897	1.85187	6.76055	1.43214	2.34141	2.04555	2.28818	
3.37139	7.21958	9.13966	4.79526	6.40704	5.2807	6.66254	5.71546	6.11606	4.73231	6.69204	5.39838	7.63931	3.51924	5.40986	4.66788	5.18142	4.96897	0	5.49068	4.11865	5.35616	5.12637	2.92342	2.62244	
3.54941	5.0113	6.93137	2.31583	4.85388	3.37143	5.80451	2.82989	0.804747	7.40474	4.25753	1.71271	4.77128	0.808199	4.50771	2.71475	4.01727	1.85187	5.49068	0	6.17737	3.28401	4.19329	3.89742	1.705	
7.49004	11.3382	10.1758	6.18242	13.2383	7.9324	8.0758	7.95026	5.77532	14.0341	9.22811	8.05717	12.0923	2.94816	4.83878	11.0992	12.6203	6.76055	4.11865	6.17737	0	9.32286	5.31276	7.04207	2.05135	
6.26577	4.73616	12.0996	3.35829	1.41008	4.4195	14.9597	4.59311	12.8553	6.985	9.45624	3.47593	4.71016	2.82352	6.89082	2.29502	5.65892	1.43214	5.35616	3.28401	9.32286	0	3.77355	2.43274	7.27151	
4.03382	8.54817	3.63618	7.39247	5.34343	11.4986	1.53616	9.16031	6.09545	7.89428	5.00172	7.00341	6.23307	3.73279	6.04883	2.73733	9.30797	2.34141	5.12637	4.19329	5.31276	3.77355	0	4.38697	3.26141	
3.1668	6.8097	9.39502	5.43182	3.48362	6.49304	10.4743	7.81639	12.1166	7.59842	18.1551	5.90867	6.78369	3.43693	10.9967	1.87031	7.73246	2.04555	2.92342	3.89742	7.04207	2.43274	4.38697	0	5.54586	
5.99383	6.30919	5.63145	4.13107	6.07927	3.46004	4.79757	5.05126	6.49039	6.65418	7.40644	3.5848	6.97512	0.896806	2.78742	5.99874	10.7337	2.28818	2.62244	1.705	2.05135	7.27151	3.26141	5.54586	0	

0	9.5333	6.11417	5.1216	12.5432	2.12715	2.88391	3.20668	1.0218	1.71319	0.751284	3.04084	3.76222	4.26671	2.40196	13.85	6.07977	7.62857	10.0063	7.02196	9.34538	6.48287	6.72	14.3631	13.4916	
9.5333	0	10.6405	8.39985	13.2777	8.50378	19.1536	7.72873	10.5827	9.62988	12.3651	9.24756	13.9139	9.02051	7.13134	6.31182	7.02429	7.67718	8.41156	9.77852	9.5103	5.12162	9.86033	7.62871	8.60723	
6.11417	10.6405	0	4.71877	6.28225	6.12661	9.81026	2.91179	11.6724	4.81294	5.36288	5.43338	10.6146	4.5884	3.71651	6.53484	5.82237	5.35685	5.82331	6.03016	10.5842	5.98569	10.9131	11.4393	11.4873	
5.1216	8.39985	4.71877	0	4.82617	4.72029	9.23917	1.80697	2.86676	3.70812	4.37031	0.847713	6.73887	4.81826	2.6117	7.13109	7.02566	4.21777	3.94771	1.37455	9.49795	4.88087	2.49895	8.08035	8.94699	
12.5432	13.2777	6.28225	4.82617	0	9.42341	14.7694	6.20859	8.02542	8.10973	11.7919	8.73017	11.8136	5.05364	4.13768	1.17234	0.459872	8.65364	3.77599	5.42105	5.57357	9.28248	2.32722	6.11297	4.6705	
2.12715	8.50378	6.12661	4.72029	9.42341	0	4.5567	2.17716	3.49627	2.32972	1.37586	4.70054	3.05729	1.79224	1.37243	8.74306	5.05024	5.65988	6.12634	5.27636	8.31586	6.28872	7.11045	13.0565	8.78456	
2.88391	19.1536	9.81026	9.23917	14.7694	4.5567	0	4.12813	1.86211	2.22698	3.18889	3.88115	2.95455	7.54165	5.41253	14.3421	15.6326	11.4764	11.0001	12.2906	13.4453	7.32318	7.56031	13.5555	14.3319	
3.20668	7.72873	2.91179	1.80697	6.20859	2.17716	4.12813	0	4.54063	1.90115	2.86305	2.52159	2.62872	2.98319	0.804721	4.37768	4.48253	2.44505	2.91152	3.04843	4.4139	3.07389	4.30592	5.58099	6.62656	
1.0218	10.5827	11.6724	2.86676	8.02542	3.49627	1.86211	4.54063	0	4.05645	1.77308	2.01904	7.26977	5.55287	3.42376	6.76485	14.2863	5.3891	7.14696	2.54588	12.6972	5.46107	5.6982	7.96816	12.4698	
1.71319	9.62988	4.81294	3.70812	8.10973	2.32972	2.22698	1.90115	4.05645	0	0.961907	4.42273	0.72757	4.12196	2.70587	8.32963	9.34568	4.3462	4.81267	5.01951	12.6113	4.97504	9.69038	11.3285	13.5719	
0.751284	12.3651	5.36288	4.37031	11.7919	1.37586	3.18889	2.86305	1.77308	0.961907	0	3.90695	1.68948	3.16811	2.7483	9.74293	8.91155	6.87728	9.25503	4.4338	8.84612	15.9432	6.86926	11.9439	11.2671	
3.04084	9.24756	5.43338	0.847713	8.73017	4.70054	3.88115	2.52159	2.01904	4.42273	3.90695	0	7.58658	5.50658	3.32631	3.99353	5.48802	3.37006	2.87634	0.52684	5.3389	5.59548	3.34666	7.72008	4.03504	
3.76222	13.9139	10.6146	6.73887	11.8136	3.05729	2.95455	2.62872	7.26977	0.72757	1.68948	7.58658	0	6.56	6.14019	7.60206	8.31453	10.4677	10.5198	8.41174	15.0649	8.90584	9.23782	9.03876	11.3818	
4.26671	9.02051	4.5884	4.81826	5.05364	1.79224	7.54165	2.98319	5.55287	4.12196	3.16811	5.50658	6.56	0	2.17847	5.30623	4.59376	5.45634	5.9228	6.12965	7.6745	6.08518	6.32466	10.2469	8.57758	
2.40196	7.13134	3.71651	2.6117	4.13768	1.37243	5.41253	0.804721	3.42376	2.70587	2.7483	3.32631	6.14019	2.17847	0	4.39027	3.67781	3.24977	3.71624	3.85495	6.94342	3.87861	5.73802	9.33091	7.84649	
13.85	6.31182	6.53484	7.13109	1.17234	8.74306	14.3421	4.37768	6.76485	8.32963	9.74293	3.99353	7.60206	5.30623	4.39027	0	0.712464	2.86565	2.91769	3.46669	4.68285	1.30378	4.36646	1.4367	3.77977	
6.07977	7.02429	5.82237	7.02566	0.459872	5.05024	15.6326	4.48253	14.2863	9.34568	8.91155	5.48802	8.31453	4.59376	3.67781	0.712464	0	3.57812	3.63016	4.17916	9.40679	2.01625	2.7871	2.14917	4.49224	
7.62857	7.67718	5.35685	4.21777	8.65364	5.65988	11.4764	2.44505	5.3891	4.3462	6.87728	3.37006	10.4677	5.45634	3.24977	2.86565	3.57812	0	5.35657	3.8969	1.96884	4.16943	8.96784	4.30236	2.87191	
10.0063	8.41156	5.82331	3.94771	3.77599	6.12634	11.0001	2.91152	7.14696	4.81267	9.25503	2.87634	10.5198	5.9228	3.71624	2.91769	3.63016	5.35657	0	2.3495	5.57097	4.22147	1.44877	2.68883	4.66789	
7.02196	9.77852	6.03016	1.37455	5.42105	5.27636	12.2906	3.04843	2.54588	5.01951	4.4338	0.52684	8.41174	6.12965	3.85495	3.46669	4.17916	3.8969	2.3495	0	4.41127	4.77047	3.79826	4.9034	3.5082	
9.34538	9.5103	10.5842	9.49795	5.57357	8.31586	13.4453	4.4139	12.6972	12.6113	8.84612	5.3389	15.0649	7.6745	6.94342	4.68285	9.40679	1.96884	5.57097	4.41127	0	6.26078	6.999	3.75369	0.903073	
6.48287	5.12162	5.98569	4.88087	9.28248	6.28872	7.32318	3.07389	5.46107	4.97504	15.9432	5.59548	8.90584	6.08518	3.87861	1.30378	2.01625	4.16943	4.22147	4.77047	6.26078	0	9.56997	2.50709	5.08355	
6.72	9.86033	10.9131	2.49895	2.32722	7.11045	7.56031	4.30592	5.6982	9.69038	6.86926	3.34666	9.23782	6.32466	5.73802	4.36646	2.7871	8.96784	1.44877	3.79826	6.999	9.56997	0	4.1376	6.11666	
14.3631	7.62871	11.4393	8.08035	6.11297	13.0565	13.5555	5.58099	7.96816	11.3285	11.9439	7.72008	9.03876	10.2469	9.33091	1.4367	2.14917	4.30236	2.68883	4.9034	3.75369	2.50709	4.1376	0	4.65676	
13.4916	8.60723	11.4873	8.94699	4.6705	8.78456	14.3319	6.62656	12.4698	13.5719	11.2671	4.03504	11.3818	8.57758	7.84649	3.77977	4.49224	2.87191	4.66789	3.5082	0.903073	5.08355	6.11666	4.65676	0	

0	10.9562	2.48243	2.87823	5.72799	1.93978	1.03237	4.05679	0.561929	3.14705	0.517781	4.55893	5.99309	10.2394	2.90741	12.7119	4.66273	12.3281	4.86607	2.72114	7.33612	8.20294	6.05201	4.8862	4.94292	
10.9562	0	3.69928	8.09066	7.70215	7.73327	13.5121	5.59952	10.771	8.2556	5.66393	8.72212	9.05402	7.92838	6.7489	7.62893	6.67019	7.26736	5.57595	7.05533	7.47196	5.75467	4.90421	7.33481	6.1755	
2.48243	3.69928	0	4.3251	11.4879	7.39729	7.66644	7.30854	3.62569	4.59393	1.96465	9.62198	6.75151	11.8729	10.6522	11.192	10.3695	10.9658	6.31294	4.16801	8.78299	9.45395	8.60349	11.5583	6.38979	
2.87823	8.09066	4.3251	0	3.42116	2.63261	4.72299	1.51085	3.55631	4.98972	2.36045	5.31378	7.09485	3.93715	0.361465	5.68193	6.30092	5.45573	6.70874	4.56381	7.72844	4.70599	11.2447	9.38488	5.39416	
5.72799	7.70215	11.4879	3.42116	0	3.78821	10.761	4.20908	5.13276	6.40784	8.39847	11.3518	12.4336	8.67598	3.05969	1.9907	1.03196	1.76733	3.45875	6.49612	4.61348	3.19714	10.7649	3.81128	5.06559	
1.93978	7.73327	7.39729	2.63261	3.78821	0	2.97215	2.13375	2.5017	2.61963	2.45756	5.25635	6.09766	4.46262	2.27114	9.45478	4.82018	5.55555	4.45842	4.12027	6.29318	6.26316	5.97101	7.90817	5.05798	
1.03237	13.5121	7.66644	4.72299	10.761	2.97215	0	7.21413	1.5943	8.33106	1.55015	8.10427	5.2338	8.66013	3.93978	13.9045	14.1443	9.62756	7.93614	7.90514	9.83215	9.42897	7.08438	8.71108	8.5357	
4.05679	5.59952	7.30854	1.51085	4.20908	2.13375	7.21413	0	4.34423	4.75338	4.85159	3.1226	5.99307	2.32886	1.14939	4.63585	7.08884	4.40965	6.10106	4.46101	8.42694	7.19713	9.60756	11.876	6.18208	
0.561929	10.771	3.62569	3.55631	5.13276	2.5017	1.5943	4.34423	0	4.29031	1.07971	3.997	6.55502	10.5269	3.19484	5.05954	4.1008	9.88451	6.00933	3.8644	6.98571	9.84706	6.61394	4.32428	6.08618	
3.14705	8.2556	4.59393	4.98972	6.40784	2.61963	8.33106	4.75338	4.29031	0	2.62927	6.34851	3.47804	6.22912	4.89077	13.3917	11.1157	12.349	5.16879	4.83263	8.91281	8.88279	3.35139	5.78199	7.05441	
0.517781	5.66393	1.96465	2.36045	8.39847	2.45756	1.55015	4.85159	1.07971	2.62927	0	3.54177	6.10731	6.2976	2.72192	9.87293	5.76184	6.0397	4.34829	2.20336	6.2443	6.58248	4.35447	5.98532	4.42514	
4.55893	8.72212	9.62198	5.31378	11.3518	5.25635	8.10427	3.1226	3.997	6.34851	3.54177	0	2.87047	5.45146	4.27198	9.00798	8.09781	6.0672	6.7991	1.33841	9.52275	5.71753	3.48953	8.32128	9.06091	
5.99309	9.05402	6.75151	7.09485	12.4336	6.09766	5.2338	5.99307	6.55502	3.47804	6.10731	2.87047	0	7.83339	7.45632	12.2816	10.691	9.34078	5.96721	4.20888	9.71607	8.99111	4.14981	6.58041	6.65737	
10.2394	7.92838	11.8729	3.93715	8.67598	4.46262	8.66013	2.32886	10.5269	6.22912	6.2976	5.45146	7.83339	0	3.47825	7.13485	11.7817	6.73851	8.60007	7.91389	11.6656	8.64313	9.5805	13.322	9.35524	
2.90741	6.7489	10.6522	0.361465	3.05969	2.27114	3.93978	1.14939	3.19484	4.89077	2.72192	4.27198	7.45632	3.47825	0	6.89819	4.09165	4.82702	5.63225	6.39141	8.0899	5.06745	8.95942	7.51912	5.0327	
12.7119	7.62893	11.192	5.68193	1.9907	9.45478	13.9045	4.63585	5.05954	13.3917	9.87293	9.00798	12.2816	7.13485	6.89819	0	0.958742	0.226201	1.91762	4.95499	4.54027	7.5187	9.22377	3.73806	4.99237	
4.66273	6.67019	10.3695	6.30092	1.03196	4.82018	14.1443	7.08884	4.1008	11.1157	5.76184	8.09781	10.691	11.7817	4.09165	0.958742	0	1.18494	4.63318	8.54876	3.58152	4.2291	5.20992	2.77931	4.03363	
12.3281	7.26736	10.9658	5.45573	1.76733	5.55555	9.62756	4.40965	9.88451	12.349	6.0397	6.0672	9.34078	6.73851	4.82702	0.226201	1.18494	0	1.69141	4.72879	3.58743	4.96447	3.50881	7.29336	2.29097	
4.86607	5.57595	6.31294	6.70874	3.45875	4.45842	7.93614	6.10106	6.00933	5.16879	4.34829	6.7991	5.96721	8.60007	5.63225	1.91762	4.63318	1.69141	0	3.96851	1.89601	6.539	1.8174	4.248	0.599555	
2.72114	7.05533	4.16801	4.56381	6.49612	4.12027	7.90514	4.46101	3.8644	4.83263	2.20336	1.33841	4.20888	7.91389	6.39141	4.95499	8.54876	4.72879	3.96851	0	7.3567	4.37912	2.15112	4.58172	6.06024	
7.33612	7.47196	8.78299	7.72844	4.61348	6.29318	9.83215	8.42694	6.98571	8.91281	6.2443	9.52275	9.71607	11.6656	8.0899	4.54027	3.58152	3.58743	1.89601	7.3567	0	8.99815	3.71341	5.90578	2.49557	
8.20294	5.75467	9.45395	4.70599	3.19714	6.26316	9.42897	7.19713	9.84706	8.88279	6.58248	5.71753	8.99111	8.64313	5.06745	7.5187	4.2291	4.96447	6.539	4.37912	8.99815	0	6.53023	6.71966	5.93945	
6.05201	4.90421	8.60349	11.2447	10.7649	5.97101	7.08438	9.60756	6.61394	3.35139	4.35447	3.48953	4.14981	9.5805	8.95942	9.22377	5.20992	3.50881	1.8174	2.15112	3.71341	6.53023	0	2.4306	2.41695	
4.8862	7.33481	11.5583	9.38488	3.81128	7.90817	8.71108	11.876	4.32428	5.78199	5.98532	8.32128	6.58041	13.322	7.51912	3.73806	2.77931	7.29336	4.248	4.58172	5.90578	6.71966	2.4306	0	6.2015	
4.94292	6.1755	6.38979	5.39416	5.06559	5.05798	8.5357	6.18208	6.08618	7.05441	4.42514	9.06091	6.65737	9.35524	5.0327	4.99237	4.03363	2.29097	0.599555	6.06024	2.49557	5.93945	2.41695	6.2015	0	

0	5.55015	8.40706	2.41466	13.132	2.38403	6.20742	6.04163	1.87951	2.41862	1.1462	6.72225	6.13341	4.23841	6.49053	10.0128	7.5742	10.6911	9.18773	4.6265	3.91874	9.27984	12.9219	6.90224	7.44941	
5.55015	0	5.7528	5.77213	6.66729	5.43379	9.25718	3.20215	5.74673	3.83484	7.29865	8.4443	6.58742	1.31174	3.56385	5.00036	8.99043	6.98576	4.38188	7.51836	5.0824	2.81595	7.05584	6.8082	4.28275	
8.40706	5.7528	0	10.2336	8.38619	7.77201	3.94862	5.28181	9.13102	9.0011	9.55326	8.96241	7.10552	4.44107	4.20088	5.51847	7.81607	7.41567	8.89652	9.90683	8.22401	7.33059	10.5509	4.51748	8.79739	
2.41466	5.77213	10.2336	0	9.20246	0.338339	3.93163	1.0546	0.651272	7.11555	1.26845	11.7934	3.79842	2.94502	2.13554	5.38547	3.22864	8.7492	4.2007	3.86722	2.26854	6.03345	7.96925	5.3666	4.78101	
13.132	6.66729	8.38619	9.20246	0	12.1528	16.5367	3.1032	8.271	6.08475	12.5977	6.40973	6.11115	7.6373	5.38518	4.52409	0.929167	6.90183	3.62382	3.01992	6.11779	3.85134	3.66402	3.86871	5.31814	
2.38403	5.43379	7.77201	0.338339	12.1528	0	3.82339	1.39294	0.312933	4.80264	1.04624	4.76808	4.13676	5.42959	5.24307	7.62873	5.61964	10.2642	4.96011	3.52888	10.3343	6.37178	7.12664	6.05442	5.11935	
6.20742	9.25718	3.94862	3.93163	16.5367	3.82339	0	2.87703	4.13632	7.92062	5.68825	17.0393	11.5607	4.76744	3.95796	9.46708	5.05106	12.6368	6.02312	7.35227	4.09096	11.1851	14.9346	7.18902	9.71826	
6.04163	3.20215	5.28181	1.0546	3.1032	1.39294	2.87703	0	4.80489	2.71407	2.32306	6.56769	4.85302	1.89041	1.08093	3.91948	2.17403	4.0087	3.1461	4.26479	1.21394	3.48039	3.1056	4.31199	1.67565	
1.87951	5.74673	9.13102	0.651272	8.271	0.312933	4.13632	4.80489	0	6.5804	0.733309	10.4169	7.5487	5.11665	4.93014	7.94166	7.39884	8.14493	4.64718	3.84182	6.43874	6.2131	7.57842	9.46637	7.03652	
2.41862	3.83484	9.0011	7.11555	6.08475	4.80264	7.92062	2.71407	6.5804	0	3.56482	6.17955	3.71479	5.14658	7.60581	4.20567	5.15558	4.29489	8.23979	4.94035	1.50013	3.76658	3.39179	4.48362	1.96184	
1.1462	7.29865	9.55326	1.26845	12.5977	1.04624	5.68825	2.32306	0.733309	3.56482	0	4.71949	5.06687	5.38461	5.66345	9.49359	5.57105	10.2156	5.38049	3.48029	6.76493	7.3019	7.07805	6.98454	6.04946	
6.72225	8.4443	8.96241	11.7934	6.40973	4.76808	17.0393	6.56769	10.4169	6.17955	4.71949	0	5.031	7.73887	5.48676	3.44394	3.32995	7.97453	4.56151	1.2392	6.14949	5.94161	4.83695	5.32584	7.88497	
6.13341	6.58742	7.10552	3.79842	6.11115	4.13676	11.5607	4.85302	7.5487	3.71479	5.06687	5.031	0	7.87615	8.35573	1.58706	6.90569	7.03111	4.54453	7.76859	4.2926	6.11045	4.17084	3.46895	8.57943	
4.23841	1.31174	4.44107	2.94502	7.6373	5.42959	4.76744	1.89041	5.11665	5.14658	5.38461	7.73887	7.87615	0	2.25212	6.3121	4.06445	5.46691	5.03651	12.2813	3.10435	4.12769	8.68354	6.20241	8.79445	
6.49053	3.56385	4.20088	2.13554	5.38518	5.24307	3.95796	1.08093	4.93014	7.60581	5.66345	5.48676	8.35573	2.25212	0	8.77133	3.25496	3.21479	4.22703	6.72595	2.29487	6.58692	9.32181	5.39292	7.98497	
10.0128	5.00036	5.51847	5.38547	4.52409	7.62873	9.46708	3.91948	7.94166	4.20567	9.49359	3.44394	1.58706	6.3121	8.77133	0	5.31568	4.91502	6.13158	4.68314	2.70555	4.972	4.59721	1.8819	3.16726	
7.5742	8.99043	7.81607	3.22864	0.929167	5.61964	5.05106	2.17403	7.39884	5.15558	5.57105	3.32995	6.90569	4.06445	3.25496	5.31568	0	6.4669	4.55299	2.09075	3.38797	4.78051	2.73486	3.43378	4.74864	
10.6911	6.98576	7.41567	8.7492	6.90183	10.2642	12.6368	4.0087	8.14493	4.29489	10.2156	7.97453	7.03111	5.46691	3.21479	4.91502	6.4669	0	8.01785	6.73533	2.79477	5.06122	4.68643	3.03312	3.25648	
9.18773	4.38188	8.89652	4.2007	3.62382	4.96011	6.02312	3.1461	4.64718	8.23979	5.38049	4.56151	4.54453	5.03651	4.22703	6.13158	4.55299	8.01785	0	3.32232	3.83238	1.56593	2.93124	4.99089	3.03273	
4.6265	7.51836	9.90683	3.86722	3.01992	3.52888	7.35227	4.26479	3.84182	4.94035	3.48029	1.2392	7.76859	12.2813	6.72595	4.68314	2.09075	6.73533	3.32232	0	5.48941	4.70241	3.59775	5.52453	6.16921	
3.91874	5.0824	8.22401	2.26854	6.11779	10.3343	4.09096	1.21394	6.43874	1.50013	6.76493	6.14949	4.2926	3.10435	2.29487	2.70555	3.38797	2.79477	3.83238	5.48941	0	1.92852	1.89166	4.58744	0.461715	
9.27984	2.81595	7.33059	6.03345	3.85134	6.37178	11.1851	3.48039	6.2131	3.76658	7.3019	5.94161	6.11045	4.12769	6.58692	4.972	4.78051	5.06122	1.56593	4.70241	1.92852	0	4.15812	3.99225	1.4668	
12.9219	7.05584	10.5509	7.96925	3.66402	7.12664	14.9346	3.1056	7.57842	3.39179	7.07805	4.83695	4.17084	8.68354	9.32181	4.59721	2.73486	4.68643	2.93124	3.59775	1.89166	4.15812	0	6.16864	2.35338	
6.90224	6.8082	4.51748	5.3666	3.86871	6.05442	7.18902	4.31199	9.46637	4.48362	6.98454	5.32584	3.46895	6.20241	5.39292	1.8819	3.43378	3.03312	4.99089	5.52453	4.58744	3.99225	6.16864	0	5.45905	
7.44941	4.28275	8.79739	4.78101	5.31814	5.11935	9.71826	1.67565	7.03652	1.96184	6.04946	7.88497	8.57943	8.79445	7.98497	3.16726	4.74864	3.25648	3.03273	6.16921	0.461715	1.4668	2.35338	5.45905	0	

0	8.12471	7.29673	7.59709	9.05691	5.00322	1.98471	7.53337	2.81209	2.86207	1.47936	2.42967	6.56935	2.4641	5.037	8.75414	7.5866	9.58999	8.26676	7.12359	8.05236	5.42351	5.39616	3.88819	8.55482	
8.12471	0	3.2064	2.07685	4.96658	2.3249	6.39836	0.864818	7.76912	4.21659	3.00193	4.16567	6.89689	2.01719	1.13148	7.18099	8.60272	4.72401	7.25582	2.69668	4.42181	8.93335	2.32653	5.60432	5.38702	
7.29673	3.2064	0	4.83555	4.13861	4.0476	5.57038	2.61506	5.29423	3.38862	2.17396	3.3377	6.06892	1.18921	3.49586	4.10819	8.82971	2.18839	6.17673	4.45832	3.86348	6.49234	5.95876	7.9687	9.1039	
7.59709	2.07685	4.83555	0	9.83626	0.248046	6.67442	2.40421	8.5065	5.5357	6.91841	2.82159	3.73014	3.10644	2.07367	4.56696	3.9814	2.64716	11.2527	4.07681	5.6098	3.11237	4.40338	6.22932	8.49439	
9.05691	4.96658	4.13861	9.83626	0	4.57667	7.33057	4.37525	8.70133	5.1488	3.93414	5.09788	7.8291	2.94939	5.37914	0.32633	0.843308	2.24613	8.18803	6.2185	2.75237	3.0064	5.18079	4.75996	7.68237	
5.00322	2.3249	4.0476	0.248046	4.57667	0	6.92247	2.09229	6.02859	5.05779	3.84314	2.57355	3.4821	2.85839	1.82563	7.97938	3.73336	2.89521	8.09703	3.82877	5.49318	2.86433	5.54003	4.03206	5.99564	
1.98471	6.39836	5.57038	6.67442	7.33057	6.92247	0	5.80702	3.16297	4.6895	3.46407	4.41438	5.24771	4.38117	7.36594	9.34356	6.83733	8.75125	9.61981	6.37305	6.58438	7.40822	4.4891	11.5231	7.54959	
7.53337	0.864818	2.61506	2.40421	4.37525	2.09229	5.80702	0	4.46963	3.62525	2.4106	3.57434	5.63826	1.42585	0.266661	5.43881	5.88952	2.07544	6.66449	1.83187	6.7848	5.0205	3.19135	4.7395	5.8747	
2.81209	7.76912	5.29423	8.5065	8.70133	6.02859	3.16297	4.46963	0	6.47291	4.29145	5.24177	5.10977	5.75193	4.20297	11.6632	10.0003	6.01175	10.9906	9.02104	9.15771	8.2356	7.65207	6.84452	11.944	
2.86207	4.21659	3.38862	5.5357	5.1488	5.05779	4.6895	3.62525	6.47291	0	1.38272	4.34789	7.03469	2.1994	4.94036	12.7353	9.52176	6.56948	7.43804	2.4091	7.36204	7.45199	4.29304	6.34709	4.32068	
1.47936	3.00193	2.17396	6.91841	3.93414	3.84314	3.46407	2.4106	4.29145	1.38272	0	3.13323	5.65198	0.984745	3.55765	15.5127	8.62524	5.35482	6.22338	3.79182	10.6441	6.90287	9.08792	11.586	5.7034	
2.42967	4.16567	3.3377	2.82159	5.09788	2.57355	4.41438	3.57434	5.24177	4.34789	3.13323	0	4.13968	2.14849	4.39917	5.89215	6.3069	6.51856	7.38712	4.85043	5.06176	5.02925	2.96648	1.45852	3.48492	
6.56935	6.89689	6.06892	3.73014	7.8291	3.4821	5.24771	5.63826	5.10977	7.03469	5.65198	4.13968	0	4.8797	5.30772	10.4641	7.21545	9.24978	7.9545	7.31086	10.2677	6.34642	7.10616	5.5982	8.30179	
2.4641	2.01719	1.18921	3.10644	2.94939	2.85839	4.38117	1.42585	5.75193	2.1994	0.984745	2.14849	4.8797	0	1.69251	3.27572	3.7927	3.37761	5.23864	3.25772	5.0527	5.72272	4.34372	3.607	6.52008	
5.037	1.13148	3.49586	2.07367	5.37914	1.82563	7.36594	0.266661	4.20297	4.94036	3.55765	4.39917	5.30772	1.69251	0	3.72858	5.55898	1.80878	9.38459	2.09853	4.77142	4.68995	5.53027	5.00616	6.14136	
8.75414	7.18099	4.10819	4.56696	0.32633	7.97938	9.34356	5.43881	11.6632	12.7353	15.5127	5.89215	10.4641	3.27572	3.72858	0	1.16964	1.9198	4.73929	6.7384	2.42604	5.05489	4.52132	4.43363	6.46003	
7.5866	8.60272	8.82971	3.9814	0.843308	3.73336	6.83733	5.88952	10.0003	9.52176	8.62524	6.3069	7.21545	3.7927	5.55898	1.16964	0	6.16583	8.97081	7.56212	4.79195	2.16309	8.1699	5.73382	5.2944	
9.58999	4.72401	2.18839	2.64716	2.24613	2.89521	8.75125	2.07544	6.01175	6.56948	5.35482	6.51856	9.24978	3.37761	1.80878	1.9198	6.16583	0	5.27588	5.19778	2.96264	5.59149	5.05792	6.35343	10.1207	
8.26676	7.25582	6.17673	11.2527	8.18803	8.09703	9.61981	6.66449	10.9906	7.43804	6.22338	7.38712	7.9545	5.23864	9.38459	4.73929	8.97081	5.27588	0	7.26618	2.31324	4.9421	4.40852	8.09514	6.06873	
7.12359	2.69668	4.45832	4.07681	6.2185	3.82877	6.37305	1.83187	9.02104	2.4091	3.79182	4.85043	7.31086	3.25772	2.09853	6.7384	7.56212	5.19778	7.26618	0	3.97922	6.6931	1.88394	6.57137	4.94443	
8.05236	4.42181	3.86348	5.6098	2.75237	5.49318	6.58438	6.7848	9.15771	7.36204	10.6441	5.06176	10.2677	5.0527	4.77142	2.42604	4.79195	2.96264	2.31324	3.97922	0	2.62885	2.09528	6.19958	5.15577	
5.42351	8.93335	6.49234	3.11237	3.0064	2.86433	7.40822	5.0205	8.2356	7.45199	6.90287	5.02925	6.34642	5.72272	4.68995	5.05489	2.16309	5.59149	4.9421	6.6931	2.62885	0	4.72413	3.57073	3.13131	
5.39616	2.32653	5.95876	4.40338	5.18079	5.54003	4.4891	3.19135	7.65207	4.29304	9.08792	2.96648	7.10616	4.34372	5.53027	4.52132	8.1699	5.05792	4.40852	1.88394	2.09528	4.72413	0	4.425	3.06049	
3.88819	5.60432	7.9687	6.22932	4.75996	4.03206	11.5231	4.7395	6.84452	6.34709	11.586	1.45852	5.5982	3.607	5.00616	4.43363	5.73382	6.35343	8.09514	6.57137	6.19958	3.57073	4.425	0	2.02641	
8.55482	5.38702	9.1039	8.49439	7.68237	5.99564	7.54959	5.8747	11.944	4.32068	5.7034	3.48492	8.30179	6.52008	6.14136	6.46003	5.2944	10.1207	6.06873	4.94443	5.15577	3.13131	3.06049	2.02641	0	

0	1.33139	6.05269	2.62955	6.30132	2.16159	7.48552	3.20413	6.91403	4.71982	4.0174	3.46836	3.8778	4.16969	2.7827	10.4756	5.63807	6.01455	6.87723	10.9231	15.4918	9.07789	5.77557	6.44478	6.42183	
1.33139	0	7.28184	3.96094	5.06127	3.49298	16.0907	5.2178	11.6513	7.21574	5.3488	5.69034	10.5762	4.34504	4.11409	10.7965	4.30668	14.3165	9.67751	9.76988	12.2362	9.67011	7.10696	15.1093	13.1893	
6.05269	7.28184	0	6.34128	3.72975	6.41528	11.5342	4.5139	7.75865	6.46072	7.16314	4.85712	7.13122	6.82466	3.26999	5.63317	2.97516	6.6671	9.26077	8.43837	6.55229	8.33859	13.2063	11.017	11.3892	
2.62955	3.96094	6.34128	0	4.04231	1.54324	9.47756	0.57458	3.31259	7.97583	4.04547	0.838805	2.68517	1.44734	1.81849	7.76433	4.7969	5.39621	3.80633	8.28422	6.35441	10.0663	2.86404	6.11043	3.34638	
6.30132	5.06127	3.72975	4.04231	0	5.58555	6.36152	4.61689	7.67021	8.79797	9.82963	4.88112	5.74141	7.07329	3.51862	3.72202	0.754591	2.44877	5.38021	6.2178	3.2425	6.11802	6.51348	5.84427	3.51792	
2.16159	3.49298	6.41528	1.54324	5.58555	0	6.78482	2.11782	2.34364	4.01911	3.3167	2.38204	1.71622	2.0081	4.61452	6.82928	9.39044	3.85297	7.34057	7.31527	10.5676	8.36505	7.57085	8.30805	5.72113	
7.48552	16.0907	11.5342	9.47756	6.36152	6.78482	0	6.93901	5.19308	4.17054	3.46812	7.17388	5.8205	11.7456	9.88014	9.92627	7.11611	8.81029	13.6258	13.1795	9.60402	19.1289	12.6444	7.01902	5.87255	
3.20413	5.2178	4.5139	0.57458	4.61689	2.11782	6.93901	0	4.85906	4.1733	3.47089	1.41338	3.25975	0.872757	1.24391	6.69896	10.9798	8.03189	3.23175	3.67806	3.04722	8.2389	4.33341	11.6225	2.7718	
6.91403	11.6513	7.75865	3.31259	7.67021	2.34364	5.19308	4.85906	0	5.46266	3.69049	5.12329	0.627425	6.85862	7.35577	5.74049	12.8345	3.92006	7.04267	6.22648	4.90497	5.78555	2.49516	1.82594	5.18039	
4.71982	7.21574	6.46072	7.97583	8.79797	4.01911	4.17054	4.1733	5.46266	0	0.702417	4.40818	3.76548	10.737	8.66704	7.16057	8.04338	7.70563	10.2722	10.7185	6.61981	3.19355	10.1487	7.15315	3.10685	
4.0174	5.3488	7.16314	4.04547	9.82963	3.3167	3.46812	3.47089	3.69049	0.702417	0	3.70576	3.06306	4.34365	4.7148	6.45815	8.7458	6.3557	6.15939	7.81491	2.67985	3.89596	5.731	6.58618	2.40443	
3.46836	5.69034	4.85712	0.838805	4.88112	2.38204	7.17388	1.41338	5.12329	4.40818	3.70576	0	3.52397	5.1418	1.58713	8.2188	9.8376	9.38228	3.1269	7.17277	6.54705	8.58212	2.02524	2.69445	6.11019	
3.8778	10.5762	7.13122	2.68517	5.74141	1.71622	5.8205	3.25975	0.627425	3.76548	3.06306	3.52397	0	3.72432	5.75645	5.11306	10.1064	3.29264	6.04538	5.59906	5.53239	7.80472	9.30876	2.45337	5.46749	
4.16969	4.34504	6.82466	1.44734	7.07329	2.0081	11.7456	0.872757	6.85862	10.737	4.34365	5.1418	3.72432	0	2.11666	10.7148	8.65172	5.86107	4.1045	5.77879	6.65259	10.5497	6.43413	10.7643	3.64456	
2.7827	4.11409	3.26999	1.81849	3.51862	4.61452	9.88014	1.24391	7.35577	8.66704	4.7148	1.58713	5.75645	2.11666	0	7.24064	4.27321	5.96739	4.47565	9.1052	6.76112	6.99499	3.61237	9.36289	4.01571	
10.4756	10.7965	5.63317	7.76433	3.72202	6.82928	9.92627	6.69896	5.74049	7.16057	6.45815	8.2188	5.11306	10.7148	7.24064	0	4.47661	3.69133	3.05683	8.16015	0.919123	4.34538	8.81549	8.14641	1.19454	
5.63807	4.30668	2.97516	4.7969	0.754591	9.39044	7.11611	10.9798	12.8345	8.04338	8.7458	9.8376	10.1064	8.65172	4.27321	4.47661	0	3.20336	5.90952	5.46321	3.99709	5.36343	8.7882	6.59886	8.20491	
6.01455	14.3165	6.6671	5.39621	2.44877	3.85297	8.81029	8.03189	3.92006	7.70563	6.3557	9.38228	3.29264	5.86107	5.96739	3.69133	3.20336	0	4.80015	5.24647	4.61046	4.51208	5.1243	4.45508	6.99002	
6.87723	9.67751	9.26077	3.80633	5.38021	7.34057	13.6258	3.23175	7.04267	10.2722	6.15939	3.1269	6.04538	4.1045	4.47565	3.05683	5.90952	4.80015	0	0.446318	2.13771	5.56397	1.10166	1.77088	2.41312	
10.9231	9.76988	8.43837	8.28422	6.2178	7.31527	13.1795	3.67806	6.22648	10.7185	7.81491	7.17277	5.59906	5.77879	9.1052	8.16015	5.46321	5.24647	0.446318	0	2.58402	7.84343	1.54798	5.81675	4.20128	
15.4918	12.2362	6.55229	6.35441	3.2425	10.5676	9.60402	3.04722	4.90497	6.61981	2.67985	6.54705	5.53239	6.65259	6.76112	0.919123	3.99709	4.61046	2.13771	2.58402	0	3.42626	3.23937	6.73091	0.275417	
9.07789	9.67011	8.33859	10.0663	6.11802	8.36505	19.1289	8.2389	5.78555	3.19355	3.89596	8.58212	7.80472	10.5497	6.99499	4.34538	5.36343	4.51208	5.56397	7.84343	3.42626	0	4.62882	3.9596	3.70168	
5.77557	7.10696	13.2063	2.86404	6.51348	7.57085	12.6444	4.33341	2.49516	10.1487	5.731	2.02524	9.30876	6.43413	3.61237	8.81549	8.7882	5.1243	1.10166	1.54798	3.23937	4.62882	0	0.669217	4.85662	
6.44478	15.1093	11.017	6.11043	5.84427	8.30805	7.01902	11.6225	1.82594	7.15315	6.58618	2.69445	2.45337	10.7643	9.36289	8.14641	6.59886	4.45508	1.77088	5.81675	6.73091	3.9596	0.669217	0	10.691	
6.42183	13.1893	11.3892	3.34638	3.51792	5.72113	5.87255	2.7718	5.18039	3.10685	2.40443	6.11019	5.46749	3.64456	4.01571	1.19454	8.20491	6.99002	2.41312	4.20128	0.275417	3.70168	4.85662	10.691	0	

0	2.85435	3.97649	6.44938	3.72802	5.89605	5.94172	8.09075	2.60836	2.24266	0.494898	6.66643	8.65034	6.77989	5.06174	2.05172	5.66112	5.05951	4.44968	2.09787	5.52995	7.26806	4.27154	4.74317	6.9	
2.85435	0	4.12155	5.45657	3.37912	7.15021	8.79607	7.92384	5.46271	7.30898	3.34925	4.57354	6.55745	5.73494	5.82981	4.90606	3.20049	2.20516	10.1501	4.95222	5.62292	8.81894	6.05353	12.3423	5.94762	
3.97649	4.12155	0	3.27638	8.86334	3.82972	9.36703	2.36541	8.101	4.87115	4.68528	4.15941	4.1605	1.6134	1.70827	4.32522	5.44187	6.09046	4.23043	1.87862	5.5417	11.059	4.05229	9.31367	8.20235	
6.44938	5.45657	3.27638	0	7.57244	0.553337	6.09064	2.28279	6.9296	1.59477	3.34253	0.883023	2.86693	4.88978	1.62564	4.63567	4.99941	3.57224	5.66119	5.155	2.90834	10.6179	7.854	8.5876	2.2571	
3.72802	3.37912	8.86334	7.57244	0	8.17709	13.733	10.0956	5.28989	5.92582	4.17806	3.76018	12.614	5.65102	4.68632	1.6763	4.10379	1.17396	3.87854	4.12291	1.73487	6.89265	2.16548	4.36776	3.10493	
5.89605	7.15021	3.82972	0.553337	8.17709	0	6.64398	2.41255	8.50441	2.1481	6.39094	1.43636	4.56058	5.74314	2.17898	5.4981	5.55274	5.26588	5.10786	6.48289	4.60198	16.7313	9.93037	9.71563	3.95075	
5.94172	8.79607	9.36703	6.09064	13.733	6.64398	0	8.40301	8.55009	7.68541	6.43662	6.97367	10.7701	11.4991	7.71629	7.99344	11.0901	11.4754	8.70411	6.05527	4.31221	10.5963	3.88159	6.26514	6.17515	
8.09075	7.92384	2.36541	2.28279	10.0956	2.41255	8.40301	0	11.0116	4.80289	7.59585	3.40145	4.77349	4.60787	0.657148	3.66717	8.20753	8.92167	7.52041	6.87139	4.49058	15.596	9.04506	9.92667	9.93233	
2.60836	5.46271	8.101	6.9296	5.28989	8.50441	8.55009	11.0116	0	5.16348	3.10326	6.04658	8.03049	8.34176	6.62361	3.61358	7.44852	8.73579	9.90412	4.70623	8.07189	7.85623	8.18727	6.30504	7.42066	
2.24266	7.30898	4.87115	1.59477	5.92582	2.1481	7.68541	4.80289	5.16348	0	1.74776	2.47779	3.96687	6.26864	3.22041	7.49091	6.59417	5.42465	7.32091	7.0695	4.76075	14.2132	11.3765	9.12005	4.10951	
0.494898	3.34925	4.68528	3.34253	4.17806	6.39094	6.43662	7.59585	3.10326	1.74776	0	4.4832	5.71463	6.29868	6.39354	2.54661	8.28185	5.35202	7.79066	2.59277	5.91293	11.272	6.0738	12.9409	8.41173	
6.66643	4.57354	4.15941	0.883023	3.76018	1.43636	6.97367	3.40145	6.04658	2.47779	4.4832	0	1.98391	5.19512	2.50867	5.75432	5.88243	2.68922	6.60916	6.81258	2.02531	7.64272	2.45593	3.55288	1.37408	
8.65034	6.55745	4.1605	2.86693	12.614	4.56058	10.7701	4.77349	8.03049	3.96687	5.71463	1.98391	0	5.7739	4.72821	7.84463	8.51021	4.67313	9.67031	6.03912	4.00922	9.48431	10.7487	5.15318	3.35799	
6.77989	5.73494	1.6134	4.88978	5.65102	5.74314	11.4991	4.60787	8.34176	6.26864	6.29868	5.19512	5.7739	0	3.32167	4.72818	7.48237	4.47706	10.3188	3.49202	7.22043	9.94453	8.20162	7.41964	6.5692	
5.06174	5.82981	1.70827	1.62564	4.68632	2.17898	7.71629	0.657148	6.62361	3.22041	6.39354	2.50867	4.72821	3.32167	0	3.01002	6.62505	5.43352	7.35178	3.58688	3.83343	8.22637	4.26405	5.70148	4.11838	
2.05172	4.90606	4.32522	4.63567	1.6763	5.4981	7.99344	3.66717	3.61358	7.49091	2.54661	5.75432	7.84463	4.72818	3.01002	0	5.78009	2.85026	4.79842	2.44661	3.41117	5.21635	4.62028	2.69146	4.87026	
5.66112	3.20049	5.44187	4.99941	4.10379	5.55274	11.0901	8.20753	7.44852	6.59417	8.28185	5.88243	8.51021	7.48237	6.62505	5.78009	0	5.27774	5.91506	3.56325	5.83866	5.61845	5.73693	9.40616	10.173	
5.05951	2.20516	6.09046	3.57224	1.17396	5.26588	11.4754	8.92167	8.73579	5.42465	5.35202	2.68922	4.67313	4.47706	5.43352	2.85026	5.27774	0	5.0525	6.53633	2.90883	11.4987	7.10768	11.9787	4.0633	
4.44968	10.1501	4.23043	5.66119	3.87854	5.10786	8.70411	7.52041	9.90412	7.32091	7.79066	6.60916	9.67031	10.3188	7.35178	4.79842	5.91506	5.0525	0	2.35181	5.25313	10.0295	4.52549	5.69832	6.88732	
2.09787	4.95222	1.87862	5.155	4.12291	6.48289	6.05527	6.87139	4.70623	7.0695	2.59277	6.81258	6.03912	3.49202	3.58688	2.44661	3.56325	6.53633	2.35181	0	2.60429	7.66295	2.17367	5.13806	4.46723	
5.52995	5.62292	5.5417	2.90834	1.73487	4.60198	4.31221	4.49058	8.07189	4.76075	5.91293	2.02531	4.00922	7.22043	3.83343	3.41117	5.83866	2.90883	5.25313	2.60429	0	5.6174	0.430614	3.54886	1.37006	
7.26806	8.81894	11.059	10.6179	6.89265	16.7313	10.5963	15.596	7.85623	14.2132	11.272	7.64272	9.48431	9.94453	8.22637	5.21635	5.61845	11.4987	10.0295	7.66295	5.6174	0	6.04802	4.33113	6.50993	
4.27154	6.05353	4.05229	7.854	2.16548	9.93037	3.88159	9.04506	8.18727	11.3765	6.0738	2.45593	10.7487	8.20162	4.26405	4.62028	5.73693	7.10768	4.52549	2.17367	0.430614	6.04802	0	4.47236	1.80067	
4.74317	12.3423	9.31367	8.5876	4.36776	9.71563	6.26514	9.92667	6.30504	9.12005	12.9409	3.55288	5.15318	7.41964	5.70148	2.69146	9.40616	11.9787	5.69832	5.13806	3.54886	4.33113	4.47236	0	2.1788	
6.9	5.94762	8.20235	2.2571	3.10493	3.95075	6.17515	9.93233	7.42066	4.10951	8.41173	1.37408	3.35799	6.5692	4.11838	4.87026	10.173	4.0633	6.88732	4.46723	1.37006	6.50993	1.80067	2.1788	0	

0	3.77199	3.48064	4.78759	8.41992	2.75984	3.53935	2.18173	0.730914	4.28143	0.649647	3.13555	1.93645	2.94232	1.31484	9.48907	6.98786	6.06147	6.81927	7.08721	14.2372	5.7389	5.11924	8.34317	10.8871	
3.77199	0	6.05798	4.68517	2.91345	4.9881	9.03185	3.32403	6.54372	7.58044	3.94865	4.92426	10.4647	4.77515	2.45714	2.92605	5.12958	5.70255	9.13383	8.24319	4.82857	7.83543	7.71348	2.70389	5.51318	
3.48064	6.05798	0	6.04776	4.93928	6.13179	7.01999	4.46771	4.21156	8.9619	4.13029	4.49546	5.41709	5.91884	3.60083	8.20079	3.97262	3.72551	10.8667	3.60657	6.8544	4.89887	9.16005	5.8256	7.7703	
4.78759	4.68517	6.04776	0	7.59862	2.18207	6.63645	0.689049	5.00146	6.22305	3.80202	4.82713	7.84954	5.55265	1.55593	9.66281	10.085	10.6468	7.02853	7.41654	9.90208	11.3053	3.22486	7.38906	5.97935	
8.41992	2.91345	4.93928	7.59862	0	7.7217	5.75783	7.45597	8.49857	15.2828	6.86211	6.93994	9.03573	5.95087	5.3706	1.10849	2.30932	3.88498	7.31626	6.42562	1.91511	4.39378	4.80003	0.88632	2.21139	
2.75984	4.9881	6.13179	2.18207	7.7217	0	5.77744	2.77325	5.2644	4.04098	2.11019	3.87249	5.66747	4.40286	2.53096	11.2337	9.22595	9.79249	9.2106	8.08882	14.3504	8.49529	2.92167	10.7488	6.94793	
3.53935	9.03185	7.01999	6.63645	5.75783	5.77744	0	7.3255	4.27026	9.81842	4.18899	9.04183	5.47579	8.89272	4.85419	5.94972	3.44851	10.3979	11.4538	10.5439	12.5456	5.53297	8.69911	5.87421	7.24619	
2.18173	3.32403	4.46771	0.689049	7.45597	2.77325	7.3255	0	5.69051	6.74475	3.11297	3.334	7.28954	3.18489	0.866882	7.34146	9.08798	9.08422	7.71758	6.72749	5.58658	6.83121	3.91391	8.11188	5.2903	
0.730914	6.54372	4.21156	5.00146	8.49857	5.2644	4.27026	5.69051	0	6.56429	1.38056	4.30464	2.66736	7.65239	2.04576	7.83442	10.0379	10.6109	10.6758	8.52097	11.7606	11.4901	7.59172	7.61225	10.4338	
4.28143	7.58044	8.9619	6.22305	15.2828	4.04098	9.81842	6.74475	6.56429	0	3.63178	6.11769	8.05173	5.92446	6.57194	12.6489	17.7942	12.1768	12.1568	8.05471	16.7672	9.34701	6.96265	13.594	14.5221	
0.649647	3.94865	4.13029	3.80202	6.86211	2.11019	4.18899	3.11297	1.38056	3.63178	0	2.48591	2.5861	2.29267	1.96449	7.65936	9.30274	7.38681	8.85711	6.70223	9.16556	12.0337	4.46959	6.65254	7.48287	
3.13555	4.92426	4.49546	4.82713	6.93994	3.87249	9.04183	3.334	4.30464	6.11769	2.48591	0	4.66586	4.77858	2.46712	7.09847	8.46808	8.22096	6.3712	4.21633	8.85506	5.50862	6.79417	6.8763	9.41236	
1.93645	10.4647	5.41709	7.84954	9.03573	5.66747	5.47579	7.28954	2.66736	8.05173	2.5861	4.66586	0	3.8842	3.25129	7.79184	5.88691	4.12502	4.88283	5.09475	6.67797	3.80245	5.9221	7.12369	8.42129	
2.94232	4.77515	5.91884	5.55265	5.95087	4.40286	8.89272	3.18489	7.65239	5.92446	2.29267	4.77858	3.8842	0	2.31801	5.36669	8.26019	5.09414	8.72865	6.18723	5.48647	6.93884	6.76226	5.58886	5.19019	
1.31484	2.45714	3.60083	1.55593	5.3706	2.53096	4.85419	0.866882	2.04576	6.57194	1.96449	2.46712	3.25129	2.31801	0	7.68469	7.57346	7.32634	8.83831	6.68344	7.67405	5.96433	5.45264	5.16103	6.15718	
9.48907	2.92605	8.20079	9.66281	1.10849	11.2337	5.94972	7.34146	7.83442	12.6489	7.65936	7.09847	7.79184	5.36669	7.68469	0	2.64787	3.22083	5.58962	4.59422	2.34743	4.35819	6.07742	0.222169	2.05116	
6.98786	5.12958	3.97262	10.085	2.30932	9.22595	3.44851	9.08798	10.0379	17.7942	9.30274	8.46808	5.88691	8.26019	7.57346	2.64787	0	3.92916	7.33614	3.37675	4.09395	2.08446	7.10935	2.4257	3.79768	
6.06147	5.70255	3.72551	10.6468	3.88498	9.79249	10.3979	9.08422	10.6109	12.1768	7.38681	8.22096	4.12502	5.09414	7.32634	3.22083	3.92916	0	9.00785	3.137	4.72023	1.84471	9.71073	2.99866	5.82024	
6.81927	9.13383	10.8667	7.02853	7.31626	9.2106	11.4538	7.71758	10.6758	12.1568	8.85711	6.3712	4.88283	8.72865	8.83831	5.58962	7.33614	9.00785	0	10.5875	3.83473	8.68528	7.18043	6.36004	3.53846	
7.08721	8.24319	3.60657	7.41654	6.42562	8.08882	10.5439	6.72749	8.52097	8.05471	6.70223	4.21633	5.09475	6.18723	6.68344	4.59422	3.37675	3.137	10.5875	0	4.16781	1.2923	12.5031	4.81639	6.64539	
14.2372	4.82857	6.8544	9.90208	1.91511	14.3504	12.5456	5.58658	11.7606	16.7672	9.16556	8.85506	6.67797	5.48647	7.67405	2.34743	4.09395	4.72023	3.83473	4.16781	0	2.87552	4.32253	2.80143	0.296273	
5.7389	7.83543	4.89887	11.3053	4.39378	8.49529	5.53297	6.83121	11.4901	9.34701	12.0337	5.50862	3.80245	6.93884	5.96433	4.35819	2.08446	1.84471	8.68528	1.2923	2.87552	0	9.72455	4.51015	3.17179	
5.11924	7.71348	9.16005	3.22486	4.80003	2.92167	8.69911	3.91391	7.59172	6.96265	4.46959	6.79417	5.9221	6.76226	5.45264	6.07742	7.10935	9.71073	7.18043	12.5031	4.32253	9.72455	0	5.68635	4.02625	
8.34317	2.70389	5.8256	7.38906	0.88632	10.7488	5.87421	8.11188	7.61225	13.594	6.65254	6.8763	7.12369	5.58886	5.16103	0.222169	2.4257	2.99866	6.36004	4.81639	2.80143	4.51015	5.68635	0	2.27333	
10.8871	5.51318	7.7703	5.97935	2.21139	6.94793	7.24619	5.2903	10.4338	14.5221	7.48287	9.41236	8.42129	5.19019	6.15718	2.05116	3.79768	5.82024	3.53846	6.64539	0.296273	3.17179	4.02625	2.27333	0	

0	9.2504	4.68306	3.31148	13.6525	3.03354	1.80998	4.74382	2.01701	1.50214	1.83516	6.79843	1.91377	7.27797	3.71822	5.16897	10.546	5.62749	7.23847	11.0544	5.80891	8.46131	6.82674	9.09337	5.41349	
9.2504	0	2.23816	6.4948	11.2858	3.89003	5.11123	8.56935	11.8311	11.696	7.76021	5.76097	7.67473	3.33926	6.09539	13.0441	7.74797	7.56281	13.0456	9.60018	5.26724	3.89794	3.42793	4.96612	4.84118	
4.68306	2.23816	0	1.52023	5.87713	1.65187	2.87307	4.00436	8.44066	8.62351	4.97241	3.86265	6.56762	1.1011	3.85723	5.21237	2.73177	4.15875	10.9477	2.5013	2.68176	1.65978	5.66609	2.72796	6.56261	
3.31148	6.4948	1.52023	0	7.15359	0.277944	6.50903	2.63044	7.13124	7.64611	3.59848	1.97366	3.88742	0.419133	3.09602	4.91962	2.0498	2.87189	9.64454	4.5576	3.28806	3.71608	7.26797	2.43521	9.68287	
13.6525	11.2858	5.87713	7.15359	0	10.6995	11.9207	10.8431	13.3903	14.8276	6.13993	5.40944	14.3809	1.99799	10.0935	2.57201	0.367318	4.1373	10.064	7.31971	2.23976	6.58546	9.65227	4.71838	6.14737	
3.03354	3.89003	1.65187	0.277944	10.6995	0	4.52494	2.3525	7.40919	4.53568	3.32054	2.2516	4.91575	0.697077	3.37396	6.65435	4.88256	2.59395	8.217	5.58022	3.01012	3.31165	4.84943	2.71315	3.40554	
1.80998	5.11123	2.87307	6.50903	11.9207	4.52494	0	5.06544	6.27098	3.31212	3.37156	9.99597	11.1468	3.97417	5.52821	6.70537	8.38289	8.19772	5.51452	8.29317	4.08496	4.53286	5.10279	5.60103	3.68954	
4.74382	8.56935	4.00436	2.63044	10.8431	2.3525	5.06544	0	5.60903	7.3805	5.13137	4.6234	7.26825	3.06888	1.0256	8.75529	5.43175	4.94644	6.9948	3.22773	5.36261	4.06925	9.34253	5.08496	8.75498	
2.01701	11.8311	8.44066	7.13124	13.3903	7.40919	6.27098	5.60903	0	0.51487	3.61633	6.07011	0.926499	7.55038	4.58343	11.1564	10.6202	6.85026	7.8329	9.90932	10.7855	10.539	9.15658	8.28104	9.65788	
1.50214	11.696	8.62351	7.64611	14.8276	4.53568	3.31212	7.3805	0.51487	0	3.10146	2.32539	0.411629	8.79621	5.0983	6.43527	11.0768	4.2485	8.11288	9.87387	10.481	13.6035	8.64171	9.18682	6.91563	
1.83516	7.76021	4.97241	3.59848	6.13993	3.32054	3.37156	5.13137	3.61633	3.10146	0	7.08543	3.51309	6.27011	4.10577	3.33381	5.5385	5.91449	14.2433	11.4419	6.33066	7.18183	10.3106	5.81821	6.67506	
6.79843	5.76097	3.86265	1.97366	5.40944	2.2516	9.99597	4.6234	6.07011	2.32539	7.08543	0	1.91376	2.39279	5.06967	7.24681	4.39222	4.62219	9.61501	3.83921	6.77501	4.68073	9.18889	4.40887	9.02734	
1.91377	7.67473	6.56762	3.88742	14.3809	4.91575	11.1468	7.26825	0.926499	0.411629	3.51309	1.91376	0	4.67531	6.76653	9.06791	6.95588	3.83688	7.70125	5.75297	7.92587	10.3435	9.05334	5.26766	7.73114	
7.27797	3.33926	1.1011	0.419133	1.99799	0.697077	3.97417	3.06888	7.55038	8.79621	6.27011	2.39279	4.67531	0	3.51515	3.83536	1.63067	4.79179	10.4148	6.12821	3.50311	2.76088	9.12147	2.85434	12.2107	
3.71822	6.09539	3.85723	3.09602	10.0935	3.37396	5.52821	1.0256	4.58343	5.0983	4.10577	5.06967	6.76653	3.51515	0	7.43958	6.46	6.80594	8.02039	4.25333	7.48867	5.51701	11.7984	5.37515	9.13171	
5.16897	13.0441	5.21237	4.91962	2.57201	6.65435	6.70537	8.75529	11.1564	6.43527	3.33381	7.24681	9.06791	3.83536	7.43958	0	2.20469	3.91519	5.16623	9.15708	3.73667	4.35149	4.7545	2.48441	3.34125	
10.546	7.74797	2.73177	2.0498	0.367318	4.88256	8.38289	5.43175	10.6202	11.0768	5.5385	4.39222	6.95588	1.63067	6.46	2.20469	0	3.76998	9.39304	6.95239	1.87244	2.89442	3.71176	3.98595	2.26786	
5.62749	7.56281	4.15875	2.87189	4.1373	2.59395	8.19772	4.94644	6.85026	4.2485	5.91449	4.62219	3.83688	4.79179	6.80594	3.91519	3.76998	0	5.62305	8.4614	3.5443	3.29787	6.00288	1.43079	4.55898	
7.23847	13.0456	10.9477	9.64454	10.064	8.217	5.51452	6.9948	7.8329	8.11288	14.2433	9.61501	7.70125	10.4148	8.02039	5.16623	9.39304	5.62305	0	8.13689	2.2204	7.79177	3.23823	7.05384	1.82498	
11.0544	9.60018	2.5013	4.5576	7.31971	5.58022	8.29317	3.22773	9.90932	9.87387	11.4419	3.83921	5.75297	6.12821	4.25333	9.15708	6.95239	8.4614	8.13689	0	1.8635	0.84152	7.72517	2.70861	6.31191	
5.80891	5.26724	2.68176	3.28806	2.23976	3.01012	4.08496	5.36261	10.7855	10.481	6.33066	6.77501	7.92587	3.50311	7.48867	3.73667	1.87244	3.5443	2.2204	1.8635	0	1.02198	1.80867	2.11351	0.39542	
8.46131	3.89794	1.65978	3.71608	6.58546	3.31165	4.53286	4.06925	10.539	13.6035	7.18183	4.68073	10.3435	2.76088	5.51701	4.35149	2.89442	3.29787	7.79177	0.84152	1.02198	0	2.86129	1.86709	1.4174	
6.82674	3.42793	5.66609	7.26797	9.65227	4.84943	5.10279	9.34253	9.15658	8.64171	10.3106	9.18889	9.05334	9.12147	11.7984	4.7545	3.71176	6.00288	3.23823	7.72517	1.80867	2.86129	0	3.95283	1.41325	
9.09337	4.96612	2.72796	2.43521	4.71838	2.71315	5.60103	5.08496	8.28104	9.18682	5.81821	4.40887	5.26766	2.85434	5.37515	2.48441	3.98595	1.43079	7.05384	2.70861	2.11351	1.86709	3.95283	0	2.50893	
5.41349	4.84118	6.56261	9.68287	6.14737	3.40554	3.68954	8.75498	9.65788	6.91563	6.67506	9.02734	7.73114	12.2107	9.13171	3.34125	2.26786	4.55898	1.82498	6.31191	0.39542	1.4174	1.41325	2.50893	0	

0	7.08131	5.27473	1.62425	7.14889	4.59351	4.29586	3.15173	4.6901	5.42963	1.57766	4.85762	6.59327	5.52068	2.44314	5.44417	7.483	9.06911	4.19756	8.9334	6.45332	10.7783	7.60558	11.0689	6.18842	
7.08131	0	9.7817	5.22593	5.21284	7.63617	9.1766	3.09715	6.98931	13.2855	4.67122	5.51997	7.52124	3.22296	3.3809	6.91755	5.71277	10.5796	11.2789	3.124	6.07715	8.33155	4.11295	6.74979	6.53832	
5.27473	9.7817	0	3.65048	10.8632	6.27439	11.0387	5.77926	11.433	13.7866	8.32051	6.88386	9.54967	7.54691	4.46937	9.60341	11.6422	11.8586	10.9404	7.91687	11.7386	11.7176	11.5811	11.1126	8.21465	
1.62425	5.22593	3.65048	0	7.5581	2.32019	5.9201	1.10264	2.90316	11.675	3.2019	3.23338	8.21752	1.81374	0.81889	7.06842	10.7027	3.18089	5.82181	7.06533	5.07385	7.01646	3.14458	6.82727	4.56417	
7.14889	5.21284	10.8632	7.5581	0	4.58884	14.4122	6.33938	10.2315	7.39344	7.91345	6.02198	12.847	6.46518	6.09014	1.70472	0.499936	6.25792	10.4509	7.00842	2.96741	3.11871	7.35518	1.6726	5.571	
4.59351	7.63617	6.27439	2.32019	4.58884	0	9.82332	1.78505	3.58557	8.47205	4.62008	5.98094	9.89416	2.49615	1.5013	6.29355	5.08877	3.86329	13.5647	9.41852	5.37752	5.44317	5.30667	4.8382	6.84376	
4.29586	9.1766	11.0387	5.9201	14.4122	9.82332	0	4.29862	4.84502	6.01729	5.87352	5.50185	10.7169	4.17282	5.16767	9.74003	17.6206	12.2741	8.49342	7.34171	6.60823	15.2665	12.1383	9.09574	10.8093	
3.15173	3.09715	5.77926	1.10264	6.33938	1.78505	4.29862	0	2.36802	5.06444	1.57407	4.76339	6.84815	0.125807	0.283751	5.11517	6.83931	2.64575	12.3471	3.2947	2.97999	9.17451	1.0158	3.51931	2.64054	
4.6901	6.98931	11.433	2.90316	10.2315	3.58557	4.84502	2.36802	0	1.17228	5.02426	6.56391	11.209	3.07912	2.08427	3.89839	8.06579	4.44626	8.88766	14.1065	1.76322	10.975	4.90796	2.30254	2.2729	
5.42963	13.2855	13.7866	11.675	7.39344	8.47205	6.01729	5.06444	1.17228	0	3.85198	8.44161	9.12606	12.2658	3.25655	8.93234	6.89351	12.761	7.88946	16.4095	2.9355	11.2279	9.8799	8.06617	9.7571	
1.57766	4.67122	8.32051	3.2019	7.91345	4.62008	5.87352	1.57407	5.02426	3.85198	0	9.96089	5.27408	1.69988	1.85782	7.02183	10.462	7.84325	5.77522	9.67133	4.55406	10.0632	2.58987	9.45827	7.65266	
4.85762	5.51997	6.88386	3.23338	6.02198	5.98094	5.50185	4.76339	6.56391	8.44161	9.96089	0	5.21505	5.47449	4.05227	11.8973	4.76656	5.78397	16.3311	8.17422	4.13321	5.58189	6.63647	3.59389	5.30743	
6.59327	7.52124	9.54967	8.21752	12.847	9.89416	10.7169	6.84815	11.209	9.12606	5.27408	5.21505	0	7.20181	8.19666	12.0374	11.5915	14.2487	10.7908	4.39725	10.9582	12.4069	9.20684	8.80895	7.81157	
5.52068	3.22296	7.54691	1.81374	6.46518	2.49615	4.17282	0.125807	3.07912	12.2658	1.69988	5.47449	7.20181	0	0.409558	12.5604	10.9295	3.35684	11.932	3.16889	3.1058	9.88561	1.14161	7.74922	6.58321	
2.44314	3.3809	4.46937	0.81889	6.09014	1.5013	5.16767	0.283751	2.08427	3.25655	1.85782	4.05227	8.19666	0.409558	0	7.01403	9.81638	2.362	7.23354	4.16374	3.26374	6.32635	1.29955	6.19183	2.83854	
5.44417	6.91755	9.60341	7.06842	1.70472	6.29355	9.74003	5.11517	3.89839	8.93234	7.02183	11.8973	12.0374	12.5604	7.01403	0	2.03883	4.65204	9.52359	10.0689	2.13517	4.82343	8.27929	2.6745	2.64485	
7.483	5.71277	11.6422	10.7027	0.499936	5.08877	17.6206	6.83931	8.06579	6.89351	10.462	4.76656	11.5915	10.9295	9.81638	2.03883	0	5.00249	10.8935	5.75299	1.71199	3.16066	8.12952	1.17266	6.78667	
9.06911	10.5796	11.8586	3.18089	6.25792	3.86329	12.2741	2.64575	4.44626	12.761	7.84325	5.78397	14.2487	3.35684	2.362	4.65204	5.00249	0	4.87155	3.89087	0.986225	2.92884	2.10128	3.82983	0.476547	
4.19756	11.2789	10.9404	5.82181	10.4509	13.5647	8.49342	12.3471	8.88766	7.88946	5.77522	16.3311	10.7908	11.932	7.23354	9.52359	10.8935	4.87155	0	8.76314	11.5335	8.8359	10.5897	8.70138	5.34809	
8.9334	3.124	7.91687	7.06533	7.00842	9.41852	7.34171	3.2947	14.1065	16.4095	9.67133	8.17422	4.39725	3.16889	4.16374	10.0689	5.75299	3.89087	8.76314	0	3.924	5.86661	4.8096	4.58033	3.41432	
6.45332	6.07715	11.7386	5.07385	2.96741	5.37752	6.60823	2.97999	1.76322	2.9355	4.55406	4.13321	10.9582	3.1058	3.26374	2.13517	1.71199	0.986225	11.5335	3.924	0	2.52732	2.13441	0.539321	0.509679	
10.7783	8.33155	11.7176	7.01646	3.11871	5.44317	15.2665	9.17451	10.975	11.2279	10.0632	5.58189	12.4069	9.88561	6.32635	4.82343	3.16066	2.92884	8.8359	5.86661	2.52732	0	4.07703	1.988	2.45229	
7.60558	4.11295	11.5811	3.14458	7.35518	5.30667	12.1383	1.0158	4.90796	9.8799	2.58987	6.63647	9.20684	1.14161	1.29955	8.27929	8.12952	2.10128	10.5897	4.8096	2.13441	4.07703	0	6.69577	1.62474	
11.0689	6.74979	11.1126	6.82727	1.6726	4.8382	9.09574	3.51931	2.30254	8.06617	9.45827	3.59389	8.80895	7.74922	6.19183	2.6745	1.17266	3.82983	8.70138	4.58033	0.539321	1.988	6.69577	0	1.049	
6.18842	6.53832	8.21465	4.56417	5.571	6.84376	10.8093	2.64054	2.2729	9.7571	7.65266	5.30743	7.81157	6.58321	2.83854	2.64485	6.78667	0.476547	5.34809	3.41432	0.509679	2.45229	1.62474	1.049	0	

0	10.4006	1.88829	2.60938	8.56493	2.31977	2.97367	3.23145	4.0026	1.55669	0.616516	3.25992	10.8438	5.6824	6.16775	12.9252	8.72726	7.17614	3.88797	8.40287	6.29297	4.83893	6.90222	10.3329	5.12084	
10.4006	0	6.45767	7.90923	7.90985	9.59851	16.721	7.21313	15.1976	7.487	8.25193	8.12848	6.84277	2.66357	6.00363	7.86701	7.74752	9.8611	8.22911	6.25778	6.96459	6.83004	11.8042	9.021	5.39776	
1.88829	6.45767	0	4.49767	5.42558	3.98588	4.86196	1.34316	8.57032	8.61755	2.50481	1.37163	3.51655	3.79411	1.72999	10.8038	7.04665	5.17881	4.05018	4.33036	8.18127	2.95064	5.04523	3.46564	6.57211	
2.60938	7.90923	4.49767	0	6.57187	2.26345	3.86701	3.87904	8.10438	3.58161	3.22589	5.64613	4.39419	6.89844	3.55837	8.06171	15.1509	7.71469	3.58424	7.28419	4.07829	6.13294	3.3228	5.30193	2.51146	
8.56493	7.90985	5.42558	6.57187	0	11.2995	11.5386	5.82104	7.50777	10.8149	6.25908	4.05395	6.19887	7.78451	8.80506	5.33554	0.162332	7.69667	2.98763	6.23967	10.5108	8.52061	4.21899	4.70532	5.85495	
2.31977	9.59851	3.98588	2.26345	11.2995	0	4.30988	3.60329	5.08933	2.64343	1.70325	4.27567	2.13074	6.30995	3.21646	4.5421	5.11601	7.9823	2.97401	6.6813	3.4386	6.93652	1.05935	7.39582	4.77491	
2.97367	16.721	4.86196	3.86701	11.5386	4.30988	0	7.74605	5.99271	3.54681	2.60663	7.50968	10.054	8.195	7.42539	6.4532	15.6355	4.20247	5.87808	7.8058	8.6262	8.26054	8.89233	7.35922	6.37848	
3.23145	7.21313	1.34316	3.87904	5.82104	3.60329	7.74605	0	8.82699	7.46065	6.67014	1.76709	3.91201	3.7269	0.386829	4.89017	8.38981	3.83565	5.39334	3.40515	11.6478	4.2938	4.80033	3.86111	6.3905	
4.0026	15.1976	8.57032	8.10438	7.50777	5.08933	5.99271	8.82699	0	4.32626	3.38608	8.28913	8.36556	8.97444	8.44016	12.6233	7.45011	12.3878	4.52014	9.51355	9.40565	9.03999	6.4348	6.23783	7.38746	
1.55669	7.487	8.61755	3.58161	10.8149	2.64343	3.54681	7.46065	4.32626	0	0.940175	5.84322	9.00265	4.82344	7.13999	9.13575	12.4456	9.8825	4.21163	9.39349	6.95974	6.59408	7.22588	10.9657	6.09308	
0.616516	8.25193	2.50481	3.22589	6.25908	1.70325	2.60663	6.67014	3.38608	0.940175	0	4.90305	3.834	5.58836	4.91971	10.0759	10.0371	6.80911	3.27145	7.86178	6.01957	5.65391	2.7626	4.98914	5.2309	
3.25992	8.12848	1.37163	5.64613	4.05395	4.27567	7.50968	1.76709	8.28913	5.84322	4.90305	0	2.14492	5.16573	2.15392	4.55628	4.21628	5.60275	3.8117	2.95873	6.81148	4.32226	4.43222	2.09401	5.71725	
10.8438	6.84277	3.51655	4.39419	6.19887	2.13074	10.054	3.91201	8.36556	9.00265	3.834	2.14492	0	4.17921	4.96486	2.41136	7.58457	4.66208	6.50238	5.10365	9.04363	10.2645	3.19009	4.23893	9.3697	
5.6824	2.66357	3.79411	6.89844	7.78451	6.30995	8.195	3.7269	8.97444	4.82344	5.58836	5.16573	4.17921	0	3.34007	6.59057	7.62218	8.17338	5.56554	4.57005	8.85285	6.74474	7.4802	7.28323	7.28602	
6.16775	6.00363	1.72999	3.55837	8.80506	3.21646	7.42539	0.386829	8.44016	7.13999	4.91971	2.15392	4.96486	3.34007	0	4.50334	8.47015	4.22248	6.32816	3.79198	6.79275	6.93579	4.27581	5.67746	6.06984	
12.9252	7.86701	10.8038	8.06171	5.33554	4.5421	6.4532	4.89017	12.6233	9.13575	10.0759	4.55628	2.41136	6.59057	4.50334	0	5.17321	2.25072	5.908	5.85405	6.37259	7.85313	3.99334	7.50421	8.1991	
8.72726	7.74752	7.04665	15.1509	0.162332	5.11601	15.6355	8.38981	7.45011	12.4456	10.0371	4.21628	7.58457	7.62218	8.47015	5.17321	0	7.42393	3.14996	6.07734	6.43591	8.68294	4.05666	9.18895	11.3602	
7.17614	9.8611	5.17881	7.71469	7.69667	7.9823	4.20247	3.83565	12.3878	9.8825	6.80911	5.60275	4.66208	8.17338	4.22248	2.25072	7.42393	0	7.8833	3.60333	8.883	10.1038	6.24406	6.16561	9.78885	
3.88797	8.22911	4.05018	3.58424	2.98763	2.97401	5.87808	5.39334	4.52014	4.21163	3.27145	3.8117	6.50238	5.56554	6.32816	5.908	3.14996	7.8833	0	4.99341	4.29391	6.48879	1.91466	1.71769	2.86732	
8.40287	6.25778	4.33036	7.28419	6.23967	6.6813	7.8058	3.40515	9.51355	9.39349	7.86178	2.95873	5.10365	4.57005	3.79198	5.85405	6.07734	3.60333	4.99341	0	8.0012	9.46521	5.62195	5.05274	7.86073	
6.29297	6.96459	8.18127	4.07829	10.5108	3.4386	8.6262	11.6478	9.40565	6.95974	6.01957	6.81148	9.04363	8.85285	6.79275	6.37259	6.43591	8.883	4.29391	8.0012	0	5.1883	2.37925	5.19007	1.56683	
4.83893	6.83004	2.95064	6.13294	8.52061	6.93652	8.26054	4.2938	9.03999	6.59408	5.65391	4.32226	10.2645	6.74474	6.93579	7.85313	8.68294	10.1038	6.48879	9.46521	5.1883	0	7.97265	7.24471	3.62147	
6.90222	11.8042	5.04523	3.3228	4.21899	1.05935	8.89233	4.80033	6.4348	7.22588	2.7626	4.43222	3.19009	7.4802	4.27581	3.99334	4.05666	6.24406	1.91466	5.62195	2.37925	7.97265	0	3.63235	3.94608	
10.3329	9.021	3.46564	5.30193	4.70532	7.39582	7.35922	3.86111	6.23783	10.9657	4.98914	2.09401	4.23893	7.28323	5.67746	7.50421	9.18895	6.16561	1.71769	5.05274	5.19007	7.24471	3.63235	0	3.62324	
5.12084	5.39776	6.57211	2.51146	5.85495	4.77491	6.37848	6.3905	7.38746	6.09308	5.2309	5.71725	9.3697	7.28602	6.06984	8.1991	11.3602	9.78885	2.86732	7.86073	1.56683	3.62147	3.94608	3.62324	0	

0	3.82578	6.57855	5.38856	7.97254	6.75908	19.4606	6.50142	4.53302	2.69197	1.53028	7.58206	9.34643	7.67221	3.74378	12.1799	9.9815	7.87553	8.90861	9.3139	5.52118	13.6521	9.43887	10.3995	13.545	
3.82578	0	8.96616	1.56278	4.14676	2.70909	13.9191	5.851	6.34669	6.11565	5.35606	5.19363	4.10063	4.81092	5.01156	5.0262	4.61721	4.04975	6.54656	8.71675	6.14933	5.96857	10.3242	8.40718	6.1892	
6.57855	8.96616	0	7.805	5.26938	7.50956	16.1409	3.04468	8.21087	10.3195	6.56972	8.4317	6.22623	4.08476	3.46974	6.14882	5.73983	4.9164	7.41321	10.3542	7.01599	7.09118	7.25065	11.4398	6.22469	
5.38856	1.56278	7.805	0	5.70954	1.14632	4.5532	3.87384	7.30343	6.11435	4.95266	3.53555	2.53785	4.21207	3.44878	5.70728	9.24302	2.96148	5.45828	5.36269	5.06106	7.50086	4.56976	5.76686	5.09312	
7.97254	4.14676	5.26938	5.70954	0	7.89725	17.2425	8.31406	10.4935	10.2624	15.2415	6.36459	7.59137	5.38709	9.6256	0.879439	0.47045	5.11347	8.77835	7.73518	6.83043	1.8218	9.30901	3.93888	8.42099	
6.75908	2.70909	7.50956	1.14632	7.89725	0	3.40688	7.2787	8.23154	6.3905	5.2288	2.38924	2.85345	4.52767	4.59509	6.82719	9.10408	2.59316	5.08996	4.12108	4.69274	8.81138	3.42345	5.2067	4.7326	
19.4606	13.9191	16.1409	4.5532	17.2425	3.40688	0	10.6856	11.8651	7.80345	8.63569	5.79612	6.26033	16.1798	11.9935	10.4247	16.0206	6.00004	9.89653	16.6364	11.2925	12.9693	6.83033	10.8522	10.7366	
6.50142	5.851	3.04468	3.87384	8.31406	7.2787	10.6856	0	4.27971	6.13283	2.63856	4.77635	2.7143	1.04008	0.425058	5.54773	12.1019	5.31946	5.40125	5.23463	5.4518	9.69873	4.63841	6.3676	3.18001	
4.53302	6.34669	8.21087	7.30343	10.4935	8.23154	11.8651	4.27971	0	4.16444	3.00274	6.2965	8.80502	8.29427	3.85465	11.7292	11.8229	7.4952	8.83084	7.82928	6.99365	9.07513	10.9113	6.95806	9.63465	
2.69197	6.11565	10.3195	6.11435	10.2624	6.3905	7.80345	6.13283	4.16444	0	1.16169	8.70959	4.9426	6.61682	3.37519	14.0768	18.6871	4.58988	2.09308	8.02312	4.59267	14.7464	4.35057	6.44867	7.18661	
1.53028	5.35606	6.56972	4.95266	15.2415	5.2288	8.63569	2.63856	3.00274	1.16169	0	6.56479	6.10429	6.01122	2.2135	10.6599	11.5118	6.09048	3.25477	9.99469	3.9909	12.3727	7.90859	4.43111	8.15115	
7.58206	5.19363	8.4317	3.53555	6.36459	2.38924	5.79612	4.77635	6.2965	8.70959	6.56479	0	3.76699	5.44122	4.35129	7.24402	6.71485	4.98239	7.17305	1.73184	3.25767	4.93454	5.51127	2.81746	6.32227	
9.34643	4.10063	6.22623	2.53785	7.59137	2.85345	6.26033	2.7143	8.80502	4.9426	6.10429	3.76699	0	1.67422	5.3269	5.54385	9.54793	1.30982	3.80662	5.49884	3.4094	10.8993	4.01367	4.69372	2.55527	
7.67221	4.81092	4.08476	4.21207	5.38709	4.52767	16.1798	1.04008	8.29427	6.61682	6.01122	5.44122	1.67422	0	1.46514	4.50765	10.4959	2.98404	6.91131	4.19455	4.41172	6.30123	7.97398	4.85193	4.22009	
3.74378	5.01156	3.46974	3.44878	9.6256	4.59509	11.9935	0.425058	3.85465	3.37519	2.2135	4.35129	5.3269	1.46514	0	8.33021	11.0661	6.36134	4.97619	6.08314	6.2044	9.63845	7.23368	7.16875	3.60507	
12.1799	5.0262	6.14882	5.70728	0.879439	6.82719	10.4247	5.54773	11.7292	14.0768	10.6599	7.24402	5.54385	4.50765	8.33021	0	1.34989	4.23403	6.73083	7.70695	6.33361	1.79358	10.1884	3.91065	6.37348	
9.9815	4.61721	5.73983	9.24302	0.47045	9.10408	16.0206	12.1019	11.8229	18.6871	11.5118	6.71485	9.54793	10.4959	11.0661	1.34989	0	6.75199	9.52395	8.44669	5.60857	2.29226	9.77946	5.16836	11.4751	
7.87553	4.04975	4.9164	2.96148	5.11347	2.59316	6.00004	5.31946	7.4952	4.58988	6.09048	4.98239	1.30982	2.98404	6.36134	4.23403	6.75199	0	2.4968	8.42685	2.09958	6.02761	3.59784	2.53979	2.13945	
8.90861	6.54656	7.41321	5.45828	8.77835	5.08996	9.89653	5.40125	8.83084	2.09308	3.25477	7.17305	3.80662	6.91131	4.97619	6.73083	9.52395	2.4968	0	5.93004	2.49959	6.47266	2.25749	2.9398	3.71588	
9.3139	8.71675	10.3542	5.36269	7.73518	4.12108	16.6364	5.23463	7.82928	8.02312	9.99469	1.73184	5.49884	4.19455	6.08314	7.70695	8.44669	8.42685	5.93004	0	8.42963	5.91338	3.77943	4.5493	5.23782	
5.52118	6.14933	7.01599	5.06106	6.83043	4.69274	11.2925	5.4518	6.99365	4.59267	3.9909	3.25767	3.4094	4.41172	6.2044	6.33361	5.60857	2.09958	2.49959	8.42963	0	2.55729	4.75708	0.44021	4.19606	
13.6521	5.96857	7.09118	7.50086	1.8218	8.81138	12.9693	9.69873	9.07513	14.7464	12.3727	4.93454	10.8993	6.30123	9.63845	1.79358	2.29226	6.02761	6.47266	5.91338	2.55729	0	6.97335	2.11708	12.4186	
9.43887	10.3242	7.25065	4.56976	9.30901	3.42345	6.83033	4.63841	10.9113	4.35057	7.90859	5.51127	4.01367	7.97398	7.23368	10.1884	9.77946	3.59784	2.25749	3.77943	4.75708	6.97335	0	4.85627	1.4584	
10.3995	8.40718	11.4398	5.76686	3.93888	5.2067	10.8522	6.3676	6.95806	6.44867	4.43111	2.81746	4.69372	4.85193	7.16875	3.91065	5.16836	2.53979	2.9398	4.5493	0.44021	2.11708	4.85627	0	4.63627	
13.545	6.1892	6.22469	5.09312	8.42099	4.7326	10.7366	3.18001	9.63465	7.18661	8.15115	6.32227	2.55527	4.22009	3.60507	6.37348	11.4751	2.13945	3.71588	5.23782	4.19606	12.4186	1.4584	4.63627	0	

0	7.51786	3.10935	8.06252	14.0802	5.2971	3.01723	7.68542	4.77079	8.57462	1.15318	6.23619	8.07873	6.81608	7.64593	10.369	5.72436	6.77306	10.3975	2.12909	6.64039	13.9292	3.85003	12.8742	16.243	
7.51786	0	5.173	6.44151	11.5441	7.13519	10.5351	2.61318	6.00604	5.43962	8.67104	5.79463	8.12332	4.46577	5.43066	10.8408	7.788	8.83671	10.5381	8.48701	13.3716	13.4523	10.208	10.8982	13.9777	
3.10935	5.173	0	5.36713	4.69825	3.72652	6.00639	4.57607	7.88014	5.97286	4.26253	3.12684	5.44617	3.70673	4.14778	3.99498	2.61501	3.66371	4.53319	5.23844	4.91911	6.9117	5.16171	4.05236	7.13192	
8.06252	6.44151	5.36713	0	6.25846	1.64062	3.92049	3.82422	7.2212	0.997782	6.15758	4.12304	3.18347	2.29341	2.73446	7.69087	10.197	3.30693	5.41671	6.11404	4.89693	5.49838	6.15791	8.84043	12.1793	
14.0802	11.5441	4.69825	6.25846	0	5.34088	9.54097	5.81765	14.6229	5.62169	11.9842	6.44636	5.70449	3.96505	4.40611	3.46321	2.08324	3.31254	3.14187	6.16618	3.73383	1.47446	6.85572	2.65497	6.02375	
5.2971	7.13519	3.72652	1.64062	5.34088	0	2.27987	3.22843	7.91487	2.6384	4.51697	5.76366	3.11527	1.37583	1.81689	6.7733	6.34153	4.04805	5.53775	7.75465	5.92367	4.58081	10.2874	8.43957	11.7784	
3.01723	10.5351	6.00639	3.92049	9.54097	2.27987	0	6.80188	7.78803	6.04307	2.87908	6.1209	7.31536	3.6557	6.01698	10.9734	13.1462	6.94814	9.39866	5.14633	8.3663	8.7809	8.00754	13.7179	14.9609	
7.68542	2.61318	4.57607	3.82422	5.81765	3.22843	6.80188	0	3.39287	2.82644	8.53705	3.18145	3.59203	1.85259	2.29365	7.25006	7.19108	4.52481	4.85629	8.33431	6.72558	5.05757	5.21632	15.7354	10.5383	
4.77079	6.00604	7.88014	7.2212	14.6229	7.91487	7.78803	3.39287	0	5.49362	5.92397	6.57431	3.30794	5.04738	6.21034	11.6211	7.14886	12.6919	11.3178	6.89989	20.5579	13.8629	13.935	17.645	21.802	
8.57462	5.43962	5.97286	0.997782	5.62169	2.6384	6.04307	2.82644	5.49362	0	9.38637	5.12083	2.18568	3.29119	4.37569	7.18162	6.02661	2.30915	3.17862	6.44553	3.56454	6.15851	7.92816	6.08045	6.14173	
1.15318	8.67104	4.26253	6.15758	11.9842	4.51697	2.87908	8.53705	5.92397	9.38637	0	8.99999	9.89339	5.8928	8.59501	13.5514	9.39796	6.74261	9.24435	3.28227	5.48722	7.74658	9.51623	13.0334	7.72981	
6.23619	5.79463	3.12684	4.12304	6.44636	5.76366	6.1209	3.18145	6.57431	5.12083	8.99999	0	7.95644	5.03404	5.99892	9.17258	5.74185	4.98925	3.42599	3.75581	6.06388	5.78718	2.03487	9.10133	6.73319	
8.07873	8.12332	5.44617	3.18347	5.70449	3.11527	7.31536	3.59203	3.30794	2.18568	9.89339	7.95644	0	1.73944	2.18049	5.22089	3.84092	4.41166	6.8903	6.85061	6.08483	4.94442	8.57155	5.27827	8.35784	
6.81608	4.46577	3.70673	2.29341	3.96505	1.37583	3.6557	1.85259	5.04738	3.29119	5.8928	5.03404	1.73944	0	0.441055	5.39747	5.58036	2.67222	2.47987	5.95789	3.92761	3.20498	6.12399	6.44352	7.76428	
7.64593	5.43066	4.14778	2.73446	4.40611	1.81689	6.01698	2.29365	6.21034	4.37569	8.59501	5.99892	2.18049	0.441055	0	5.83852	8.72276	2.90829	2.03881	5.51684	6.88843	3.64603	3.42994	9.29449	4.65223	
10.369	10.8408	3.99498	7.69087	3.46321	6.7733	10.9734	7.25006	11.6211	7.18162	13.5514	9.17258	5.22089	5.39747	5.83852	0	1.37997	4.87247	5.05281	5.46291	5.29071	6.72022	6.44393	2.81732	5.89688	
5.72436	7.788	2.61501	10.197	2.08324	6.34153	13.1462	7.19108	7.14886	6.02661	9.39796	5.74185	3.84092	5.58036	8.72276	1.37997	0	5.16614	6.43278	4.08294	3.91074	3.55771	5.80387	1.43735	4.51692	
6.77306	8.83671	3.66371	3.30693	3.31254	4.04805	6.94814	4.52481	12.6919	2.30915	6.74261	4.98925	4.41166	2.67222	2.90829	4.87247	5.16614	0	0.869477	8.73888	1.25539	2.53689	2.2606	3.7713	3.48289	
10.3975	10.5381	4.53319	5.41671	3.14187	5.53775	9.39866	4.85629	11.3178	3.17862	9.24435	3.42599	6.8903	2.47987	2.03881	5.05281	6.43278	0.869477	0	3.11206	2.12487	1.66741	1.39112	4.64078	2.61342	
2.12909	8.48701	5.23844	6.11404	6.16618	7.75465	5.14633	8.33431	6.89989	6.44553	3.28227	3.75581	6.85061	5.95789	5.51684	5.46291	4.08294	8.73888	3.11206	0	5.74994	10.1459	1.72094	5.52029	8.59985	
6.64039	13.3716	4.91911	4.89693	3.73383	5.92367	8.3663	6.72558	20.5579	3.56454	5.48722	6.06388	6.08483	3.92761	6.88843	5.29071	3.91074	1.25539	2.12487	5.74994	0	2.25936	4.02901	5.02669	2.24259	
13.9292	13.4523	6.9117	5.49838	1.47446	4.58081	8.7809	5.05757	13.8629	6.15851	7.74658	5.78718	4.94442	3.20498	3.64603	6.72022	3.55771	2.53689	1.66741	10.1459	2.25936	0	3.05853	4.12943	4.28083	
3.85003	10.208	5.16171	6.15791	6.85572	10.2874	8.00754	5.21632	13.935	7.92816	9.51623	2.03487	8.57155	6.12399	3.42994	6.44393	5.80387	2.2606	1.39112	1.72094	4.02901	3.05853	0	8.44642	4.00454	
12.8742	10.8982	4.05236	8.84043	2.65497	8.43957	13.7179	15.7354	17.645	6.08045	13.0334	9.10133	5.27827	6.44352	9.29449	2.81732	1.43735	3.7713	4.64078	5.52029	5.02669	4.12943	8.44642	0	3.36878	
16.243	13.9777	7.13192	12.1793	6.02375	11.7784	14.9609	10.5383	21.802	6.14173	7.72981	6.73319	8.35784	7.76428	4.65223	5.89688	4.51692	3.48289	2.61342	8.59985	2.24259	4.28083	4.00454	3.36878	0	

0	11.9925	8.74754	8.16127	6.63145	6.76399	1.77495	5.86697	5.89894	3.10911	1.82083	5.33486	6.52014	9.2838	7.52043	8.74803	3.49057	6.76554	3.16548	10.2009	11.5519	5.44966	7.41554	11.183	5.54818	
11.9925	0	13.4175	1.07634	1.58729	2.55691	6.44379	5.39638	2.73895	14.6135	11.4174	1.81757	10.5787	6.96272	2.028	7.2095	2.38846	5.22701	2.83641	5.75164	8.68617	3.46144	4.97191	4.75874	4.93302	
8.74754	13.4175	0	3.9115	10.0941	3.09389	13.1436	6.93066	2.24888	5.03871	10.3145	8.41763	5.18393	7.27157	3.85033	9.47183	10.9062	8.69054	9.7211	9.89672	10.2841	11.7241	10.9041	11.7	9.06929	
8.16127	1.07634	3.9115	0	2.41767	1.48057	14.4311	0.996217	1.66262	4.45244	4.25526	0.741233	2.13316	5.3621	0.951666	4.56369	3.58765	2.25146	8.10778	8.60059	8.03461	8.60799	3.89557	3.6824	6.02968	
6.63145	1.58729	10.0941	2.41767	0	9.63944	4.8565	4.7912	14.2506	9.7468	5.19046	1.67644	3.06837	5.25258	8.5206	5.49889	0.801169	3.18667	1.12626	4.0415	4.56056	1.87415	6.63889	5.27959	3.34573	
6.76399	2.55691	3.09389	1.48057	9.63944	0	8.53894	0.800992	3.14318	6.66701	6.78936	2.2218	2.09004	4.17769	0.756442	7.59646	6.95231	7.05504	6.62722	6.68116	7.83939	8.91139	5.37614	4.34248	9.00992	
1.77495	6.44379	13.1436	14.4311	4.8565	8.53894	0	7.72054	7.68013	4.88406	3.59578	6.53293	10.6398	10.6386	12.3709	12.0847	5.65766	8.54049	4.94043	15.7228	13.0065	6.73064	18.3266	10.1361	8.20222	
5.86697	5.39638	6.93066	0.996217	4.7912	0.800992	7.72054	0	5.62006	2.83023	4.04614	3.11476	4.50669	1.62409	0.0445506	6.93722	6.0755	4.62499	6.13214	4.12756	7.12749	15.6228	8.07721	3.30379	8.40321	
5.89894	2.73895	2.24888	1.66262	14.2506	3.14318	7.68013	5.62006	0	2.78982	6.63403	2.40385	12.7294	7.75974	2.61428	7.22294	10.8882	7.23709	6.09173	7.64784	8.14476	12.9653	5.55819	5.34502	11.3182	
3.10911	14.6135	5.03871	4.45244	9.7468	6.66701	4.88406	2.83023	2.78982	0	3.84421	5.945	8.54352	4.45432	2.87479	10.0128	3.627	9.87465	3.3019	10.4377	11.4173	5.58608	7.55197	9.29491	5.6846	
1.82083	11.4174	10.3145	4.25526	5.19046	6.78936	3.59578	4.04614	6.63403	3.84421	0	3.51403	4.69931	5.67023	4.09069	7.33648	9.67413	5.02426	4.98631	8.38002	8.53249	11.6332	8.47648	9.14267	8.80248	
5.33486	1.81757	8.41763	0.741233	1.67644	2.2218	6.53293	3.11476	2.40385	5.945	3.51403	0	1.39193	4.73885	1.6929	3.49272	2.4776	1.51023	7.67115	8.37469	4.74427	3.55058	3.72383	4.42363	5.02216	
6.52014	10.5787	5.18393	2.13316	3.06837	2.09004	10.6398	4.50669	12.7294	8.54352	4.69931	1.39193	0	6.26773	2.84649	5.21438	10.2923	2.90216	8.67367	9.76662	6.42823	10.3235	4.4236	8.4018	6.68038	
9.2838	6.96272	7.27157	5.3621	5.25258	4.17769	10.6386	1.62409	7.75974	4.45432	5.67023	4.73885	6.26773	0	1.66864	8.9303	4.45141	10.5867	4.7765	2.50347	10.276	7.65625	5.6579	1.6797	6.48004	
7.52043	2.028	3.85033	0.951666	8.5206	0.756442	12.3709	0.0445506	2.61428	2.87479	4.09069	1.6929	2.84649	1.66864	0	8.00476	7.71944	6.52614	7.38366	10.2176	7.08294	12.2544	4.84724	3.58604	8.29778	
8.74803	7.2095	9.47183	4.56369	5.49889	7.59646	12.0847	6.93722	7.22294	10.0128	7.33648	3.49272	5.21438	8.9303	8.00476	0	4.87103	1.98249	5.19612	8.11136	0.921815	5.01601	4.1961	7.2506	2.13665	
3.49057	2.38846	10.9062	3.58765	0.801169	6.95231	5.65766	6.0755	10.8882	3.627	9.67413	2.4776	10.2923	4.45141	7.71944	4.87103	0	6.85352	0.325095	3.24033	5.79285	2.60927	4.57516	4.7121	2.7078	
6.76554	5.22701	8.69054	2.25146	3.18667	7.05504	8.54049	4.62499	7.23709	9.87465	5.02426	1.51023	2.90216	10.5867	6.52614	1.98249	6.85352	0	5.31769	8.08322	2.90431	3.03351	2.2136	6.1918	6.00115	
3.16548	2.83641	9.7211	8.10778	1.12626	6.62722	4.94043	6.13214	6.09173	3.3019	4.98631	7.67115	8.67367	4.7765	7.38366	5.19612	0.325095	5.31769	0	3.56542	3.59754	2.28418	4.25006	5.03719	2.3827	
10.2009	5.75164	9.89672	8.60059	4.0415	6.68116	15.7228	4.12756	7.64784	10.4377	8.38002	8.37469	9.76662	2.50347	10.2176	8.11136	3.24033	8.08322	3.56542	0	5.1914	9.42559	10.2968	4.18317	3.97657	
11.5519	8.68617	10.2841	8.03461	4.56056	7.83939	13.0065	7.12749	8.14476	11.4173	8.53249	4.74427	6.42823	10.276	7.08294	0.921815	5.79285	2.90431	3.59754	5.1914	0	6.66385	5.2586	8.17241	1.21483	
5.44966	3.46144	11.7241	8.60799	1.87415	8.91139	6.73064	15.6228	12.9653	5.58608	11.6332	3.55058	10.3235	7.65625	12.2544	5.01601	2.60927	3.03351	2.28418	9.42559	6.66385	0	5.24712	7.15374	4.66688	
7.41554	4.97191	10.9041	3.89557	6.63889	5.37614	18.3266	8.07721	5.55819	7.55197	8.47648	3.72383	4.4236	5.6579	4.84724	4.1961	4.57516	2.2136	4.25006	10.2968	5.2586	5.24712	0	3.9782	6.47344	
11.183	4.75874	11.7	3.6824	5.27959	4.34248	10.1361	3.30379	5.34502	9.29491	9.14267	4.42363	8.4018	1.6797	3.58604	7.2506	4.7121	6.1918	5.03719	4.18317	8.17241	7.15374	3.9782	0	8.62532	
5.54818	4.93302	9.06929	6.02968	3.34573	9.00992	8.20222	8.40321	11.3182	5.6846	8.80248	5.02216	6.68038	6.48004	8.29778	2.13665	2.7078	6.00115	2.3827	3.97657	1.21483	4.66688	6.47344	8.62532	0	

0	6.85615	5.64618	3.96225	13.5727	4.22979	1.18985	3.09936	0.306405	1.96768	0.849959	7.60963	4.12613	1.28066	2.09958	7.7955	4.82868	5.46473	4.70723	3.14322	16.4447	16.2576	6.6938	13.3457	12.1591	
6.85615	0	2.63447	5.63574	6.08021	9.64102	7.43319	4.93802	6.54974	4.1211	5.23883	8.15403	8.75064	6.69189	4.6431	5.9515	6.78215	8.40026	8.0095	8.55444	9.27941	10.3909	6.02398	5.04841	7.86016	
5.64618	2.63447	0	5.4748	7.44611	4.93801	6.91699	3.36996	6.03354	3.75625	6.09409	3.76377	5.23643	2.82754	2.00862	10.2992	7.91354	6.44688	5.37502	6.22808	9.07054	10.043	4.40109	5.37666	5.95165	
3.96225	5.63574	5.4748	0	8.96879	4.58605	7.91513	1.13356	4.26865	1.51464	2.63236	3.64738	7.25603	4.45701	2.4949	2.14705	6.83262	1.50248	6.88617	3.77298	5.47496	11.5542	3.54827	5.34129	3.22784	
13.5727	6.08021	7.44611	8.96879	0	4.38274	7.71183	6.6839	12.63	7.34073	9.67857	7.34825	5.26511	4.24996	5.5931	4.1461	0.701942	4.90504	8.96193	6.43657	4.92853	5.71046	4.73025	3.68134	3.17968	
4.22979	9.64102	4.93801	4.58605	4.38274	0	3.32908	4.29072	4.21253	4.67701	7.01485	4.68454	6.15719	2.94914	2.92939	10.0532	5.08469	6.08852	11.4722	4.81169	9.64917	11.5223	8.36227	9.69706	7.56243	
1.18985	7.43319	6.91699	7.91513	7.71183	3.32908	0	6.931	0.883444	4.23874	4.6816	10.1018	4.70317	6.27822	6.25847	11.2423	8.60259	7.20843	5.28427	12.4288	13.0787	13.1298	7.34355	6.36798	14.4351	
3.09936	4.93802	3.36996	1.13356	6.6839	4.29072	6.931	0	9.06849	2.6482	2.2494	3.11649	4.58914	2.18025	1.36134	1.01349	4.45764	2.63603	8.01973	5.338	4.3414	5.84815	5.50804	5.88782	5.18761	
0.306405	6.54974	6.03354	4.26865	12.63	4.21253	0.883444	9.06849	0	3.3553	1.15636	9.4623	3.81972	1.58706	5.10292	8.19724	8.38289	6.32498	4.40083	6.35927	8.09634	9.06883	8.1805	7.25142	8.05034	
1.96768	4.1211	3.75625	1.51464	7.34073	4.67701	4.23874	2.6482	3.3553	0	1.11772	3.50278	4.97544	2.56654	1.74763	8.06326	6.49039	3.01711	7.75612	4.80493	10.1662	10.9481	5.66611	6.64168	7.21668	
0.849959	5.23883	6.09409	2.63236	9.67857	7.01485	4.6816	2.2494	1.15636	1.11772	0	5.84061	7.31327	2.13062	2.86535	3.26289	10.3897	5.71165	13.6248	10.0414	6.5908	15.4077	6.78383	11.0496	9.53504	
7.60963	8.15403	3.76377	3.64738	7.34825	4.68454	10.1018	3.11649	9.4623	3.50278	5.84061	0	4.98296	2.57407	1.75515	4.77299	7.49471	5.14986	10.5336	10.5761	9.68464	11.2772	5.49088	4.51531	7.84365	
4.12613	8.75064	5.23643	7.25603	5.26511	6.15719	4.70317	4.58914	3.81972	4.97544	7.31327	4.98296	0	4.04672	3.22781	7.13596	4.56317	7.13678	7.09485	5.1364	9.90603	10.2815	5.09099	6.06657	6.64156	
1.28066	6.69189	2.82754	4.45701	4.24996	2.94914	6.27822	2.18025	1.58706	2.56654	2.13062	2.57407	4.04672	0	0.818917	4.48893	3.54802	4.13306	3.821	1.86256	7.81684	9.26632	5.41314	6.38871	5.11944	
2.09958	4.6431	2.00862	2.4949	5.5931	2.92939	6.25847	1.36134	5.10292	1.74763	2.86535	1.75515	3.22781	0.818917	0	2.37482	4.36694	4.82358	7.38365	2.68147	5.70273	8.61928	6.23205	6.27046	6.0885	
7.7955	5.9515	10.2992	2.14705	4.1461	10.0532	11.2423	1.01349	8.19724	8.06326	3.26289	4.77299	7.13596	4.48893	2.37482	0	3.44415	1.87225	8.60716	4.14276	4.91165	6.4184	3.91804	4.87434	3.59761	
4.82868	6.78215	7.91354	6.83262	0.701942	5.08469	8.60259	4.45764	8.38289	6.49039	10.3897	7.49471	4.56317	3.54802	4.36694	3.44415	0	5.31641	9.03837	5.41058	5.34286	5.71829	3.95498	2.9794	3.88163	
5.46473	8.40026	6.44688	1.50248	4.90504	6.08852	7.20843	2.63603	6.32498	3.01711	5.71165	5.14986	7.13678	4.13306	4.82358	1.87225	5.31641	0	4.22895	2.27051	3.4742	4.25614	2.04579	3.02136	1.72536	
4.70723	8.0095	5.37502	6.88617	8.96193	11.4722	5.28427	8.01973	4.40083	7.75612	13.6248	10.5336	7.09485	3.821	7.38365	8.60716	9.03837	4.22895	0	1.95845	3.69551	4.66801	3.77967	4.75525	5.21533	
3.14322	8.55444	6.22808	3.77298	6.43657	4.81169	12.4288	5.338	6.35927	4.80493	10.0414	10.5761	5.1364	1.86256	2.68147	4.14276	5.41058	2.27051	1.95845	0	5.00572	5.78766	4.31629	6.06079	3.25688	
16.4447	9.27941	9.07054	5.47496	4.92853	9.64917	13.0787	4.3414	8.09634	10.1662	6.5908	9.68464	9.90603	7.81684	5.70273	4.91165	5.34286	3.4742	3.69551	5.00572	0	1.50675	3.29941	6.71071	1.74884	
16.2576	10.3909	10.043	11.5542	5.71046	11.5223	13.1298	5.84815	9.06883	10.9481	15.4077	11.2772	10.2815	9.26632	8.61928	6.4184	5.71829	4.25614	4.66801	5.78766	1.50675	0	4.08134	6.76184	2.53078	
6.6938	6.02398	4.40109	3.54827	4.73025	8.36227	7.34355	5.50804	8.1805	5.66611	6.78383	5.49088	5.09099	5.41314	6.23205	3.91804	3.95498	2.04579	3.77967	4.31629	3.29941	4.08134	0	0.975573	1.55056	
13.3457	5.04841	5.37666	5.34129	3.68134	9.69706	6.36798	5.88782	7.25142	6.64168	11.0496	4.51531	6.06657	6.38871	6.27046	4.87434	2.9794	3.02136	4.75525	6.06079	6.71071	6.76184	0.975573	0	2.52614	
12.1591	7.86016	5.95165	3.22784	3.17968	7.56243	14.4351	5.18761	8.05034	7.21668	9.53504	7.84365	6.64156	5.11944	6.0885	3.59761	3.88163	1.72536	5.21533	3.25688	1.74884	2.53078	1.55056	2.52614	0	

0	3.85767	4.79311	3.29677	11.3566	5.67656	0.482148	2.78777	2.26855	4.25837	6.16799	3.01539	10.4051	1.67037	2.57491	6.06489	11.855	9.76801	10.7096	8.13003	4.85251	7.27333	11.4471	7.85393	4.49305	
3.85767	0	4.66603	3.90608	6.32237	6.39793	7.86124	3.30469	4.61445	4.7753	7.58657	3.53231	8.55398	2.1873	3.09183	5.88078	6.0579	2.17767	7.88246	4.60754	7.29209	6.26195	9.64258	7.47923	11.0112	
4.79311	4.66603	0	1.40328	6.58461	7.33337	5.35844	1.08162	5.54989	5.37612	6.40835	4.46775	6.05119	2.19901	4.02727	9.44451	7.5011	5.87234	6.35573	14.4457	8.22753	8.72569	7.85535	7.81875	9.39826	
3.29677	3.90608	1.40328	0	5.52081	0.957584	2.81462	0.321661	3.01085	4.61616	1.44901	1.43717	5.29123	1.43905	4.16129	2.65978	5.94546	5.11238	3.90979	4.49535	6.56511	9.08073	7.0954	8.60412	9.94115	
11.3566	6.32237	6.58461	5.52081	0	4.91611	11.8981	5.26639	5.53173	5.82771	6.24005	5.76808	10.1802	2.26405	1.35952	4.19128	2.81946	5.15927	2.47135	3.05691	5.12667	4.77762	4.95709	2.40224	6.86354	
5.67656	6.39793	7.33337	0.957584	4.91611	0	3.7722	1.27925	2.05326	6.79864	0.49143	2.39476	4.43153	4.21064	3.55659	1.70219	8.00298	5.40531	4.86737	7.15044	8.07612	9.751	6.20255	3.49123	9.12527	
0.482148	7.86124	5.35844	2.81462	11.8981	3.7722	0	3.13628	1.7864	6.8055	8.89422	4.25179	9.24639	2.15252	5.95862	6.54704	9.86002	9.06754	6.72441	9.11879	12.6362	14.9889	11.0506	19.9646	4.9752	
2.78777	3.30469	1.08162	0.321661	5.26639	1.27925	3.13628	0	3.54455	3.70539	5.32673	1.75884	4.96957	1.11739	2.02192	8.12629	6.41948	4.79072	4.23145	5.85967	6.22218	6.72034	6.77373	7.97821	9.92857	
2.26855	4.61445	5.54989	3.01085	5.53173	2.05326	1.7864	3.54455	0	5.01516	2.54469	3.77217	11.0585	2.42716	3.33169	3.75545	9.0624	9.05132	7.02673	7.61229	7.53195	8.03011	8.25581	7.13724	9.72621	
4.25837	4.7753	5.37612	4.61616	5.82771	6.79864	6.8055	3.70539	5.01516	0	7.98727	3.93301	4.48584	2.588	3.49253	10.735	8.64717	9.08522	8.29907	10.7424	6.99729	7.9658	5.12372	8.22995	10.8164	
6.16799	7.58657	6.40835	1.44901	6.24005	0.49143	8.89422	5.32673	2.54469	7.98727	0	6.74428	3.9401	4.70207	4.04802	2.19362	9.05951	10.103	8.71141	7.64187	9.25724	11.0022	6.69398	8.64229	11.255	
3.01539	3.53231	4.46775	1.43717	5.76808	2.39476	4.25179	1.75884	3.77217	3.93301	6.74428	0	13.3038	1.34501	2.24955	9.14588	8.48257	5.44276	5.34696	5.48376	6.44981	6.94797	10.7252	8.17032	9.12074	
10.4051	8.55398	6.05119	5.29123	10.1802	4.43153	9.24639	4.96957	11.0585	4.48584	3.9401	13.3038	0	6.08696	8.87645	14.7875	11.3891	9.76029	8.4056	7.82004	11.143	10.5966	9.60955	15.5778	11.457	
1.67037	2.1873	2.19901	1.43905	2.26405	4.21064	2.15252	1.11739	2.42716	2.588	4.70207	1.34501	6.08696	0	0.904534	5.12395	7.53687	4.36496	5.91634	6.82878	5.10479	5.60295	6.97836	7.97833	5.46425	
2.57491	3.09183	4.02727	4.16129	1.35952	3.55659	5.95862	2.02192	3.33169	3.49253	4.04802	2.24955	8.87645	0.904534	0	4.21942	4.17898	6.51879	3.83087	5.59737	6.00933	6.50749	6.3166	3.76176	8.22305	
6.06489	5.88078	9.44451	2.65978	4.19128	1.70219	6.54704	8.12629	3.75545	10.735	2.19362	9.14588	14.7875	5.12395	4.21942	0	3.34776	3.70312	9.09862	6.133	7.48482	4.16442	5.61125	1.78904	10.5579	
11.855	6.0579	7.5011	5.94546	2.81946	8.00298	9.86002	6.41948	9.0624	8.64717	9.05951	8.48257	11.3891	7.53687	4.17898	3.34776	0	3.88024	2.03567	2.62122	4.69099	3.9341	7.77655	1.55872	9.5363	
9.76801	2.17767	5.87234	5.11238	5.15927	5.40531	9.06754	4.79072	9.05132	9.08522	10.103	5.44276	9.76029	4.36496	6.51879	3.70312	3.88024	0	3.01543	2.42988	5.75287	4.08428	7.46491	5.30156	6.06685	
10.7096	7.88246	6.35573	3.90979	2.47135	4.86737	6.72441	4.23145	7.02673	8.29907	8.71141	5.34696	8.4056	5.91634	3.83087	9.09862	2.03567	3.01543	0	0.585556	2.65532	3.36211	4.52889	3.59439	3.01477	
8.13003	4.60754	14.4457	4.49535	3.05691	7.15044	9.11879	5.85967	7.61229	10.7424	7.64187	5.48376	7.82004	6.82878	5.59737	6.133	2.62122	2.42988	0.585556	0	3.24087	2.77655	5.19656	5.15193	3.63697	
4.85251	7.29209	8.22753	6.56511	5.12667	8.07612	12.6362	6.22218	7.53195	6.99729	9.25724	6.44981	11.143	5.10479	6.00933	7.48482	4.69099	5.75287	2.65532	3.24087	0	4.93812	1.87357	7.3135	0.359456	
7.27333	6.26195	8.72569	9.08073	4.77762	9.751	14.9889	6.72034	8.03011	7.9658	11.0022	6.94797	10.5966	5.60295	6.50749	4.16442	3.9341	4.08428	3.36211	2.77655	4.93812	0	3.54846	2.37538	5.29757	
11.4471	9.64258	7.85535	7.0954	4.95709	6.20255	11.0506	6.77373	8.25581	5.12372	6.69398	10.7252	9.60955	6.97836	6.3166	5.61125	7.77655	7.46491	4.52889	5.19656	1.87357	3.54846	0	5.92383	2.23303	
7.85393	7.47923	7.81875	8.60412	2.40224	3.49123	19.9646	7.97821	7.13724	8.22995	8.64229	8.17032	15.5778	7.97833	3.76176	1.78904	1.55872	5.30156	3.59439	5.15193	7.3135	2.37538	5.92383	0	9.01519	
4.49305	11.0112	9.39826	9.94115	6.86354	9.12527	4.9752	9.92857	9.72621	10.8164	11.255	9.12074	11.457	5.46425	8.22305	10.5579	9.5363	6.06685	3.01477	3.63697	0.359456	5.29757	2.23303	9.01519	0	

-111