20
5
2
3
20

6	25
1	50
11	25
47	42
3	33

22	35
37	29
8	32
40	14
47	10
42	35
5	14
4	36
42	25
29	13
40	12
50	19
49	12
45	9
11	8
25	5
17	28
33	35
2	41
7	15

150

1.79769e+308
1.79769e+308
1.79769e+308
1.79769e+308
1.79769e+308

14
17
16
17
17
12
20
15
15
12
13
15
11
18
13
13
19
18
19
14

0
0
0
0
0

0

0	9.64459	1.21506	7.96197	3.73751	6.96661	9.42559	4.83804	6.81694	7.246	4.93612	3.46542	4.9913	11.211	9.04795	6.93375	8.73172	8.57811	9.76537	4.17013	5.81878	5.26993	8.15486	5.50519	2.77184	
9.64459	0	11.5412	9.43616	5.90708	4.8128	4.611	7.00761	9.14064	6.18615	9.81513	9.74892	7.16087	8.70316	4.51842	6.04648	3.10087	4.92905	6.58744	11.6377	10.466	8.01749	7.62823	6.17539	10.1267	
1.21506	11.5412	0	11.3254	4.95257	8.18168	7.84076	4.58442	6.31877	7.59048	6.15118	4.68048	6.30637	10.4003	6.926	4.8118	9.94679	8.41959	7.18352	2.95507	7.03384	5.37561	7.17386	6.7968	3.11632	
7.96197	9.43616	11.3254	0	3.16182	5.48986	3.04582	3.5841	6.39502	5.26328	6.3256	6.33131	1.90802	4.25634	9.11089	6.34282	4.55595	4.80887	5.22316	10.2734	9.1017	5.94981	10.8183	6.12581	12.4999	
3.73751	5.90708	4.95257	3.16182	0	6.63114	4.311	1.10053	5.7408	5.54819	8.67363	7.20292	1.2538	9.90979	8.45667	6.62774	6.92196	5.09378	5.50808	2.72988	9.38661	4.35463	9.85515	1.76769	6.50935	
6.96661	4.8128	8.18168	5.48986	6.63114	0	7.09612	5.53061	4.32783	9.00928	9.07567	4.93611	7.20668	8.30664	7.71331	5.70871	7.91368	10.2341	5.19258	7.15995	5.32599	6.74327	6.20082	8.01582	9.73845	
9.42559	4.611	7.84076	3.04582	4.311	7.09612	0	3.21046	7.78032	3.59235	4.53373	8.67328	4.88654	1.21051	2.92767	4.45573	1.51013	3.13794	1.99468	4.8398	7.43077	6.42675	6.03748	5.69567	8.53599	
4.83804	7.00761	4.58442	3.5841	1.10053	5.53061	3.21046	0	6.16308	11.8964	7.74419	9.38939	1.67608	4.42097	5.60027	3.48607	4.72059	6.19432	6.84122	1.62934	8.84504	3.25409	8.26331	2.48521	7.74662	
6.81694	9.14064	6.31877	6.39502	5.7408	4.32783	7.78032	6.16308	0	2.54692	12.3141	8.267	4.487	1.64892	3.38548	1.38088	4.32648	1.27905	0.864753	3.2376	0.998156	6.88221	1.87299	8.7048	7.25601	
7.246	6.18615	7.59048	5.26328	5.54819	9.00928	3.59235	11.8964	2.54692	0	4.09639	10.6427	9.16845	2.46634	4.50283	1.98836	2.28259	0.454406	0.868701	5.91892	4.74723	8.0019	6.46385	9.96957	4.47416	
4.93612	9.81513	6.15118	6.3256	8.67363	9.07567	4.53373	7.74419	12.3141	4.09639	0	4.13955	8.23362	5.74424	12.4823	5.17594	5.47016	3.64198	4.05628	9.1065	7.93481	9.77254	9.65143	13.5326	7.70796	
3.46542	9.74892	4.68048	6.33131	7.20292	4.93611	8.67328	9.38939	8.267	10.6427	4.13955	0	8.23933	7.90833	11.6525	9.64788	11.3521	7.78153	8.6925	8.54243	9.26516	6.43553	10.14	9.39305	6.16857	
4.9913	7.16087	6.30637	1.90802	1.2538	7.20668	4.88654	1.67608	4.487	9.16845	8.23362	8.23933	0	6.11415	7.20287	5.86788	6.41376	6.34758	5.35175	3.30542	5.48516	4.93017	6.35999	3.02148	8.82579	
11.211	8.70316	10.4003	4.25634	9.90979	8.30664	1.21051	4.42097	1.64892	2.46634	5.74424	7.90833	6.11415	0	4.39495	1.73867	2.72064	1.19846	0.78417	5.99604	8.49293	6.84222	10.1296	11.6775	12.6282	
9.04795	4.51842	6.926	9.11089	8.45667	7.71331	2.92767	5.60027	3.38548	4.50283	12.4823	11.6525	7.20287	4.39495	0	3.94146	1.41755	3.24573	3.61078	3.97093	4.38363	6.33417	5.25847	11.4207	8.44341	
6.93375	6.04648	4.8118	6.34282	6.62774	5.70871	4.45573	3.48607	1.38088	1.98836	5.17594	9.64788	5.86788	1.73867	3.94146	0	2.94561	1.3688	0.954505	1.85673	2.37903	6.61822	3.25386	11.7227	9.81048	
8.73172	3.10087	9.94679	4.55595	6.92196	7.91368	1.51013	4.72059	4.32648	2.28259	5.47016	11.3521	6.41376	2.72064	1.41755	2.94561	0	1.82818	2.24247	4.80234	6.121	4.91662	4.52735	9.27626	7.02586	
8.57811	4.92905	8.41959	4.80887	5.09378	10.2341	3.13794	6.19432	1.27905	0.454406	3.64198	7.78153	6.34758	1.19846	3.24573	1.3688	1.82818	0	0.414295	3.39068	4.29283	6.7448	6.00944	6.86147	4.92857	
9.76537	6.58744	7.18352	5.22316	5.50808	5.19258	1.99468	6.84122	0.864753	0.868701	4.05628	8.6925	5.35175	0.78417	3.61078	0.954505	2.24247	0.414295	0	2.81123	1.86291	7.62639	2.73774	15.0779	6.15633	
4.17013	11.6377	2.95507	10.2734	2.72988	7.15995	4.8398	1.62934	3.2376	5.91892	9.1065	8.54243	3.30542	5.99604	3.97093	1.85673	4.80234	3.39068	2.81123	0	6.73867	4.76149	6.8063	4.11456	6.07139	
5.81878	10.466	7.03384	9.1017	9.38661	5.32599	7.43077	8.84504	0.998156	4.74723	7.93481	9.26516	5.48516	8.49293	4.38363	2.37903	6.121	4.29283	1.86291	6.73867	0	11.0887	2.87114	13.6643	8.59062	
5.26993	8.01749	5.37561	5.94981	4.35463	6.74327	6.42675	3.25409	6.88221	8.0019	9.77254	6.43553	4.93017	6.84222	6.33417	6.61822	4.91662	6.7448	7.62639	4.76149	11.0887	0	5.00922	5.73931	8.04177	
8.15486	7.62823	7.17386	10.8183	9.85515	6.20082	6.03748	8.26331	1.87299	6.46385	9.65143	10.14	6.35999	10.1296	5.25847	3.25386	4.52735	6.00944	2.73774	6.8063	2.87114	5.00922	0	10.8784	5.38302	
5.50519	6.17539	6.7968	6.12581	1.76769	8.01582	5.69567	2.48521	8.7048	9.96957	13.5326	9.39305	3.02148	11.6775	11.4207	11.7227	9.27626	6.86147	15.0779	4.11456	13.6643	5.73931	10.8784	0	5.49541	
2.77184	10.1267	3.11632	12.4999	6.50935	9.73845	8.53599	7.74662	7.25601	4.47416	7.70796	6.16857	8.82579	12.6282	8.44341	9.81048	7.02586	4.92857	6.15633	6.07139	8.59062	8.04177	5.38302	5.49541	0	

0	6.13956	4.8187	7.43316	3.69051	4.35964	10.6484	3.32564	5.36937	9.50046	9.76648	5.00109	9.97109	5.6449	6.29188	4.1173	9.23169	7.357	14.8516	6.69539	6.17642	2.85732	3.60166	1.38701	4.60133	
6.13956	0	5.33101	3.60572	5.73713	4.3058	6.2729	3.97003	2.02936	5.12496	6.28177	2.6457	5.46562	7.58838	11.6693	3.28143	11.7122	9.23543	10.4761	12.1843	10.3622	5.80812	6.99931	4.75255	3.82862	
4.8187	5.33101	0	7.7291	3.10183	3.46371	3.52589	1.36098	4.9168	9.72184	6.41607	7.01636	2.85657	2.32113	5.39594	3.84872	7.11162	6.0853	10.5374	1.6416	5.93012	1.96138	4.70337	3.29962	8.19929	
7.43316	3.60572	7.7291	0	14.8933	1.9311	9.1905	5.13218	1.57636	7.85674	1.31303	7.61444	6.40012	7.13538	7.071	2.82843	11.1878	4.2667	5.32326	8.81833	7.98753	3.43342	8.64049	9.72129	11.3579	
3.69051	5.73713	3.10183	14.8933	0	9.45432	5.47288	1.76711	5.32293	9.17471	9.5179	8.14038	3.2627	4.26812	4.22525	5.79571	5.86114	7.02956	10.9435	4.74343	8.53255	5.06322	6.65036	2.3035	6.95746	
4.35964	4.3058	3.46371	1.9311	9.45432	0	7.45406	5.96461	3.50746	8.602	3.24413	6.9515	4.46902	8.65883	4.93688	6.02019	8.99941	6.1978	12.1545	10.345	6.05643	1.50232	6.70939	6.88907	7.63153	
10.6484	6.2729	3.52589	9.1905	5.47288	7.45406	0	9.79388	6.76378	1.14794	7.69164	15.5903	9.91118	1.20476	9.72667	2.73236	5.99526	4.96893	6.49911	3.86333	7.14813	8.95639	3.58701	10.3303	8.02213	
3.32564	3.97003	1.36098	5.13218	1.76711	5.96461	9.79388	0	3.55582	9.09499	7.77705	6.61573	1.49559	3.68211	5.99236	4.80789	11.7447	7.90863	9.17641	3.00258	8.9506	3.32237	10.9693	1.93863	8.54167	
5.36937	2.02936	4.9168	1.57636	5.32293	3.50746	6.76378	3.55582	0	7.15432	2.88939	4.67506	5.05141	2.77967	5.96263	1.25207	6.36646	5.84306	12.5094	8.01893	8.76744	5.76994	7.94126	5.49445	9.55704	
9.50046	5.12496	9.72184	7.85674	9.17471	8.602	1.14794	9.09499	7.15432	0	6.5437	7.77066	11.0591	2.3527	7.89041	10.4184	10.7274	5.08611	5.35117	9.63774	15.3799	12.3578	12.1243	9.87751	14.1018	
9.76648	6.28177	6.41607	1.31303	9.5179	3.24413	7.69164	7.77705	2.88939	6.5437	0	13.4324	10.0589	7.17678	10.3597	5.64918	9.87477	5.57973	11.8949	8.05767	11.6464	7.09225	12.2993	10.5458	15.0167	
5.00109	2.6457	7.01636	7.61444	8.14038	6.9515	15.5903	6.61573	4.67506	7.77066	13.4324	0	8.22901	8.00029	12.1924	9.11839	10.6835	14.0391	18.5376	8.65796	2.75802	7.8584	7.44898	6.38809	1.18292	
9.97109	5.46562	2.85657	6.40012	3.2627	4.46902	9.91118	1.49559	5.05141	11.0591	10.0589	8.22901	0	10.8837	7.60726	12.3178	9.24315	8.742	7.68544	10.2041	7.45502	5.97135	9.65261	3.43422	7.04608	
5.6449	7.58838	2.32113	7.13538	4.26812	8.65883	1.20476	3.68211	2.77967	2.3527	7.17678	8.00029	10.8837	0	6.23816	1.5276	4.7905	3.76417	4.82073	2.65857	5.94337	4.28251	2.38224	6.45089	6.81737	
6.29188	11.6693	5.39594	7.071	4.22525	4.93688	9.72667	5.99236	5.96263	7.89041	10.3597	12.1924	7.60726	6.23816	0	4.71056	1.63589	2.8043	3.86086	7.35594	7.33927	3.43456	10.9041	6.52876	9.32402	
4.1173	3.28143	3.84872	2.82843	5.79571	6.02019	2.73236	4.80789	1.25207	10.4184	5.64918	9.11839	12.3178	1.5276	4.71056	0	5.11439	5.29177	9.0356	4.18617	7.47096	4.51787	3.90984	5.50431	8.34496	
9.23169	11.7122	7.11162	11.1878	5.86114	8.99941	5.99526	11.7447	6.36646	10.7274	9.87477	10.6835	9.24315	4.7905	1.63589	5.11439	0	4.44019	13.2621	7.44907	5.70338	5.07045	7.17274	14.8672	7.27847	
7.357	9.23543	6.0853	4.2667	7.02956	6.1978	4.96893	7.90863	5.84306	5.08611	5.57973	14.0391	8.742	3.76417	2.8043	5.29177	4.44019	0	1.05656	4.55164	8.84016	6.23886	6.14641	5.97	10.5815	
14.8516	10.4761	10.5374	5.32326	10.9435	12.1545	6.49911	9.17641	12.5094	5.35117	11.8949	18.5376	7.68544	4.82073	3.86086	9.0356	13.2621	1.05656	0	5.60819	10.0288	13.4826	13.4921	7.02656	11.6039	
6.69539	12.1843	1.6416	8.81833	4.74343	10.345	3.86333	3.00258	8.01893	9.63774	8.05767	8.65796	10.2041	2.65857	7.35594	4.18617	7.44907	4.55164	5.60819	0	4.28852	3.60298	5.04081	5.77136	5.86362	
6.17642	10.3622	5.93012	7.98753	8.53255	6.05643	7.14813	8.9506	8.76744	15.3799	11.6464	2.75802	7.45502	5.94337	7.33927	7.47096	5.70338	8.84016	10.0288	4.28852	0	5.02137	7.84115	8.96044	1.57509	
2.85732	5.80812	1.96138	3.43342	5.06322	1.50232	8.95639	3.32237	5.76994	12.3578	7.09225	7.8584	5.97135	4.28251	3.43456	4.51787	5.07045	6.23886	13.4826	3.60298	5.02137	0	6.45898	4.24432	6.59647	
3.60166	6.99931	4.70337	8.64049	6.65036	6.70939	3.58701	10.9693	7.94126	12.1243	12.2993	7.44898	9.65261	2.38224	10.9041	3.90984	7.17274	6.14641	13.4921	5.04081	7.84115	6.45898	0	4.98867	6.26606	
1.38701	4.75255	3.29962	9.72129	2.3035	6.88907	10.3303	1.93863	5.49445	9.87751	10.5458	6.38809	3.43422	6.45089	6.52876	5.50431	14.8672	5.97	7.02656	5.77136	8.96044	4.24432	4.98867	0	5.98833	
4.60133	3.82862	8.19929	11.3579	6.95746	7.63153	8.02213	8.54167	9.55704	14.1018	15.0167	1.18292	7.04608	6.81737	9.32402	8.34496	7.27847	10.5815	11.6039	5.86362	1.57509	6.59647	6.26606	5.98833	0	

0	7.67045	1.15263	5.36394	3.05484	3.47032	3.0062	2.39385	5.24026	8.45694	4.64407	5.48124	1.78015	10.0221	4.2738	7.28816	8.36048	7.44997	4.40181	7.39517	10.4344	3.53889	3.68333	2.58184	4.30007	
7.67045	0	8.59832	13.7556	6.4213	9.2428	10.5853	6.504	8.35126	12.371	11.7935	10.3554	5.8903	11.5054	12.2643	8.5205	14.133	10.638	9.86014	22.5455	22.4513	9.52952	9.92208	5.6162	11.9796	
1.15263	8.59832	0	10.0834	1.90305	4.62295	4.15883	1.81546	6.72695	6.75676	6.93219	4.21625	2.42916	7.01111	3.12117	4.81226	5.08931	7.12061	4.24592	7.21863	4.93503	4.69152	6.7398	2.70815	3.14744	
5.36394	13.7556	10.0834	0	10.2477	11.4984	2.35774	9.58674	4.5918	6.51177	3.99561	17.6414	8.97303	13.415	13.2045	9.3433	14.6386	6.80152	3.75335	8.34341	7.93	12.1997	3.03487	9.77473	12.4146	
3.05484	6.4213	1.90305	10.2477	0	7.03773	7.05797	1.88839	4.8239	12.838	8.54112	5.54431	1.27469	5.10807	5.02421	4.99315	6.20881	6.22865	6.14897	8.82756	9.92048	5.9846	5.30647	0.805101	4.75637	
3.47032	9.2428	4.62295	11.4984	7.03773	0	4.18857	4.82	6.59587	4.98662	2.5507	2.22908	4.99662	5.9909	8.25584	7.62143	4.89016	4.48417	7.49746	4.143	6.40486	0.286718	11.6676	7.02828	4.61516	
3.0062	10.5853	4.15883	2.35774	7.05797	4.18857	0	9.18692	2.23406	3.90645	1.63787	13.7106	4.70891	4.62895	6.14713	2.4033	5.52823	3.57133	1.39561	6.84591	8.84896	6.54509	0.67713	9.9492	5.42262	
2.39385	6.504	1.81546	9.58674	1.88839	4.82	9.18692	0	6.2785	11.7137	6.4349	3.71897	0.613704	4.37459	4.93663	9.54571	3.27386	4.35831	6.06138	6.72134	7.81427	4.53328	4.64549	1.4154	2.65015	
5.24026	8.35126	6.72695	4.5918	4.8239	6.59587	2.23406	6.2785	0	3.18424	3.87193	4.69717	6.0986	3.1541	1.86033	0.169242	3.37122	2.28676	3.0439	7.69954	5.72694	6.30915	2.91119	5.62901	3.62835	
8.45694	12.371	6.75676	6.51177	12.838	4.98662	3.90645	11.7137	3.18424	0	4.67227	8.53296	12.5065	3.85939	3.2321	3.015	3.82326	2.73881	2.51084	12.3722	1.41823	5.27334	8.47472	14.7946	6.58235	
4.64407	11.7935	6.93219	3.99561	8.54112	2.5507	1.63787	6.4349	3.87193	4.67227	0	4.85357	8.29702	3.05405	5.93291	5.28358	3.01792	1.93347	3.03348	5.20804	8.94887	2.83742	2.315	9.09872	3.78475	
5.48124	10.3554	4.21625	17.6414	5.54431	2.22908	13.7106	3.71897	4.69717	8.53296	4.85357	0	5.5409	16.6777	8.99056	10.6816	8.4365	6.4833	18.3143	5.14001	6.23293	1.94236	7.58647	4.73921	1.06882	
1.78015	5.8903	2.42916	8.97303	1.27469	4.99662	4.70891	0.613704	6.0986	12.5065	8.29702	5.5409	0	6.38276	5.82919	10.24	3.88756	9.25085	6.95394	8.56619	11.509	4.70991	4.03178	0.801696	3.26385	
10.0221	11.5054	7.01111	13.415	5.10807	5.9909	4.62895	4.37459	3.1541	3.85939	3.05405	16.6777	6.38276	0	4.75807	3.06698	1.10074	1.12058	5.11396	9.52339	9.14819	5.66152	3.95182	5.91317	6.78246	
4.2738	12.2643	3.12117	13.2045	5.02421	8.25584	6.14713	4.93663	1.86033	3.2321	5.93291	8.99056	5.82919	4.75807	0	1.69109	3.99311	3.99944	4.56575	6.75049	1.81386	8.54038	9.9857	8.59135	6.2686	
7.28816	8.5205	4.81226	9.3433	4.99315	7.62143	2.4033	9.54571	0.169242	3.015	5.28358	10.6816	10.24	3.06698	1.69109	0	4.16772	2.456	2.87466	8.44158	3.50495	6.47839	7.01879	10.2824	3.79759	
8.36048	14.133	5.08931	14.6386	6.20881	4.89016	5.52823	3.27386	3.37122	3.82326	3.01792	8.4365	3.88756	1.10074	3.99311	4.16772	0	1.08446	4.61731	10.7436	5.80698	5.17688	5.05256	7.64614	5.924	
7.44997	10.638	7.12061	6.80152	6.22865	4.48417	3.57133	4.35831	2.28676	2.73881	1.93347	6.4833	9.25085	1.12058	3.99944	2.456	1.08446	0	5.24965	7.14151	4.15704	4.54094	5.0724	11.2825	5.71822	
4.40181	9.86014	4.24592	3.75335	6.14897	7.49746	1.39561	6.06138	3.0439	2.51084	3.03348	18.3143	6.95394	5.11396	4.56575	2.87466	4.61731	5.24965	0	14.0901	3.92907	10.6821	2.07274	15.4763	7.39336	
7.39517	22.5455	7.21863	8.34341	8.82756	4.143	6.84591	6.72134	7.69954	12.3722	5.20804	5.14001	8.56619	9.52339	6.75049	8.44158	10.7436	7.14151	14.0901	0	8.56435	3.85628	10.5888	10.5979	4.07119	
10.4344	22.4513	4.93503	7.93	9.92048	6.40486	8.84896	7.81427	5.72694	1.41823	8.94887	6.23293	11.509	9.14819	1.81386	3.50495	5.80698	4.15704	3.92907	8.56435	0	6.89554	8.17184	10.4052	5.16412	
3.53889	9.52952	4.69152	12.1997	5.9846	0.286718	6.54509	4.53328	6.30915	5.27334	2.83742	1.94236	4.70991	5.66152	8.54038	6.47839	5.17688	4.54094	10.6821	3.85628	6.89554	0	8.74169	5.5116	3.01118	
3.68333	9.92208	6.7398	3.03487	5.30647	11.6676	0.67713	4.64549	2.91119	8.47472	2.315	7.58647	4.03178	3.95182	9.9857	7.01879	5.05256	5.0724	2.07274	10.5888	8.17184	8.74169	0	4.83348	6.51765	
2.58184	5.6162	2.70815	9.77473	0.805101	7.02828	9.9492	1.4154	5.62901	14.7946	9.09872	4.73921	0.801696	5.91317	8.59135	10.2824	7.64614	11.2825	15.4763	10.5979	10.4052	5.5116	4.83348	0	5.56147	
4.30007	11.9796	3.14744	12.4146	4.75637	4.61516	5.42262	2.65015	3.62835	6.58235	3.78475	1.06882	3.26385	6.78246	6.2686	3.79759	5.924	5.71822	7.39336	4.07119	5.16412	3.01118	6.51765	5.56147	0	

0	6.56942	7.61406	8.57178	10.0054	10.2473	9.49269	5.96387	6.70623	15.0649	13.1566	6.04002	9.08609	9.46362	5.34011	1.80645	6.90358	11.7856	3.02988	7.82869	13.7528	9.31912	8.04567	9.12132	6.44674	
6.56942	0	6.65103	11.409	3.43599	9.33473	10.3663	8.97342	11.8936	9.83487	6.58723	9.64711	5.16706	8.10947	8.55563	8.37587	12.5801	8.91855	14.2382	8.52013	9.10254	6.4385	9.57289	2.5519	9.24039	
7.61406	6.65103	0	26.4418	4.78681	10.759	6.25257	2.32239	8.22516	8.63269	8.34244	3.65776	6.45551	9.46249	9.90645	9.42051	5.84234	10.636	14.8597	1.8691	10.4534	7.78932	8.26218	9.11406	2.92581	
8.57178	11.409	26.4418	0	10.5031	8.94965	3.9382	10.8041	11.0744	3.40681	4.8626	14.3939	15.0782	3.34036	5.3835	6.76532	6.74736	2.49049	6.55371	10.9337	13.1719	8.21184	4.7583	16.9695	13.5694	
10.0054	3.43599	4.78681	10.5031	0	5.97222	9.3388	5.55145	10.8105	8.74826	10.0232	9.0504	1.73106	7.874	5.11964	8.6533	9.07139	12.3545	7.12217	6.65591	5.66655	3.00251	5.08856	4.38962	7.81834	
10.2473	9.33473	10.759	8.94965	5.97222	0	4.27193	10.3659	7.07931	12.3538	15.2537	4.20725	5.901	6.64406	3.56615	7.0998	14.2688	5.71964	5.56868	5.99591	9.28405	6.60801	5.71894	6.78283	4.61397	
9.49269	10.3663	6.25257	3.9382	9.3388	4.27193	0	7.16331	2.80738	2.36404	3.89438	6.17214	4.80451	2.37213	4.21917	7.70716	5.77913	1.44772	5.58548	4.38347	7.34764	5.98708	1.44702	11.0548	5.44018	
5.96387	8.97342	2.32239	10.8041	5.55145	10.3659	7.16331	0	8.26054	9.22996	9.51284	4.56851	4.46495	6.92694	10.6711	7.77032	3.51994	8.31364	16.9533	2.77984	11.218	6.60606	5.93979	7.1235	3.83655	
6.70623	11.8936	8.22516	11.0744	10.8105	7.07931	2.80738	8.26054	0	0.407535	12.3389	13.1036	5.67825	3.7387	5.69087	4.89978	6.19799	1.32386	2.93402	7.19085	10.155	6.15328	2.32076	14.1769	11.7039	
15.0649	9.83487	8.63269	3.40681	8.74826	12.3538	2.36404	9.22996	0.407535	0	10.1774	18.2355	7.88686	5.73983	4.52901	3.74991	5.79045	0.916322	2.52648	13.8301	7.97375	5.74575	2.72829	15.9917	10.5616	
13.1566	6.58723	8.34244	4.8626	10.0232	15.2537	3.89438	9.51284	12.3389	10.1774	0	4.03725	12.0016	1.52224	4.94907	8.87438	4.92924	10.9023	4.73559	4.68724	5.86015	6.39373	2.94019	9.13913	3.63053	
6.04002	9.64711	3.65776	14.3939	9.0504	4.20725	6.17214	4.56851	13.1036	18.2355	4.03725	0	7.31934	9.38206	7.77339	7.2108	13.301	17.8408	9.42725	1.46343	2.63634	5.22255	10.6768	7.51234	0.40672	
9.08609	5.16706	6.45551	15.0782	1.73106	5.901	4.80451	4.46495	5.67825	7.88686	12.0016	7.31934	0	4.77544	6.8507	8.31288	7.98489	12.7786	9.53631	7.24479	7.39762	2.14111	3.35749	2.65855	6.95694	
9.46362	8.10947	9.46249	3.34036	7.874	6.64406	2.37213	6.92694	3.7387	5.73983	1.52224	9.38206	4.77544	0	3.42683	4.43678	3.407	3.81985	3.21335	6.7556	8.66062	4.87148	1.41794	13.2741	5.15277	
5.34011	8.55563	9.90645	5.3835	5.11964	3.56615	4.21917	10.6711	5.69087	4.52901	4.94907	7.77339	6.8507	3.42683	0	3.22596	6.83382	5.66688	2.00253	8.60263	7.4498	4.74338	4.84477	10.349	9.55921	
1.80645	8.37587	9.42051	6.76532	8.6533	7.0998	7.70716	7.77032	4.89978	3.74991	8.87438	7.2108	8.31288	4.43678	3.22596	0	5.09713	9.25581	1.22343	7.86079	6.6707	8.27704	7.22054	10.9714	6.80408	
6.90358	12.5801	5.84234	6.74736	9.07139	14.2688	5.77913	3.51994	6.19799	5.79045	4.92924	13.301	7.98489	3.407	6.83382	5.09713	0	4.90942	6.32056	6.29978	16.3724	8.27848	4.82494	10.2012	9.62343	
11.7856	8.91855	10.636	2.49049	12.3545	5.71964	1.44772	8.31364	1.32386	0.916322	10.9023	17.8408	12.7786	3.81985	5.66688	9.25581	4.90942	0	3.4428	5.83118	8.79536	6.66207	2.89473	11.4705	13.9319	
3.02988	14.2382	14.8597	6.55371	7.12217	5.56868	5.58548	16.9533	2.93402	2.52648	4.73559	9.42725	9.53631	3.21335	2.00253	1.22343	6.32056	3.4428	0	9.95007	5.44727	6.74592	4.63129	17.5695	7.67689	
7.82869	8.52013	1.8691	10.9337	6.65591	5.99591	4.38347	2.77984	7.19085	13.8301	4.68724	1.46343	7.24479	6.7556	8.60263	7.86079	6.29978	5.83118	9.95007	0	3.28633	5.87254	5.83048	8.16233	1.05671	
13.7528	9.10254	10.4534	13.1719	5.66655	9.28405	7.34764	11.218	10.155	7.97375	5.86015	2.63634	7.39762	8.66062	7.4498	6.6707	16.3724	8.79536	5.44727	3.28633	0	7.04545	8.79466	9.33525	2.22962	
9.31912	6.4385	7.78932	8.21184	3.00251	6.60801	5.98708	6.60606	6.15328	5.74575	6.39373	5.22255	2.14111	4.87148	4.74338	8.27704	8.27848	6.66207	6.74592	5.87254	7.04545	0	4.54007	4.79966	4.81583	
8.04567	9.57289	8.26218	4.7583	5.08856	5.71894	1.44702	5.93979	2.32076	2.72829	2.94019	10.6768	3.35749	1.41794	4.84477	7.22054	4.82494	2.89473	4.63129	5.83048	8.79466	4.54007	0	6.01604	9.3559	
9.12132	2.5519	9.11406	16.9695	4.38962	6.78283	11.0548	7.1235	14.1769	15.9917	9.13913	7.51234	2.65855	13.2741	10.349	10.9714	10.2012	11.4705	17.5695	8.16233	9.33525	4.79966	6.01604	0	7.10562	
6.44674	9.24039	2.92581	13.5694	7.81834	4.61397	5.44018	3.83655	11.7039	10.5616	3.63053	0.40672	6.95694	5.15277	9.55921	6.80408	9.62343	13.9319	7.67689	1.05671	2.22962	4.81583	9.3559	7.10562	0	

0	5.97737	0.236072	10.3798	4.42873	4.89395	6.73341	3.59635	2.53449	3.75024	8.27112	1.04078	4.37246	7.51427	6.62765	4.06648	8.12079	4.67192	14.3955	2.43135	4.43248	3.63233	13.0326	4.8501	1.32912	
5.97737	0	6.21345	14.8148	9.14532	10.0805	9.89688	6.95269	11.9277	4.7063	9.25507	7.01815	7.88472	16.459	12.605	9.98495	17.3939	6.94727	9.82735	16.9651	15.8403	10.2661	10.7581	6.37891	7.37031	
0.236072	6.21345	0	9.04019	4.19266	4.65788	6.3012	3.36028	4.52512	3.51417	7.01701	1.27685	4.13638	7.2782	6.86372	3.83041	7.58652	4.37202	7.73293	2.13145	4.13258	3.35765	5.33544	3.93406	1.09305	
10.3798	14.8148	9.04019	0	4.84754	3.36439	4.4192	6.71178	12.0249	10.0851	9.78079	14.2114	6.10813	4.97136	9.93945	8.86656	11.4471	8.20166	4.96404	8.1767	16.7735	7.20796	2.68682	7.93717	9.6605	
4.42873	9.14532	4.19266	4.84754	0	3.94456	5.26536	1.86425	4.02199	7.70682	9.24394	5.50901	1.2606	6.24649	6.9927	8.02306	11.2044	8.09194	6.78878	3.57612	7.8525	2.36042	7.53436	2.43802	4.61452	
4.89395	10.0805	4.65788	3.36439	3.94456	0	3.6047	5.21454	8.47275	8.17205	9.7779	4.53686	2.68396	4.96847	7.93019	8.48829	12.5426	7.11978	17.2291	4.87921	6.88034	6.10541	0.677563	5.78832	3.84081	
6.73341	9.89688	6.3012	4.4192	5.26536	3.6047	0	4.09174	2.5237	9.91035	3.54961	6.03652	7.10028	0.552157	10.1798	8.54818	6.40461	3.29589	9.38324	6.37888	6.17846	2.90493	2.92714	3.51796	5.16953	
3.59635	6.95269	3.36028	6.71178	1.86425	5.21454	4.09174	0	4.54182	6.87445	10.0374	5.31869	3.12484	6.51336	16.7171	5.23654	10.5121	5.40527	11.6027	5.44036	7.66217	3.09688	5.8921	0.573777	4.03094	
2.53449	11.9277	4.52512	12.0249	4.02199	8.47275	2.5237	4.54182	0	3.10442	3.88132	1.49371	8.78893	1.97154	11.989	0.694716	1.58564	0.86345	4.10107	8.3605	7.59784	1.66157	8.39595	5.1156	2.18976	
3.75024	4.7063	3.51417	10.0851	7.70682	8.17205	9.91035	6.87445	3.10442	0	4.54877	7.29108	7.65055	4.9847	12.8683	5.27864	2.96316	2.24097	5.12104	8.3337	9.58134	6.91043	10.6738	11.0852	4.60722	
8.27112	9.25507	7.01701	9.78079	9.24394	9.7779	3.54961	10.0374	3.88132	4.54877	0	10.0755	12.1714	2.99745	8.31957	3.1866	1.39493	2.11711	7.08912	11.7362	8.62375	8.26652	8.28872	8.87954	9.1281	
1.04078	7.01815	1.27685	14.2114	5.50901	4.53686	6.03652	5.31869	1.49371	7.29108	10.0755	0	8.02518	3.46525	7.66843	2.18843	5.7723	2.35716	8.28773	1.73446	3.73559	2.96065	13.4829	4.15321	0.696051	
4.37246	7.88472	4.13638	6.10813	1.2606	2.68396	7.10028	3.12484	8.78893	7.65055	12.1714	8.02518	0	7.50708	17.4935	7.96679	12.0211	10.6081	14.3814	4.83671	10.3687	3.62102	3.36153	4.82088	5.22943	
7.51427	16.459	7.2782	4.97136	6.24649	4.96847	0.552157	6.51336	1.97154	4.9847	2.99745	3.46525	7.50708	0	11.317	2.66626	3.46592	2.74373	5.98136	9.8226	5.6263	3.45709	3.47929	4.07012	5.89263	
6.62765	12.605	6.86372	9.93945	6.9927	7.93019	10.1798	16.7171	11.989	12.8683	8.31957	7.66843	17.4935	11.317	0	11.2942	9.7145	12.0864	6.62925	3.41658	10.8448	10.1155	7.25263	15.9292	4.45499	
4.06648	9.98495	3.83041	8.86656	8.02306	8.48829	8.54818	5.23654	0.694716	5.27864	3.1866	2.18843	7.96679	2.66626	11.2942	0	3.75612	1.55817	3.90252	7.11518	8.45871	2.35629	11.7868	12.6502	4.92346	
8.12079	17.3939	7.58652	11.4471	11.2044	12.5426	6.40461	10.5121	1.58564	2.96316	1.39493	5.7723	12.0211	3.46592	9.7145	3.75612	0	0.722187	3.95981	9.69575	8.06256	8.84402	9.155	10.8585	4.00116	
4.67192	6.94727	4.37202	8.20166	8.09194	7.11978	3.29589	5.40527	0.86345	2.24097	2.11711	2.35716	10.6081	2.74373	12.0864	1.55817	0.722187	0	3.23762	4.31738	6.31851	2.52502	8.43281	6.73614	3.27898	
14.3955	9.82735	7.73293	4.96404	6.78878	17.2291	9.38324	11.6027	4.10107	5.12104	7.08912	8.28773	14.3814	5.98136	6.62925	3.90252	3.95981	3.23762	0	3.21266	10.578	8.72246	7.65086	17.5333	4.25107	
2.43135	16.9651	2.13145	8.1767	3.57612	4.87921	6.37888	5.44036	8.3605	8.3337	11.7362	1.73446	4.83671	9.8226	3.41658	7.11518	9.69575	4.31738	3.21266	0	4.07794	3.30301	10.6692	4.49557	1.03841	
4.43248	15.8403	4.13258	16.7735	7.8525	6.88034	6.17846	7.66217	7.59784	9.58134	8.62375	3.73559	10.3687	5.6263	10.8448	8.45871	8.06256	6.31851	10.578	4.07794	0	5.30414	12.0507	6.4967	3.03954	
3.63233	10.2661	3.35765	7.20796	2.36042	6.10541	2.90493	3.09688	1.66157	6.91043	8.26652	2.96065	3.62102	3.45709	10.1155	2.35629	8.84402	2.52502	8.72246	3.30301	5.30414	0	5.83207	3.67066	2.2646	
13.0326	10.7581	5.33544	2.68682	7.53436	0.677563	2.92714	5.8921	8.39595	10.6738	8.28872	13.4829	3.36153	3.47929	7.25263	11.7868	9.155	8.43281	7.65086	10.6692	12.0507	5.83207	0	6.4451	4.51837	
4.8501	6.37891	3.93406	7.93717	2.43802	5.78832	3.51796	0.573777	5.1156	11.0852	8.87954	4.15321	4.82088	4.07012	15.9292	12.6502	10.8585	6.73614	17.5333	4.49557	6.4967	3.67066	6.4451	0	3.45716	
1.32912	7.37031	1.09305	9.6605	4.61452	3.84081	5.16953	4.03094	2.18976	4.60722	9.1281	0.696051	5.22943	5.89263	4.45499	4.92346	4.00116	3.27898	4.25107	1.03841	3.03954	2.2646	4.51837	3.45716	0	

0	7.19552	0.436653	5.381	2.07295	6.79742	10.2174	3.32755	7.98387	9.49337	9.35153	4.20949	2.31235	7.58905	12.412	9.71355	7.5498	7.29454	5.64885	3.12161	1.84107	3.88235	7.25295	2.4463	1.52681	
7.19552	0	11.5353	7.09896	4.11724	6.00243	4.62628	7.40048	14.0041	16.5155	9.9258	5.33198	10.0098	8.13755	15.2568	11.4113	12.0369	8.24684	7.96492	4.07391	16.9549	6.25088	3.47508	2.90254	3.82203	
0.436653	11.5353	0	4.94435	2.50961	7.63571	7.62919	3.76421	5.75813	7.26763	7.12579	5.5991	9.47239	8.42733	13.2503	7.28374	7.90405	6.74203	5.2122	3.55827	2.27772	3.44569	8.09123	6.04975	1.96346	
5.381	7.09896	4.94435	0	16.6814	6.15123	4.77508	7.26079	12.8534	12.987	6.86985	12.0377	14.4012	5.47029	11.2686	8.14033	2.9597	7.19796	7.36512	16.1985	5.92276	8.39004	3.62388	13.5771	9.60375	
2.07295	4.11724	2.50961	16.6814	0	5.50773	11.7593	2.03786	8.50207	10.3794	4.50303	7.2354	0.239392	6.29936	11.1223	12.7719	6.33895	7.68827	8.77383	5.19457	3.91403	3.30277	5.96325	1.2147	2.1342	
6.79742	6.00243	7.63571	6.15123	5.50773	0	3.67855	3.46987	9.93409	11.4237	9.58634	10.4339	17.2943	7.18982	12.5543	13.9724	7.77097	11.0363	8.47709	14.1385	12.858	4.73478	2.52735	13.0101	12.5437	
10.2174	4.62628	7.62919	4.77508	11.7593	3.67855	0	5.07659	2.74131	5.0409	0.73326	6.76992	4.9969	4.36128	10.1559	2.21881	4.64341	4.00765	2.64685	6.87647	9.55593	4.1835	1.1512	7.53184	8.69058	
3.32755	7.40048	3.76421	7.26079	2.03786	3.46987	5.07659	0	4.3973	9.5725	5.51625	5.4693	2.27725	4.2615	9.08445	5.10296	4.3011	5.4616	7.01015	6.44917	5.16862	1.26491	3.92539	3.25256	4.85436	
7.98387	14.0041	5.75813	12.8534	8.50207	9.93409	2.74131	4.3973	0	2.60136	2.00805	5.49929	6.2717	3.09066	3.88529	0.948184	4.95135	2.07576	0.545931	4.43694	7.11639	3.13239	6.49568	6.48073	9.8863	
9.49337	16.5155	7.26763	12.987	10.3794	11.4237	5.0409	9.5725	2.60136	0	3.96902	10.3119	12.9054	3.89121	6.99358	4.05647	6.46085	2.69111	2.05543	5.94644	8.62589	6.24068	8.00518	14.5817	21.0872	
9.35153	9.9258	7.12579	6.86985	4.50303	9.58634	0.73326	5.51625	2.00805	3.96902	0	8.45573	4.26364	4.47449	5.89334	2.95207	3.91015	3.27439	1.91359	5.8046	8.48405	4.25134	1.88446	7.59968	9.42384	
4.20949	5.33198	5.5991	12.0377	7.2354	10.4339	6.76992	5.4693	5.49929	10.3119	8.45573	0	12.3086	6.69358	11.0889	4.55111	10.9085	5.43101	5.14908	1.25808	6.36368	4.20439	8.41385	3.60218	2.68269	
2.31235	10.0098	9.47239	14.4012	0.239392	17.2943	4.9969	2.27725	6.2717	12.9054	4.26364	12.3086	0	11.4144	14.9778	11.9423	8.1738	7.53803	6.17723	12.1573	8.47842	8.10421	13.2981	1.4541	10.5325	
7.58905	8.13755	8.42733	5.47029	6.29936	7.18982	4.36128	4.2615	3.09066	3.89121	4.47449	6.69358	11.4144	0	10.0795	2.14247	2.51059	1.2001	2.72992	5.37303	8.21933	5.52641	4.66247	12.4289	11.8595	
12.412	15.2568	13.2503	11.2686	11.1223	12.5543	10.1559	9.08445	3.88529	6.99358	5.89334	11.0889	14.9778	10.0795	0	4.83347	8.30888	7.43577	4.43122	15.3045	11.1063	7.01768	13.0098	12.3543	13.2738	
9.71355	11.4113	7.28374	8.14033	12.7719	13.9724	2.21881	5.10296	0.948184	4.05647	2.95207	4.55111	11.9423	2.14247	4.83347	0	4.65306	3.34257	1.49412	5.80918	8.1692	3.83805	3.37001	7.18639	7.23379	
7.5498	12.0369	7.90405	2.9597	6.33895	7.77097	4.64341	4.3011	4.95135	6.46085	3.91015	10.9085	8.1738	2.51059	8.30888	4.65306	0	3.71069	4.40542	8.29643	5.70873	5.56601	6.58358	20.6631	9.38972	
7.29454	8.24684	6.74203	7.19796	7.68827	11.0363	4.00765	5.4616	2.07576	2.69111	3.27439	5.43101	7.53803	1.2001	7.43577	3.34257	3.71069	0	1.52983	4.17293	8.10029	6.68287	5.86257	8.90297	12.2711	
5.64885	7.96492	5.2122	7.36512	8.77383	8.47709	2.64685	7.01015	0.545931	2.05543	1.91359	5.14908	6.17723	2.72992	4.43122	1.49412	4.40542	1.52983	0	3.89101	6.57046	3.67832	4.13666	9.98854	8.96475	
3.12161	4.07391	3.55827	16.1985	5.19457	14.1385	6.87647	6.44917	4.43694	5.94644	5.8046	1.25808	12.1573	5.37303	15.3045	5.80918	8.29643	4.17293	3.89101	0	4.96268	5.46246	7.54899	6.97645	3.94076	
1.84107	16.9549	2.27772	5.92276	3.91403	12.858	9.55593	5.16862	7.11639	8.62589	8.48405	6.36368	8.47842	8.21933	11.1063	8.1692	5.70873	8.10029	6.57046	4.96268	0	6.90275	9.54663	4.60049	3.36788	
3.88235	6.25088	3.44569	8.39004	3.30277	4.73478	4.1835	1.26491	3.13239	6.24068	4.25134	4.20439	8.10421	5.52641	7.01768	3.83805	5.56601	6.68287	3.67832	5.46246	6.90275	0	5.19031	3.34834	4.26783	
7.25295	3.47508	8.09123	3.62388	5.96325	2.52735	1.1512	3.92539	6.49568	8.00518	1.88446	8.41385	13.2981	4.66247	13.0098	3.37001	6.58358	5.86257	4.13666	7.54899	9.54663	5.19031	0	6.37762	9.84178	
2.4463	2.90254	6.04975	13.5771	1.2147	13.0101	7.53184	3.25256	6.48073	14.5817	7.59968	3.60218	1.4541	12.4289	12.3543	7.18639	20.6631	8.90297	9.98854	6.97645	4.60049	3.34834	6.37762	0	0.919495	
1.52681	3.82203	1.96346	9.60375	2.1342	12.5437	8.69058	4.85436	9.8863	21.0872	9.42384	2.68269	10.5325	11.8595	13.2738	7.23379	9.38972	12.2711	8.96475	3.94076	3.36788	4.26783	9.84178	0.919495	0	

0	12.0501	4.80229	2.53556	5.64577	6.12136	7.68366	2.87155	3.72716	10.687	7.39334	3.96966	5.42006	9.14112	5.39059	8.11885	10.0435	10.7998	8.39932	5.4511	9.69665	0.660099	9.05576	4.92736	2.31491	
12.0501	0	9.92492	10.6766	13.3447	17.0918	8.95262	12.1987	9.1145	10.1094	12.1072	10.3848	9.36266	11.24	6.65955	8.39446	13.4164	12.5249	9.66828	6.20795	9.89777	10.999	7.66905	11.3306	12.0395	
4.80229	9.92492	0	6.66294	9.00202	8.65256	5.55845	6.22523	3.89962	8.53473	7.60266	4.14212	6.49266	9.6653	3.26537	5.99364	3.66645	10.4424	4.53521	6.24407	7.18507	8.33024	9.18337	4.44432	2.48737	
2.53556	10.6766	6.66294	0	8.66988	7.33672	5.48366	5.95242	5.08638	2.05481	1.43063	6.47827	11.8846	7.21186	4.35187	4.36635	2.2119	2.12203	1.34313	6.66647	9.30543	1.87546	4.88743	11.1073	9.15031	
5.64577	13.3447	9.00202	8.66988	0	11.383	9.09218	2.77422	9.45721	10.4521	7.29601	4.58819	5.32836	11.5827	6.79911	8.73718	12.8303	12.8677	9.80784	9.77781	12.2547	7.10273	12.7171	4.5577	6.51207	
6.12136	17.0918	8.65256	7.33672	11.383	0	9.28072	8.60883	7.34127	21.7035	10.4975	7.81993	9.2024	21.4091	10.5261	14.3292	6.56127	15.601	7.43004	10.2523	10.0799	5.46126	9.42277	10.6646	6.16519	
7.68366	8.95262	5.55845	5.48366	9.09218	9.28072	0	9.17464	1.0531	2.80128	6.00312	7.14452	10.6182	1.25539	2.29308	1.77313	1.83309	2.31775	3.51296	5.27177	6.23807	7.35794	6.07633	10.4129	2.46534	
2.87155	12.1987	6.22523	5.95242	2.77422	8.60883	9.17464	0	5.1501	11.9759	4.52179	1.81398	2.93811	10.43	8.15842	10.8867	8.458	15.3081	9.9076	9.94923	9.48048	3.53165	10.4787	2.05581	3.46872	
3.72716	9.1145	3.89962	5.08638	9.45721	7.34127	1.0531	5.1501	0	2.43498	4.7162	3.06699	11.4082	2.30849	3.34617	0.720035	0.779996	4.85052	1.64876	5.04525	4.29862	9.83625	5.02324	7.71498	1.41224	
10.687	10.1094	8.53473	2.05481	10.4521	21.7035	2.80128	11.9759	2.43498	0	6.09748	14.2983	12.5011	3.21785	3.72041	1.71495	1.58044	1.49057	0.711679	7.75054	8.67398	10.7282	6.62138	14.2534	8.29106	
7.39334	12.1072	7.60266	1.43063	7.29601	10.4975	6.00312	4.52179	4.7162	6.09748	0	5.04764	7.4599	7.25852	8.2962	5.79697	3.93621	6.1647	2.77376	13.9651	7.45483	3.30609	6.31805	5.9935	6.70238	
3.96966	10.3848	4.14212	6.47827	4.58819	7.81993	7.14452	1.81398	3.06699	14.2983	5.04764	0	2.99419	13.7238	9.35775	7.48915	7.54912	12.7634	10.4334	7.86612	8.40404	12.7604	8.39559	0.945856	1.65474	
5.42006	9.36266	6.49266	11.8846	5.32836	9.2024	10.6182	2.93811	11.4082	12.5011	7.4599	2.99419	0	18.5615	8.32514	11.0534	12.9942	14.6566	11.3339	11.3038	12.2562	6.08016	14.2431	2.04834	6.67596	
9.14112	11.24	9.6653	7.21186	11.5827	21.4091	1.25539	10.43	2.30849	3.21785	7.25852	13.7238	18.5615	0	3.54847	2.84552	3.97484	1.06235	1.84125	8.8811	13.9035	10.4571	7.75195	16.3146	6.74517	
5.39059	6.65955	3.26537	4.35187	6.79911	10.5261	2.29308	8.15842	3.34617	3.72041	8.2962	9.35775	8.32514	3.54847	0	2.72826	3.8775	3.78763	3.00874	2.9787	10.971	5.06487	5.918	7.7097	5.75275	
8.11885	8.39446	5.99364	4.36635	8.73718	14.3292	1.77313	10.8867	0.720035	1.71495	5.79697	7.48915	11.0534	2.84552	2.72826	0	1.50003	3.87044	2.42663	5.70696	12.8814	6.24181	4.90643	10.0799	2.13228	
10.0435	13.4164	3.66645	2.2119	12.8303	6.56127	1.83309	8.458	0.779996	1.58044	3.93621	7.54912	12.9942	3.97484	3.8775	1.50003	0	1.64766	0.868766	5.82524	3.51862	10.2825	5.80323	8.11077	2.19224	
10.7998	12.5249	10.4424	2.12203	12.8677	15.601	2.31775	15.3081	4.85052	1.49057	6.1647	12.7634	14.6566	1.06235	3.78763	3.87044	1.64766	0	0.778894	10.1558	8.7412	10.1397	9.03692	15.3541	7.40649	
8.39932	9.66828	4.53521	1.34313	9.80784	7.43004	3.51296	9.9076	1.64876	0.711679	2.77376	10.4334	11.3339	1.84125	3.00874	2.42663	0.868766	0.778894	0	5.98743	4.38739	3.21859	6.23056	14.6815	9.63031	
5.4511	6.20795	6.24407	6.66647	9.77781	10.2523	5.27177	9.94923	5.04525	7.75054	13.9651	7.86612	11.3038	8.8811	2.9787	5.70696	5.82524	10.1558	5.98743	0	9.12813	4.79101	8.8967	12.6291	6.21138	
9.69665	9.89777	7.18507	9.30543	12.2547	10.0799	6.23807	9.48048	4.29862	8.67398	7.45483	8.40404	12.2562	13.9035	10.971	12.8814	3.51862	8.7412	4.38739	9.12813	0	9.16204	10.2272	9.3499	7.38173	
0.660099	10.999	8.33024	1.87546	7.10273	5.46126	7.35794	3.53165	9.83625	10.7282	3.30609	12.7604	6.08016	10.4571	5.06487	6.24181	10.2825	10.1397	3.21859	4.79101	9.16204	0	6.76289	6.00053	2.97501	
9.05576	7.66905	9.18337	4.88743	12.7171	9.42277	6.07633	10.4787	5.02324	6.62138	6.31805	8.39559	14.2431	7.75195	5.918	4.90643	5.80323	9.03692	6.23056	8.8967	10.2272	6.76289	0	10.8084	6.43548	
4.92736	11.3306	4.44432	11.1073	4.5577	10.6646	10.4129	2.05581	7.71498	14.2534	5.9935	0.945856	2.04834	16.3146	7.7097	10.0799	8.11077	15.3541	14.6815	12.6291	9.3499	6.00053	10.8084	0	2.6006	
2.31491	12.0395	2.48737	9.15031	6.51207	6.16519	2.46534	3.46872	1.41224	8.29106	6.70238	1.65474	6.67596	6.74517	5.75275	2.13228	2.19224	7.40649	9.63031	6.21138	7.38173	2.97501	6.43548	2.6006	0	

0	13.9253	7.79508	16.317	4.67042	7.59048	7.13826	2.17098	5.66312	8.78899	9.445	5.23069	6.38352	12.4955	8.36004	3.97119	9.68078	7.90249	10.3293	6.84704	6.76235	7.89408	7.58988	6.16335	4.09478	
13.9253	0	10.0078	11.2397	13.5634	11.7329	10.4433	9.88414	14.3673	15.3035	8.61351	15.4627	8.22159	12.5481	8.76634	13.5546	15.8678	14.6153	14.8287	7.62595	10.8247	12.9005	11.0085	5.89177	11.7274	
7.79508	10.0078	0	21.6865	2.6801	9.68976	15.4852	5.17954	17.237	8.35232	10.0645	8.32194	2.56911	19.0448	4.54563	8.20707	11.8568	15.2448	8.63223	0.948032	11.9712	4.07967	14.2218	2.68222	3.7315	
16.317	11.2397	21.6865	0	19.3847	11.7189	4.93297	13.3468	6.09223	5.15603	2.62623	12.0069	19.1174	6.56085	19.5367	11.5466	10.3471	6.04252	5.5086	12.5603	6.6598	8.3335	9.31323	15.9492	16.0025	
4.67042	13.5634	2.6801	19.3847	0	8.04515	13.8565	2.49944	11.2796	13.4512	13.6286	5.64184	2.09186	13.8012	4.06838	4.29965	14.343	12.5647	13.2281	3.62813	14.9477	3.60242	11.7927	4.42169	7.62755	
7.59048	11.7329	9.68976	11.7189	8.04515	0	6.33318	5.54571	10.0422	5.83572	9.09266	9.60975	6.84305	7.83772	10.6624	7.34593	12.7984	13.727	11.3002	9.55121	10.9085	5.33248	1.67852	6.79529	5.17362	
7.13826	10.4433	15.4852	4.93297	13.8565	6.33318	0	9.30924	2.33324	5.42567	2.30674	12.5622	9.95971	5.35729	3.76795	2.37336	5.42458	4.53917	6.96599	13.9853	0.381402	7.99531	4.65466	9.77143	5.10638	
2.17098	9.88414	5.17954	13.3468	2.49944	5.54571	9.30924	0	2.69295	13.4504	13.0239	2.26051	4.5913	11.3018	6.86695	1.80021	14.8162	10.0735	9.772	5.72656	3.79217	7.31661	7.22423	3.99237	5.12811	
5.66312	14.3673	17.237	6.09223	11.2796	10.0422	2.33324	2.69295	0	0.936202	5.98541	1.35304	3.95451	10.4113	1.97798	0.892738	2.02633	0.248043	0.804983	8.15177	1.95184	9.56575	5.0934	4.85256	6.67682	
8.78899	15.3035	8.35232	5.15603	13.4512	5.83572	5.42567	13.4504	0.936202	0	6.56772	6.57392	12.8097	10.3164	2.01956	1.82894	2.66478	0.886499	0.352574	7.40429	2.88804	11.623	4.1572	9.13847	7.65231	
9.445	8.61351	10.0645	2.62623	13.6286	9.09266	2.30674	13.0239	5.98541	6.56772	0	10.2555	7.21784	3.93462	7.42012	6.02553	7.73132	6.60115	6.21514	9.926	2.68815	5.70727	6.9614	13.323	8.75855	
5.23069	15.4627	8.32194	12.0069	5.64184	9.60975	12.5622	2.26051	1.35304	6.57392	10.2555	0	7.7337	14.1901	7.6157	0.460302	11.4028	5.88576	6.4427	6.51873	2.45226	12.614	7.23037	10.9839	3.73526	
6.38352	8.22159	2.56911	19.1174	2.09186	6.84305	9.95971	4.5913	3.95451	12.8097	7.21784	7.7337	0	14.8217	1.97652	11.1539	9.01012	14.2319	3.6435	3.51714	5.36307	1.51056	7.4466	2.32983	8.18886	
12.4955	12.5481	19.0448	6.56085	13.8012	7.83772	5.35729	11.3018	10.4113	10.3164	3.93462	14.1901	14.8217	0	12.6973	12.1023	10.7819	9.89646	10.1498	15.016	5.73869	9.64189	6.1592	11.276	9.6543	
8.36004	8.76634	4.54563	19.5367	4.06838	10.6624	3.76795	6.86695	1.97798	2.01956	7.42012	7.6157	1.97652	12.6973	0	2.87072	4.7023	2.22603	1.66698	4.60876	3.38655	3.48708	7.99134	2.87458	8.11153	
3.97119	13.5546	8.20707	11.5466	4.29965	7.34593	2.37336	1.80021	0.892738	1.82894	6.02553	0.460302	11.1539	12.1023	2.87072	0	6.65779	1.14078	1.69772	7.25903	1.99196	9.11682	9.43325	5.79259	4.19557	
9.68078	15.8678	11.8568	10.3471	14.343	12.7984	5.42458	14.8162	2.02633	2.66478	7.73132	11.4028	9.01012	10.7819	4.7023	6.65779	0	1.77828	3.03531	10.7195	5.80598	7.49956	10.0792	12.0642	13.4829	
7.90249	14.6153	15.2448	6.04252	12.5647	13.727	4.53917	10.0735	0.248043	0.886499	6.60115	5.88576	14.2319	9.89646	2.22603	1.14078	1.77828	0	1.05303	8.29078	2.19988	9.27784	5.0437	17.6708	11.9973	
10.3293	14.8287	8.63223	5.5086	13.2281	11.3002	6.96599	9.772	0.804983	0.352574	6.21514	6.4427	3.6435	10.1498	1.66698	1.69772	3.03531	1.05303	0	7.6842	2.75682	9.36432	4.50978	4.54156	10.4677	
6.84704	7.62595	0.948032	12.5603	3.62813	9.55121	13.9853	5.72656	8.15177	7.40429	9.926	6.51873	3.51714	15.016	4.60876	7.25903	10.7195	8.29078	7.6842	0	7.50845	4.21873	6.27857	1.73418	2.78347	
6.76235	10.8247	11.9712	6.6598	14.9477	10.9085	0.381402	3.79217	1.95184	2.88804	2.68815	2.45226	5.36307	5.73869	3.38655	1.99196	5.80598	2.19988	2.75682	7.50845	0	7.61391	5.03606	6.26113	4.72498	
7.89408	12.9005	4.07967	8.3335	3.60242	5.33248	7.99531	7.31661	9.56575	11.623	5.70727	12.614	1.51056	9.64189	3.48708	9.11682	7.49956	9.27784	9.36432	4.21873	7.61391	0	7.011	3.84039	7.0022	
7.58988	11.0085	14.2218	9.31323	11.7927	1.67852	4.65466	7.22423	5.0934	4.1572	6.9614	7.23037	7.4466	6.1592	7.99134	9.43325	10.0792	5.0437	4.50978	6.27857	5.03606	7.011	0	5.11677	3.4951	
6.16335	5.89177	2.68222	15.9492	4.42169	6.79529	9.77143	3.99237	4.85256	9.13847	13.323	10.9839	2.32983	11.276	2.87458	5.79259	12.0642	17.6708	4.54156	1.73418	6.26113	3.84039	5.11677	0	4.51765	
4.09478	11.7274	3.7315	16.0025	7.62755	5.17362	5.10638	5.12811	6.67682	7.65231	8.75855	3.73526	8.18886	9.6543	8.11153	4.19557	13.4829	11.9973	10.4677	2.78347	4.72498	7.0022	3.4951	4.51765	0	

0	9.93962	3.08293	20.8585	4.91811	5.76128	7.36975	0.661832	6.68251	8.32929	9.54748	6.30229	1.66364	4.11469	4.6902	6.92479	8.69577	8.9476	13.2518	5.64883	9.63932	3.78575	7.72357	5.05667	3.35174	
9.93962	0	13.0226	13.0087	6.35383	7.98321	13.0595	10.6015	15.079	16.9996	9.21867	14.2538	5.07809	14.1449	10.6971	5.76568	14.0814	12.1421	11.8536	4.23105	13.8046	3.58614	10.7349	2.31522	13.187	
3.08293	13.0226	0	15.9248	1.83517	5.50908	6.74417	3.44268	8.2529	7.62724	4.23717	0.991978	2.44087	8.47954	9.05505	6.9796	6.73469	5.98781	7.41689	3.26309	15.8234	3.8773	12.0884	5.20374	0.268806	
20.8585	13.0087	15.9248	0	14.0896	17.1165	10.425	7.82992	11.0039	9.93443	3.78999	19.1681	18.0097	4.37706	9.62281	10.5458	8.99065	6.71337	6.81208	14.7179	8.63452	10.7295	5.30622	18.1282	7.75835	
4.91811	6.35383	1.83517	14.0896	0	4.01766	4.909	4.9219	9.54351	10.5327	7.04818	3.80299	3.92009	8.39456	4.67036	5.97655	7.24901	7.82298	11.2389	5.95443	10.4791	2.04213	6.68871	3.31305	2.10398	
5.76128	7.98321	5.50908	17.1165	4.01766	0	5.55953	6.33062	9.56199	9.87239	9.20863	3.37093	4.58027	8.32796	4.60376	5.90994	7.18241	10.3115	11.3405	1.34363	2.31204	1.97553	6.6221	3.24645	4.33791	
7.36975	13.0595	6.74417	10.425	4.909	5.55953	0	10.1102	7.27044	5.62365	7.49401	11.1826	6.18874	9.93643	6.21223	7.14161	8.79088	7.26308	6.32986	7.22814	6.25973	3.584	8.23058	4.85492	7.98881	
0.661832	10.6015	3.44268	7.82992	4.9219	6.33062	10.1102	0	7.34434	10.3309	8.37911	6.06393	1.00181	3.45286	4.02837	11.9374	7.41266	8.18354	5.18485	4.987	5.95541	3.60655	7.06174	3.76468	5.29548	
6.68251	15.079	8.2529	11.0039	9.54351	9.56199	7.27044	7.34434	0	1.64678	5.18848	11.2425	10.6455	6.99577	4.38188	0.242282	1.79742	1.23408	3.11487	9.58404	6.29622	4.1767	6.21487	3.69274	8.47915	
8.32929	16.9996	7.62724	9.93443	10.5327	9.87239	5.62365	10.3309	1.64678	0	4.49018	15.5056	11.2431	6.37011	2.62457	1.51796	3.0731	1.63943	1.46809	11.216	7.5719	5.45237	7.49054	4.96841	12.1661	
9.54748	9.21867	4.23717	3.78999	7.04818	9.20863	7.49401	8.37911	5.18848	4.49018	0	4.69153	12.7971	4.92625	4.17857	3.91518	9.59806	2.92338	3.02209	5.81295	4.84453	6.1628	1.51623	11.5339	3.96836	
6.30229	14.2538	0.991978	19.1681	3.80299	3.37093	11.1826	6.06393	11.2425	15.5056	4.69153	0	7.06575	9.5168	9.2031	11.533	7.18906	14.0139	10.3596	2.0273	2.99571	7.59858	7.64489	3.94313	0.723172	
1.66364	5.07809	2.44087	18.0097	3.92009	4.58027	6.18874	1.00181	10.6455	11.2431	12.7971	7.06575	0	4.45467	5.03018	6.21333	7.81162	8.42868	9.775	4.67869	11.0418	2.60474	7.25131	2.76287	2.70968	
4.11469	14.1449	8.47954	4.37706	8.39456	8.32796	9.93643	3.45286	6.99577	6.37011	4.92625	9.5168	4.45467	0	7.48123	5.72248	11.5593	4.73068	6.15977	8.43986	9.77078	6.35243	6.44247	7.62335	8.89461	
4.6902	10.6971	9.05505	9.62281	4.67036	4.60376	6.21223	4.02837	4.38188	2.62457	4.17857	9.2031	5.03018	7.48123	0	4.62416	3.38429	2.58557	1.15648	4.07588	3.10746	2.62823	7.2748	3.89915	9.85017	
6.92479	5.76568	6.9796	10.5458	5.97655	5.90994	7.14161	11.9374	0.242282	1.51796	3.91518	11.533	6.21333	5.72248	4.62416	0	1.55514	0.991799	2.42089	5.36628	6.05394	3.93441	5.97259	3.45046	8.02102	
8.69577	14.0814	6.73469	8.99065	7.24901	7.18241	8.79088	7.41266	1.79742	3.0731	9.59806	7.18906	7.81162	11.5593	3.38429	1.55514	0	2.54694	4.54077	9.46016	6.49175	5.20688	7.52773	5.0056	6.46588	
8.9476	12.1421	5.98781	6.71337	7.82298	10.3115	7.26308	8.18354	1.23408	1.63943	2.92338	14.0139	8.42868	4.73068	2.58557	0.991799	2.54694	0	1.42909	13.0311	7.04574	4.92621	4.43961	4.44226	6.25661	
13.2518	11.8536	7.41689	6.81208	11.2389	11.3405	6.32986	5.18485	3.11487	1.46809	3.02209	10.3596	9.775	6.15977	1.15648	2.42089	4.54077	1.42909	0	9.37683	4.26394	3.78471	4.53832	12.5379	6.99045	
5.64883	4.23105	3.26309	14.7179	5.95443	1.34363	7.22814	4.987	9.58404	11.216	5.81295	2.0273	4.67869	8.43986	4.07588	5.36628	9.46016	13.0311	9.37683	0	0.968413	3.18675	9.67219	1.91583	2.75047	
9.63932	13.8046	15.8234	8.63452	10.4791	2.31204	6.25973	5.95541	6.29622	7.5719	4.84453	2.99571	11.0418	9.77078	3.10746	6.05394	6.49175	7.04574	4.26394	0.968413	0	5.73569	6.36076	2.88424	3.96269	
3.78575	3.58614	3.8773	10.7295	2.04213	1.97553	3.584	3.60655	4.1767	5.45237	6.1628	7.59858	2.60474	6.35243	2.62823	3.93441	5.20688	4.92621	3.78471	3.18675	5.73569	0	4.64657	1.27092	5.12195	
7.72357	10.7349	12.0884	5.30622	6.68871	6.6221	8.23058	7.06174	6.21487	7.49054	1.51623	7.64489	7.25131	6.44247	7.2748	5.97259	7.52773	4.43961	4.53832	9.67219	6.36076	4.64657	0	5.91749	5.48459	
5.05667	2.31522	5.20374	18.1282	3.31305	3.24645	4.85492	3.76468	3.69274	4.96841	11.5339	3.94313	2.76287	7.62335	3.89915	3.45046	5.0056	4.44226	12.5379	1.91583	2.88424	1.27092	5.91749	0	4.91011	
3.35174	13.187	0.268806	7.75835	2.10398	4.33791	7.98881	5.29548	8.47915	12.1661	3.96836	0.723172	2.70968	8.89461	9.85017	8.02102	6.46588	6.25661	6.99045	2.75047	3.96269	5.12195	5.48459	4.91011	0	

0	11.5204	0.124448	10.2153	0.934193	4.77478	5.4577	2.92425	2.6779	5.16968	5.13458	2.00334	2.49139	5.0239	1.85078	7.89599	9.15458	3.36939	12.7515	2.58443	2.84696	3.76583	7.20337	4.22186	2.75902	
11.5204	0	5.96074	9.21624	5.15099	8.71904	7.85029	7.17691	13.8043	12.9397	12.332	5.26066	6.67678	10.6449	7.79796	8.36147	10.2642	9.60519	12.0522	9.6344	11.9329	7.14543	9.72156	8.40585	5.64892	
0.124448	5.96074	0	5.83447	0.809745	5.75159	5.33325	2.7998	5.94759	8.52592	9.32937	1.8789	2.33553	4.57351	1.97523	4.9797	6.88238	6.72563	10.2768	2.70887	6.2032	3.76366	6.73566	4.0646	2.26715	
10.2153	9.21624	5.83447	0	12.4243	9.28095	3.854	12.2754	3.2782	3.04459	4.01414	3.91967	7.69395	8.9348	6.36349	0.818864	6.42566	1.96496	3.9321	8.32931	4.35556	5.84034	1.98274	11.8672	4.34383	
0.934193	5.15099	0.809745	12.4243	0	4.88198	6.143	2.02591	3.4741	5.96587	4.16898	2.68864	1.52579	5.70919	2.64697	8.69218	11.0362	4.16558	12.6445	8.69348	3.64315	4.57938	9.26769	3.25486	3.44432	
4.77478	8.71904	5.75159	9.28095	4.88198	0	7.44686	5.41153	5.08527	6.87151	5.99938	2.89371	3.35619	4.65224	5.9124	7.54461	6.3977	6.68961	9.99464	8.21157	7.49086	1.00895	11.2637	5.08666	6.59117	
5.4577	7.85029	5.33325	3.854	6.143	7.44686	0	8.13306	3.84276	3.99267	3.90267	7.21215	7.1249	2.79462	3.2735	2.90099	4.94579	1.75489	4.45571	13.217	6.40005	10.1747	1.87127	10.2583	4.73355	
2.92425	7.17691	2.7998	12.2754	2.02591	5.41153	8.13306	0	11.0171	9.23083	4.69853	4.6787	2.05534	7.69925	4.67288	12.771	12.7821	11.4686	10.1183	10.6835	11.141	5.10894	17.8554	3.78581	5.43438	
2.6779	13.8043	5.94759	3.2782	3.4741	5.08527	3.84276	11.0171	0	1.78624	7.84651	5.56015	8.44146	1.04814	0.827125	2.45934	3.19931	2.34573	2.67375	11.1833	1.82331	6.09422	8.00021	11.9142	2.98708	
5.16968	12.9397	8.52592	3.04459	5.96587	6.87151	3.99267	9.23083	1.78624	0	5.36013	6.84954	11.2862	2.83438	2.61337	3.38387	3.26862	2.23777	0.887512	12.9696	4.31508	9.8732	5.02733	14.9873	6.35845	
5.13458	12.332	9.32937	4.01414	4.16898	5.99938	3.90267	4.69853	7.84651	5.36013	0	6.06428	2.64319	3.21196	4.64096	4.26845	1.06079	3.12235	3.4419	14.0281	8.01557	5.69679	2.0314	4.37366	6.13249	
2.00334	5.26066	1.8789	3.91967	2.68864	2.89371	7.21215	4.6787	5.56015	6.84954	6.06428	0	3.73838	2.32719	6.37273	3.10081	5.00349	4.2469	7.3846	1.84131	6.63751	1.88476	4.48935	5.46885	0.388259	
2.49139	6.67678	2.33553	7.69395	1.52579	3.35619	7.1249	2.05534	8.44146	11.2862	2.64319	3.73838	0	7.89721	4.17276	6.83919	3.70399	5.76554	10.8282	5.07582	10.4106	3.0536	4.67459	1.73047	4.12664	
5.0239	10.6449	4.57351	8.9348	5.70919	4.65224	2.79462	7.69925	1.04814	2.83438	3.21196	2.32719	7.89721	0	1.87527	3.18347	2.15117	2.03738	4.53228	3.39199	3.60543	5.66119	4.66589	9.62768	1.93893	
1.85078	7.79796	1.97523	6.36349	2.64697	5.9124	3.2735	4.67288	0.827125	2.61337	4.64096	6.37273	4.17276	1.87527	0	2.6647	7.84933	1.51861	4.20641	4.4352	0.996183	5.6166	9.05079	5.90183	4.95306	
7.89599	8.36147	4.9797	0.818864	8.69218	7.54461	2.90099	12.771	2.45934	3.38387	4.26845	3.10081	6.83919	3.18347	2.6647	0	7.07854	1.14609	3.84691	7.47455	3.5367	4.98557	2.8016	11.0124	3.48907	
9.15458	10.2642	6.88238	6.42566	11.0362	6.3977	4.94579	12.7821	3.19931	3.26862	1.06079	5.00349	3.70399	2.15117	7.84933	7.07854	0	4.18315	2.38111	9.37723	5.7566	5.38875	3.0922	12.8407	4.0901	
3.36939	9.60519	6.72563	1.96496	4.16558	6.68961	1.75489	11.4686	2.34573	2.23777	3.12235	4.2469	5.76554	2.03738	1.51861	1.14609	4.18315	0	2.70081	5.57373	2.51479	11.6865	3.62616	12.6153	3.97631	
12.7515	12.0522	10.2768	3.9321	12.6445	9.99464	4.45571	10.1183	2.67375	0.887512	3.4419	7.3846	10.8282	4.53228	4.20641	3.84691	2.38111	2.70081	0	12.2214	8.23413	7.76986	6.82403	12.8492	6.82149	
2.58443	9.6344	2.70887	8.32931	8.69348	8.21157	13.217	10.6835	11.1833	12.9696	14.0281	1.84131	5.07582	3.39199	4.4352	7.47455	9.37723	5.57373	12.2214	0	4.66955	6.2585	5.55414	12.0115	1.45305	
2.84696	11.9329	6.2032	4.35556	3.64315	7.49086	6.40005	11.141	1.82331	4.31508	8.01557	6.63751	10.4106	3.60543	0.996183	3.5367	5.7566	2.51479	8.23413	4.66955	0	8.52524	10.4479	12.37	5.54436	
3.76583	7.14543	3.76366	5.84034	4.57938	1.00895	10.1747	5.10894	6.09422	9.8732	5.69679	1.88476	3.0536	5.66119	5.6166	4.98557	5.38875	11.6865	7.76986	6.2585	8.52524	0	9.83167	4.78407	2.27302	
7.20337	9.72156	6.73566	1.98274	9.26769	11.2637	1.87127	17.8554	8.00021	5.02733	2.0314	4.48935	4.67459	4.66589	9.05079	2.8016	3.0922	3.62616	6.82403	5.55414	10.4479	9.83167	0	16.6078	4.10109	
4.22186	8.40585	4.0646	11.8672	3.25486	5.08666	10.2583	3.78581	11.9142	14.9873	4.37366	5.46885	1.73047	9.62768	5.90183	11.0124	12.8407	12.6153	12.8492	12.0115	12.37	4.78407	16.6078	0	7.55961	
2.75902	5.64892	2.26715	4.34383	3.44432	6.59117	4.73355	5.43438	2.98708	6.35845	6.13249	0.388259	4.12664	1.93893	4.95306	3.48907	4.0901	3.97631	6.82149	1.45305	5.54436	2.27302	4.10109	7.55961	0	

0	7.71334	2.50739	5.16674	3.68159	7.36927	5.53178	6.10699	6.05946	3.33977	4.82079	4.92551	4.26808	3.85649	4.37292	7.92528	7.81567	6.15237	5.8641	4.81867	2.52081	1.11457	4.64105	8.53921	5.65792	
7.71334	0	7.52152	16.8295	4.03174	5.71411	10.1402	5.82085	7.62978	14.1432	13.6227	3.8357	4.40765	8.16405	11.966	17.5916	6.72585	8.94914	8.66087	5.41012	7.34093	8.83344	8.25828	9.17021	4.5681	
2.50739	7.52152	0	18.0843	6.18898	4.86189	4.84212	8.10886	5.3499	7.65921	6.91927	3.8857	6.16835	6.36388	4.44447	7.99683	12.041	5.44282	5.15455	2.31128	6.78879	3.62195	7.14844	6.03183	8.7587	
5.16674	16.8295	18.0843	0	7.9728	14.7341	2.98552	19.7948	5.54224	5.94257	5.25063	5.6386	15.0085	1.31024	5.25941	7.75142	4.82368	3.39602	3.68429	9.70368	6.81844	7.3341	3.27371	13.2961	14.1303	
3.68159	4.03174	6.18898	7.9728	0	1.89296	6.84737	2.4254	6.47364	10.5477	8.50238	2.67955	0.586494	6.19	8.05451	6.80117	5.56971	12.9744	7.76154	4.25398	6.18479	4.79616	4.22654	5.34906	3.41196	
7.36927	5.71411	4.86189	14.7341	1.89296	0	8.41704	3.41959	7.04653	6.25803	5.38444	5.65708	1.30647	9.32483	9.30636	6.90907	8.6824	8.80457	10.0164	5.8862	5.41331	5.73226	12.5687	6.06903	11.4223	
5.53178	10.1402	4.84212	2.98552	6.84737	8.41704	0	8.28963	5.52637	3.98829	3.46784	4.10526	11.4238	1.67528	4.63005	4.63933	6.7658	6.53484	5.72172	2.53084	7.00834	6.21349	2.62083	13.6611	7.03689	
6.10699	5.82085	8.10886	19.7948	2.4254	3.41959	8.28963	0	5.77923	9.92996	9.05637	1.98515	2.11312	6.3135	12.5533	14.5112	4.87531	13.9932	13.2634	3.55957	5.49038	6.53892	6.65194	6.87569	2.71756	
6.05946	7.62978	5.3499	5.54224	6.47364	7.04653	5.52637	5.77923	0	1.36516	2.28074	3.79409	9.89067	4.232	4.26647	0.714114	5.09793	0.483622	0.195353	5.36851	1.63322	3.03946	6.19547	16.2178	3.35789	
3.33977	14.1432	7.65921	5.94257	10.5477	6.25803	3.98829	9.92996	1.36516	0	4.96829	6.48163	6.651	5.66357	4.2034	0.651042	3.97421	2.54655	2.83482	5.34793	3.63145	2.2252	6.60912	17.1441	3.29482	
4.82079	13.6227	6.91927	5.25063	8.50238	5.38444	3.46784	9.05637	2.28074	4.96829	0	6.07483	6.6909	3.94039	7.88956	2.99486	3.29796	4.72562	2.4761	4.60798	3.91396	3.80079	5.90386	15.9262	8.08881	
4.92551	3.8357	3.8857	5.6386	2.67955	5.65708	4.10526	1.98515	3.79409	6.48163	6.07483	0	3.26605	4.32836	8.27753	3.37619	2.89016	4.31782	3.98944	1.57442	3.50523	4.91148	6.29182	15.1827	0.732408	
4.26808	4.40765	6.16835	15.0085	0.586494	1.30647	11.4238	2.11312	9.89067	6.651	6.6909	3.26605	0	9.72385	16.7701	13.6524	16.1979	17.8412	13.0685	7.19267	5.83204	4.4258	4.81303	4.76256	4.74388	
3.85649	8.16405	6.36388	1.31024	6.19	9.32483	1.67528	6.3135	4.232	5.66357	3.94039	4.32836	9.72385	0	3.94917	4.94612	5.48132	4.70626	4.42735	4.20612	5.86522	4.97106	1.96347	11.9858	5.06076	
4.37292	11.966	4.44447	5.25941	8.05451	9.30636	4.63005	12.5533	4.26647	4.2034	7.88956	8.27753	16.7701	3.94917	0	3.55236	7.50479	6.07713	6.36539	6.75576	5.0233	5.48749	5.91263	10.4763	6.19614	
7.92528	17.5916	7.99683	7.75142	6.80117	6.90907	4.63933	14.5112	0.714114	0.651042	2.99486	3.37619	13.6524	4.94612	3.55236	0	5.78306	3.19759	0.909467	5.99897	2.34733	2.87624	10.6887	18.3267	2.64378	
7.81567	6.72585	12.041	4.82368	5.56971	8.6824	6.7658	4.87531	5.09793	3.97421	3.29796	2.89016	16.1979	5.48132	7.50479	5.78306	0	1.42766	1.71593	4.46458	4.85008	7.09875	7.44478	17.4671	3.62257	
6.15237	8.94914	5.44282	3.39602	12.9744	8.80457	6.53484	13.9932	0.483622	2.54655	4.72562	4.31782	17.8412	4.70626	6.07713	3.19759	1.42766	0	0.288269	6.30766	3.42242	4.77175	7.14228	20.2265	3.89242	
5.8641	8.66087	5.15455	3.68429	7.76154	10.0164	5.72172	13.2634	0.195353	2.83482	2.4761	3.98944	13.0685	4.42735	6.36539	0.909467	1.71593	0.288269	0	6.59593	1.82857	6.97867	8.26681	11.1864	3.60415	
4.81867	5.41012	2.31128	9.70368	4.25398	5.8862	2.53084	3.55957	5.36851	5.34793	4.60798	1.57442	7.19267	4.20612	6.75576	5.99897	4.46458	6.30766	6.59593	0	4.47751	5.88375	5.15167	8.34311	2.30683	
2.52081	7.34093	6.78879	6.81844	6.18479	5.41331	7.00834	5.49038	1.63322	3.63145	3.91396	3.50523	5.83204	5.86522	5.0233	2.34733	4.85008	3.42242	1.82857	4.47751	0	1.40624	10.2679	14.7953	4.23764	
1.11457	8.83344	3.62195	7.3341	4.79616	5.73226	6.21349	6.53892	3.03946	2.2252	3.80079	4.91148	4.4258	4.97106	5.48749	2.87624	7.09875	4.77175	6.97867	5.88375	1.40624	0	5.75562	9.18836	4.67135	
4.64105	8.25828	7.14844	3.27371	4.22654	12.5687	2.62083	6.65194	6.19547	6.60912	5.90386	6.29182	4.81303	1.96347	5.91263	10.6887	7.44478	7.14228	8.26681	5.15167	10.2679	5.75562	0	13.9493	8.38393	
8.53921	9.17021	6.03183	13.2961	5.34906	6.06903	13.6611	6.87569	16.2178	17.1441	15.9262	15.1827	4.76256	11.9858	10.4763	18.3267	17.4671	20.2265	11.1864	8.34311	14.7953	9.18836	13.9493	0	19.5902	
5.65792	4.5681	8.7587	14.1303	3.41196	11.4223	7.03689	2.71756	3.35789	3.29482	8.08881	0.732408	4.74388	5.06076	6.19614	2.64378	3.62257	3.89242	3.60415	2.30683	4.23764	4.67135	8.38393	19.5902	0	

0	5.39671	1.76175	6.69738	1.24732	2.21974	13.2774	3.06418	5.23165	8.71522	6.93515	2.71872	1.83352	2.51862	4.16905	6.47949	9.14873	6.32893	9.37745	7.42089	2.43433	1.06796	8.09212	3.31037	2.16551	
5.39671	0	4.66383	10.0608	3.08586	8.44372	9.62836	2.78575	10.1653	11.3902	10.6341	10.361	2.51979	5.09095	8.3652	8.63796	10.4874	9.06803	12.9889	5.42597	10.19	9.1912	15.4258	1.02281	10.6814	
1.76175	4.66383	0	4.10563	0.514432	3.23048	5.17808	2.33129	4.65278	4.52772	2.94929	1.68614	2.69075	3.52936	4.73024	4.21653	7.43661	4.96054	5.83666	6.6212	4.87823	2.0787	4.61173	2.57748	2.23935	
6.69738	10.0608	4.10563	0	6.8045	5.53476	3.38514	6.31565	1.46573	6.90755	1.15634	10.3256	4.62818	3.76774	8.14241	3.80795	2.33683	2.563	5.61152	5.39054	9.87713	5.39375	10.6064	6.12517	9.32006	
1.24732	3.08586	0.514432	6.8045	0	4.00156	8.71353	1.81686	6.47897	5.04215	3.46372	2.20057	2.17631	6.13119	4.21581	4.73096	9.45265	9.7151	8.43316	9.57536	3.68165	2.31528	5.12616	2.06305	3.41282	
2.21974	8.44372	3.23048	5.53476	4.00156	0	10.781	3.51271	4.06904	3.42759	5.77253	2.54753	1.82525	2.60245	5.76782	6.41127	7.41159	5.16632	4.73653	7.4826	5.73962	1.15178	6.99384	3.32223	3.10074	
13.2774	9.62836	5.17808	3.38514	8.71353	10.781	0	10.8578	3.93229	7.35343	2.2288	9.13746	9.17029	6.63053	8.46895	7.2951	8.06144	8.03911	8.66237	4.20239	10.2037	8.08119	8.01114	10.6673	9.45778	
3.06418	2.78575	2.33129	6.31565	1.81686	3.51271	10.8578	0	11.3393	8.98886	8.30159	5.38714	1.68747	5.20887	6.03267	9.89694	11.8172	11.1276	7.67992	10.0893	7.85747	2.45303	10.2921	1.76294	4.83393	
5.23165	10.1653	4.65278	1.46573	6.47897	4.06904	3.93229	11.3393	0	3.4194	1.7035	6.61657	5.89428	4.12242	9.60814	1.84129	2.51667	1.09728	4.1458	5.03504	6.38739	5.22082	10.6177	10.5037	7.39716	
8.71522	11.3902	4.52772	6.90755	5.04215	3.42759	7.35343	8.98886	3.4194	0	6.88662	5.97512	5.25284	4.09907	3.28052	3.06613	3.74152	2.32212	1.30894	10.9307	5.01523	4.57938	3.56625	10.5843	9.53093	
6.93515	10.6341	2.94929	1.15634	3.46372	5.77253	2.2288	8.30159	1.7035	6.88662	0	4.63542	5.78453	8.09436	8.36865	4.04572	3.49318	2.80078	5.8493	6.43119	10.1034	5.02799	7.56102	8.54779	10.4711	
2.71872	10.361	1.68614	10.3256	2.20057	2.54753	9.13746	5.38714	6.61657	5.97512	4.63542	0	4.37278	8.52821	4.92681	5.90267	7.53644	10.8868	7.70571	4.93507	3.19209	3.69931	6.29787	7.74274	0.553213	
1.83352	2.51979	2.69075	4.62818	2.17631	1.82525	9.17029	1.68747	5.89428	5.25284	5.78453	4.37278	0	2.21622	6.39212	10.7166	6.96502	12.4096	6.98343	10.0187	8.21693	0.765561	7.78973	1.49698	4.88423	
2.51862	5.09095	3.52936	3.76774	6.13119	2.60245	6.63053	5.20887	4.12242	4.09907	8.09436	8.52821	2.21622	0	7.49548	1.78019	1.43091	2.5242	2.79013	4.99218	5.82536	1.45066	8.47483	4.06814	5.56933	
4.16905	8.3652	4.73024	8.14241	4.21581	5.76782	8.46895	6.03267	9.60814	3.28052	8.36865	4.92681	6.39212	7.49548	0	5.77988	7.85123	5.60264	4.58946	12.6713	1.73472	6.04482	3.25216	6.27886	10.1635	
6.47949	8.63796	4.21653	3.80795	4.73096	6.41127	7.2951	9.89694	1.84129	3.06613	4.04572	5.90267	10.7166	1.78019	5.77988	0	2.1634	0.74401	2.22794	3.21199	4.04516	3.23086	8.69984	5.84834	8.46738	
9.14873	10.4874	7.43661	2.33683	9.45265	7.41159	8.06144	11.8172	2.51667	3.74152	3.49318	7.53644	6.96502	1.43091	7.85123	2.1634	0	1.41939	4.22104	6.43207	7.26524	2.88157	8.13696	5.49905	6.98323	
6.32893	9.06803	4.96054	2.563	9.7151	5.16632	8.03911	11.1276	1.09728	2.32212	2.80078	10.8868	12.4096	2.5242	5.60264	0.74401	1.41939	0	2.97195	3.956	4.78917	11.2794	5.88837	10.0908	8.40262	
9.37745	12.9889	5.83666	5.61152	8.43316	4.73653	8.66237	7.67992	4.1458	1.30894	5.8493	7.70571	6.98343	2.79013	4.58946	2.22794	4.22104	2.97195	0	5.43993	6.2731	4.24079	4.87518	6.85827	10.8399	
7.42089	5.42597	6.6212	5.39054	9.57536	7.4826	4.20239	10.0893	5.03504	10.9307	6.43119	4.93507	10.0187	4.99218	12.6713	3.21199	6.43207	3.956	5.43993	0	7.25715	9.37405	12.2135	6.44878	5.25539	
2.43433	10.19	4.87823	9.87713	3.68165	5.73962	10.2037	7.85747	6.38739	5.01523	10.1034	3.19209	8.21693	5.82536	1.73472	4.04516	7.26524	4.78917	6.2731	7.25715	0	3.50229	4.98688	8.10367	3.74531	
1.06796	9.1912	2.0787	5.39375	2.31528	1.15178	8.08119	2.45303	5.22082	4.57938	5.02799	3.69931	0.765561	1.45066	6.04482	3.23086	2.88157	11.2794	4.24079	9.37405	3.50229	0	6.69043	2.26254	3.23347	
8.09212	15.4258	4.61173	10.6064	5.12616	6.99384	8.01114	10.2921	10.6177	3.56625	7.56102	6.29787	7.78973	8.47483	3.25216	8.69984	8.13696	5.88837	4.87518	12.2135	4.98688	6.69043	0	10.6683	11.1428	
3.31037	1.02281	2.57748	6.12517	2.06305	3.32223	10.6673	1.76294	10.5037	10.5843	8.54779	7.74274	1.49698	4.06814	6.27886	5.84834	5.49905	10.0908	6.85827	6.44878	8.10367	2.26254	10.6683	0	6.59687	
2.16551	10.6814	2.23935	9.32006	3.41282	3.10074	9.45778	4.83393	7.39716	9.53093	10.4711	0.553213	4.88423	5.56933	10.1635	8.46738	6.98323	8.40262	10.8399	5.25539	3.74531	3.23347	11.1428	6.59687	0	

0	6.12968	3.93035	10.3921	5.35296	9.59392	3.74275	4.9362	7.44613	3.74296	6.84976	10.1534	9.58099	2.67699	10.3562	7.88911	5.34744	3.23843	9.18295	6.1269	4.22308	2.49706	7.76357	9.19422	8.6936	
6.12968	0	5.09769	12.6724	0.776723	8.70614	6.77587	5.20941	8.72811	8.38165	12.692	3.94535	5.75632	6.0305	7.19779	8.66461	5.83382	25.1725	10.1509	2.58059	2.96206	6.53097	11.4121	4.67068	4.96935	
3.93035	5.09769	0	9.81727	5.10181	4.6221	7.31856	3.0232	4.26921	3.28396	8.2124	5.18161	8.51722	7.64881	9.60084	3.56693	3.81858	3.78849	4.46765	6.54637	3.1593	1.43329	6.31442	5.98901	9.35437	
10.3921	12.6724	9.81727	0	11.8956	9.94895	8.78088	11.745	11.35	13.1012	5.96312	14.9989	12.1572	7.71513	7.05297	11.059	12.0459	13.6648	10.7958	11.165	9.33166	9.30591	7.8611	15.8063	11.0807	
5.35296	0.776723	5.10181	11.8956	0	8.9313	5.99914	4.43268	7.95138	8.38578	13.9622	8.39672	4.97959	7.0649	4.46403	8.65367	9.01741	8.59138	4.22562	3.35732	2.18534	3.91136	9.12972	5.4474	5.79528	
9.59392	8.70614	4.6221	9.94895	8.9313	0	14.2975	4.49861	9.85095	7.90607	3.98583	8.39546	4.97833	8.1586	9.56139	8.18903	9.08806	13.3812	8.86501	10.4943	9.3457	6.05539	5.88381	8.35111	9.80659	
3.74275	6.77587	7.31856	8.78088	5.99914	14.2975	0	10.4318	4.45392	10.0732	5.23853	12.8551	10.9787	1.06575	9.97634	3.75164	6.64599	10.6692	4.65236	4.51566	8.18448	8.40228	6.62133	13.3455	7.08237	
4.9362	5.20941	3.0232	11.745	4.43268	4.49861	10.4318	0	7.3882	6.30717	8.48445	4.96728	8.38441	8.56432	11.7761	6.59013	12.8843	9.12576	11.1684	6.33204	4.16515	2.43913	9.33763	3.85249	10.5218	
7.44613	8.72811	4.26921	11.35	7.95138	9.85095	4.45392	7.3882	0	1.60064	4.10826	2.93534	5.17575	5.9144	6.92699	0.702282	1.06603	3.17503	1.603	4.3001	5.50012	4.94907	2.21028	10.5987	4.88488	
3.74296	8.38165	3.28396	13.1012	8.38578	7.90607	10.0732	6.30717	1.60064	0	7.00172	8.46558	4.64434	6.11485	5.86541	3.02326	0.534616	0.504528	2.12254	3.78784	4.16282	4.71725	3.44085	9.27297	11.4129	
6.84976	12.692	8.2124	5.96312	13.9622	3.98583	5.23853	8.48445	4.10826	7.00172	0	13.1154	8.96416	4.17277	5.57556	5.7799	4.80421	6.42311	4.87917	7.62268	6.91945	11.5093	1.89797	13.382	9.6033	
10.1534	3.94535	5.18161	14.9989	8.39672	8.39546	12.8551	4.96728	2.93534	8.46558	13.1154	0	3.41713	4.81467	5.98195	3.63762	4.00137	11.9097	6.39518	1.36476	9.32919	6.6149	5.14562	8.81977	3.75351	
9.58099	5.75632	8.51722	12.1572	4.97959	4.97833	10.9787	8.38441	5.17575	4.64434	8.96416	3.41713	0	9.68996	10.5699	8.54879	4.10973	6.21873	9.44951	4.78189	7.16493	7.08393	7.01596	6.10966	7.49672	
2.67699	6.0305	7.64881	7.71513	7.0649	8.1586	1.06575	8.56432	5.9144	6.11485	4.17277	4.81467	9.68996	0	8.0671	4.81739	5.58024	5.91542	6.11284	3.44991	8.54623	5.17406	6.07075	12.6859	5.83866	
10.3562	7.19779	9.60084	7.05297	4.46403	9.56139	9.97634	11.7761	6.92699	5.86541	5.57556	5.98195	10.5699	8.0671	0	4.64359	7.12191	7.11781	3.74287	4.61719	2.27869	4.00471	7.47353	10.6971	4.02774	
7.88911	8.66461	3.56693	11.059	8.65367	8.18903	3.75164	6.59013	0.702282	3.02326	5.7799	3.63762	8.54879	4.81739	4.64359	0	1.76831	6.9176	0.900723	8.47102	2.941	5.00021	2.91256	9.55594	5.58716	
5.34744	5.83382	3.81858	12.0459	9.01741	9.08806	6.64599	12.8843	1.06603	0.534616	4.80421	4.00137	4.10973	5.58024	7.12191	1.76831	0	1.03914	2.65716	3.25322	8.12301	6.01509	2.90623	10.2194	5.64198	
3.23843	25.1725	3.78849	13.6648	8.59138	13.3812	10.6692	9.12576	3.17503	0.504528	6.42311	11.9097	6.21873	5.91542	7.11781	6.9176	1.03914	0	2.62707	5.36223	9.3965	5.73549	4.52514	10.6834	11.1455	
9.18295	10.1509	4.46765	10.7958	4.22562	8.86501	4.65236	11.1684	1.603	2.12254	4.87917	6.39518	9.44951	6.11284	3.74287	0.900723	2.65716	2.62707	0	7.57029	2.04028	3.76629	5.67013	10.7971	5.65021	
6.1269	2.58059	6.54637	11.165	3.35732	10.4943	4.51566	6.33204	4.3001	3.78784	7.62268	1.36476	4.78189	3.44991	4.61719	8.47102	3.25322	5.36223	7.57029	0	5.99869	7.47918	6.15946	7.25127	2.38875	
4.22308	2.96206	3.1593	9.33166	2.18534	9.3457	8.18448	4.16515	5.50012	4.16282	6.91945	9.32919	7.16493	8.54623	2.27869	2.941	8.12301	9.3965	2.04028	5.99869	0	1.72602	6.94438	8.42317	3.60994	
2.49706	6.53097	1.43329	9.30591	3.91136	6.05539	8.40228	2.43913	4.94907	4.71725	11.5093	6.6149	7.08393	5.17406	4.00471	5.00021	6.01509	5.73549	3.76629	7.47918	1.72602	0	7.15935	6.29163	5.33595	
7.76357	11.4121	6.31442	7.8611	9.12972	5.88381	6.62133	9.33763	2.21028	3.44085	1.89797	5.14562	7.01596	6.07075	7.47353	2.91256	2.90623	4.52514	5.67013	6.15946	6.94438	7.15935	0	11.9187	7.09516	
9.19422	4.67068	5.98901	15.8063	5.4474	8.35111	13.3455	3.85249	10.5987	9.27297	13.382	8.81977	6.10966	12.6859	10.6971	9.55594	10.2194	10.6834	10.7971	7.25127	8.42317	6.29163	11.9187	0	6.66931	
8.6936	4.96935	9.35437	11.0807	5.79528	9.80659	7.08237	10.5218	4.88488	11.4129	9.6033	3.75351	7.49672	5.83866	4.02774	5.58716	5.64198	11.1455	5.65021	2.38875	3.60994	5.33595	7.09516	6.66931	0	

0	1.44801	1.16247	9.08446	6.15667	8.5529	8.25602	4.84163	7.33613	11.3049	13.4692	2.35366	4.40279	4.38689	7.06269	6.74287	6.1081	9.03338	3.47787	8.43842	12.4892	3.60364	4.27691	6.58446	4.3001	
1.44801	0	2.61048	15.8349	7.60468	9.15229	6.06477	6.28963	8.78414	5.21052	13.419	12.5019	10.6771	5.04019	5.17968	4.74692	11.2937	5.08175	2.02986	12.1466	10.5307	5.26669	9.46251	5.13645	8.59386	
1.16247	2.61048	0	8.68436	6.57832	5.94448	4.07214	4.60899	4.58318	8.42623	6.612	1.19119	3.24031	3.22441	5.67241	5.5804	4.73057	6.84214	6.23474	2.98294	9.04285	2.44116	2.89938	6.82318	3.13762	
9.08446	15.8349	8.68436	0	9.07887	6.68264	2.66823	7.5281	1.74833	5.49362	5.03665	13.4214	13.1079	3.1071	8.44969	3.10396	3.02099	3.44559	5.82101	9.67695	6.56641	5.3104	9.28935	11.2048	12.8726	
6.15667	7.60468	6.57832	9.07887	0	2.39623	7.45149	1.79523	7.96253	11.6531	9.99135	13.135	6.84913	3.1798	6.12799	10.0004	14.2011	16.0978	9.6141	5.39054	7.85975	8.59186	10.1267	3.83531	8.5862	
8.5529	9.15229	5.94448	6.68264	2.39623	0	3.56779	3.98412	4.07883	6.11154	6.10765	4.78606	6.42527	2.72006	3.73176	7.60415	8.48504	10.2274	5.7304	2.99431	5.46352	6.19563	6.24298	6.02421	6.18997	
8.25602	6.06477	4.07214	2.66823	7.45149	3.56779	0	2.2323	0.919891	5.74206	4.05538	15.4139	9.85546	0.847727	7.18473	3.6519	7.46501	2.61714	3.85806	9.2507	4.82992	2.81916	2.36094	10.3763	14.7033	
4.84163	6.28963	4.60899	7.5281	1.79523	3.98412	2.2323	0	2.74334	9.85787	4.77216	5.97428	5.06678	1.38457	7.71588	10.3635	11.1232	11.2216	4.39491	6.97843	8.8832	7.22426	4.90749	2.04009	7.92071	
7.33613	8.78414	4.58318	1.74833	7.96253	4.07883	0.919891	2.74334	0	3.06103	4.74635	16.8219	14.997	1.35876	7.85237	2.732	2.19925	1.69725	4.3691	9.22809	5.74981	4.60836	3.28084	9.45642	17.1477	
11.3049	5.21052	8.42623	5.49362	11.6531	6.11154	5.74206	9.85787	3.06103	0	6.62787	4.90898	8.02659	6.19099	3.21483	2.84583	1.86578	1.36378	3.18066	3.11723	6.30828	3.83934	3.38112	11.898	13.7317	
13.4692	13.419	6.612	5.03665	9.99135	6.10765	4.05538	4.77216	4.74635	6.62787	0	7.89426	8.22479	3.38759	3.41304	8.14061	8.05764	9.90864	6.39792	9.72171	8.38084	4.71092	4.2527	19.3919	14.5357	
2.35366	12.5019	1.19119	13.4214	13.135	4.78606	15.4139	5.97428	16.8219	4.90898	7.89426	0	4.4315	4.4156	4.48122	6.77159	7.53133	10.6443	7.63104	1.79175	9.44902	3.63235	7.97334	7.36544	4.32881	
4.40279	10.6771	3.24031	13.1079	6.84913	6.42527	9.85546	5.06678	14.997	8.02659	8.22479	4.4315	0	6.45135	4.81176	8.82071	9.58045	11.3074	7.96158	9.41958	9.77956	5.68148	7.49451	5.54063	5.36903	
4.38689	5.04019	3.22441	3.1071	3.1798	2.72006	0.847727	1.38457	1.35876	6.19099	3.38759	4.4156	6.45135	0	6.16015	4.09077	7.90388	3.05602	3.01033	5.71437	5.67765	3.98114	3.20867	3.42466	6.36203	
7.06269	5.17968	5.67241	8.44969	6.12799	3.73176	7.18473	7.71588	7.85237	3.21483	3.41304	4.48122	4.81176	6.16015	0	5.86688	5.53342	4.57861	3.14982	6.27297	4.9678	3.24401	3.70223	10.3524	9.92172	
6.74287	4.74692	5.5804	3.10396	10.0004	7.60415	3.6519	10.3635	2.732	2.84583	8.14061	6.77159	8.82071	4.09077	5.86688	0	2.04686	2.54886	2.71705	5.96306	3.46245	4.33627	6.22695	10.3056	8.71802	
6.1081	11.2937	4.73057	3.02099	14.2011	8.48504	7.46501	11.1232	2.19925	1.86578	8.05764	7.53133	9.58045	7.90388	5.53342	2.04686	0	0.501997	3.55389	5.58986	5.50931	2.28941	2.74763	16.0015	9.47776	
9.03338	5.08175	6.84214	3.44559	16.0978	10.2274	2.61714	11.2216	1.69725	1.36378	9.90864	10.6443	11.3074	3.05602	4.57861	2.54886	0.501997	0	3.05189	4.48101	9.79821	2.79141	4.7449	11.1537	13.2052	
3.47787	2.02986	6.23474	5.82101	9.6141	5.7304	3.85806	4.39491	4.3691	3.18066	6.39792	7.63104	7.96158	3.01033	3.14982	2.71705	3.55389	3.05189	0	6.29789	6.17951	6.39383	6.39585	7.16632	10.6237	
8.43842	12.1466	2.98294	9.67695	5.39054	2.99431	9.2507	6.97843	9.22809	3.11723	9.72171	1.79175	9.41958	5.71437	6.27297	5.96306	5.58986	4.48101	6.29789	0	8.45783	4.61973	5.07795	9.1572	8.16756	
12.4892	10.5307	9.04285	6.56641	7.85975	5.46352	4.82992	8.8832	5.74981	6.30828	8.38084	9.44902	9.77956	5.67765	4.9678	3.46245	5.50931	9.79821	6.17951	8.45783	0	8.21181	7.19087	6.84311	11.6535	
3.60364	5.26669	2.44116	5.3104	8.59186	6.19563	2.81916	7.22426	4.60836	3.83934	4.71092	3.63235	5.68148	3.98114	3.24401	4.33627	2.28941	2.79141	6.39383	4.61973	8.21181	0	0.45822	11.4871	5.57879	
4.27691	9.46251	2.89938	9.28935	10.1267	6.24298	2.36094	4.90749	3.28084	3.38112	4.2527	7.97334	7.49451	3.20867	3.70223	6.22695	2.74763	4.7449	6.39585	5.07795	7.19087	0.45822	0	13.0351	9.91977	
6.58446	5.13645	6.82318	11.2048	3.83531	6.02421	10.3763	2.04009	9.45642	11.898	19.3919	7.36544	5.54063	3.42466	10.3524	10.3056	16.0015	11.1537	7.16632	9.1572	6.84311	11.4871	13.0351	0	7.69126	
4.3001	8.59386	3.13762	12.8726	8.5862	6.18997	14.7033	7.92071	17.1477	13.7317	14.5357	4.32881	5.36903	6.36203	9.92172	8.71802	9.47776	13.2052	10.6237	8.16756	11.6535	5.57879	9.91977	7.69126	0	

0	11.9301	1.39382	14.5338	2.82954	3.02392	6.64631	1.4787	8.3042	7.06687	6.52191	4.79101	6.26263	8.78769	3.28781	9.87859	6.87971	15.7985	4.37111	3.47074	11.256	2.39571	8.45089	3.06987	2.27713	
11.9301	0	7.41766	8.97046	4.11615	7.95388	11.7304	4.08095	10.5809	20.5814	2.46631	13.6048	2.54885	11.1339	15.2179	5.30449	22.5597	3.75141	6.10503	16.5787	5.5921	11.8841	13.6957	2.48979	11.9487	
1.39382	7.41766	0	18.2261	1.43571	4.41774	7.02699	2.87253	8.48899	6.07958	5.12808	3.3599	3.00301	6.01551	4.68163	7.96626	5.4486	6.41318	7.01832	2.07692	4.40622	2.19013	9.41657	7.31645	2.23818	
14.5338	8.97046	18.2261	0	12.3614	12.0199	4.95393	8.07184	3.43747	1.62381	4.32378	15.4056	16.1468	8.49628	1.76836	4.22092	7.21764	4.40944	0.68506	7.26305	7.25567	16.036	11.8926	6.48067	11.4781	
2.82954	4.11615	1.43571	12.3614	0	9.46502	5.64469	6.72984	6.00205	7.51529	6.09628	4.8623	1.5673	5.73688	12.4947	8.22827	5.55191	10.3218	8.37628	1.79829	2.9705	3.62585	10.8523	5.88074	3.6739	
3.02392	7.95388	4.41774	12.0199	9.46502	0	7.00099	1.83338	5.28028	6.38523	5.48757	4.35662	6.99593	5.76377	2.60617	6.98959	6.44532	6.77267	3.68947	7.9199	8.31183	5.41963	5.42697	3.42455	2.63181	
6.64631	11.7304	7.02699	4.95393	5.64469	7.00099	0	5.1676	5.06476	3.07708	4.73214	5.45653	9.18151	4.76194	5.35217	7.5402	3.70127	3.44704	4.01583	4.95007	2.67419	8.00147	7.52088	6.75877	5.96603	
1.4787	4.08095	2.87253	8.07184	6.72984	1.83338	5.1676	0	7.11366	8.24469	7.32095	1.92015	5.16254	7.59715	4.43955	7.00772	4.00884	6.28981	9.43647	5.48342	7.8418	3.87441	7.26035	1.59117	0.798426	
8.3042	10.5809	8.48899	3.43747	6.00205	5.28028	5.06476	7.11366	0	2.40941	2.90282	5.81389	13.178	5.0358	3.83571	1.70932	3.85622	1.61772	2.75241	9.3304	3.03155	7.56881	6.8532	6.31636	7.91861	
7.06687	20.5814	6.07958	1.62381	7.51529	6.38523	3.07708	8.24469	2.40941	0	2.44143	9.50616	10.9484	2.6264	2.02205	4.11873	2.47649	1.15633	0.938748	6.56498	5.0579	7.85222	4.44379	5.85498	5.68691	
6.52191	2.46631	5.12808	4.32378	6.09628	5.48757	4.73214	7.32095	2.90282	2.44143	0	5.90812	5.01517	8.66758	4.72202	2.83817	3.5236	1.2851	3.63871	7.205	3.12578	7.31822	10.9145	4.9561	7.36627	
4.79101	13.6048	3.3599	15.4056	4.8623	4.35662	5.45653	1.92015	5.81389	9.50616	5.90812	0	8.2954	10.8982	10.1104	7.33101	4.33214	10.1337	9.35294	5.50351	2.78233	5.61672	12.8432	12.2133	1.12172	
6.26263	2.54885	3.00301	16.1468	1.5673	6.99593	9.18151	5.16254	13.178	10.9484	5.01517	8.2954	0	13.6615	10.5039	15.3348	12.8828	12.6285	13.4504	3.36559	4.5378	7.05894	13.3247	5.03864	5.96097	
8.78769	11.1339	6.01551	8.49628	5.73688	5.76377	4.76194	7.59715	5.0358	2.6264	8.66758	10.8982	13.6615	0	6.40545	7.08951	3.3945	3.78273	3.56514	3.93859	5.97591	12.7634	3.39633	12.995	6.60492	
3.28781	15.2179	4.68163	1.76836	12.4947	2.60617	5.35217	4.43955	3.83571	2.02205	4.72202	10.1104	10.5039	6.40545	0	4.61916	6.25555	4.80768	1.0833	7.66129	7.65391	4.07316	8.03314	9.83744	5.84107	
9.87859	5.30449	7.96626	4.22092	8.22827	6.98959	7.5402	7.00772	1.70932	4.11873	2.83817	7.33101	15.3348	7.08951	4.61916	0	6.9396	3.32703	3.53586	10.1138	4.74087	9.27813	8.9069	14.899	6.20929	
6.87971	22.5597	5.4486	7.21764	5.55191	6.44532	3.70127	4.00884	3.85622	2.47649	3.5236	4.33214	12.8828	3.3945	6.25555	6.9396	0	2.2385	3.41524	7.33309	2.58141	8.64948	6.79083	6.93715	3.21042	
15.7985	3.75141	6.41318	4.40944	10.3218	6.77267	3.44704	6.28981	1.61772	1.15633	1.2851	10.1337	12.6285	3.78273	4.80768	3.32703	2.2385	0	2.09508	8.39711	4.41088	9.18652	5.60012	4.69865	5.44892	
4.37111	6.10503	7.01832	0.68506	8.37628	3.68947	4.01583	9.43647	2.75241	0.938748	3.63871	9.35294	13.4504	3.56514	1.0833	3.53586	3.41524	2.09508	0	6.57799	5.78396	5.15646	5.38254	7.16573	9.74299	
3.47074	16.5787	2.07692	7.26305	1.79829	7.9199	4.95007	5.48342	9.3304	6.56498	7.205	5.50351	3.36559	3.93859	7.66129	10.1138	7.33309	8.39711	6.57799	0	4.76879	4.26705	7.33491	7.67903	4.3151	
11.256	5.5921	4.40622	7.25567	2.9705	8.31183	2.67419	7.8418	3.03155	5.0579	3.12578	2.78233	4.5378	5.97591	7.65391	4.74087	2.58141	4.41088	5.78396	4.76879	0	8.81954	11.5122	8.85124	3.90405	
2.39571	11.8841	2.19013	16.036	3.62585	5.41963	8.00147	3.87441	7.56881	7.85222	7.31822	5.61672	7.05894	12.7634	4.07316	9.27813	8.64948	9.18652	5.15646	4.26705	8.81954	0	11.1277	11.5978	4.42832	
8.45089	13.6957	9.41657	11.8926	10.8523	5.42697	7.52088	7.26035	6.8532	4.44379	10.9145	12.8432	13.3247	3.39633	8.03314	8.9069	6.79083	5.60012	5.38254	7.33491	11.5122	11.1277	0	12.6582	8.66187	
3.06987	2.48979	7.31645	6.48067	5.88074	3.42455	6.75877	1.59117	6.31636	5.85498	4.9561	12.2133	5.03864	12.995	9.83744	14.899	6.93715	4.69865	7.16573	7.67903	8.85124	11.5978	12.6582	0	2.38959	
2.27713	11.9487	2.23818	11.4781	3.6739	2.63181	5.96603	0.798426	7.91861	5.68691	7.36627	1.12172	5.96097	6.60492	5.84107	6.20929	3.21042	5.44892	9.74299	4.3151	3.90405	4.42832	8.66187	2.38959	0	

0	6.13486	1.05191	1.60343	6.87982	2.11201	1.36369	4.08036	4.26718	5.26693	3.2767	5.57383	1.17667	5.36566	4.86814	2.6383	3.94059	9.00506	3.49226	8.28767	3.7296	4.88193	3.80627	1.81091	4.62309	
6.13486	0	9.25731	4.59069	8.03892	11.5556	14.7648	5.71373	10.2743	12.996	13.4359	11.565	4.9582	12.9495	7.8554	16.106	6.92785	15.2872	9.3178	10.0837	13.481	8.40443	6.79353	5.59244	9.64959	
1.05191	9.25731	0	2.65534	5.82791	3.16392	2.4156	3.54357	6.17826	9.382	5.21706	8.00313	2.22858	4.31375	5.99504	3.69021	9.02417	8.63273	9.85854	6.98026	4.78151	5.81156	11.4304	5.37898	6.02946	
1.60343	4.59069	2.65534	0	8.03912	3.71544	2.96712	5.68379	5.68357	6.69601	9.19423	8.99949	2.7801	8.07136	3.26471	4.24173	2.33716	6.56911	4.72711	9.08537	4.71446	9.60995	2.20284	5.9305	5.0589	
6.87982	8.03892	5.82791	8.03912	0	8.29175	11.017	3.35237	11.2449	9.22501	11.045	3.00433	10.83	4.7113	11.3038	12.2916	10.3763	9.98524	12.7662	2.0448	10.6624	6.04307	9.33219	6.0054	6.07127	
2.11201	11.5556	3.16392	3.71544	8.29175	0	3.47571	5.46062	7.69912	9.72182	11.918	7.20649	3.28868	6.93374	5.05569	4.75031	8.08482	11.0985	9.25653	6.24696	5.84161	2.76992	13.0576	6.43908	2.51108	
1.36369	14.7648	2.4156	2.96712	11.017	3.47571	0	5.44405	2.90349	6.07795	1.91301	8.75975	2.54036	3.57916	7.55622	4.00199	10.7162	5.32867	6.58377	10.5137	5.09329	9.37022	19.4873	5.69076	6.34125	
4.08036	5.71373	3.54357	5.68379	3.35237	5.46062	5.44405	0	7.89258	11.6309	7.72219	6.52248	3.8034	6.85452	9.53861	6.71866	9.54737	11.1379	9.662	5.39717	7.80995	2.6907	13.2379	3.16916	6.66935	
4.26718	10.2743	6.17826	5.68357	11.2449	7.69912	2.90349	7.89258	0	5.20207	3.51065	7.81582	6.76377	5.17681	4.65273	3.3273	6.33245	3.41796	3.68028	11.3584	5.97158	10.5833	7.88642	9.45661	10.5647	
5.26693	12.996	9.382	6.69601	9.22501	9.72182	6.07795	11.6309	5.20207	0	4.16495	8.13975	8.0378	5.8311	4.66614	2.62863	4.62107	2.47163	1.9689	7.18022	6.11589	12.1685	10.5924	8.67204	11.2067	
3.2767	13.4359	5.21706	9.19423	11.045	11.918	1.91301	7.72219	3.51065	4.16495	0	13.2202	12.2027	1.66616	6.98594	6.03222	7.40035	3.41567	5.25766	4.33267	4.30541	5.82998	11.5365	8.46613	6.28308	
5.57383	11.565	8.00313	8.99949	3.00433	7.20649	8.75975	6.52248	7.81582	8.13975	13.2202	0	3.98756	3.62604	3.29399	6.25701	5.10406	8.89997	13.3026	0.959535	1.84424	10.6174	8.24692	3.35332	4.98601	
1.17667	4.9582	2.22858	2.7801	10.83	3.28868	2.54036	3.8034	6.76377	8.0378	12.2027	3.98756	0	7.75339	7.11743	3.81497	7.01245	10.5094	9.25737	4.59484	4.90626	9.18319	16.0675	0.63424	6.15422	
5.36566	12.9495	4.31375	8.07136	4.7113	6.93374	3.57916	6.85452	5.17681	5.8311	1.66616	3.62604	7.75339	0	4.089	4.36606	5.73419	5.08182	5.22003	2.66651	2.63925	4.16382	9.9539	6.62711	4.61692	
4.86814	7.8554	5.99504	3.26471	11.3038	5.05569	7.55622	9.53861	4.65273	4.66614	6.98594	3.29399	7.11743	4.089	0	5.86253	3.02913	7.13777	5.6813	7.98629	1.44975	7.82561	5.46755	6.48319	7.56677	
2.6383	16.106	3.69021	4.24173	12.2916	4.75031	4.00199	6.71866	3.3273	2.62863	6.03222	6.25701	3.81497	4.36606	5.86253	0	3.50613	2.69596	0.853965	7.03257	4.41278	8.52988	18.6997	6.96537	7.61585	
3.94059	6.92785	9.02417	2.33716	10.3763	8.08482	10.7162	9.54737	6.33245	4.62107	7.40035	5.10406	7.01245	5.73419	3.02913	3.50613	0	4.49416	2.65217	8.4007	3.25982	9.89801	4.54001	6.37821	7.39607	
9.00506	15.2872	8.63273	6.56911	9.98524	11.0985	5.32867	11.1379	3.41796	2.47163	3.41567	8.89997	10.5094	5.08182	7.13777	2.69596	4.49416	0	1.842	7.94044	9.38954	18.1262	8.12079	11.901	11.9669	
3.49226	9.3178	9.85854	4.72711	12.7662	9.25653	6.58377	9.662	3.68028	1.9689	5.25766	13.3026	9.25737	5.22003	5.6813	0.853965	2.65217	1.842	0	9.14912	5.26674	12.0264	6.92996	9.03037	9.78602	
8.28767	10.0837	6.98026	9.08537	2.0448	6.24696	10.5137	5.39717	11.3584	7.18022	4.33267	0.959535	4.59484	2.66651	7.98629	7.03257	8.4007	7.94044	9.14912	0	2.80377	6.83033	7.28739	3.9606	4.02647	
3.7296	13.481	4.78151	4.71446	10.6624	5.84161	5.09329	7.80995	5.97158	6.11589	4.30541	1.84424	4.90626	2.63925	1.44975	4.41278	3.25982	9.38954	5.26674	2.80377	0	6.80307	15.5238	5.19756	7.04344	
4.88193	8.40443	5.81156	9.60995	6.04307	2.76992	9.37022	2.6907	10.5833	12.1685	5.82998	10.6174	9.18319	4.16382	7.82561	8.52988	9.89801	18.1262	12.0264	6.83033	6.80307	0	10.5472	5.85986	5.281	
3.80627	6.79353	11.4304	2.20284	9.33219	13.0576	19.4873	13.2379	7.88642	10.5924	11.5365	8.24692	16.0675	9.9539	5.46755	18.6997	4.54001	8.12079	6.92996	7.28739	15.5238	10.5472	0	11.248	7.26175	
1.81091	5.59244	5.37898	5.9305	6.0054	6.43908	5.69076	3.16916	9.45661	8.67204	8.46613	3.35332	0.63424	6.62711	6.48319	6.96537	6.37821	11.901	9.03037	3.9606	5.19756	5.85986	11.248	0	7.98707	
4.62309	9.64959	6.02946	5.0589	6.07127	2.51108	6.34125	6.66935	10.5647	11.2067	6.28308	4.98601	6.15422	4.61692	7.56677	7.61585	7.39607	11.9669	9.78602	4.02647	7.04344	5.281	7.26175	7.98707	0	

0	5.21941	2.7946	10.1472	5.26434	6.03939	4.32841	6.23246	8.33952	15.8698	7.48774	5.16308	5.36812	5.85994	5.05964	10.3766	14.1131	6.35916	8.18975	2.27681	3.23102	4.45246	7.45751	4.69871	4.13435	
5.21941	0	8.01402	10.5037	6.3309	11.044	9.54782	6.64524	7.63813	5.41913	14.1519	13.4225	5.7809	14.8422	4.73575	10.7894	18.8721	16.2353	11.3304	4.28202	3.32781	7.36293	12.9327	8.81278	9.35377	
2.7946	8.01402	0	9.28905	4.18191	2.68789	5.34593	6.91272	6.85555	10.4976	7.64347	5.9693	3.23988	7.15281	2.26504	4.90795	9.75912	7.12242	9.1319	5.07141	3.67297	1.65785	7.29316	3.61627	4.94057	
10.1472	10.5037	9.28905	0	7.71417	9.50783	4.8049	3.42499	6.30864	5.7873	1.64557	9.02847	4.28933	3.45385	8.58385	5.43501	5.78898	6.43696	4.36425	8.12255	7.17591	9.17251	4.11176	15.1436	5.66608	
5.26434	6.3309	4.18191	7.71417	0	2.23425	3.94524	1.41434	7.17282	12.2161	7.87245	6.17393	0.549997	10.7175	4.6138	5.55846	11.8577	9.22105	7.37783	8.51374	6.02174	2.13203	9.39179	0.565636	5.89793	
6.03939	11.044	2.68789	9.50783	2.23425	0	1.71098	6.52343	5.72209	6.56664	4.87031	5.47825	2.61206	3.24251	5.30741	3.56479	9.1313	3.74173	4.63556	6.84349	11.8616	1.03004	6.14888	2.79989	6.50698	
4.32841	9.54782	5.34593	4.8049	3.94524	1.71098	0	6.89476	4.01111	8.79805	3.15933	7.18923	5.27011	1.53153	3.59643	5.27578	3.38916	2.03075	2.51949	6.20023	5.00437	2.74102	8.44297	9.02712	3.74377	
6.23246	6.64524	6.91272	3.42499	1.41434	6.52343	6.89476	0	2.88365	7.67058	5.07056	5.60348	0.86434	6.87884	7.47416	5.87281	9.70383	6.97974	7.78923	8.99905	7.19396	2.44637	7.53675	4.85481	6.21227	
8.33952	7.63813	6.85555	6.30864	7.17282	5.72209	4.01111	2.88365	0	4.78694	7.17044	8.48713	3.74799	5.54264	4.59052	7.23343	5.4545	4.09609	6.16881	5.26453	4.31032	7.69919	5.36957	7.99484	10.3679	
15.8698	5.41913	10.4976	5.7873	12.2161	6.56664	8.79805	7.67058	4.78694	0	12.1783	10.02	22.3214	2.41102	3.49925	2.49382	6.15254	3.49577	1.42306	3.04553	2.09131	12.5054	2.42836	17.011	5.61439	
7.48774	14.1519	7.64347	1.64557	7.87245	4.87031	3.15933	5.07056	7.17044	12.1783	0	12.9102	8.42245	2.84509	6.75576	5.68969	5.18023	5.19008	3.83305	7.51379	8.82148	6.84741	5.75733	8.43809	5.05733	
5.16308	13.4225	5.9693	9.02847	6.17393	5.47825	7.18923	5.60348	8.48713	10.02	12.9102	0	6.37667	3.24097	9.47873	9.04304	6.53446	7.89287	5.22006	5.07913	6.03334	6.50828	6.02705	6.73957	1.02873	
5.36812	5.7809	3.23988	4.28933	0.549997	2.61206	5.27011	0.86434	3.74799	22.3214	8.42245	6.37667	0	7.56017	5.1638	5.00847	9.68329	7.04659	6.07923	7.39549	9.10871	1.58203	7.21734	1.11563	5.34793	
5.85994	14.8422	7.15281	3.45385	10.7175	3.24251	1.53153	6.87884	5.54264	2.41102	2.84509	3.24097	7.56017	0	5.12796	2.05872	2.33514	3.06067	0.987956	4.6687	5.62292	5.21961	1.99326	12.6168	2.21224	
5.05964	4.73575	2.26504	8.58385	4.6138	5.30741	3.59643	7.47416	4.59052	3.49925	6.75576	9.47873	5.1638	5.12796	0	2.64292	8.47301	5.62718	3.71368	2.36215	1.40794	3.92289	9.96008	5.17943	7.20561	
10.3766	10.7894	4.90795	5.43501	5.55846	3.56479	5.27578	5.87281	7.23343	2.49382	5.68969	9.04304	5.00847	2.05872	2.64292	0	5.80025	3.14348	1.07076	6.98371	4.05086	4.59483	2.07607	9.43943	5.26209	
14.1131	18.8721	9.75912	5.78898	11.8577	9.1313	3.38916	9.70383	5.4545	6.15254	5.18023	6.53446	9.68329	2.33514	8.47301	5.80025	0	1.35841	3.32309	7.00384	11.1305	6.82297	5.73479	19.7844	4.54737	
6.35916	16.2353	7.12242	6.43696	9.22105	3.74173	2.03075	6.97974	4.09609	3.49577	5.19008	7.89287	7.04659	3.06067	5.62718	3.14348	1.35841	0	2.07271	7.98566	8.40641	5.46456	3.07802	11.4864	6.26404	
8.18975	11.3304	9.1319	4.36425	7.37783	4.63556	2.51949	7.78923	6.16881	1.42306	3.83305	5.22006	6.07923	0.987956	3.71368	1.07076	3.32309	2.07271	0	5.65666	3.51437	6.17362	1.0053	13.861	3.20019	
2.27681	4.28202	5.07141	8.12255	8.51374	6.84349	6.20023	8.99905	5.26453	3.04553	7.51379	5.07913	7.39549	4.6687	2.36215	6.98371	7.00384	7.98566	5.65666	0	0.954213	5.81346	5.1807	6.97551	6.10786	
3.23102	3.32781	3.67297	7.17591	6.02174	11.8616	5.00437	7.19396	4.31032	2.09131	8.82148	6.03334	9.10871	5.62292	1.40794	4.05086	11.1305	8.40641	3.51437	0.954213	0	6.76767	6.13492	8.90231	7.82542	
4.45246	7.36293	1.65785	9.17251	2.13203	1.03004	2.74102	2.44637	7.69919	12.5054	6.84741	6.50828	1.58203	5.21961	3.92289	4.59483	6.82297	5.46456	6.17362	5.81346	6.76767	0	5.63531	4.32212	6.59843	
7.45751	12.9327	7.29316	4.11176	9.39179	6.14888	8.44297	7.53675	5.36957	2.42836	5.75733	6.02705	7.21734	1.99326	9.96008	2.07607	5.73479	3.07802	1.0053	5.1807	6.13492	5.63531	0	10.4932	4.99832	
4.69871	8.81278	3.61627	15.1436	0.565636	2.79989	9.02712	4.85481	7.99484	17.011	8.43809	6.73957	1.11563	12.6168	5.17943	9.43943	19.7844	11.4864	13.861	6.97551	8.90231	4.32212	10.4932	0	8.55685	
4.13435	9.35377	4.94057	5.66608	5.89793	6.50698	3.74377	6.21227	10.3679	5.61439	5.05733	1.02873	5.34793	2.21224	7.20561	5.26209	4.54737	6.26404	3.20019	6.10786	7.82542	6.59843	4.99832	8.55685	0	

0	14.4861	2.12399	10.9642	1.48732	3.9998	10.7244	2.66227	9.52602	4.41798	1.60929	4.62642	3.31812	8.08286	4.88248	4.78101	7.18841	8.09217	4.64315	4.89769	2.8236	3.50312	5.07428	4.2747	5.16816	
14.4861	0	3.55797	18.5168	5.51947	3.50159	18.1987	4.34452	12.6534	9.01657	20.9406	7.09894	6.07895	13.9402	17.29	14.4682	7.51687	6.82917	9.61696	9.13167	12.1964	12.4908	13.8929	1.40726	14.4377	
2.12399	3.55797	0	8.94874	2.22182	3.01369	9.10496	1.04687	7.40203	5.71893	3.73328	5.40955	4.40532	10.6038	5.41016	6.87516	9.52846	13.2263	4.92325	4.32476	4.72372	1.37914	6.42024	2.15072	6.1598	
10.9642	18.5168	8.94874	0	6.93374	9.29646	12.3478	14.1723	7.47002	9.87085	10.0783	13.8002	15.0205	8.89848	3.53859	5.61776	8.00404	8.75154	9.26105	18.2634	10.1019	9.85425	5.8899	17.3159	10.0402	
1.48732	5.51947	2.22182	6.93374	0	5.48711	9.40798	1.17495	7.4569	2.93067	3.09661	5.95557	1.8308	7.4905	3.39516	5.47434	8.89179	5.35797	3.54046	3.41038	4.31092	6.356	6.5616	4.31859	5.20532	
3.9998	3.50159	3.01369	9.29646	5.48711	0	11.983	4.06056	7.10525	7.57311	5.60909	4.70164	6.76603	6.41514	8.27336	9.6985	5.52069	9.41143	3.52959	4.884	1.71004	4.39282	3.40655	2.09433	3.95138	
10.7244	18.1987	9.10496	12.3478	9.40798	11.983	0	10.9356	4.87777	5.03632	6.2904	12.5362	7.57718	0.476479	5.19786	3.11868	4.20773	7.37203	5.85387	10.6714	11.6959	7.72582	3.48506	12.2489	4.80691	
2.66227	4.34452	1.04687	14.1723	1.17495	4.06056	10.9356	0	8.44891	4.10562	13.9893	6.24655	3.00575	9.23189	4.57011	7.92203	14.5215	7.09935	5.28185	4.58533	7.96111	2.42601	12.1279	3.14364	6.38027	
9.52602	12.6534	7.40203	7.47002	7.4569	7.10525	4.87777	8.44891	0	4.52624	11.6494	7.65843	12.455	4.83665	10.6107	7.44209	6.51195	5.82426	4.7069	11.3032	6.52645	8.25102	7.84523	9.19958	8.09057	
4.41798	9.01657	5.71893	9.87085	2.93067	7.57311	5.03632	4.10562	4.52624	0	10.0452	9.07896	4.76146	4.55984	6.32582	3.34499	3.115	2.4273	0.609795	6.34104	2.42935	4.15391	7.56842	7.81569	8.13598	
1.60929	20.9406	3.73328	10.0783	3.09661	5.60909	6.2904	13.9893	11.6494	10.0452	0	4.30913	7.09015	7.8893	5.25089	3.17172	7.15506	9.91967	5.90691	6.77154	4.43289	6.01616	6.68357	15.1593	3.55887	
4.62642	7.09894	5.40955	13.8002	5.95557	4.70164	12.5362	6.24655	7.65843	9.07896	4.30913	0	9.60499	5.08069	7.25183	7.72802	4.84128	13.2236	9.51899	3.96293	4.9669	6.78868	9.7007	5.69169	0.750258	
3.31812	6.07895	4.40532	15.0205	1.8308	6.76603	7.57718	3.00575	12.455	4.76146	7.09015	9.60499	0	8.05366	5.22596	10.6959	11.2448	13.9336	10.4593	5.24118	8.30446	8.12386	9.13064	4.6717	7.03612	
8.08286	13.9402	10.6038	8.89848	7.4905	6.41514	0.476479	9.23189	4.83665	4.55984	7.8893	5.08069	8.05366	0	8.3762	3.59516	3.73125	4.41895	5.16963	7.5431	8.54708	8.2023	3.00858	19.0136	4.33043	
4.88248	17.29	5.41016	3.53859	3.39516	8.27336	5.19786	4.57011	10.6107	6.32582	5.25089	7.25183	5.22596	8.3762	0	2.07918	6.06252	8.03494	4.81437	6.80554	6.56332	6.31566	8.18296	7.56088	6.50157	
4.78101	14.4682	6.87516	5.61776	5.47434	9.6985	3.11868	7.92203	7.44209	3.34499	3.17172	7.72802	10.6959	3.59516	2.07918	0	3.98334	4.67104	2.73519	10.1904	4.55474	6.27931	6.09748	9.02588	6.73059	
7.18841	7.51687	9.52846	8.00404	8.89179	5.52069	4.20773	14.5215	6.51195	3.115	7.15506	4.84128	11.2448	3.73125	6.06252	3.98334	0	0.687695	3.47549	7.30369	8.30767	10.7197	2.11413	10.8181	4.09102	
8.09217	6.82917	13.2263	8.75154	5.35797	9.41143	7.37203	7.09935	5.82426	2.4273	9.91967	13.2236	13.9336	4.41895	8.03494	4.67104	0.687695	0	2.78779	11.7986	4.60734	6.33191	2.80183	8.23643	4.77872	
4.64315	9.61696	4.92325	9.26105	3.54046	3.52959	5.85387	5.28185	4.7069	0.609795	5.90691	9.51899	10.4593	5.16963	4.81437	2.73519	3.47549	2.78779	0	4.99352	1.81955	3.54412	10.3699	9.05764	6.0362	
4.89769	9.13167	4.32476	18.2634	3.41038	4.884	10.6714	4.58533	11.3032	6.34104	6.77154	3.96293	5.24118	7.5431	6.80554	10.1904	7.30369	11.7986	4.99352	0	3.17396	2.94562	11.5512	6.77904	3.21267	
2.8236	12.1964	4.72372	10.1019	4.31092	1.71004	11.6959	7.96111	6.52645	2.42935	4.43289	4.9669	8.30446	8.54708	6.56332	4.55474	8.30767	4.60734	1.81955	3.17396	0	5.36367	5.11659	3.80437	4.21665	
3.50312	12.4908	1.37914	9.85425	6.356	4.39282	7.72582	2.42601	8.25102	4.15391	6.01616	6.78868	8.12386	8.2023	6.31566	6.27931	10.7197	6.33191	3.54412	2.94562	5.36367	0	8.60556	3.52986	6.15829	
5.07428	13.8929	6.42024	5.8899	6.5616	3.40655	3.48506	12.1279	7.84523	7.56842	6.68357	9.7007	9.13064	3.00858	8.18296	6.09748	2.11413	2.80183	10.3699	11.5512	5.11659	8.60556	0	5.50089	6.20516	
4.2747	1.40726	2.15072	17.3159	4.31859	2.09433	12.2489	3.14364	9.19958	7.81569	15.1593	5.69169	4.6717	19.0136	7.56088	9.02588	10.8181	8.23643	9.05764	6.77904	3.80437	3.52986	5.50089	0	6.04571	
5.16816	14.4377	6.1598	10.0402	5.20532	3.95138	4.80691	6.38027	8.09057	8.13598	3.55887	0.750258	7.03612	4.33043	6.50157	6.73059	4.09102	4.77872	6.0362	3.21267	4.21665	6.15829	6.20516	6.04571	0	

0	5.51378	3.48346	7.8737	8.60217	4.36975	4.89027	4.14484	10.9689	11.0403	12.3512	9.027	3.28118	8.95988	5.35828	8.68097	10.2741	8.11826	11.5997	8.0742	10.9906	2.24398	5.86127	6.01033	4.93504	
5.51378	0	2.03031	9.37546	5.75782	5.83216	6.6638	3.46639	9.97707	10.3619	11.9207	4.87735	2.60273	10.7334	3.90513	10.4545	8.82099	9.89179	10.1466	6.62105	9.0888	8.50552	4.62336	4.55719	3.48189	
3.48346	2.03031	0	7.27219	3.65455	3.72889	3.45382	1.67724	4.43047	5.02028	4.64515	2.62164	2.54089	8.99778	1.87482	7.89122	6.5838	7.55178	8.11626	3.59858	3.91253	5.72744	2.59304	2.52687	1.45157	
7.8737	9.37546	7.27219	0	7.0066	3.70878	2.98344	5.59494	5.28501	8.59093	2.07685	6.69178	6.45859	3.51761	4.56244	6.77414	6.14175	6.21143	10.7351	9.71164	9.43428	5.83455	4.12896	7.11586	10.9684	
8.60217	5.75782	3.65455	7.0066	0	4.02895	4.5101	1.97731	10.6267	10.4592	4.92975	3.07415	2.84096	6.37051	6.08911	8.3008	9.97928	6.31489	11.7632	5.99441	11.5955	6.70232	6.98186	1.28999	8.14142	
4.36975	5.83216	3.72889	3.70878	4.02895	0	4.90061	2.05164	1.57623	5.06452	3.68862	3.14848	2.9153	5.12938	4.13188	3.30218	2.43297	4.09539	4.76878	6.55326	3.87283	2.12577	1.71953	6.24414	4.49654	
4.89027	6.6638	3.45382	2.98344	4.5101	4.90061	0	6.48741	4.13466	4.72447	5.06028	8.22708	3.97887	4.06962	1.57901	3.7907	4.89041	3.22799	6.20258	5.31625	3.61672	7.02638	6.62014	5.80009	7.98496	
4.14484	3.46639	1.67724	5.59494	1.97731	2.05164	6.48741	0	3.62787	8.62279	5.74026	1.09684	0.863651	11.6934	3.26351	6.48823	4.48461	6.19559	9.7935	4.32363	12.8693	4.17741	3.77118	3.26729	2.26691	
10.9689	9.97707	4.43047	5.28501	10.6267	1.57623	4.13466	3.62787	0	4.64422	5.26485	4.9027	4.95551	8.19704	2.55566	1.72595	3.22291	4.43037	3.19255	6.2929	2.2966	3.702	3.29576	9.45528	8.1656	
11.0403	10.3619	5.02028	8.59093	10.4592	5.06452	4.72447	8.62279	4.64422	0	7.68108	8.30966	5.54532	6.67453	3.14546	2.91827	2.63155	1.67063	2.14421	6.8827	4.49378	14.4877	6.62231	6.69553	9.35792	
12.3512	11.9207	4.64515	2.07685	4.92975	3.68862	5.06028	5.74026	5.26485	7.68108	0	7.01509	6.50871	1.44076	8.56373	6.54649	5.04953	6.44467	7.86688	10.9242	7.63262	5.6694	2.05211	5.03901	12.0803	
9.027	4.87735	2.62164	6.69178	3.07415	3.14848	8.22708	1.09684	4.9027	8.30966	7.01509	0	1.96049	11.6612	6.96403	5.39139	5.75944	6.65728	9.19822	3.22679	8.82786	5.45224	5.046	5.28934	1.17007	
3.28118	2.60273	2.54089	6.45859	2.84096	2.9153	3.97887	0.863651	4.95551	5.54532	6.50871	1.96049	0	9.52282	2.39986	9.41367	8.44736	8.67109	9.90335	6.1371	4.43757	5.52517	4.4566	3.64619	8.50097	
8.95988	10.7334	8.99778	3.51761	6.37051	5.12938	4.06962	11.6934	8.19704	6.67453	1.44076	11.6612	9.52282	0	5.64862	5.59145	4.09449	5.00391	6.91185	10.8602	7.82706	6.96835	3.49287	6.47977	11.1252	
5.35828	3.90513	1.87482	4.56244	6.08911	4.13188	1.57901	3.26351	2.55566	3.14546	8.56373	6.96403	2.39986	5.64862	0	4.28161	5.77702	4.807	5.28968	3.73724	2.03771	8.85424	4.46786	4.40169	3.32639	
8.68097	10.4545	7.89122	6.77414	8.3008	3.30218	3.7907	6.48823	1.72595	2.91827	6.54649	5.39139	9.41367	5.59145	4.28161	0	1.49696	3.15938	4.31431	6.37369	4.02256	10.8261	5.48772	13.0445	6.43965	
10.2741	8.82099	6.5838	6.14175	9.97928	2.43297	4.89041	4.48461	3.22291	2.63155	5.04953	5.75944	8.44736	4.09449	5.77702	1.49696	0	1.66242	2.81735	7.87065	4.48557	4.55874	3.99076	6.68732	7.03075	
8.11826	9.89179	7.55178	6.21143	6.31489	4.09539	3.22799	6.19559	4.43037	1.67063	6.44467	6.65728	8.67109	5.00391	4.807	3.15938	1.66242	0	2.97459	8.42421	2.82315	6.26971	5.65318	5.02491	7.82735	
11.5997	10.1466	8.11626	10.7351	11.7632	4.76878	6.20258	9.7935	3.19255	2.14421	7.86688	9.19822	9.90335	6.91185	5.28968	4.31431	2.81735	2.97459	0	5.97142	5.48915	12.2927	6.80811	7.99949	8.11843	
8.0742	6.62105	3.59858	9.71164	5.99441	6.55326	5.31625	4.32363	6.2929	6.8827	10.9242	3.22679	6.1371	10.8602	3.73724	6.37369	7.87065	8.42421	5.97142	0	5.60106	10.0375	7.18378	7.11761	2.14701	
10.9906	9.0888	3.91253	9.43428	11.5955	3.87283	3.61672	12.8693	2.2966	4.49378	7.63262	8.82786	4.43757	7.82706	2.03771	4.02256	4.48557	2.82315	5.48915	5.60106	0	11.3968	6.29764	7.84806	7.74807	
2.24398	8.50552	5.72744	5.83455	6.70232	2.12577	7.02638	4.17741	3.702	14.4877	5.6694	5.45224	5.52517	6.96835	8.85424	10.8261	4.55874	6.26971	12.2927	10.0375	11.3968	0	3.61729	8.91751	7.89044	
5.86127	4.62336	2.59304	4.12896	6.98186	1.71953	6.62014	3.77118	3.29576	6.62231	2.05211	5.046	4.4566	3.49287	4.46786	5.48772	3.99076	5.65318	6.80811	7.18378	6.29764	3.61729	0	5.11991	4.04462	
6.01033	4.55719	2.52687	7.11586	1.28999	6.24414	5.80009	3.26729	9.45528	6.69553	5.03901	5.28934	3.64619	6.47977	4.40169	13.0445	6.68732	5.02491	7.99949	7.11761	7.84806	8.91751	5.11991	0	3.97844	
4.93504	3.48189	1.45157	10.9684	8.14142	4.49654	7.98496	2.26691	8.1656	9.35792	12.0803	1.17007	8.50097	11.1252	3.32639	6.43965	7.03075	7.82735	8.11843	2.14701	7.74807	7.89044	4.04462	3.97844	0	

0	5.98606	1.85084	5.4831	1.11634	4.75617	5.07694	3.18541	4.45556	3.47435	5.64558	0.634636	2.13487	9.06926	2.2079	1.91375	5.08052	6.85554	5.42485	5.40413	5.11926	3.75728	7.52328	3.21682	0.454454	
5.98606	0	8.0979	15.2991	5.44344	8.42361	7.747	11.771	7.81443	12.4092	9.97269	6.17128	6.46198	7.07504	10.7935	10.4994	8.03941	9.06642	11.185	11.6512	8.38016	8.08439	6.62657	2.76924	9.04007	
1.85084	8.0979	0	6.91239	2.96718	7.84213	8.21161	5.03625	5.55872	4.08286	15.2695	6.78746	5.21682	7.68395	4.05874	3.76459	7.08922	6.86584	3.574	3.55329	5.61783	5.77245	6.74726	5.06767	2.3053	
5.4831	15.2991	6.91239	0	10.9789	11.8941	7.97599	2.2977	3.56785	3.84724	10.8087	3.69432	9.64783	7.44833	12.5464	9.61515	6.8536	12.3147	3.33838	6.92849	5.38221	10.0164	9.9091	7.09636	3.87451	
1.11634	5.44344	2.96718	10.9789	0	3.63984	5.67927	4.30175	4.41066	10.1801	4.52924	5.91275	1.01853	12.0357	3.32424	3.03009	2.73308	8.55003	7.36743	7.33102	5.3236	2.64094	6.5537	4.33316	1.57079	
4.75617	8.42361	7.84213	11.8941	3.63984	0	10.6321	9.59642	5.07295	6.54028	8.16908	9.05641	4.65837	12.6823	7.80673	11.7781	8.88336	6.93566	7.04914	11.3954	8.96344	3.30324	10.1741	5.65437	9.37241	
5.07694	7.747	8.21161	7.97599	5.67927	10.6321	0	11.1305	4.70695	4.13548	10.238	8.37981	4.66074	8.74755	2.86904	6.98971	6.37529	5.95893	4.63761	10.9732	6.68143	11.1335	3.51909	4.97777	9.35604	
3.18541	11.771	5.03625	2.2977	4.30175	9.59642	11.1305	0	1.27015	11.5152	4.41748	4.72942	6.55138	4.50666	5.39331	5.09916	6.84822	10.0512	4.4447	3.27559	7.81591	3.03987	2.45802	6.40223	3.63986	
4.45556	7.81443	5.55872	3.56785	4.41066	5.07295	4.70695	1.27015	0	3.6834	3.14732	3.45927	8.24249	3.23651	8.54331	4.75721	4.20088	3.62771	3.17455	2.00544	5.21837	1.76972	1.18786	5.7076	3.63945	
3.47435	12.4092	4.08286	3.84724	10.1801	6.54028	4.13548	11.5152	3.6834	0	8.63544	12.114	7.92688	4.6188	1.26645	5.46447	0.868892	0.395379	0.508855	3.70793	2.55268	9.84352	2.83523	12.1947	15.9939	
5.64558	9.97269	15.2695	10.8087	4.52924	8.16908	10.238	4.41748	3.14732	8.63544	0	6.60659	5.54778	6.11549	7.36899	7.90453	5.15112	5.62463	6.32187	5.15276	9.85285	4.91704	4.33518	11.1075	10.2618	
0.634636	6.17128	6.78746	3.69432	5.91275	9.05641	8.37981	4.72942	3.45927	12.114	6.60659	0	8.30312	6.69578	8.4259	8.13175	10.8154	6.54673	6.63381	3.23417	9.01296	5.22898	4.64713	3.40204	0.180182	
2.13487	6.46198	5.21682	9.64783	1.01853	4.65837	4.66074	6.55138	8.24249	7.92688	5.54778	8.30312	0	2.67891	5.57388	5.27973	1.71455	2.18806	5.22977	6.31249	6.34214	3.65947	7.57223	6.5828	3.82043	
9.06926	7.07504	7.68395	7.44833	12.0357	12.6823	8.74755	4.50666	3.23651	4.6188	6.11549	6.69578	2.67891	0	6.34223	7.35033	0.964368	1.43788	4.10995	5.24195	6.15377	5.00622	4.42437	9.84428	10.6111	
2.2079	10.7935	4.05874	12.5464	3.32424	7.80673	2.86904	5.39331	8.54331	1.26645	7.36899	8.4259	5.57388	6.34223	0	4.12165	5.12115	1.66183	1.7753	7.9602	5.80448	10.4096	6.38812	5.42473	2.66236	
1.91375	10.4994	3.76459	9.61515	3.03009	11.7781	6.98971	5.09916	4.75721	5.46447	7.90453	8.13175	5.27973	7.35033	4.12165	0	5.54261	5.06909	5.24933	6.76265	3.20551	6.52692	5.94507	5.13057	2.3682	
5.08052	8.03941	7.08922	6.8536	2.73308	8.88336	6.37529	6.84822	4.20088	0.868892	5.15112	10.8154	1.71455	0.964368	5.12115	5.54261	0	0.473512	3.51522	3.78607	5.55904	8.18732	2.91336	16.2587	12.3713	
6.85554	9.06642	6.86584	12.3147	8.55003	6.93566	5.95893	10.0512	3.62771	0.395379	5.62463	6.54673	2.18806	1.43788	1.66183	5.06909	0.473512	0	0.904234	3.31256	5.59088	11.7131	2.43985	6.95959	10.6243	
5.42485	11.185	3.574	3.33838	7.36743	7.04914	4.63761	4.4447	3.17455	0.508855	6.32187	6.63381	5.22977	4.10995	1.7753	5.24933	3.51522	0.904234	0	5.17998	2.04382	4.94426	4.36241	7.65474	13.9936	
5.40413	11.6512	3.55329	6.92849	7.33102	11.3954	10.9732	3.27559	2.00544	3.70793	5.15276	3.23417	6.31249	5.24195	7.9602	6.76265	3.78607	3.31256	5.17998	0	8.90344	3.77515	3.1933	6.63621	3.41435	
5.11926	8.38016	5.61783	5.38221	5.3236	8.96344	6.68143	7.81591	5.21837	2.55268	9.85285	9.01296	6.34214	6.15377	5.80448	3.20551	5.55904	5.59088	2.04382	8.90344	0	7.96455	8.03073	5.61092	10.6052	
3.75728	8.08439	5.77245	10.0164	2.64094	3.30324	11.1335	3.03987	1.76972	9.84352	4.91704	5.22898	3.65947	5.00622	10.4096	6.52692	8.18732	11.7131	4.94426	3.77515	7.96455	0	2.95758	7.44598	6.50222	
7.52328	6.62657	6.74726	9.9091	6.5537	10.1741	3.51909	2.45802	1.18786	2.83523	4.33518	4.64713	7.57223	4.42437	6.38812	5.94507	2.91336	2.43985	4.36241	3.1933	8.03073	2.95758	0	4.51974	8.18441	
3.21682	2.76924	5.06767	7.09636	4.33316	5.65437	4.97777	6.40223	5.7076	12.1947	11.1075	3.40204	6.5828	9.84428	5.42473	5.13057	16.2587	6.95959	7.65474	6.63621	5.61092	7.44598	4.51974	0	3.58222	
0.454454	9.04007	2.3053	3.87451	1.57079	9.37241	9.35604	3.63986	3.63945	15.9939	10.2618	0.180182	3.82043	10.6111	2.66236	2.3682	12.3713	10.6243	13.9936	3.41435	10.6052	6.50222	8.18441	3.58222	0	

-111