10
5
2
2
40

6	11
10	43
1	33
14	23
27	48

12	21
1	2
11	28
2	10
14	5
10	12
23	24
24	11
8	30
11	27

150

1.79769e+308
1.79769e+308
1.79769e+308
1.79769e+308
1.79769e+308

11
15
11
14
17
13
14
15
13
17

0
0
0
0
0

0

0	2.28661	8.6909	3.19748	9.37758	4.26559	0.597607	4.86772	1.70838	2.23727	2.28048	3.34891	7.92219	5.42737	6.86937	
2.28661	0	1.92685	3.09399	5.12576	1.63839	1.689	3.59549	14.8594	7.01237	5.16595	5.04687	10.0056	4.09512	1.30776	
8.6909	1.92685	0	10.4161	7.05261	3.48356	3.61584	2.72792	8.6247	10.9282	10.9714	10.9596	14.2361	2.16827	3.2346	
3.19748	3.09399	10.4161	0	7.93178	0.891935	4.2642	2.59006	6.6902	2.92026	0.916992	5.67261	2.56018	2.20722	1.22257	
9.37758	5.12576	7.05261	7.93178	0	7.03984	6.81476	8.72126	12.8703	9.06816	7.09709	11.8215	14.9943	8.35513	6.43352	
4.26559	1.63839	3.48356	0.891935	7.03984	0	5.15614	1.87493	7.77171	2.02832	1.80893	4.217	3.45212	1.31528	0.330632	
0.597607	1.689	3.61584	4.2642	6.81476	5.15614	0	5.28449	2.30598	2.83488	2.87809	3.35787	6.82439	10.1257	2.99676	
4.86772	3.59549	2.72792	2.59006	8.72126	1.87493	5.28449	0	6.5761	7.10499	3.50705	8.01705	5.15024	0.559645	4.13068	
1.70838	14.8594	8.6247	6.6902	12.8703	7.77171	2.30598	6.5761	0	3.94564	3.98886	5.05728	6.21381	6.45642	8.84174	
2.23727	7.01237	10.9282	2.92026	9.06816	2.02832	2.83488	7.10499	3.94564	0	4.14582	5.58618	8.75591	3.3436	2.35895	
2.28048	5.16595	10.9714	0.916992	7.09709	1.80893	2.87809	3.50705	3.98886	4.14582	0	5.62939	3.47717	3.72436	2.70323	
3.34891	5.04687	10.9596	5.67261	11.8215	4.217	3.35787	8.01705	5.05728	5.58618	5.62939	0	5.51929	6.09693	3.88637	
7.92219	10.0056	14.2361	2.56018	14.9943	3.45212	6.82439	5.15024	6.21381	8.75591	3.47717	5.51929	0	6.96978	4.34642	
5.42737	4.09512	2.16827	2.20722	8.35513	1.31528	10.1257	0.559645	6.45642	3.3436	3.72436	6.09693	6.96978	0	1.64592	
6.86937	1.30776	3.2346	1.22257	6.43352	0.330632	2.99676	4.13068	8.84174	2.35895	2.70323	3.88637	4.34642	1.64592	0	

0	6.05726	6.16004	6.59396	8.00086	4.53733	2.19774	5.21304	0.589823	2.42914	0.536298	3.10565	4.20449	5.45571	8.29154	
6.05726	0	10.8911	1.90907	10.2275	1.54533	8.255	5.16146	5.95594	3.64155	5.54636	4.46416	10.2617	3.51291	3.65166	
6.16004	10.8911	0	8.59021	11.4612	8.95395	3.9623	9.98981	7.57953	7.37786	7.52601	11.9287	10.3224	9.26231	10.2886	
6.59396	1.90907	8.59021	0	2.871	0.36374	7.20215	1.48685	7.41889	2.45996	4.36478	3.28257	2.69036	0.759349	1.69842	
8.00086	10.2275	11.4612	2.871	0	3.23474	10.1986	5.06608	8.59069	6.65758	8.53716	11.297	5.56137	3.63035	4.56943	
4.53733	1.54533	8.95395	0.36374	3.23474	0	5.51179	2.69509	7.50127	2.09622	3.98906	2.91883	3.0541	1.12309	2.06216	
2.19774	8.255	3.9623	7.20215	10.1986	5.51179	0	9.04016	2.78757	3.41557	2.73404	7.96638	6.40223	6.45917	8.3192	
5.21304	5.16146	9.98981	1.48685	5.06608	2.69509	9.04016	0	9.76699	3.77111	4.67674	6.2309	5.11838	0.727504	0.720958	
0.589823	5.95594	7.57953	7.41889	8.59069	7.50127	2.78757	9.76699	0	3.39721	1.12612	6.43257	4.72853	7.70981	8.88137	
2.42914	3.64155	7.37786	2.45996	6.65758	2.09622	3.41557	3.77111	3.39721	0	1.89284	4.4622	6.47694	3.0436	4.20255	
0.536298	5.54636	7.52601	4.36478	8.53716	3.98906	2.73404	4.67674	1.12612	1.89284	0	2.56935	4.74078	4.91941	5.3977	
3.10565	4.46416	11.9287	3.28257	11.297	2.91883	7.96638	6.2309	6.43257	4.4622	2.56935	0	8.30972	4.88641	5.02516	
4.20449	10.2617	10.3224	2.69036	5.56137	3.0541	6.40223	5.11838	4.72853	6.47694	4.74078	8.30972	0	3.44971	4.38879	
5.45571	3.51291	9.26231	0.759349	3.63035	1.12309	6.45917	0.727504	7.70981	3.0436	4.91941	4.88641	3.44971	0	1.44846	
8.29154	3.65166	10.2886	1.69842	4.56943	2.06216	8.3192	0.720958	8.88137	4.20255	5.3977	5.02516	4.38879	1.44846	0	

0	5.26224	5.03922	2.96777	10.2537	2.34629	2.04145	2.93699	0.959995	1.7198	0.662999	4.16738	5.05072	1.35238	3.46047	
5.26224	0	7.70759	3.57913	3.94533	2.95766	7.82153	6.49839	4.30225	8.97229	7.83096	4.32658	4.40581	8.43125	4.07183	
5.03922	7.70759	0	4.15009	12.5882	2.05648	8.69461	1.27484	7.35281	7.85617	4.34395	4.24177	12.6033	3.68684	0.942305	
2.96777	3.57913	4.15009	0	8.57156	0.621478	4.30357	2.08012	5.36511	3.46513	2.40834	4.02746	1.27438	5.5771	1.73565	
10.2537	3.94533	12.5882	8.57156	0	6.90298	17.4782	10.6517	8.24757	24.0688	10.9799	8.27191	8.35113	8.90137	12.3598	
2.34629	2.95766	2.05648	0.621478	6.90298	0	4.38775	1.44671	3.30629	13.4036	3.00929	4.64894	1.89586	3.69867	1.11417	
2.04145	7.82153	8.69461	4.30357	17.4782	4.38775	0	4.16922	3.00145	2.95203	1.89523	5.39962	5.73144	3.39383	7.38298	
2.93699	6.49839	1.27484	2.08012	10.6517	1.44671	4.16922	0	6.74304	3.33078	2.27399	2.17181	3.3545	3.49698	0.33254	
0.959995	4.30225	7.35281	5.36511	8.24757	3.30629	3.00145	6.74304	0	4.67005	1.62299	7.66363	4.09072	2.31237	6.4105	
1.7198	8.97229	7.85617	3.46513	24.0688	13.4036	2.95203	3.33078	4.67005	0	1.0568	4.56118	4.63025	8.79905	6.54454	
0.662999	7.83096	4.34395	2.40834	10.9799	3.00929	1.89523	2.27399	1.62299	1.0568	0	3.50438	3.68272	2.01537	2.60653	
4.16738	4.32658	4.24177	4.02746	8.27191	4.64894	5.39962	2.17181	7.66363	4.56118	3.50438	0	3.5729	5.66879	2.50435	
5.05072	4.40581	12.6033	1.27438	8.35113	1.89586	5.73144	3.3545	4.09072	4.63025	3.68272	3.5729	0	8.21972	10.3728	
1.35238	8.43125	3.68684	5.5771	8.90137	3.69867	3.39383	3.49698	2.31237	8.79905	2.01537	5.66879	8.21972	0	3.82952	
3.46047	4.07183	0.942305	1.73565	12.3598	1.11417	7.38298	0.33254	6.4105	6.54454	2.60653	2.50435	10.3728	3.82952	0	

0	2.5991	8.55036	1.93469	4.29368	0.722856	4.54037	3.50591	1.70587	1.76572	0.578808	3.40576	11.0907	4.12923	2.98189	
2.5991	0	2.16694	3.08808	9.48747	1.87625	12.3268	4.6593	3.56311	2.91911	3.14321	4.55915	14.4227	5.28262	4.13528	
8.55036	2.16694	0	5.50907	7.32053	4.04319	14.6194	3.89692	10.2562	12.079	9.12916	7.8584	12.6303	8.32755	3.9653	
1.93469	3.08808	5.50907	0	3.75555	1.21183	8.68431	1.61215	2.89869	2.2547	2.47879	1.92333	6.69526	2.88081	1.68053	
4.29368	9.48747	7.32053	3.75555	0	4.96738	18.065	5.3677	5.99955	7.82232	4.87249	5.67888	11.4226	6.63636	6.73977	
0.722856	1.87625	4.04319	1.21183	4.96738	0	4.52135	2.32742	1.68686	1.04287	1.26696	2.68291	7.45484	3.40637	2.25904	
4.54037	12.3268	14.6194	8.68431	18.065	4.52135	0	13.2336	2.83449	7.04309	6.7511	6.76098	11.5329	13.8569	12.7096	
3.50591	4.6593	3.89692	1.61215	5.3677	2.32742	13.2336	0	4.46991	3.82592	4.05002	3.53547	9.15449	1.40113	0.0683836	
1.70587	3.56311	10.2562	2.89869	5.99955	1.68686	2.83449	4.46991	0	2.72973	2.28468	4.36977	11.195	5.09323	3.94589	
1.76572	2.91911	12.079	2.2547	7.82232	1.04287	7.04309	3.82592	2.72973	0	1.34413	3.72578	11.856	4.44924	3.3019	
0.578808	3.14321	9.12916	2.47879	4.87249	1.26696	6.7511	4.05002	2.28468	1.34413	0	3.94987	10.5119	4.67334	3.526	
3.40576	4.55915	7.8584	1.92333	5.67888	2.68291	6.76098	3.53547	4.36977	3.72578	3.94987	0	4.77193	4.80414	4.94194	
11.0907	14.4227	12.6303	6.69526	11.4226	7.45484	11.5329	9.15449	11.195	11.856	10.5119	4.77193	0	10.5479	9.22287	
4.12923	5.28262	8.32755	2.88081	6.63636	3.40637	13.8569	1.40113	5.09323	4.44924	4.67334	4.80414	10.5479	0	1.33275	
2.98189	4.13528	3.9653	1.68053	6.73977	2.25904	12.7096	0.0683836	3.94589	3.3019	3.526	4.94194	9.22287	1.33275	0	

0	4.2735	1.22498	6.39632	4.32675	2.49412	6.14075	4.68341	0.743236	3.301	1.97297	4.12015	6.77943	5.74276	5.05522	
4.2735	0	3.04852	7.44246	7.55125	3.51744	13.2976	6.54097	13.5392	11.0423	9.05915	13.7499	8.95823	7.23912	6.69996	
1.22498	3.04852	0	5.19416	5.55173	1.26914	7.79309	4.05026	1.96822	8.32096	3.19795	8.77839	6.23688	4.51777	3.83024	
6.39632	7.44246	5.19416	0	2.06957	3.92502	7.81368	1.1217	5.0498	2.49204	6.15434	2.25703	5.02497	3.46394	1.34173	
4.32675	7.55125	5.55173	2.06957	0	5.9946	10.8949	3.19127	5.06998	4.56162	6.29971	4.32661	6.05517	5.18663	4.07599	
2.49412	3.51744	1.26914	3.92502	5.9946	0	9.7095	3.02353	6.96371	6.41707	5.54171	6.18206	6.97178	4.29316	3.18252	
6.14075	13.2976	7.79309	7.81368	10.8949	9.7095	0	10.3588	6.41863	5.32163	4.16778	7.71146	7.85456	9.12482	10.5688	
4.68341	6.54097	4.05026	1.1217	3.19127	3.02353	10.3588	0	3.94018	3.61374	7.26217	3.37873	7.06297	1.33067	0.220029	
0.743236	13.5392	1.96822	5.0498	5.06998	6.96371	6.41863	3.94018	0	2.55776	2.7162	3.37691	5.09069	6.36095	4.16021	
3.301	11.0423	8.32096	2.49204	4.56162	6.41707	5.32163	3.61374	2.55776	0	3.66229	2.38982	2.53293	3.80319	4.84534	
1.97297	9.05915	3.19795	6.15434	6.29971	5.54171	4.16778	7.26217	2.7162	3.66229	0	6.05211	4.80647	6.52557	7.04214	
4.12015	13.7499	8.77839	2.25703	4.32661	6.18206	7.71146	3.37873	3.37691	2.38982	6.05211	0	4.92275	6.05879	4.61033	
6.77943	8.95823	6.23688	5.02497	6.05517	6.97178	7.85456	7.06297	5.09069	2.53293	4.80647	4.92275	0	1.71911	2.82975	
5.74276	7.23912	4.51777	3.46394	5.18663	4.29316	9.12482	1.33067	6.36095	3.80319	6.52557	6.05879	1.71911	0	1.11064	
5.05522	6.69996	3.83024	1.34173	4.07599	3.18252	10.5688	0.220029	4.16021	4.84534	7.04214	4.61033	2.82975	1.11064	0	

0	10.9416	8.88918	4.20107	6.58784	7.26815	4.96961	3.20625	0.590673	3.55378	6.09802	2.0747	4.80609	3.77362	2.24309	
10.9416	0	9.50744	5.49645	7.2061	4.62425	9.47677	6.74615	7.43236	15.1946	6.51542	8.65416	8.83687	5.57467	5.77995	
8.88918	9.50744	0	6.85035	5.15365	5.86782	9.10816	4.6937	5.37991	9.95531	10.5115	10.256	7.5246	6.45299	3.7275	
4.20107	5.49645	6.85035	0	4.54902	0.872196	6.2799	3.20545	3.66838	8.66681	6.00126	2.12637	4.85776	1.82261	3.01253	
6.58784	7.2061	5.15365	4.54902	0	3.56649	6.80682	2.39236	3.07857	8.8914	8.59615	4.58454	6.19891	4.15165	1.42616	
7.26815	4.62425	5.86782	0.872196	3.56649	0	4.59223	1.51779	3.79274	6.64333	4.3136	2.99857	4.21262	0.950417	2.14033	
4.96961	9.47677	9.10816	6.2799	6.80682	4.59223	0	4.20919	4.37893	5.58014	2.96135	5.92095	5.51062	3.64181	5.38066	
3.20625	6.74615	4.6937	3.20545	2.39236	1.51779	4.20919	0	2.61862	6.76003	3.93055	2.58847	5.31986	0.567372	0.966202	
0.590673	7.43236	5.37991	3.66838	3.07857	3.79274	4.37893	2.61862	0	4.14445	5.50734	1.54201	4.2734	4.37791	1.65241	
3.55378	15.1946	9.95531	8.66681	8.8914	6.64333	5.58014	6.76003	4.14445	0	5.41762	5.16209	2.43071	8.12133	7.20346	
6.09802	6.51542	10.5115	6.00126	8.59615	4.3136	2.96135	3.93055	5.50734	5.41762	0	5.7183	2.98692	3.36318	6.08867	
2.0747	8.65416	10.256	2.12637	4.58454	2.99857	5.92095	2.58847	1.54201	5.16209	5.7183	0	2.73139	3.15584	3.19443	
4.80609	8.83687	7.5246	4.85776	6.19891	4.21262	5.51062	5.31986	4.2734	2.43071	2.98692	2.73139	0	5.16304	4.77275	
3.77362	5.57467	6.45299	1.82261	4.15165	0.950417	3.64181	0.567372	4.37791	8.12133	3.36318	3.15584	5.16304	0	1.53357	
2.24309	5.77995	3.7275	3.01253	1.42616	2.14033	5.38066	0.966202	1.65241	7.20346	6.08867	3.19443	4.77275	1.53357	0	

0	3.37048	3.513	2.02835	7.5965	2.34418	1.06593	1.62033	0.65124	1.60179	1.96123	6.25503	3.89978	2.59735	1.42545	
3.37048	0	2.64303	5.39883	27.1844	10.1246	5.27076	7.22485	4.02172	12.8542	5.33171	23.2617	7.86277	5.03961	4.73057	
3.513	2.64303	0	6.19203	8.25859	6.88846	6.64809	2.28242	6.23339	7.17907	5.95521	6.91712	11.4049	2.39658	2.08755	
2.02835	5.39883	6.19203	0	12.2634	0.315831	3.92863	1.61021	2.67959	3.05266	1.41489	10.9219	3.35344	2.60471	1.80509	
7.5965	27.1844	8.25859	12.2634	0	10.972	16.4027	6.36592	11.742	11.2626	16.8656	11.0006	16.2379	7.34294	6.17104	
2.34418	10.1246	6.88846	0.315831	10.972	0	4.24091	1.92604	3.68738	2.73683	1.73072	9.63049	4.51828	5.1684	4.80091	
1.06593	5.27076	6.64809	3.92863	16.4027	4.24091	0	2.65083	0.414694	1.36524	3.86151	9.58714	4.40537	3.64534	2.84571	
1.62033	7.22485	2.28242	1.61021	6.36592	1.92604	2.65083	0	3.06553	4.15491	3.0251	5.02446	7.72404	0.994505	0.194878	
0.65124	4.02172	6.23339	2.67959	11.742	3.68738	0.414694	3.06553	0	0.950547	2.61247	10.0018	3.85184	6.69712	2.07669	
1.60179	12.8542	7.17907	3.05266	11.2626	2.73683	1.36524	4.15491	0.950547	0	2.59192	9.61109	2.90129	5.74657	5.09152	
1.96123	5.33171	5.95521	1.41489	16.8656	1.73072	3.86151	3.0251	2.61247	2.59192	0	12.203	1.93855	3.55862	3.38668	
6.25503	23.2617	6.91712	10.9219	11.0006	9.63049	9.58714	5.02446	10.0018	9.61109	12.203	0	12.5124	6.00147	4.82958	
3.89978	7.86277	11.4049	3.35344	16.2379	4.51828	4.40537	7.72404	3.85184	2.90129	1.93855	12.5124	0	5.49717	5.91775	
2.59735	5.03961	2.39658	2.60471	7.34294	5.1684	3.64534	0.994505	6.69712	5.74657	3.55862	6.00147	5.49717	0	1.1719	
1.42545	4.73057	2.08755	1.80509	6.17104	4.80091	2.84571	0.194878	2.07669	5.09152	3.38668	4.82958	5.91775	1.1719	0	

0	4.72118	3.03189	6.48976	13.3653	7.01134	6.09731	8.61859	2.35237	4.70502	1.51168	3.76639	4.27887	5.0705	5.20306	
4.72118	0	1.84078	1.76859	8.64411	2.26781	5.49566	3.08758	2.52029	9.42619	6.23285	8.48757	8.24963	2.41107	2.16404	
3.03189	1.84078	0	1.98575	7.47699	1.16621	3.65488	1.24681	0.679512	3.79285	7.66137	10.595	3.82418	0.570298	3.5302	
6.48976	1.76859	1.98575	0	4.29122	0.499224	6.00227	3.42448	3.24614	2.80555	7.01481	6.47782	2.48241	1.09513	0.395452	
13.3653	8.64411	7.47699	4.29122	0	6.71413	9.6023	7.07287	6.74646	15.3936	17.4312	9.97814	5.98272	8.04729	3.89577	
7.01134	2.26781	1.16621	0.499224	6.71413	0	5.14141	2.73334	2.16604	2.30632	6.51559	8.90073	4.90531	0.595908	0.894676	
6.09731	5.49566	3.65488	6.00227	9.6023	5.14141	0	4.90169	4.33439	7.80937	4.58563	8.32227	7.35283	4.22518	5.70653	
8.61859	3.08758	1.24681	3.42448	7.07287	2.73334	4.90169	0	1.92632	15.0298	9.83603	9.25947	5.26406	1.8171	3.1771	
2.35237	2.52029	0.679512	3.24614	6.74646	2.16604	4.33439	1.92632	0	7.05739	3.86405	6.11876	3.14467	1.24981	2.85069	
4.70502	9.42619	3.79285	2.80555	15.3936	2.30632	7.80937	15.0298	7.05739	0	6.21669	8.47141	9.69716	2.90223	5.12468	
1.51168	6.23285	7.66137	7.01481	17.4312	6.51559	4.58563	9.83603	3.86405	6.21669	0	5.27807	2.7672	7.11149	4.85415	
3.76639	8.48757	10.595	6.47782	9.97814	8.90073	8.32227	9.25947	6.11876	8.47141	5.27807	0	8.16933	10.3067	6.08237	
4.27887	8.24963	3.82418	2.48241	5.98272	4.90531	7.35283	5.26406	3.14467	9.69716	2.7672	8.16933	0	5.86279	2.08695	
5.0705	2.41107	0.570298	1.09513	8.04729	0.595908	4.22518	1.8171	1.24981	2.90223	7.11149	10.3067	5.86279	0	3.41427	
5.20306	2.16404	3.5302	0.395452	3.89577	0.894676	5.70653	3.1771	2.85069	5.12468	4.85415	6.08237	2.08695	3.41427	0	

0	4.46957	8.66161	1.76435	5.88879	0.961326	1.10893	2.30893	0.550801	1.00965	1.53473	0.794089	5.15763	3.75323	2.31257	
4.46957	0	5.41735	4.25494	6.39323	5.05796	8.82012	5.37513	7.97615	6.71379	6.47119	3.67548	6.21464	6.31913	6.1791	
8.66161	5.41735	0	3.48282	5.62112	3.38898	5.48636	2.04137	9.85666	8.68644	7.12687	9.09283	5.44252	4.65664	2.84534	
1.76435	4.25494	3.48282	0	2.1383	0.803027	5.71089	2.15064	10.4786	2.38224	2.13964	5.02333	1.9597	2.0642	3.06987	
5.88879	6.39323	5.62112	2.1383	0	2.94133	13.3536	4.4042	12.7955	6.50668	6.26408	13.0388	4.098	4.20249	6.96732	
0.961326	5.05796	3.38898	0.803027	2.94133	0	2.07026	1.34761	1.51213	1.57922	1.33662	1.75542	2.76273	2.86722	2.15158	
1.10893	8.82012	5.48636	5.71089	13.3536	2.07026	0	3.44499	1.65973	2.11858	2.64367	1.90302	11.4586	6.06026	3.4215	
2.30893	5.37513	2.04137	2.15064	4.4042	1.34761	3.44499	0	5.5244	2.92682	2.68422	5.57441	4.2256	2.61527	0.803968	
0.550801	7.97615	9.85666	10.4786	12.7955	1.51213	1.65973	5.5244	0	1.56045	2.08554	1.34489	8.66422	7.25981	2.86337	
1.00965	6.71379	8.68644	2.38224	6.50668	1.57922	2.11858	2.92682	1.56045	0	2.54438	1.80374	8.59771	8.25779	3.32221	
1.53473	6.47119	7.12687	2.13964	6.26408	1.33662	2.64367	2.68422	2.08554	2.54438	0	2.32882	10.9827	7.78531	3.8473	
0.794089	3.67548	9.09283	5.02333	13.0388	1.75542	1.90302	5.57441	1.34489	1.80374	2.32882	0	4.36355	2.95914	3.10666	
5.15763	6.21464	5.44252	1.9597	4.098	2.76273	11.4586	4.2256	8.66422	8.59771	10.9827	4.36355	0	4.0239	8.1843	
3.75323	6.31913	4.65664	2.0642	4.20249	2.86722	6.06026	2.61527	7.25981	8.25779	7.78531	2.95914	4.0239	0	3.23199	
2.31257	6.1791	2.84534	3.06987	6.96732	2.15158	3.4215	0.803968	2.86337	3.32221	3.8473	3.10666	8.1843	3.23199	0	

0	11.6813	9.40326	4.38457	16.8669	5.09483	10.4635	6.32262	5.71685	4.2366	4.74129	6.86258	5.94006	6.75044	7.23962	
11.6813	0	7.21344	9.35597	1.25261	7.68947	9.34121	6.76095	3.74004	5.22028	5.86959	9.14024	9.73594	9.34508	7.80076	
9.40326	7.21344	0	5.01869	8.17367	4.04996	4.18094	4.47161	6.19351	4.22595	4.06396	7.4967	2.52249	2.39435	6.45246	
4.38457	9.35597	5.01869	0	10.3656	1.66649	12.7062	2.89429	6.75592	5.27567	4.19052	2.47801	6.97913	3.3221	2.85505	
16.8669	1.25261	8.17367	10.3656	0	6.73613	12.6831	5.50834	4.99265	17.0866	9.09669	7.88763	10.6962	7.58559	6.07604	
5.09483	7.68947	4.04996	1.66649	6.73613	0	6.22627	1.22779	4.65358	3.02871	2.52403	4.14451	9.82565	1.6556	1.7955	
10.4635	9.34121	4.18094	12.7062	12.6831	6.22627	0	6.89634	5.60117	3.36191	3.70224	11.9083	1.65845	4.81908	5.97265	
6.32262	6.76095	4.47161	2.89429	5.50834	1.22779	6.89634	0	3.80654	4.09304	3.58835	2.61656	4.8819	2.07726	0.567704	
5.71685	3.74004	6.19351	6.75592	4.99265	4.65358	5.60117	3.80654	0	1.48025	1.98493	10.0517	3.18371	4.07626	4.37425	
4.2366	5.22028	4.22595	5.27567	17.0866	3.02871	3.36191	4.09304	1.48025	0	0.504686	7.75368	1.70346	2.59601	6.01766	
4.74129	5.86959	4.06396	4.19052	9.09669	2.52403	3.70224	3.58835	1.98493	0.504686	0	9.70369	2.20815	3.1007	4.15606	
6.86258	9.14024	7.4967	2.47801	7.88763	4.14451	11.9083	2.61656	10.0517	7.75368	9.70369	0	6.36305	6.99447	2.04886	
5.94006	9.73594	2.52249	6.97913	10.6962	9.82565	1.65845	4.8819	3.18371	1.70346	2.20815	6.36305	0	4.29948	4.31419	
6.75044	9.34508	2.39435	3.3221	7.58559	1.6556	4.81908	2.07726	4.07626	2.59601	3.1007	6.99447	4.29948	0	2.64496	
7.23962	7.80076	6.45246	2.85505	6.07604	1.7955	5.97265	0.567704	4.37425	6.01766	4.15606	2.04886	4.31419	2.64496	0	

0	10.8968	4.58444	2.50373	7.70257	1.36275	3.65638	4.63528	7.5993	6.13602	5.64701	7.63207	4.35748	6.27189	6.14422	
10.8968	0	6.9354	10.675	8.49451	9.26865	9.35622	8.08876	11.2626	15.0194	11.7377	6.57755	12.5287	10.3553	4.48719	
4.58444	6.9354	0	4.36265	1.55911	3.22168	9.91987	3.95296	7.08203	7.0317	4.80232	5.21778	6.21641	2.98979	7.30813	
2.50373	10.675	4.36265	0	6.27354	1.14097	1.92369	2.83971	4.65067	6.44576	4.21638	4.87809	1.72561	4.84286	5.92244	
7.70257	8.49451	1.55911	6.27354	0	4.78079	4.64029	4.07585	9.85598	9.64315	6.36143	6.77689	11.7409	1.43068	7.29883	
1.36275	9.26865	3.22168	1.14097	4.78079	0	3.06466	3.98068	5.79164	7.15825	4.92887	6.01906	2.86658	5.98384	4.78147	
3.65638	9.35622	9.91987	1.92369	4.64029	3.06466	0	4.76339	6.57435	5.99427	6.14007	6.80177	3.64929	3.20961	4.86903	
4.63528	8.08876	3.95296	2.83971	4.07585	3.98068	4.76339	0	5.18205	5.60447	3.37509	2.99678	4.56531	2.64517	3.60157	
7.5993	11.2626	7.08203	4.65067	9.85598	5.79164	6.57435	5.18205	0	4.50909	2.27971	8.17884	3.63083	7.82723	6.77546	
6.13602	15.0194	7.0317	6.44576	9.64315	7.15825	5.99427	5.60447	4.50909	0	2.22938	6.38297	8.0158	9.20388	8.47333	
5.64701	11.7377	4.80232	4.21638	6.36143	4.92887	6.14007	3.37509	2.27971	2.22938	0	6.37187	5.91054	6.02026	6.97667	
7.63207	6.57755	5.21778	4.87809	6.77689	6.01906	6.80177	2.99678	8.17884	6.38297	6.37187	0	5.3753	5.64196	2.09036	
4.35748	12.5287	6.21641	1.72561	11.7409	2.86658	3.64929	4.56531	3.63083	8.0158	5.91054	5.3753	0	6.56847	7.46566	
6.27189	10.3553	2.98979	4.84286	1.43068	5.98384	3.20961	2.64517	7.82723	9.20388	6.02026	5.64196	6.56847	0	5.86815	
6.14422	4.48719	7.30813	5.92244	7.29883	4.78147	4.86903	3.60157	6.77546	8.47333	6.97667	2.09036	7.46566	5.86815	0	

0	8.54406	7.94918	5.1968	7.03107	4.45151	5.52715	6.55975	3.38459	3.58709	3.78727	6.87647	4.7881	5.88324	6.37934	
8.54406	0	16.3694	5.65806	15.5751	7.70382	12.173	7.71901	11.7499	12.1312	7.85419	10.0299	12.8838	13.3488	7.89942	
7.94918	16.3694	0	10.6564	3.67399	5.63151	3.36506	6.81937	3.6882	6.3404	5.38607	10.0647	10.2468	1.18956	4.45269	
5.1968	5.65806	10.6564	0	12.2279	2.04576	3.93601	2.62964	3.01761	8.78389	2.19613	4.94058	3.19696	6.55407	2.81005	
7.03107	15.5751	3.67399	12.2279	0	9.41293	14.5419	8.70168	8.23858	10.0144	9.47995	6.39075	8.63758	4.86355	12.5053	
4.45151	7.70382	5.63151	2.04576	9.41293	0	4.48492	1.90872	1.06692	13.103	1.8884	3.02218	6.74911	3.56556	1.72831	
5.52715	12.173	3.36506	3.93601	14.5419	4.48492	0	2.93702	2.56136	12.3153	1.73988	4.82908	2.74071	2.1755	2.75661	
6.55975	7.71901	6.81937	2.62964	8.70168	1.90872	2.93702	0	8.12845	11.5551	4.82577	2.31093	9.85533	3.44354	0.18041	
3.38459	11.7499	3.6882	3.01761	8.23858	1.06692	2.56136	8.12845	0	6.97169	0.82148	3.91068	1.82231	2.49864	2.79523	
3.58709	12.1312	6.3404	8.78389	10.0144	13.103	12.3153	11.5551	6.97169	0	7.37436	11.6223	19.1984	7.52996	9.96643	
3.78727	7.85419	5.38607	2.19613	9.47995	1.8884	1.73988	4.82577	0.82148	7.37436	0	3.0892	1.00083	3.32012	4.49649	
6.87647	10.0299	10.0647	4.94058	6.39075	3.02218	4.82908	2.31093	3.91068	11.6223	3.0892	0	4.09003	7.53048	2.49134	
4.7881	12.8838	10.2468	3.19696	8.63758	6.74911	2.74071	9.85533	1.82231	19.1984	1.00083	4.09003	0	8.07979	8.6609	
5.88324	13.3488	1.18956	6.55407	4.86355	3.56556	2.1755	3.44354	2.49864	7.52996	3.32012	7.53048	8.07979	0	3.26313	
6.37934	7.89942	4.45269	2.81005	12.5053	1.72831	2.75661	0.18041	2.79523	9.96643	4.49649	2.49134	8.6609	3.26313	0	

0	6.84828	10.2438	6.4819	19.057	3.23945	4.83255	6.85288	8.18082	6.42395	5.18827	5.04416	9.03534	8.83355	6.06677	
6.84828	0	6.45304	5.57096	20.4627	3.60883	14.164	3.62058	8.5502	6.10632	11.4401	3.25206	7.24323	14.3215	4.40669	
10.2438	6.45304	0	2.43778	14.4853	5.68023	10.6779	4.38816	2.72041	4.80793	6.76701	6.36377	4.97584	7.86844	4.177	
6.4819	5.57096	2.43778	0	15.8146	3.24245	7.9024	1.95038	2.39068	2.37015	3.60583	3.91335	2.53806	9.08638	2.20964	
19.057	20.4627	14.4853	15.8146	0	17.6723	17.4419	14.391	13.6733	15.1044	13.8687	17.6348	17.9624	18.6259	13.6049	
3.23945	3.60883	5.68023	3.24245	17.6723	0	8.07201	4.36152	4.94137	5.32603	6.56171	4.7367	5.78051	14.5561	5.14763	
4.83255	14.164	10.6779	7.9024	17.4419	8.07201	0	11.3926	13.3983	4.80885	3.57317	9.87671	7.66681	4.001	10.8993	
6.85288	3.62058	4.38816	1.95038	14.391	4.36152	11.3926	0	4.34106	4.32053	6.27961	1.96297	4.48844	11.1248	0.786112	
8.18082	8.5502	2.72041	2.39068	13.6733	4.94137	13.3983	4.34106	0	4.76083	6.71991	6.11963	4.92874	10.5889	4.60032	
6.42395	6.10632	4.80793	2.37015	15.1044	5.32603	4.80885	4.32053	4.76083	0	1.23568	2.85426	4.90821	5.99283	4.57979	
5.18827	11.4401	6.76701	3.60583	13.8687	6.56171	3.57317	6.27961	6.71991	1.23568	0	4.08994	4.09365	4.75715	6.53887	
5.04416	3.25206	6.36377	3.91335	17.6348	4.7367	9.87671	1.96297	6.11963	2.85426	4.08994	0	3.99118	11.6151	2.74908	
9.03534	7.24323	4.97584	2.53806	17.9624	5.78051	7.66681	4.48844	4.92874	4.90821	4.09365	3.99118	0	7.6239	4.74769	
8.83355	14.3215	7.86844	9.08638	18.6259	14.5561	4.001	11.1248	10.5889	5.99283	4.75715	11.6151	7.6239	0	10.3387	
6.06677	4.40669	4.177	2.20964	13.6049	5.14763	10.8993	0.786112	4.60032	4.57979	6.53887	2.74908	4.74769	10.3387	0	

0	7.09148	4.58994	3.65028	15.8264	4.89402	3.0844	4.80948	1.01255	2.9066	2.06248	5.2434	4.40769	3.01075	5.19247	
7.09148	0	8.12609	3.44119	9.03271	4.87188	11.5717	4.95549	9.87984	14.806	11.8638	7.11556	10.352	8.04753	5.46029	
4.58994	8.12609	0	4.43744	15.4915	4.64757	4.80235	2.92314	7.08534	1.68333	5.4798	6.20203	3.92813	1.96611	2.66579	
3.65028	3.44119	4.43744	0	12.4739	1.43069	6.73468	1.5143	4.66283	4.54839	4.26223	4.79319	5.49446	3.5128	1.89729	
15.8264	9.03271	15.4915	12.4739	0	15.5716	18.841	13.2087	17.2453	20.152	13.7639	14.7442	11.5078	13.4698	12.8257	
4.89402	4.87188	4.64757	1.43069	15.5716	0	5.55697	2.94499	6.99668	3.11771	2.83154	7.30022	4.06377	2.68146	3.0304	
3.0844	11.5717	4.80235	6.73468	18.841	5.55697	0	7.05127	3.25055	5.991	5.07705	8.3278	7.42226	6.09515	6.66828	
4.80948	4.95549	2.92314	1.5143	13.2087	2.94499	7.05127	0	4.80253	4.60647	5.51218	3.27889	3.96051	1.9985	0.382986	
1.01255	9.87984	7.08534	4.66283	17.2453	6.99668	3.25055	4.80253	0	3.91915	3.07503	6.25595	8.35651	4.02331	4.41954	
2.9066	14.806	1.68333	4.54839	20.152	3.11771	5.991	4.60647	3.91915	0	4.96908	8.15001	6.11542	3.64945	4.34913	
2.06248	11.8638	5.4798	4.26223	13.7639	2.83154	5.07705	5.51218	3.07503	4.96908	0	5.58166	2.34521	3.51369	5.86194	
5.2434	7.11556	6.20203	4.79319	14.7442	7.30022	8.3278	3.27889	6.25595	8.15001	5.58166	0	3.23645	5.19846	3.66188	
4.40769	10.352	3.92813	5.49446	11.5078	4.06377	7.42226	3.96051	8.35651	6.11542	2.34521	3.23645	0	1.96202	4.54926	
3.01075	8.04753	1.96611	3.5128	13.4698	2.68146	6.09515	1.9985	4.02331	3.64945	3.51369	5.19846	1.96202	0	2.38148	
5.19247	5.46029	2.66579	1.89729	12.8257	3.0304	6.66828	0.382986	4.41954	4.34913	5.86194	3.66188	4.54926	2.38148	0	

0	5.05082	4.24959	2.27629	4.95618	2.38955	2.63627	1.93603	5.50355	5.64587	3.9749	5.9472	2.82894	4.28862	2.40037	
5.05082	0	6.17209	2.95216	3.08456	3.92534	7.68708	5.20709	6.13	7.56837	5.41328	4.27881	6.09999	0.93983	4.38346	
4.24959	6.17209	0	1.9733	4.65319	2.08656	10.1525	6.61025	9.23555	5.34288	3.67192	9.10248	7.50316	3.98563	5.47977	
2.27629	2.95216	1.9733	0	2.67989	0.113261	4.91255	3.634	3.54301	3.36958	1.69862	5.82082	5.83123	2.01233	3.50647	
4.95618	3.08456	4.65319	2.67989	0	2.79315	11.4282	5.11136	5.47447	5.3911	3.63007	7.36337	8.51112	4.02439	4.64703	
2.38955	3.92534	2.08656	0.113261	2.79315	0	9.31011	3.52074	8.75862	3.48284	1.81188	5.70756	4.41365	2.12559	3.61973	
2.63627	7.68708	10.1525	4.91255	11.4282	9.31011	0	4.5723	4.76851	5.26039	6.6129	3.60256	9.07205	8.34792	9.76513	
1.93603	5.20709	6.61025	3.634	5.11136	3.52074	4.5723	0	7.23085	4.70457	5.07774	4.01117	0.892908	3.90796	0.464337	
5.50355	6.13	9.23555	3.54301	5.47447	8.75862	4.76851	7.23085	0	3.60542	1.8444	8.37106	10.0574	5.19017	6.4578	
5.64587	7.56837	5.34288	3.36958	5.3911	3.48284	5.26039	4.70457	3.60542	0	1.76103	8.86294	3.81166	5.38191	4.50474	
3.9749	5.41328	3.67192	1.69862	3.63007	1.81188	6.6129	5.07774	1.8444	1.76103	0	10.322	5.57269	3.71095	4.61341	
5.9472	4.27881	9.10248	5.82082	7.36337	5.70756	3.60256	4.01117	8.37106	8.86294	10.322	0	4.90407	5.21864	4.4755	
2.82894	6.09999	7.50316	5.83123	8.51112	4.41365	9.07205	0.892908	10.0574	3.81166	5.57269	4.90407	0	6.00937	1.35724	
4.28862	0.93983	3.98563	2.01233	4.02439	2.12559	8.34792	3.90796	5.19017	5.38191	3.71095	5.21864	6.00937	0	3.44363	
2.40037	4.38346	5.47977	3.50647	4.64703	3.61973	9.76513	0.464337	6.4578	4.50474	4.61341	4.4755	1.35724	3.44363	0	

0	13.9515	10.0003	7.17156	9.18331	4.20893	3.88363	3.69956	1.75953	3.8091	1.1803	8.25394	14.6057	12.3083	7.72155	
13.9515	0	7.8221	6.64286	11.1267	6.04728	17.6766	2.48252	9.77786	9.798	10.2515	6.19744	8.17211	2.36409	2.79402	
10.0003	7.8221	0	1.43604	7.17543	1.87893	17.1544	2.884	4.82403	4.84416	6.30024	3.7604	5.88543	3.00243	2.76771	
7.17156	6.64286	1.43604	0	4.34672	0.442897	11.7881	2.04849	3.98851	4.00865	3.47153	3.60717	4.70619	2.0184	1.43578	
9.18331	11.1267	7.17543	4.34672	0	3.90382	10.7064	9.15839	11.0984	10.9987	6.93245	13.3412	11.7809	9.27682	4.89671	
4.20893	6.04728	1.87893	0.442897	3.90382	0	5.73197	1.74765	6.25521	6.02432	3.02863	4.05007	4.11061	1.42281	0.992886	
3.88363	17.6766	17.1544	11.7881	10.7064	5.73197	0	5.94117	5.92991	3.98101	2.70334	9.77698	11.0802	15.3125	9.79547	
3.69956	2.48252	2.884	2.04849	9.15839	1.74765	5.94117	0	1.94002	1.96016	4.95584	3.95177	3.87248	0.11843	0.548353	
1.75953	9.77786	4.82403	3.98851	11.0984	6.25521	5.92991	1.94002	0	2.04957	2.93983	9.43122	9.14878	2.05845	2.69479	
3.8091	9.798	4.84416	4.00865	10.9987	6.02432	3.98101	1.96016	2.04957	0	2.99568	10.0693	7.09921	2.07859	2.71492	
1.1803	10.2515	6.30024	3.47153	6.93245	3.02863	2.70334	4.95584	2.93983	2.99568	0	7.07365	10.0949	7.52206	4.02152	
8.25394	6.19744	3.7604	3.60717	13.3412	4.05007	9.77698	3.95177	9.43122	10.0693	7.07365	0	6.1543	3.83334	4.26327	
14.6057	8.17211	5.88543	4.70619	11.7809	4.11061	11.0802	3.87248	9.14878	7.09921	10.0949	6.1543	0	3.54764	3.11772	
12.3083	2.36409	3.00243	2.0184	9.27682	1.42281	15.3125	0.11843	2.05845	2.07859	7.52206	3.83334	3.54764	0	0.429923	
7.72155	2.79402	2.76771	1.43578	4.89671	0.992886	9.79547	0.548353	2.69479	2.71492	4.02152	4.26327	3.11772	0.429923	0	

0	6.67485	10.6702	3.44674	6.87728	7.19936	1.90415	3.85659	5.01214	2.74923	5.84305	11.9988	11.1201	1.9863	6.72518	
6.67485	0	9.20243	3.66331	6.45734	1.94707	8.70142	6.55883	7.49516	7.90352	9.94567	5.12486	7.1095	4.68855	8.18756	
10.6702	9.20243	0	4.27683	7.04304	11.0368	5.51462	4.79889	4.02623	9.66946	1.57572	9.61754	11.5235	8.95206	7.13838	
3.44674	3.66331	4.27683	0	6.22651	1.71624	5.47331	1.57367	3.35754	4.67541	2.70111	4.10943	6.90402	1.46044	1.63027	
6.87728	6.45734	7.04304	6.22651	0	4.51027	8.78144	5.23882	7.02269	9.62651	5.46732	7.77458	9.69805	7.10911	5.29542	
7.19936	1.94707	11.0368	1.71624	4.51027	0	9.22593	3.28991	9.44224	8.42804	4.41735	4.85667	5.18778	3.17668	7.91936	
1.90415	8.70142	5.51462	5.47331	8.78144	9.22593	0	5.20594	3.42207	4.65338	3.93889	11.2006	9.21594	3.89045	8.96157	
3.85659	6.55883	4.79889	1.57367	5.23882	3.28991	5.20594	0	1.78387	4.03256	3.22317	2.53576	4.5204	1.87028	0.0566002	
5.01214	7.49516	4.02623	3.35754	7.02269	9.44224	3.42207	1.78387	0	6.64281	2.45051	4.31962	11.7015	3.65415	1.84047	
2.74923	7.90352	9.66946	4.67541	9.62651	8.42804	4.65338	4.03256	6.64281	0	8.09374	7.03865	16.2492	3.21497	3.97596	
5.84305	9.94567	1.57572	2.70111	5.46732	4.41735	3.93889	3.22317	2.45051	8.09374	0	5.75893	13.0993	4.16155	3.27977	
11.9988	5.12486	9.61754	4.10943	7.77458	4.85667	11.2006	2.53576	4.31962	7.03865	5.75893	0	1.98464	4.40604	2.59236	
11.1201	7.1095	11.5235	6.90402	9.69805	5.18778	9.21594	4.5204	11.7015	16.2492	13.0993	1.98464	0	10.4008	5.04733	
1.9863	4.68855	8.95206	1.46044	7.10911	3.17668	3.89045	1.87028	3.65415	3.21497	4.16155	4.40604	10.4008	0	1.92688	
6.72518	8.18756	7.13838	1.63027	5.29542	7.91936	8.96157	0.0566002	1.84047	3.97596	3.27977	2.59236	5.04733	1.92688	0	

0	8.39572	9.5305	3.46472	9.69831	8.73958	8.59397	10.2293	5.18688	6.58901	1.92998	6.53947	7.1366	9.88848	7.99131	
8.39572	0	2.57328	9.43265	14.9586	5.63533	5.75105	1.63558	6.41247	6.71565	10.3257	7.15146	2.39276	1.49276	1.53805	
9.5305	2.57328	0	3.13534	10.4914	0.790913	5.33881	0.573092	1.56806	7.87955	4.82497	2.30705	4.34679	1.08052	0.670623	
3.46472	9.43265	3.13534	0	10.4906	3.61073	5.30659	3.39892	1.56727	8.66381	1.53474	1.16358	5.75005	4.55201	3.49645	
9.69831	14.9586	10.4914	10.4906	0	14.4303	16.1261	8.06798	8.92336	13.482	12.1803	7.14818	2.56172	12.2203	3.41643	
8.73958	5.63533	0.790913	3.61073	14.4303	0	8.23577	1.36401	2.35897	15.0461	5.14547	3.09796	10.6108	1.87143	4.283	
8.59397	5.75105	5.33881	5.30659	16.1261	8.23577	0	5.41138	6.87386	13.7931	6.66399	6.47017	13.9168	4.25829	5.06522	
10.2293	1.63558	0.573092	3.39892	8.06798	1.36401	5.41138	0	2.14115	5.27513	4.93366	2.88014	0.952242	0.904457	0.0975306	
5.18688	6.41247	1.56806	1.56727	8.92336	2.35897	6.87386	2.14115	0	9.84795	3.10201	2.73086	8.04776	2.64858	2.63903	
6.58901	6.71565	7.87955	8.66381	13.482	15.0461	13.7931	5.27513	9.84795	0	7.12907	11.4261	6.03231	5.98452	5.1776	
1.92998	10.3257	4.82497	1.53474	12.1803	5.14547	6.66399	4.93366	3.10201	7.12907	0	2.69832	9.06657	10.9223	10.858	
6.53947	7.15146	2.30705	1.16358	7.14818	3.09796	6.47017	2.88014	2.73086	11.4261	2.69832	0	4.58647	3.38757	5.44118	
7.1366	2.39276	4.34679	5.75005	2.56172	10.6108	13.9168	0.952242	8.04776	6.03231	9.06657	4.58647	0	1.66164	0.854711	
9.88848	1.49276	1.08052	4.55201	12.2203	1.87143	4.25829	0.904457	2.64858	5.98452	10.9223	3.38757	1.66164	0	0.806927	
7.99131	1.53805	0.670623	3.49645	3.41643	4.283	5.06522	0.0975306	2.63903	5.1776	10.858	5.44118	0.854711	0.806927	0	

0	7.74405	8.55089	2.06876	18.1364	2.29691	4.31604	3.92963	0.761758	1.66871	3.25996	4.07229	4.75583	3.5233	3.32876	
7.74405	0	9.30917	5.67529	7.35843	5.08485	11.1882	1.91759	3.61715	7.74121	10.8713	7.67883	13.1266	0.855607	3.90105	
8.55089	9.30917	0	2.73835	16.1874	2.23769	9.16089	0.877473	3.47021	9.04821	0.97201	6.25765	14.4336	1.93945	1.32115	
2.06876	5.67529	2.73835	0	7.70048	0.228149	10.1781	1.58837	2.83051	3.73747	3.95383	2.00354	6.82459	2.92286	1.6902	
18.1364	7.35843	16.1874	7.70048	0	7.47234	17.4223	6.95	9.07332	10.7792	11.198	6.12649	11.3951	7.73386	6.50632	
2.29691	5.08485	2.23769	0.228149	7.47234	0	9.94994	1.36022	4.02905	5.73494	3.72568	2.23169	6.35087	2.4222	1.46205	
4.31604	11.1882	9.16089	10.1781	17.4223	9.94994	0	11.3102	3.55428	10.02	6.05249	12.5412	10.6615	6.31583	6.12128	
3.92963	1.91759	0.877473	1.58837	6.95	1.36022	11.3102	0	3.01067	4.71656	1.84948	3.86441	5.33249	1.06198	0.443673	
0.761758	3.61715	3.47021	2.83051	9.07332	4.02905	3.55428	3.01067	0	2.43047	2.4982	7.78384	5.51759	2.76154	2.567	
1.66871	7.74121	9.04821	3.73747	10.7792	5.73494	10.02	4.71656	2.43047	0	9.24759	6.71899	5.38536	7.31833	4.27289	
3.25996	10.8713	0.97201	3.95383	11.198	3.72568	6.05249	1.84948	2.4982	9.24759	0	5.28564	12.3347	5.25975	5.0652	
4.07229	7.67883	6.25765	2.00354	6.12649	2.23169	12.5412	3.86441	7.78384	6.71899	5.28564	0	12.1043	6.94785	4.18066	
4.75583	13.1266	14.4336	6.82459	11.3951	6.35087	10.6615	5.33249	5.51759	5.38536	12.3347	12.1043	0	7.93426	4.88882	
3.5233	0.855607	1.93945	2.92286	7.73386	2.4222	6.31583	1.06198	2.76154	7.31833	5.25975	6.94785	7.93426	0	1.50566	
3.32876	3.90105	1.32115	1.6902	6.50632	1.46205	6.12128	0.443673	2.567	4.27289	5.0652	4.18066	4.88882	1.50566	0	

0	11.2965	8.33064	5.64586	6.91396	3.88732	8.9034	7.29473	0.884033	7.94679	2.71007	6.39425	5.66574	6.27252	2.69103	
11.2965	0	14.4242	1.86177	18.1842	4.78349	10.6262	2.9697	4.10813	9.14889	5.18841	16.1776	10.1763	1.2351	2.30114	
8.33064	14.4242	0	13.8158	5.38456	6.93406	19.4142	1.03591	8.74566	15.3904	7.06218	3.37801	13.1094	10.2341	1.70447	
5.64586	1.86177	13.8158	0	10.8213	4.56242	5.53291	6.57614	6.52989	4.04463	6.79178	12.2002	1.76358	0.626666	2.42972	
6.91396	18.1842	5.38456	10.8213	0	10.8013	19.3113	9.32023	7.798	14.877	5.69072	2.00655	12.5797	11.448	16.249	
3.88732	4.78349	6.93406	4.56242	10.8013	0	5.01608	3.15091	4.28934	6.49335	2.22936	5.91354	5.49413	4.28541	2.48235	
8.9034	10.6262	19.4142	5.53291	19.3113	5.01608	0	10.9142	13.7949	1.47728	6.77687	13.2242	3.75832	12.2449	7.49843	
7.29473	2.9697	1.03591	6.57614	9.32023	3.15091	10.9142	0	2.47556	12.0437	3.55583	4.41392	11.3923	2.47162	0.668561	
0.884033	4.10813	8.74566	6.52989	7.798	4.28934	13.7949	2.47556	0	11.5605	3.59411	15.0234	6.54977	3.61005	1.80699	
7.94679	9.14889	15.3904	4.04463	14.877	6.49335	1.47728	12.0437	11.5605	0	5.2996	8.98377	2.28105	4.6823	8.18686	
2.71007	5.18841	7.06218	6.79178	5.69072	2.22936	6.77687	3.55583	3.59411	5.2996	0	3.68417	7.58064	4.69032	2.88727	
6.39425	16.1776	3.37801	12.2002	2.00655	5.91354	13.2242	4.41392	15.0234	8.98377	3.68417	0	15.6298	10.7607	6.57144	
5.66574	10.1763	13.1094	1.76358	12.5797	5.49413	3.75832	11.3923	6.54977	2.28105	7.58064	15.6298	0	2.39025	7.67116	
6.27252	1.2351	10.2341	0.626666	11.448	4.28541	12.2449	2.47162	3.61005	4.6823	4.69032	10.7607	2.39025	0	1.80306	
2.69103	2.30114	1.70447	2.42972	16.249	2.48235	7.49843	0.668561	1.80699	8.18686	2.88727	6.57144	7.67116	1.80306	0	

0	5.49364	9.47255	4.68641	8.16419	6.05153	4.17149	3.36355	6.1545	2.21021	1.59323	5.91548	2.17732	4.98874	3.18694	
5.49364	0	3.9789	6.16234	11.5897	8.28891	9.66513	13.9573	9.22093	7.70385	7.08687	12.0456	17.1848	10.4824	13.3448	
9.47255	3.9789	0	2.18344	7.61084	3.00044	5.20501	2.57677	5.24203	8.15133	5.27661	8.06671	12.3827	7.06098	3.87266	
4.68641	6.16234	2.18344	0	4.26031	0.817005	3.02157	0.393333	4.02068	1.54668	3.09318	3.11225	3.67726	1.29017	1.00585	
8.16419	11.5897	7.61084	4.26031	0	6.69299	8.89756	3.86697	7.8046	5.02032	7.332	6.10779	8.49722	3.17546	3.54058	
6.05153	8.28891	3.00044	0.817005	6.69299	0	3.83857	1.21034	4.83769	2.11451	3.91018	2.56081	5.41076	1.5029	1.13778	
4.17149	9.66513	5.20501	3.02157	8.89756	3.83857	0	3.4149	1.98302	6.3817	5.64301	10.2473	5.05893	9.16022	4.71079	
3.36355	13.9573	2.57677	0.393333	3.86697	1.21034	3.4149	0	3.93763	1.15334	3.48651	2.03555	6.2186	0.896836	0.612516	
6.1545	9.22093	5.24203	4.02068	7.8046	4.83769	1.98302	3.93763	0	5.09097	7.11386	11.2464	7.04194	4.83446	4.55014	
2.21021	7.70385	8.15133	1.54668	5.02032	2.11451	6.3817	1.15334	5.09097	0	3.80344	2.39976	5.60405	1.34185	0.976729	
1.59323	7.08687	5.27661	3.09318	7.332	3.91018	5.64301	3.48651	7.11386	3.80344	0	4.32225	0.584086	3.73748	3.37235	
5.91548	12.0456	8.06671	3.11225	6.10779	2.56081	10.2473	2.03555	11.2464	2.39976	4.32225	0	4.90634	1.78816	1.42303	
2.17732	17.1848	12.3827	3.67726	8.49722	5.41076	5.05893	6.2186	7.04194	5.60405	0.584086	4.90634	0	4.74063	3.95644	
4.98874	10.4824	7.06098	1.29017	3.17546	1.5029	9.16022	0.896836	4.83446	1.34185	3.73748	1.78816	4.74063	0	0.365124	
3.18694	13.3448	3.87266	1.00585	3.54058	1.13778	4.71079	0.612516	4.55014	0.976729	3.37235	1.42303	3.95644	0.365124	0	

0	4.68874	2.55677	8.57945	23.6393	3.21376	5.44601	4.65902	0.92073	4.91141	1.18827	5.0115	2.23182	3.04656	5.07034	
4.68874	0	4.24471	6.80089	4.82285	3.86957	7.84749	1.82761	5.20628	7.28051	5.57796	4.96884	6.51251	3.08045	1.69589	
2.55677	4.24471	0	4.65921	8.2656	2.44042	5.62625	5.27036	7.46728	5.37591	1.36851	4.01889	2.41206	5.34145	4.6141	
8.57945	6.80089	4.65921	0	3.50622	2.21879	6.70869	4.23369	5.84627	4.2435	4.24428	3.50802	6.28813	3.72044	4.39247	
23.6393	4.82285	8.2656	3.50622	0	5.30064	7.67887	3.25867	5.58409	7.74972	7.00903	5.34664	7.94357	3.45825	3.12696	
3.21376	3.86957	2.44042	2.21879	5.30064	0	6.28323	2.3054	7.28139	4.90124	2.02549	1.57847	3.06904	3.46686	2.17368	
5.44601	7.84749	5.62625	6.70869	7.67887	6.28323	0	12.0254	6.9296	2.46519	4.25774	7.64584	4.86573	9.21186	8.04981	
4.65902	1.82761	5.27036	4.23369	3.25867	2.3054	12.0254	0	2.63908	5.71634	4.01379	2.40164	4.94834	0.513246	0.131718	
0.92073	5.20628	7.46728	5.84627	5.58409	7.28139	6.9296	2.63908	0	4.46441	2.109	4.01423	9.40249	2.12583	3.87001	
4.91141	7.28051	5.37591	4.2435	7.74972	4.90124	2.46519	5.71634	4.46441	0	4.0074	5.82173	4.93808	6.59024	5.58462	
1.18827	5.57796	1.36851	4.24428	7.00903	2.02549	4.25774	4.01379	2.109	4.0074	0	3.60396	1.04355	5.71162	3.88207	
5.0115	4.96884	4.01889	3.50802	5.34664	1.57847	7.64584	2.40164	4.01423	5.82173	3.60396	0	2.78011	1.88839	3.75215	
2.23182	6.51251	2.41206	6.28813	7.94357	3.06904	4.86573	4.94834	9.40249	4.93808	1.04355	2.78011	0	4.6685	4.81662	
3.04656	3.08045	5.34145	3.72044	3.45825	3.46686	9.21186	0.513246	2.12583	6.59024	5.71162	1.88839	4.6685	0	0.644964	
5.07034	1.69589	4.6141	4.39247	3.12696	2.17368	8.04981	0.131718	3.87001	5.58462	3.88207	3.75215	4.81662	0.644964	0	

0	13.6609	14.6784	9.46048	9.07735	7.38787	5.4811	5.81872	4.48391	7.63817	7.14276	6.5429	7.83852	8.99037	7.9658	
13.6609	0	10.3586	5.14069	9.12998	9.30485	16.0268	6.0972	10.0887	17.9562	12.378	5.37301	6.73407	4.67058	9.04848	
14.6784	10.3586	0	2.72198	16.1468	4.31694	16.6615	6.49519	9.71604	10.9614	5.19754	8.60422	8.97086	3.19209	3.19831	
9.46048	5.14069	2.72198	0	7.03184	1.59496	17.7733	3.16411	5.37256	2.97097	1.29937	4.4974	4.16574	0.470111	0.476331	
9.07735	9.12998	16.1468	7.03184	0	4.82778	15.648	3.25863	16.2232	10.0163	9.52092	3.75697	10.4652	6.73159	10.344	
7.38787	9.30485	4.31694	1.59496	4.82778	0	11.8635	1.56915	5.92539	8.92354	3.605	2.29333	2.57078	2.06507	2.07129	
5.4811	16.0268	16.6615	17.7733	15.648	11.8635	0	11.2998	8.09063	14.0856	12.6239	11.891	9.2927	14.4715	12.9869	
5.81872	6.0972	6.49519	3.16411	3.25863	1.56915	11.2998	0	10.3026	9.81587	6.24877	0.724185	4.13993	3.47296	4.24954	
4.48391	10.0887	9.71604	5.37256	16.2232	5.92539	8.09063	10.3026	0	5.99497	5.71926	10.0628	3.35461	9.27412	4.89623	
7.63817	17.9562	10.9614	2.97097	10.0163	8.92354	14.0856	9.81587	5.99497	0	0.495407	12.6569	6.13929	10.5195	1.31844	
7.14276	12.378	5.19754	1.29937	9.52092	3.605	12.6239	6.24877	5.71926	0.495407	0	8.3578	4.97408	2.94567	0.823035	
6.5429	5.37301	8.60422	4.4974	3.75697	2.29333	11.891	0.724185	10.0628	12.6569	8.3578	0	6.70821	4.19715	6.35857	
7.83852	6.73407	8.97086	4.16574	10.4652	2.57078	9.2927	4.13993	3.35461	6.13929	4.97408	6.70821	0	8.52894	4.15104	
8.99037	4.67058	3.19209	0.470111	6.73159	2.06507	14.4715	3.47296	9.27412	10.5195	2.94567	4.19715	8.52894	0	0.946442	
7.9658	9.04848	3.19831	0.476331	10.344	2.07129	12.9869	4.24954	4.89623	1.31844	0.823035	6.35857	4.15104	0.946442	0	

0	6.64726	10.4583	1.62052	16.8437	5.59283	3.58317	4.5501	6.33301	4.59898	0.832234	2.57229	2.99212	4.65928	3.11139	
6.64726	0	1.32434	4.17843	2.9843	7.69464	9.31083	3.68941	23.7446	6.41715	4.96671	5.28227	4.88164	3.21449	5.91908	
10.4583	1.32434	0	5.50277	3.89591	6.61021	8.16559	3.59661	25.368	10.2282	6.87389	5.57442	7.24838	4.07153	4.13542	
1.62052	4.17843	5.50277	0	6.68877	3.51621	6.05201	3.0608	8.30111	2.23873	0.788284	1.10384	5.10306	3.43591	3.06744	
16.8437	2.9843	3.89591	6.68877	0	11.2508	9.34919	3.72778	16.0357	20.2871	13.7957	12.3674	4.92001	3.25286	8.49065	
5.59283	7.69464	6.61021	3.51621	11.2508	0	7.53474	3.0136	4.7849	5.75494	4.3045	4.62006	8.58495	3.48852	3.55241	
3.58317	9.31083	8.16559	6.05201	9.34919	7.53474	0	4.10967	2.74984	8.18216	4.41541	6.15546	6.5753	6.09634	3.57086	
4.5501	3.68941	3.59661	3.0608	3.72778	3.0136	4.10967	0	7.7985	5.29953	2.81797	1.97781	2.14208	0.47492	0.538813	
6.33301	23.7446	25.368	8.30111	16.0357	4.7849	2.74984	7.7985	0	6.76079	8.17132	9.91137	10.3312	8.84617	6.32069	
4.59898	6.41715	10.2282	2.23873	20.2871	5.75494	8.18216	5.29953	6.76079	0	3.02701	3.34257	7.59111	5.67463	6.04826	
0.832234	4.96671	6.87389	0.788284	13.7957	4.3045	4.41541	2.81797	8.17132	3.02701	0	1.89213	3.82436	4.22419	2.27915	
2.57229	5.28227	5.57442	1.10384	12.3674	4.62006	6.15546	1.97781	9.91137	3.34257	1.89213	0	5.56441	2.45273	2.51662	
2.99212	4.88164	7.24838	5.10306	4.92001	8.58495	6.5753	2.14208	10.3312	7.59111	3.82436	5.56441	0	1.66716	5.62015	
4.65928	3.21449	4.07153	3.43591	3.25286	3.48852	6.09634	0.47492	8.84617	5.67463	4.22419	2.45273	1.66716	0	1.01373	
3.11139	5.91908	4.13542	3.06744	8.49065	3.55241	3.57086	0.538813	6.32069	6.04826	2.27915	2.51662	5.62015	1.01373	0	

0	6.90275	6.30838	5.80683	9.17387	3.03645	4.14406	3.76773	5.73763	1.96782	1.08201	4.94085	9.18274	3.76119	3.64457	
6.90275	0	5.08083	4.45781	7.94632	3.99809	6.64875	3.81226	8.70593	9.44607	6.10979	5.90248	14.3802	3.43061	3.25818	
6.30838	5.08083	0	4.50154	2.86548	3.35156	6.95173	2.62028	8.15918	5.50575	4.55573	7.5713	6.99408	1.87655	3.17436	
5.80683	4.45781	4.50154	0	7.92292	2.77037	2.19093	3.50164	7.47821	6.12084	5.25298	4.20557	7.7994	2.62499	4.84287	
9.17387	7.94632	2.86548	7.92292	0	12.2079	9.81722	5.48577	11.3355	8.37123	7.97711	13.1158	19.5929	4.74204	10.2293	
3.03645	3.99809	3.35156	2.77037	12.2079	0	4.9613	0.731272	4.70784	4.21546	3.32965	1.90439	11.8589	1.81152	1.28535	
4.14406	6.64875	6.95173	2.19093	9.81722	4.9613	0	6.47973	7.71767	3.92991	3.06205	6.3965	5.41824	4.81592	7.29342	
3.76773	3.81226	2.62028	3.50164	5.48577	0.731272	6.47973	0	5.43911	4.56812	3.68231	2.63566	12.2115	1.08024	0.554075	
5.73763	8.70593	8.15918	7.47821	11.3355	4.70784	7.71767	5.43911	0	5.54143	4.65562	6.61223	12.5028	6.61914	6.09297	
1.96782	9.44607	5.50575	6.12084	8.37123	4.21546	3.92991	4.56812	5.54143	0	0.885809	3.38628	1.48833	3.56499	8.54409	
1.08201	6.10979	4.55573	5.25298	7.97711	3.32965	3.06205	3.68231	4.65562	0.885809	0	4.27209	2.37414	2.67918	4.23638	
4.94085	5.90248	7.5713	4.20557	13.1158	1.90439	6.3965	2.63566	6.61223	3.38628	4.27209	0	4.87461	6.03125	4.93707	
9.18274	14.3802	6.99408	7.7994	19.5929	11.8589	5.41824	12.2115	12.5028	1.48833	2.37414	4.87461	0	11.2084	12.9019	
3.76119	3.43061	1.87655	2.62499	4.74204	1.81152	4.81592	1.08024	6.61914	3.56499	2.67918	6.03125	11.2084	0	1.63432	
3.64457	3.25818	3.17436	4.84287	10.2293	1.28535	7.29342	0.554075	6.09297	8.54409	4.23638	4.93707	12.9019	1.63432	0	

0	12.8826	6.40978	5.19501	10.3423	5.61118	4.98633	7.23505	4.07404	5.92424	4.86367	7.00169	7.33504	8.46754	5.26222	
12.8826	0	3.78359	6.32267	25.5885	7.27143	12.4509	6.85774	6.11933	12.8366	9.22912	13.1065	10.1514	7.03014	8.76128	
6.40978	3.78359	0	2.53908	7.68635	3.23923	3.60079	4.70227	2.33574	4.18595	3.88994	10.951	7.56115	4.87467	5.9775	
5.19501	6.32267	2.53908	0	5.14727	0.700155	3.95677	6.10055	3.54493	1.77593	3.20622	9.1732	3.58012	3.55652	2.19001	
10.3423	25.5885	7.68635	5.14727	0	5.84743	15.9402	12.691	15.452	6.9232	10.9723	14.3205	18.2599	11.2014	8.5857	
5.61118	7.27143	3.23923	0.700155	5.84743	0	4.10982	3.02877	2.84477	2.47608	2.50607	9.87336	2.87996	2.85637	1.48986	
4.98633	12.4509	3.60079	3.95677	15.9402	4.10982	0	5.2775	1.26504	2.18084	2.81924	9.65617	5.37749	5.76558	4.96275	
7.23505	6.85774	4.70227	6.10055	12.691	3.02877	5.2775	0	3.92558	6.62009	2.37138	6.24873	3.46401	0.172404	4.50803	
4.07404	6.11933	2.33574	3.54493	15.452	2.84477	1.26504	3.92558	0	1.8502	1.55419	9.32553	4.02557	5.70114	3.69771	
5.92424	12.8366	4.18595	1.77593	6.9232	2.47608	2.18084	6.62009	1.8502	0	3.40439	7.47533	6.27815	7.83003	5.21435	
4.86367	9.22912	3.88994	3.20622	10.9723	2.50607	2.81924	2.37138	1.55419	3.40439	0	8.62011	2.47137	2.54379	3.99592	
7.00169	13.1065	10.951	9.1732	14.3205	9.87336	9.65617	6.24873	9.32553	7.47533	8.62011	0	12.7615	6.42113	10.7568	
7.33504	10.1514	7.56115	3.58012	18.2599	2.87996	5.37749	3.46401	4.02557	6.27815	2.47137	12.7615	0	3.2916	3.91593	
8.46754	7.03014	4.87467	3.55652	11.2014	2.85637	5.76558	0.172404	5.70114	7.83003	2.54379	6.42113	3.2916	0	4.34622	
5.26222	8.76128	5.9775	2.19001	8.5857	1.48986	4.96275	4.50803	3.69771	5.21435	3.99592	10.7568	3.91593	4.34622	0	

0	10.6622	10.7837	3.59282	5.77445	2.9109	4.25585	1.47887	1.2325	6.27142	5.29924	6.33554	2.56862	3.84466	1.82999	
10.6622	0	18.6741	7.06942	10.9551	7.68689	22.3025	10.2452	11.1743	15.4013	12.0996	11.5701	12.2254	14.4383	8.04423	
10.7837	18.6741	0	10.5146	13.8568	8.07294	11.9582	12.9645	13.1588	11.2753	5.48442	15.4927	10.651	7.28085	10.4098	
3.59282	7.06942	10.5146	0	7.87638	0.617471	7.84867	1.32593	4.10485	7.96834	3.20599	2.56895	5.15602	2.26073	0.974818	
5.77445	10.9551	13.8568	7.87638	0	7.43778	12.8935	5.51933	9.87018	10.7983	7.02823	3.37565	3.20583	5.2318	4.96979	
2.9109	7.68689	8.07294	0.617471	7.43778	0	9.06233	1.12682	4.72232	6.22458	2.58852	2.36984	3.74553	2.06161	0.775701	
4.25585	22.3025	11.9582	7.84867	12.8935	9.06233	0	5.73472	5.48835	12.2647	6.47381	10.5914	6.82447	7.86426	9.15018	
1.47887	10.2452	12.9645	1.32593	5.51933	1.12682	5.73472	0	2.71137	4.79255	4.02055	1.94525	2.3135	1.63703	0.351116	
1.2325	11.1743	13.1588	4.10485	9.87018	4.72232	5.48835	2.71137	0	11.5875	6.53174	7.56804	3.80112	8.13521	5.07967	
6.27142	15.4013	11.2753	7.96834	10.7983	6.22458	12.2647	4.79255	11.5875	0	5.79084	12.8326	7.10605	7.15833	5.14366	
5.29924	12.0996	5.48442	3.20599	7.02823	2.58852	6.47381	4.02055	6.53174	5.79084	0	6.51948	5.8832	1.79643	3.08234	
6.33554	11.5701	15.4927	2.56895	3.37565	2.36984	10.5914	1.94525	7.56804	12.8326	6.51948	0	4.84168	2.88005	1.59413	
2.56862	12.2254	10.651	5.15602	3.20583	3.74553	6.82447	2.3135	3.80112	7.10605	5.8832	4.84168	0	4.67929	2.66462	
3.84466	14.4383	7.28085	2.26073	5.2318	2.06161	7.86426	1.63703	8.13521	7.15833	1.79643	2.88005	4.67929	0	1.28591	
1.82999	8.04423	10.4098	0.974818	4.96979	0.775701	9.15018	0.351116	5.07967	5.14366	3.08234	1.59413	2.66462	1.28591	0	

0	3.85463	7.39109	5.00444	0.903722	3.24373	4.78634	6.93547	4.6285	3.12569	5.66631	5.69746	5.7107	6.20175	3.7587	
3.85463	0	2.40092	1.76246	2.95091	4.67469	6.37381	2.34702	4.02338	7.58158	9.31502	2.95443	9.95408	1.14052	2.44928	
7.39109	2.40092	0	5.60783	5.35184	2.81955	3.97288	2.94096	5.02781	9.69709	5.45655	3.90672	7.55316	3.54144	2.30458	
5.00444	1.76246	5.60783	0	6.18624	1.76071	3.30331	1.82844	3.00062	6.55882	4.18328	1.93167	10.7941	0.621941	1.9307	
0.903722	2.95091	5.35184	6.18624	0	4.14746	6.13348	6.7708	5.53222	4.02941	9.54215	5.90534	12.4755	4.09143	6.87306	
3.24373	4.67469	2.81955	1.76071	4.14746	0	1.54261	1.15135	2.59754	6.36942	2.42257	2.11711	8.54354	1.82373	0.51497	
4.78634	6.37381	3.97288	3.30331	6.13348	1.54261	0	8.4794	1.05493	5.72421	3.96518	2.12389	8.30923	5.07677	2.05758	
6.93547	2.34702	2.94096	1.82844	6.7708	1.15135	8.4794	0	6.27084	9.82903	3.78835	2.23852	10.8579	1.2065	0.636382	
4.6285	4.02338	5.02781	3.00062	5.53222	2.59754	1.05493	6.27084	0	5.6961	6.15143	1.06895	10.0921	5.13564	2.6711	
3.12569	7.58158	9.69709	6.55882	4.02941	6.36942	5.72421	9.82903	5.6961	0	8.70598	4.62715	2.58502	8.69383	6.22929	
5.66631	9.31502	5.45655	4.18328	9.54215	2.42257	3.96518	3.78835	6.15143	8.70598	0	4.75411	6.12096	4.46073	2.93754	
5.69746	2.95443	3.90672	1.93167	5.90534	2.11711	2.12389	2.23852	1.06895	4.62715	4.75411	0	7.21216	2.55361	1.60214	
5.7107	9.95408	7.55316	10.7941	12.4755	8.54354	8.30923	10.8579	10.0921	2.58502	6.12096	7.21216	0	12.539	9.27293	
6.20175	1.14052	3.54144	0.621941	4.09143	1.82373	5.07677	1.2065	5.13564	8.69383	4.46073	2.55361	12.539	0	1.30876	
3.7587	2.44928	2.30458	1.9307	6.87306	0.51497	2.05758	0.636382	2.6711	6.22929	2.93754	1.60214	9.27293	1.30876	0	

0	8.54787	6.61411	2.87765	5.93798	2.64058	1.8523	3.32449	0.495155	1.843	2.93581	5.43594	2.28268	3.35432	2.46308	
8.54787	0	1.49162	3.39592	4.04596	4.28463	14.1544	9.24184	9.93352	6.70487	8.67293	2.45189	4.96158	5.48636	5.64265	
6.61411	1.49162	0	3.91151	2.55435	4.62451	13.6156	5.01244	10.1113	3.90964	6.24896	3.94351	3.46996	3.99474	4.15103	
2.87765	3.39592	3.91151	0	3.88948	0.713	5.39522	1.27599	2.85843	2.13311	4.10117	0.944024	1.81669	1.30582	0.414576	
5.93798	4.04596	2.55435	3.88948	0	5.29291	11.4142	4.33632	10.1344	13.6713	16.3074	4.08754	6.02431	4.36615	3.47491	
2.64058	4.28463	4.62451	0.713	5.29291	0	5.45551	2.15584	2.14543	2.84611	5.48222	1.65702	2.52969	2.70924	1.12758	
1.8523	14.1544	13.6156	5.39522	11.4142	5.45551	0	3.95238	2.34746	3.6953	4.78811	8.19907	7.89348	5.33584	4.31538	
3.32449	9.24184	5.01244	1.27599	4.33632	2.15584	3.95238	0	7.52094	3.57595	3.97888	2.38687	3.25953	1.72467	0.861412	
0.495155	9.93352	10.1113	2.85843	10.1344	2.14543	2.34746	7.52094	0	2.33815	3.43096	3.97816	5.4668	3.97869	2.95823	
1.843	6.70487	3.90964	2.13311	13.6713	2.84611	3.6953	3.57595	2.33815	0	1.96806	3.07714	0.439681	4.22227	2.54769	
2.93581	8.67293	6.24896	4.10117	16.3074	5.48222	4.78811	3.97888	3.43096	1.96806	0	5.71325	2.40774	2.25421	3.14546	
5.43594	2.45189	3.94351	0.944024	4.08754	1.65702	8.19907	2.38687	3.97816	3.07714	5.71325	0	2.76071	7.13592	1.3586	
2.28268	4.96158	3.46996	1.81669	6.02431	2.52969	7.89348	3.25953	5.4668	0.439681	2.40774	2.76071	0	7.4647	2.23127	
3.35432	5.48636	3.99474	1.30582	4.36615	2.70924	5.33584	1.72467	3.97869	4.22227	2.25421	7.13592	7.4647	0	0.891241	
2.46308	5.64265	4.15103	0.414576	3.47491	1.12758	4.31538	0.861412	2.95823	2.54769	3.14546	1.3586	2.23127	0.891241	0	

0	1.80431	6.35615	3.44822	11.9041	4.70949	4.25504	2.89693	0.688944	1.0584	2.66021	4.21793	2.73887	3.45149	2.82022	
1.80431	0	4.71125	1.64391	9.80665	3.44478	6.05935	3.47353	2.49325	2.8627	4.46451	9.14587	6.00363	1.64718	4.62452	
6.35615	4.71125	0	3.59061	11.7534	3.21336	2.10111	5.42024	7.02527	7.1181	9.00949	7.39515	7.42052	3.06407	5.99744	
3.44822	1.64391	3.59061	0	8.16274	1.80087	2.91312	1.82962	7.71089	7.12566	3.85016	4.87969	9.17345	3.29109	1.90634	
11.9041	9.80665	11.7534	8.16274	0	9.27321	10.3855	9.99237	10.3111	9.29894	11.3225	9.22128	7.61847	11.9749	11.6447	
4.70949	3.44478	3.21336	1.80087	9.27321	0	1.11225	3.6305	4.03351	5.69966	2.04929	4.98122	7.38013	8.53858	3.5835	
4.25504	6.05935	2.10111	2.91312	10.3855	1.11225	0	4.74969	4.94399	5.01698	3.16153	6.07069	6.69746	5.16518	4.67298	
2.89693	3.47353	5.42024	1.82962	9.99237	3.6305	4.74969	0	7.27552	3.7204	4.86872	1.47443	6.30396	4.04864	0.0767159	
0.688944	2.49325	7.02527	7.71089	10.3111	4.03351	4.94399	7.27552	0	1.74734	1.98422	4.2954	2.69259	7.04904	3.50916	
1.0584	2.8627	7.1181	7.12566	9.29894	5.69966	5.01698	3.7204	1.74734	0	3.7186	3.28329	1.68048	6.03692	3.64369	
2.66021	4.46451	9.00949	3.85016	11.3225	2.04929	3.16153	4.86872	1.98422	3.7186	0	6.18972	4.67681	7.66992	4.792	
4.21793	9.14587	7.39515	4.87969	9.22128	4.98122	6.07069	1.47443	4.2954	3.28329	6.18972	0	1.60281	5.95926	1.39772	
2.73887	6.00363	7.42052	9.17345	7.61847	7.38013	6.69746	6.30396	2.69259	1.68048	4.67681	1.60281	0	4.35645	3.00053	
3.45149	1.64718	3.06407	3.29109	11.9749	8.53858	5.16518	4.04864	7.04904	6.03692	7.66992	5.95926	4.35645	0	4.12536	
2.82022	4.62452	5.99744	1.90634	11.6447	3.5835	4.67298	0.0767159	3.50916	3.64369	4.792	1.39772	3.00053	4.12536	0	

0	5.88314	3.43057	3.50647	14.5348	3.60342	5.37487	2.7693	0.924224	1.48377	4.21785	5.63103	3.37329	4.12267	5.74087	
5.88314	0	6.69189	6.27735	3.0724	6.48122	9.60857	4.43177	4.95892	7.72017	5.03829	9.83305	7.40799	4.24466	4.83096	
3.43057	6.69189	0	1.55411	4.90893	1.45716	4.48003	2.978	2.50635	6.763	6.13029	8.06766	3.62345	3.97756	2.57881	
3.50647	6.27735	1.55411	0	7.19083	0.0969488	4.17568	2.1464	4.43069	4.99023	4.93547	4.38078	7.01737	2.03269	2.27446	
14.5348	3.0724	4.90893	7.19083	0	6.36609	9.13674	7.50417	7.41527	10.8916	8.11069	13.7044	8.53237	7.31705	7.23552	
3.60342	6.48122	1.45716	0.0969488	6.36609	0	4.35558	2.04945	3.89452	5.33784	4.83852	4.47773	5.08061	2.12964	2.37141	
5.37487	9.60857	4.48003	4.17568	9.13674	4.35558	0	2.30041	6.29909	6.4735	7.33805	4.05927	9.07803	3.51942	1.90122	
2.7693	4.43177	2.978	2.1464	7.50417	2.04945	2.30041	0	1.84507	3.28839	5.83602	7.66543	4.29414	2.01739	0.399189	
0.924224	4.95892	2.50635	4.43069	7.41527	3.89452	6.29909	1.84507	0	2.40799	4.95591	6.55525	2.44907	3.92211	2.24426	
1.48377	7.72017	6.763	4.99023	10.8916	5.33784	6.4735	3.28839	2.40799	0	2.73409	7.11479	3.13955	5.36543	3.68758	
4.21785	5.03829	6.13029	4.93547	8.11069	4.83852	7.33805	5.83602	4.95591	2.73409	0	5.94231	2.50684	7.05503	5.43683	
5.63103	9.83305	8.06766	4.38078	13.7044	4.47773	4.05927	7.66543	6.55525	7.11479	5.94231	0	5.01876	5.58839	5.96048	
3.37329	7.40799	3.62345	7.01737	8.53237	5.08061	9.07803	4.29414	2.44907	3.13955	2.50684	5.01876	0	8.61493	6.20226	
4.12267	4.24466	3.97756	2.03269	7.31705	2.12964	3.51942	2.01739	3.92211	5.36543	7.05503	5.58839	8.61493	0	1.6182	
5.74087	4.83096	2.57881	2.27446	7.23552	2.37141	1.90122	0.399189	2.24426	3.68758	5.43683	5.96048	6.20226	1.6182	0	

0	6.19682	4.85098	3.09212	19.8817	6.51335	1.04877	2.10563	2.43166	5.97985	4.15647	4.93428	9.46986	3.7903	1.40389	
6.19682	0	2.31768	2.34221	8.09658	3.98005	7.24863	1.83176	8.85706	3.65858	9.99423	4.90591	14.651	3.73251	2.5335	
4.85098	2.31768	0	0.996375	11.4055	2.63421	5.8001	0.485921	5.54811	2.31274	6.30726	2.9142	5.67868	2.38667	1.18766	
3.09212	2.34221	0.996375	0	18.286	2.65874	3.14168	0.510453	5.0834	2.33727	3.70799	1.36573	4.1302	2.4112	1.21219	
19.8817	8.09658	11.4055	18.286	0	11.4372	21.2886	9.92834	20.0361	14.2044	19.2222	15.409	20.0976	13.4278	17.3619	
6.51335	3.98005	2.63421	2.65874	11.4372	0	7.37808	2.14829	8.59888	2.76714	4.65052	3.97181	6.73628	1.99061	2.85003	
1.04877	7.24863	5.8001	3.14168	21.2886	7.37808	0	2.1552	3.48042	5.24629	4.20603	4.98385	8.90225	3.83986	1.45345	
2.10563	1.83176	0.485921	0.510453	9.92834	2.14829	2.1552	0	5.59386	1.82682	3.45432	1.87618	5.83863	1.90075	0.701741	
2.43166	8.85706	5.54811	5.0834	20.0361	8.59888	3.48042	5.59386	0	6.76906	2.08465	5.47771	3.9968	4.74456	3.83555	
5.97985	3.65858	2.31274	2.33727	14.2044	2.76714	5.24629	1.82682	6.76906	0	4.68441	4.90097	6.59656	3.72757	2.52856	
4.15647	9.99423	6.30726	3.70799	19.2222	4.65052	4.20603	3.45432	2.08465	4.68441	0	3.39306	1.91215	2.65991	2.75258	
4.93428	4.90591	2.9142	1.36573	15.409	3.97181	4.98385	1.87618	5.47771	4.90097	3.39306	0	2.76447	4.9749	3.05396	
9.46986	14.651	5.67868	4.1302	20.0976	6.73628	8.90225	5.83863	3.9968	6.59656	1.91215	2.76447	0	4.57206	4.66473	
3.7903	3.73251	2.38667	2.4112	13.4278	1.99061	3.83986	1.90075	4.74456	3.72757	2.65991	4.9749	4.57206	0	2.38641	
1.40389	2.5335	1.18766	1.21219	17.3619	2.85003	1.45345	0.701741	3.83555	2.52856	2.75258	3.05396	4.66473	2.38641	0	

0	7.2778	1.41932	2.83544	10.7148	1.77707	6.63366	3.6744	1.35108	3.10278	4.31974	4.21858	5.34753	5.18183	4.50268	
7.2778	0	5.85848	6.14052	3.25792	6.77422	5.32193	4.08851	7.19916	12.891	11.0311	6.44113	5.9639	3.17148	4.19464	
1.41932	5.85848	0	4.25476	8.86127	3.19639	5.21434	2.25508	2.77039	4.52209	5.96648	3.00975	4.85261	3.17211	3.08336	
2.83544	6.14052	4.25476	0	8.43627	1.70312	7.40434	2.69468	2.57648	5.93821	6.50766	1.94002	3.71514	3.45099	1.94588	
10.7148	3.25792	8.86127	8.43627	0	9.19862	8.57986	6.51291	9.62356	13.9353	13.4555	6.49625	9.80871	5.59588	7.45257	
1.77707	6.77422	3.19639	1.70312	9.19862	0	6.58248	4.51978	1.73446	4.87985	6.29293	3.64314	6.35326	3.60274	3.649	
6.63366	5.32193	5.21434	7.40434	8.57986	6.58248	0	4.87038	7.98103	8.84357	10.0605	13.5102	7.14249	3.95335	7.69412	
3.6744	4.08851	2.25508	2.69468	6.51291	4.51978	4.87038	0	4.94471	7.32911	7.70892	0.754665	2.63286	0.917033	0.863608	
1.35108	7.19916	2.77039	2.57648	9.62356	1.73446	7.98103	4.94471	0	4.45385	5.89824	4.5165	4.6188	4.02768	4.52236	
3.10278	12.891	4.52209	5.93821	13.9353	4.87985	8.84357	7.32911	4.45385	0	1.21696	7.32135	3.86525	8.24615	5.6345	
4.31974	11.0311	5.96648	6.50766	13.4555	6.29293	10.0605	7.70892	5.89824	1.21696	0	8.44768	4.20833	7.85962	5.97758	
4.21858	6.44113	3.00975	1.94002	6.49625	3.64314	13.5102	0.754665	4.5165	7.32135	8.44768	0	4.01574	1.6717	1.61827	
5.34753	5.9639	4.85261	3.71514	9.80871	6.35326	7.14249	2.63286	4.6188	3.86525	4.20833	4.01574	0	5.51003	1.76925	
5.18183	3.17148	3.17211	3.45099	5.59588	3.60274	3.95335	0.917033	4.02768	8.24615	7.85962	1.6717	5.51003	0	1.78064	
4.50268	4.19464	3.08336	1.94588	7.45257	3.649	7.69412	0.863608	4.52236	5.6345	5.97758	1.61827	1.76925	1.78064	0	

0	8.43133	6.28801	2.43959	13.0669	1.30761	6.59629	6.8301	3.31058	3.9759	1.99655	2.70601	2.79242	3.26697	2.02121	
8.43133	0	2.14332	8.19626	17.5018	8.38672	15.7071	3.713	10.0216	15.7626	10.1554	7.08587	11.1962	6.43928	4.99019	
6.28801	2.14332	0	5.31723	15.3585	6.2434	8.76008	1.56968	7.14256	8.9117	6.24232	4.94255	7.67653	3.56025	2.11116	
2.43959	8.19626	5.31723	0	12.8912	1.13198	7.24732	3.74755	3.13496	3.80027	4.48541	4.09931	2.61679	4.12694	1.84559	
13.0669	17.5018	15.3585	12.8912	0	11.7593	11.4999	14.9245	13.7622	14.4275	14.2044	15.5005	11.6518	12.934	12.4729	
1.30761	8.38672	6.2434	1.13198	11.7593	0	6.11534	1.25509	2.00298	2.66829	3.30415	4.01361	1.48481	2.99496	0.713608	
6.59629	15.7071	8.76008	7.24732	11.4999	6.11534	0	5.77875	8.11831	8.78363	5.05861	6.35475	6.49281	3.78818	6.82895	
6.8301	3.713	1.56968	3.74755	14.9245	1.25509	5.77875	0	5.57288	9.80485	3.26099	4.12409	3.41716	1.99057	0.541479	
3.31058	10.0216	7.14256	3.13496	13.7622	2.00298	8.11831	5.57288	0	4.67127	2.99843	7.68522	3.48779	4.26886	2.71658	
3.9759	15.7626	8.9117	3.80027	14.4275	2.66829	8.78363	9.80485	4.67127	0	5.52703	13.5589	4.1531	5.66325	3.3819	
1.99655	10.1554	6.24232	4.48541	14.2044	3.30415	5.05861	3.26099	2.99843	5.52703	0	3.83699	3.97505	1.27042	5.62565	
2.70601	7.08587	4.94255	4.09931	15.5005	4.01361	6.35475	4.12409	7.68522	13.5589	3.83699	0	4.61969	2.56656	4.66557	
2.79242	11.1962	7.67653	2.61679	11.6518	1.48481	6.49281	3.41716	3.48779	4.1531	3.97505	4.61969	0	2.70463	2.19842	
3.26697	6.43928	3.56025	4.12694	12.934	2.99496	3.78818	1.99057	4.26886	5.66325	1.27042	2.56656	2.70463	0	2.53205	
2.02121	4.99019	2.11116	1.84559	12.4729	0.713608	6.82895	0.541479	2.71658	3.3819	5.62565	4.66557	2.19842	2.53205	0	

0	1.89473	7.69437	3.43115	11.022	7.34204	2.33293	11.2234	5.95659	3.60219	0.688979	7.42112	2.67748	8.92165	8.15768	
1.89473	0	5.79965	8.96523	16.1523	6.99159	4.22766	7.98666	7.85132	5.56431	2.58371	9.07761	4.57221	7.67214	6.26296	
7.69437	5.79965	0	4.54702	10.3526	4.81662	10.4537	3.56845	6.20207	8.55252	8.80975	6.90264	7.6278	3.25394	1.84475	
3.43115	8.96523	4.54702	0	5.71288	2.23298	4.62583	4.29597	3.61843	3.21194	2.74217	1.58439	4.13666	2.92723	2.70227	
11.022	16.1523	10.3526	5.71288	0	7.94586	10.3387	10.0088	10.2703	8.92482	8.45505	7.29727	10.0015	8.64011	8.41515	
7.34204	6.99159	4.81662	2.23298	7.94586	0	6.85881	3.19737	1.38545	5.44492	4.97515	2.08602	6.82966	3.5925	4.92107	
2.33293	4.22766	10.4537	4.62583	10.3387	6.85881	0	8.9218	6.00252	6.00252	2.91984	6.21022	5.01041	7.55306	7.3281	
11.2234	7.98666	3.56845	4.29597	10.0088	3.19737	8.9218	0	4.58282	7.50791	7.03814	5.28339	8.11392	1.86975	1.7237	
5.95659	7.85132	6.20207	3.61843	10.2703	1.38545	6.00252	4.58282	0	6.22662	6.64557	3.47147	7.15134	4.97795	7.39371	
3.60219	5.56431	8.55252	3.21194	8.92482	5.44492	6.00252	7.50791	6.22662	0	3.26332	4.79633	0.924715	6.13917	5.91421	
0.688979	2.58371	8.80975	2.74217	8.45505	4.97515	2.91984	7.03814	6.64557	3.26332	0	4.32656	3.36646	5.6694	5.44444	
7.42112	9.07761	6.90264	1.58439	7.29727	2.08602	6.21022	5.28339	3.47147	4.79633	4.32656	0	4.74364	4.42467	4.28666	
2.67748	4.57221	7.6278	4.13666	10.0015	6.82966	5.01041	8.11392	7.15134	0.924715	3.36646	4.74364	0	6.24418	7.65336	
8.92165	7.67214	3.25394	2.92723	8.64011	3.5925	7.55306	1.86975	4.97795	6.13917	5.6694	4.42467	6.24418	0	1.40919	
8.15768	6.26296	1.84475	2.70227	8.41515	4.92107	7.3281	1.7237	7.39371	5.91421	5.44444	4.28666	7.65336	1.40919	0	

0	6.74544	9.50241	1.2258	11.6528	3.30512	7.32141	7.39272	3.84053	7.96835	4.0514	3.23949	3.55901	2.68379	5.16842	
6.74544	0	7.54539	5.51964	0.600637	4.85682	5.67828	4.83726	10.1154	10.1436	13.6722	7.53333	7.85285	5.47815	6.80912	
9.50241	7.54539	0	9.73475	6.94475	6.88711	12.6095	3.56783	9.65681	14.3085	11.9244	8.15069	13.8637	10.4214	3.94387	
1.2258	5.51964	9.73475	0	6.12028	2.67601	6.32527	4.31866	4.5958	3.38862	5.27719	2.01369	2.33321	3.29734	3.94262	
11.6528	0.600637	6.94475	6.12028	0	5.45746	6.27892	4.23662	11.3002	16.7349	15.7042	8.81949	14.7646	12.0694	4.61266	
3.30512	4.85682	6.88711	2.67601	5.45746	0	9.00128	3.31928	6.17311	5.28682	8.81538	4.6897	5.00922	0.62133	3.69532	
7.32141	5.67828	12.6095	6.32527	6.27892	9.00128	0	9.04164	4.98773	9.6394	8.02671	8.33896	8.65848	10.0052	9.41768	
7.39272	4.83726	3.56783	4.31866	4.23662	3.31928	9.04164	0	7.06361	5.95779	4.68672	4.58287	6.70253	3.94032	0.376041	
3.84053	10.1154	9.65681	4.5958	11.3002	6.17311	4.98773	7.06361	0	4.65167	3.03898	4.24581	6.02604	5.55178	7.34965	
7.96835	10.1436	14.3085	3.38862	16.7349	5.28682	9.6394	5.95779	4.65167	0	3.91695	1.37493	1.37437	5.90815	7.73615	
4.0514	13.6722	11.9244	5.27719	15.7042	8.81538	8.02671	4.68672	3.03898	3.91695	0	5.29188	5.29133	6.73519	4.31068	
3.23949	7.53333	8.15069	2.01369	8.81949	4.6897	8.33896	4.58287	4.24581	1.37493	5.29188	0	2.11967	9.79759	4.95891	
3.55901	7.85285	13.8637	2.33321	14.7646	5.00922	8.65848	6.70253	6.02604	1.37437	5.29133	2.11967	0	6.70085	6.27583	
2.68379	5.47815	10.4214	3.29734	12.0694	0.62133	10.0052	3.94032	5.55178	5.90815	6.73519	9.79759	6.70085	0	3.56428	
5.16842	6.80912	3.94387	3.94262	4.61266	3.69532	9.41768	0.376041	7.34965	7.73615	4.31068	4.95891	6.27583	3.56428	0	

0	12.0906	3.67376	2.10483	11.0543	4.92536	8.61994	5.46823	6.75489	2.46144	3.36813	5.67742	3.92163	5.64295	7.28506	
12.0906	0	6.81455	8.38347	14.2755	5.34015	12.8021	4.79728	6.43784	12.7306	14.8016	10.8471	10.5107	5.27379	6.29466	
3.67376	6.81455	0	1.56893	14.7346	4.97275	8.66734	5.51563	8.86959	10.4092	2.83222	5.14151	6.09487	5.10704	7.33246	
2.10483	8.38347	1.56893	0	10.0868	4.0519	7.74649	4.01463	7.30066	4.56627	1.2633	3.57259	5.17402	3.53812	6.30608	
11.0543	14.2755	14.7346	10.0868	0	4.89661	17.8467	4.0343	10.9235	8.59287	9.00475	6.51423	8.53924	9.99241	2.53691	
4.92536	5.34015	4.97275	4.0519	4.89661	0	3.69458	0.542872	3.73025	5.16876	3.07794	1.49181	1.12211	1.01939	2.04026	
8.61994	12.8021	8.66734	7.74649	17.8467	3.69458	0	4.23746	6.36422	9.13102	6.77253	5.18639	4.8167	12.6096	6.05429	
5.46823	4.79728	5.51563	4.01463	4.0343	0.542872	4.23746	0	3.18738	5.97931	2.79303	2.03468	1.66499	0.476515	1.49738	
6.75489	6.43784	8.86959	7.30066	10.9235	3.73025	6.36422	3.18738	0	6.29273	8.56396	4.40928	6.4343	3.66389	4.68476	
2.46144	12.7306	10.4092	4.56627	8.59287	5.16876	9.13102	5.97931	6.29273	0	6.33439	6.07166	4.04665	8.6509	7.21286	
3.36813	14.8016	2.83222	1.2633	9.00475	3.07794	6.77253	2.79303	8.56396	6.33439	0	4.56975	4.20005	2.31651	5.43764	
5.67742	10.8471	5.14151	3.57259	6.51423	1.49181	5.18639	2.03468	4.40928	6.07166	4.56975	0	2.02501	7.1107	3.85151	
3.92163	10.5107	6.09487	5.17402	8.53924	1.12211	4.8167	1.66499	6.4343	4.04665	4.20005	2.02501	0	6.18989	3.48181	
5.64295	5.27379	5.10704	3.53812	9.99241	1.01939	12.6096	0.476515	3.66389	8.6509	2.31651	7.1107	6.18989	0	1.9739	
7.28506	6.29466	7.33246	6.30608	2.53691	2.04026	6.05429	1.49738	4.68476	7.21286	5.43764	3.85151	3.48181	1.9739	0	

0	9.36235	7.91488	1.29781	13.1784	2.76684	4.37346	5.90303	2.72402	7.42746	3.47812	5.8406	5.13119	4.44745	2.55072	
9.36235	0	7.44086	5.83545	3.81608	4.36642	12.3493	6.80646	7.02369	8.70724	9.19842	6.83594	11.9823	5.16889	8.67634	
7.91488	7.44086	0	5.01872	9.3942	3.57156	4.90847	4.29466	6.22883	5.96091	6.27104	6.91333	4.54148	3.29314	3.59153	
1.29781	5.83545	5.01872	0	7.29167	1.46903	10.6294	3.12278	4.02184	5.25281	4.77593	4.81081	3.83337	1.55129	1.2529	
13.1784	3.81608	9.3942	7.29167	0	5.82264	12.9702	6.97641	8.47991	10.1635	14.0087	9.16441	12.7109	6.62511	8.84629	
2.76684	4.36642	3.57156	1.46903	5.82264	0	4.30671	1.80399	2.65727	4.34083	5.70426	3.34177	5.3024	0.802469	1.10086	
4.37346	12.3493	4.90847	10.6294	12.9702	4.30671	0	10.2883	1.64944	7.00839	3.58765	5.95013	9.44995	4.99579	8.67429	
5.90303	6.80646	4.29466	3.12278	6.97641	1.80399	10.2883	0	4.34787	10.7015	7.16509	4.80261	9.28204	1.00152	1.2999	
2.72402	7.02369	6.22883	4.02184	8.47991	2.65727	1.64944	4.34787	0	5.35896	3.74697	5.99905	6.77839	3.34636	3.64474	
7.42746	8.70724	5.96091	5.25281	10.1635	4.34083	7.00839	10.7015	5.35896	0	3.94935	6.31183	1.41943	5.14329	14.1266	
3.47812	9.19842	6.27104	4.77593	14.0087	5.70426	3.58765	7.16509	3.74697	3.94935	0	2.36248	5.36878	7.09333	7.62718	
5.8406	6.83594	6.91333	4.81081	9.16441	3.34177	5.95013	4.80261	5.99905	6.31183	2.36248	0	12.8594	4.14424	6.67249	
5.13119	11.9823	4.54148	3.83337	12.7109	5.3024	9.44995	9.28204	6.77839	1.41943	5.36878	12.8594	0	7.83462	5.08628	
4.44745	5.16889	3.29314	1.55129	6.62511	0.802469	4.99579	1.00152	3.34636	5.14329	7.09333	4.14424	7.83462	0	0.298387	
2.55072	8.67634	3.59153	1.2529	8.84629	1.10086	8.67429	1.2999	3.64474	14.1266	7.62718	6.67249	5.08628	0.298387	0	

0	8.53438	7.52757	5.01353	7.48089	4.81792	2.47146	5.79963	7.93476	6.63423	4.80566	8.75983	6.61785	11.5599	6.06185	
8.53438	0	4.9596	6.46937	4.06416	7.66925	7.5328	9.43027	7.51827	9.30164	3.72873	9.70567	8.5851	5.44176	11.0244	
7.52757	4.9596	0	4.70803	6.56394	2.70964	7.69278	3.69135	5.82648	9.38282	3.8887	7.81636	8.22196	5.61475	4.28387	
5.01353	6.46937	4.70803	0	5.41588	1.99839	6.22679	2.80488	5.11522	8.31356	2.74064	4.44496	1.60433	6.82549	2.14397	
7.48089	4.06416	6.56394	5.41588	0	9.58114	6.47931	3.83312	6.46478	8.24815	2.67524	7.33465	6.59877	1.37761	6.87563	
4.81792	7.66925	2.70964	1.99839	9.58114	0	5.65705	0.981707	3.11683	6.67318	4.73903	3.63646	3.60271	3.43722	1.57423	
2.47146	7.5328	7.69278	6.22679	6.47931	5.65705	0	4.74373	6.88418	9.10569	3.80408	9.20966	9.14862	9.58085	4.08282	
5.79963	9.43027	3.69135	2.80488	3.83312	0.981707	4.74373	0	4.09854	7.65488	7.95657	2.65475	5.72671	2.45551	0.660907	
7.93476	7.51827	5.82648	5.11522	6.46478	3.11683	6.88418	4.09854	0	9.36245	3.78954	8.99845	11.3931	6.17197	4.69106	
6.63423	9.30164	9.38282	8.31356	8.24815	6.67318	9.10569	7.65488	9.36245	0	5.57291	5.1418	14.7083	11.0988	8.2474	
4.80566	3.72873	3.8887	2.74064	2.67524	4.73903	3.80408	7.95657	3.78954	5.57291	0	7.1856	4.34497	4.05284	4.88462	
8.75983	9.70567	7.81636	4.44496	7.33465	3.63646	9.20966	2.65475	8.99845	5.1418	7.1856	0	6.04928	5.11027	3.31566	
6.61785	8.5851	8.22196	1.60433	6.59877	3.60271	9.14862	5.72671	11.3931	14.7083	4.34497	6.04928	0	5.22117	3.7483	
11.5599	5.44176	5.61475	6.82549	1.37761	3.43722	9.58085	2.45551	6.17197	11.0988	4.05284	5.11027	5.22117	0	3.11642	
6.06185	11.0244	4.28387	2.14397	6.87563	1.57423	4.08282	0.660907	4.69106	8.2474	4.88462	3.31566	3.7483	3.11642	0	

0	9.74574	17.7535	6.2589	5.52911	6.17647	4.30239	3.77962	1.40119	2.7448	6.5965	4.73732	1.55291	3.03938	2.11452	
9.74574	0	3.87755	5.47462	11.2931	4.75926	8.43292	5.96612	5.44613	6.50249	5.20953	5.7223	8.57473	3.80794	8.18596	
17.7535	3.87755	0	1.59707	15.1706	7.83042	15.6281	4.07635	9.13886	13.3202	8.51306	5.79793	18.8345	7.05399	1.77051	
6.2589	5.47462	1.59707	0	13.8996	5.23136	10.0819	2.39327	0.886766	7.97658	5.29616	4.20086	5.08788	5.45691	0.173432	
5.52911	11.2931	15.1706	13.8996	0	11.7056	9.8315	9.30873	6.9303	15.4403	6.98362	10.6792	7.08202	8.3852	14.81	
6.17647	4.75926	7.83042	5.23136	11.7056	0	8.62518	2.75208	3.08685	1.74323	5.28718	4.90411	5.36069	5.78667	4.97192	
4.30239	8.43292	15.6281	10.0819	9.8315	8.62518	0	7.65957	3.92764	5.27126	6.02656	6.53933	5.70856	4.62498	4.64098	
3.77962	5.96612	4.07635	2.39327	9.30873	2.75208	7.65957	0	2.93317	4.49531	2.81688	2.49148	2.60861	3.03459	2.21984	
1.40119	5.44613	9.13886	0.886766	6.9303	3.08685	3.92764	2.93317	0	1.34361	3.03977	3.55254	2.9541	1.63819	0.713334	
2.7448	6.50249	13.3202	7.97658	15.4403	1.74323	5.27126	4.49531	1.34361	0	7.03041	6.64734	10.4467	2.9818	2.05695	
6.5965	5.20953	8.51306	5.29616	6.98362	5.28718	6.02656	2.81688	3.03977	7.03041	0	3.31593	5.42549	1.40158	5.03672	
4.73732	5.7223	5.79793	4.20086	10.6792	4.90411	6.53933	2.49148	3.55254	6.64734	3.31593	0	3.18441	1.91435	4.37429	
1.55291	8.57473	18.8345	5.08788	7.08202	5.36069	5.70856	2.60861	2.9541	10.4467	5.42549	3.18441	0	5.09876	4.82844	
3.03938	3.80794	7.05399	5.45691	8.3852	5.78667	4.62498	3.03459	1.63819	2.9818	1.40158	1.91435	5.09876	0	2.35152	
2.11452	8.18596	1.77051	0.173432	14.81	4.97192	4.64098	2.21984	0.713334	2.05695	5.03672	4.37429	4.82844	2.35152	0	

-111