10
10
3
3
30

6	21
10	1
47	15
18	25
31	42
9	22
22	5
8	17
2	22
20	29

29	47
34	25
27	39
46	33
33	29
28	46
44	28
33	32
35	23
40	39

70

1.79769e+308
1.79769e+308
1.79769e+308
1.79769e+308
1.79769e+308
1.79769e+308
1.79769e+308
1.79769e+308
1.79769e+308
1.79769e+308

12
15
15
20
13
14
17
19
14
16

0
0
0
0
0
0
0
0
0
0

0

0	4.96392	11.1452	3.58981	4.0011	1.15886	5.08427	1.74495	2.57562	1.43284	6.20606	4.29859	3.56501	9.04089	2.25269	3.8261	4.73744	2.06241	3.00644	4.52821	
4.96392	0	16.0258	3.9036	6.6473	3.80506	2.68069	4.39116	4.87988	8.39066	9.77462	10.5448	10.722	9.35468	8.67591	14.1131	7.69161	10.5017	5.7469	7.98459	
11.1452	16.0258	0	11.0412	4.79619	12.3041	8.58234	12.8975	5.06346	5.05412	7.92501	6.14002	11.3546	4.85048	8.94166	3.2574	5.97116	6.46016	5.51613	1.95876	
3.58981	3.9036	11.0412	0	6.76948	4.72344	1.49446	4.13734	4.71599	4.48706	5.87102	6.64118	7.00001	5.06944	4.77231	7.53769	3.78801	4.96259	4.24304	7.58243	
4.0011	6.6473	4.79619	6.76948	0	2.84224	9.83275	3.42834	5.94214	5.9328	3.41606	3.3583	2.23836	4.2629	4.48442	1.71904	2.98147	3.48273	3.4365	2.83744	
1.15886	3.80506	12.3041	4.72344	2.84224	0	6.46743	0.586097	1.16475	2.13253	5.24174	6.20054	4.72386	8.79727	6.8869	4.56128	5.82371	3.22127	7.64065	5.67968	
5.08427	2.68069	8.58234	1.49446	9.83275	6.46743	0	5.6318	6.45998	5.98152	5.47508	3.6901	9.0249	6.94554	6.26677	9.03215	3.52124	4.01024	3.06621	7.02795	
1.74495	4.39116	12.8975	4.13734	3.42834	0.586097	5.6318	0	0.578648	1.54643	4.65564	4.41217	5.56198	9.38336	6.44545	6.35266	4.85102	4.05938	7.06452	3.68335	
2.57562	4.87988	5.06346	4.71599	5.94214	1.16475	6.45998	0.578648	0	2.12508	5.23429	7.42721	5.84214	5.99643	8.75631	4.40335	8.80563	5.30517	7.06644	3.1047	
1.43284	8.39066	5.05412	4.48706	5.9328	2.13253	5.98152	1.54643	2.12508	0	4.77321	2.86574	4.45082	4.58602	4.47499	4.39401	3.30459	3.49525	3.48963	3.09537	
6.20606	9.77462	7.92501	5.87102	3.41606	5.24174	5.47508	4.65564	5.23429	4.77321	0	3.03277	3.99891	6.66237	4.4624	1.69702	2.8639	3.35291	2.40888	2.99567	
4.29859	10.5448	6.14002	6.64118	3.3583	6.20054	3.6901	4.41217	7.42721	2.86574	3.03277	0	1.58507	4.47082	2.25899	3.88697	1.07892	1.56792	0.623891	4.58563	
3.56501	10.722	11.3546	7.00001	2.23836	4.72386	9.0249	5.56198	5.84214	4.45082	3.99891	1.58507	0	4.49342	2.91417	2.30189	3.212	3.10445	2.20896	3.60054	
9.04089	9.35468	4.85048	5.06944	4.2629	8.79727	6.94554	9.38336	5.99643	4.58602	6.66237	4.47082	4.49342	0	3.35149	4.19037	1.28143	3.54177	1.73645	2.89172	
2.25269	8.67591	8.94166	4.77231	4.48442	6.8869	6.26677	6.44545	8.75631	4.47499	4.4624	2.25899	2.91417	3.35149	0	1.95398	4.63292	0.190281	1.13431	4.06403	
3.8261	14.1131	3.2574	7.53769	1.71904	4.56128	9.03215	6.35266	4.40335	4.39401	1.69702	3.88697	2.30189	4.19037	1.95398	0	4.70051	1.76369	2.70772	1.29865	
4.73744	7.69161	5.97116	3.78801	2.98147	5.82371	3.52124	4.85102	8.80563	3.30459	2.8639	1.07892	3.212	1.28143	4.63292	4.70051	0	1.39906	0.455027	4.17315	
2.06241	10.5017	6.46016	4.96259	3.48273	3.22127	4.01024	4.05938	5.30517	3.49525	3.35291	1.56792	3.10445	3.54177	0.190281	1.76369	1.39906	0	0.944031	3.06234	
3.00644	5.7469	5.51613	4.24304	3.4365	7.64065	3.06621	7.06452	7.06644	3.48963	2.40888	0.623891	2.20896	1.73645	1.13431	2.70772	0.455027	0.944031	0	3.96174	
4.52821	7.98459	1.95876	7.58243	2.83744	5.67968	7.02795	3.68335	3.1047	3.09537	2.99567	4.58563	3.60054	2.89172	4.06403	1.29865	4.17315	3.06234	3.96174	0	

0	11.655	18.2066	4.09798	6.78958	1.25987	11.422	2.3882	1.89319	2.75687	10.6814	9.01129	5.96335	13.4739	8.99953	7.98867	10.2753	9.09161	4.64283	3.19018	
11.655	0	8.21091	5.03985	6.18779	7.87796	5.91088	7.3323	8.60261	6.37154	8.67151	7.31819	8.44772	6.14317	7.42861	9.94351	6.7441	10.5255	9.40268	9.88775	
18.2066	8.21091	0	3.17106	11.8597	6.00917	4.0421	5.46351	6.66367	4.50275	14.2025	7.91029	6.57893	3.87561	5.55982	12.0526	3.27468	10.2146	6.31629	10.8555	
4.09798	5.03985	3.17106	0	6.01496	2.83811	0.871038	2.29245	2.19536	1.33169	8.04426	3.44198	3.40787	10.5346	2.38876	5.4332	5.96652	4.05636	4.85081	4.69727	
6.78958	6.18779	11.8597	6.01496	0	5.52971	10.3134	6.65804	7.04619	5.67811	2.48372	3.56781	4.85477	11.1323	3.62619	2.86301	9.16668	5.2938	5.6523	5.74921	
1.25987	7.87796	6.00917	2.83811	5.52971	0	3.70915	1.12833	3.15306	4.1698	8.01343	5.46745	6.24599	10.9472	5.22688	7.82485	6.42457	10.3515	3.38296	4.80872	
11.422	5.91088	4.0421	0.871038	10.3134	3.70915	0	3.16349	4.4338	2.20273	10.1767	6.06425	4.27891	5.69641	3.2598	7.48398	5.09548	10.8954	3.97977	7.25288	
2.3882	7.3323	5.46351	2.29245	6.65804	1.12833	3.16349	0	4.64007	3.62414	14.5761	8.87976	5.70033	17.1394	4.68121	11.8833	12.6168	12.6495	4.51129	11.7596	
1.89319	8.60261	6.66367	2.19536	7.04619	3.15306	4.4338	4.64007	0	0.863674	9.60236	2.97397	5.59406	7.58372	3.60549	10.3732	9.41192	10.759	6.8947	1.29699	
2.75687	6.37154	4.50275	1.33169	5.67811	4.1698	2.20273	3.62414	0.863674	0	8.52299	2.11029	4.73956	9.14918	3.55682	5.96947	8.17805	5.7125	4.19478	2.16066	
10.6814	8.67151	14.2025	8.04426	2.48372	8.01343	10.1767	14.5761	9.60236	8.52299	0	4.23847	2.40461	17.9416	5.6555	0.37929	9.03	5.33645	4.82117	7.964	
9.01129	7.31819	7.91029	3.44198	3.56781	5.46745	6.06425	8.87976	2.97397	2.11029	4.23847	0	4.4827	6.66868	1.44652	3.85918	5.12609	3.11412	2.08448	2.56955	
5.96335	8.44772	6.57893	3.40787	4.85477	6.24599	4.27891	5.70033	5.59406	4.73956	2.40461	4.4827	0	4.91284	3.03618	2.02532	4.31191	4.70378	6.46721	4.29707	
13.4739	6.14317	3.87561	10.5346	11.1323	10.9472	5.69641	17.1394	7.58372	9.14918	17.9416	6.66868	4.91284	0	6.04991	9.33946	0.600931	4.38231	3.64254	6.28674	
8.99953	7.42861	5.55982	2.38876	3.62619	5.22688	3.2598	4.68121	3.60549	3.55682	5.6555	1.44652	3.03618	6.04991	0	5.0615	7.34809	1.6676	3.53101	2.30851	
7.98867	9.94351	12.0526	5.4332	2.86301	7.82485	7.48398	11.8833	10.3732	5.96947	0.37929	3.85918	2.02532	9.33946	5.0615	0	6.33723	4.95716	4.44188	6.3224	
10.2753	6.7441	3.27468	5.96652	9.16668	6.42457	5.09548	12.6168	9.41192	8.17805	9.03	5.12609	4.31191	0.600931	7.34809	6.33723	0	4.98324	3.04161	6.88767	
9.09161	10.5255	10.2146	4.05636	5.2938	10.3515	10.8954	12.6495	10.759	5.7125	5.33645	3.11412	4.70378	4.38231	1.6676	4.95716	4.98324	0	5.68669	3.97611	
4.64283	9.40268	6.31629	4.85081	5.6523	3.38296	3.97977	4.51129	6.8947	4.19478	4.82117	2.08448	6.46721	3.64254	3.53101	4.44188	3.04161	5.68669	0	4.65404	
3.19018	9.88775	10.8555	4.69727	5.74921	4.80872	7.25288	11.7596	1.29699	2.16066	7.964	2.56955	4.29707	6.28674	2.30851	6.3224	6.88767	3.97611	4.65404	0	

0	3.53207	7.8661	2.63184	6.91547	1.19208	10.0021	0.558063	4.62905	6.48778	8.42893	4.64944	9.98919	7.67689	7.16398	12.0417	4.09418	6.89795	4.97837	5.22898	
3.53207	0	9.71593	6.16391	8.99381	5.21005	15.3613	4.09014	8.16112	10.0199	15.0282	10.3173	16.597	9.49098	12.6454	14.12	6.17252	12.6505	8.51044	7.31546	
7.8661	9.71593	0	8.98706	11.3206	9.54408	8.5704	8.42417	11.7578	4.73021	9.07909	4.31003	6.88106	6.72664	5.60535	8.54314	9.88718	4.00847	3.54671	4.99706	
2.63184	6.16391	8.98706	0	6.71964	4.30982	10.464	3.1899	6.71993	4.62078	7.23953	6.20367	8.12219	7.68654	4.53214	7.77548	6.72603	6.12903	5.44035	6.89071	
6.91547	8.99381	11.3206	6.71964	0	4.17411	11.5718	10.8708	8.49989	8.81896	1.47759	3.45601	1.42257	6.40399	4.70294	2.01353	1.76604	7.31208	2.07345	0.623099	
1.19208	5.21005	9.54408	4.30982	4.17411	0	11.1348	0.634012	4.29074	8.16576	6.75096	4.72539	4.35048	10.4985	7.43632	7.2869	4.69395	5.83944	5.00136	3.55101	
10.0021	15.3613	8.5704	10.464	11.5718	11.1348	0	8.88376	6.84406	13.8717	6.7708	4.79238	11.6311	9.15574	8.4525	7.87786	8.93721	6.94327	5.02369	6.47404	
0.558063	4.09014	8.42417	3.1899	10.8708	0.634012	8.88376	0	4.92476	7.04584	6.0698	4.09138	10.9301	20.2815	7.7515	7.17685	4.65225	6.47345	4.85469	4.18502	
4.62905	8.16112	11.7578	6.71993	8.49989	4.29074	6.84406	4.92476	0	7.02759	11.0417	9.82343	10.529	9.26131	9.82026	13.6261	5.6786	10.1302	9.60742	6.82154	
6.48778	10.0199	4.73021	4.62078	8.81896	8.16576	13.8717	7.04584	7.02759	0	11.3918	9.41333	3.50141	6.64281	9.15292	10.706	5.99768	8.73868	8.27692	4.30088	
8.42893	15.0282	9.07909	7.23953	1.47759	6.75096	6.7708	6.0698	11.0417	11.3918	0	1.97842	7.37107	6.37975	3.22535	0.535943	4.29888	4.82224	2.74174	2.10069	
4.64944	10.3173	4.31003	6.20367	3.45601	4.72539	4.79238	4.09138	9.82343	9.41333	1.97842	0	6.83873	4.89537	3.66012	2.51436	4.14483	2.6829	0.763317	2.21367	
9.98919	16.597	6.88106	8.12219	1.42257	4.35048	11.6311	10.9301	10.529	3.50141	7.37107	6.83873	0	10.1442	7.06848	5.3828	1.94241	5.60275	2.24982	0.799467	
7.67689	9.49098	6.72664	7.68654	6.40399	10.4985	9.15574	20.2815	9.26131	6.64281	6.37975	4.89537	10.1442	0	3.1544	11.3022	3.5827	4.65904	4.13206	4.72564	
7.16398	12.6454	5.60535	4.53214	4.70294	7.43632	8.4525	7.7515	9.82026	9.15292	3.22535	3.66012	7.06848	3.1544	0	3.7613	6.7371	1.59689	3.51647	7.86794	
12.0417	14.12	8.54314	7.77548	2.01353	7.2869	7.87786	7.17685	13.6261	10.706	0.535943	2.51436	5.3828	11.3022	3.7613	0	5.72627	6.69265	3.84879	4.58333	
4.09418	6.17252	9.88718	6.72603	1.76604	4.69395	8.93721	4.65225	5.6786	5.99768	4.29888	4.14483	1.94241	3.5827	6.7371	5.72627	0	7.752	2.59329	1.14294	
6.89795	12.6505	4.00847	6.12903	7.31208	5.83944	6.94327	6.47345	10.1302	8.73868	4.82224	2.6829	5.60275	4.65904	1.59689	6.69265	7.752	0	1.91958	3.36994	
4.97837	8.51044	3.54671	5.44035	2.07345	5.00136	5.02369	4.85469	9.60742	8.27692	2.74174	0.763317	2.24982	4.13206	3.51647	3.84879	2.59329	1.91958	0	1.45035	
5.22898	7.31546	4.99706	6.89071	0.623099	3.55101	6.47404	4.18502	6.82154	4.30088	2.10069	2.21367	0.799467	4.72564	7.86794	4.58333	1.14294	3.36994	1.45035	0	

0	10.0557	12.9323	8.48371	9.47953	3.05488	6.14552	2.29899	0.670904	8.06332	8.63501	7.3752	10.328	6.86099	8.88558	9.24968	11.9383	5.7764	8.39459	9.66468	
10.0557	0	9.62682	6.47328	7.1831	10.06	17.9672	7.69991	9.89762	5.05157	7.13795	6.67082	9.38895	5.36394	7.38853	7.35531	6.24774	4.27935	6.89753	8.4511	
12.9323	9.62682	0	13.4809	7.57572	13.4354	8.34035	8.62466	10.2527	5.90127	11.117	4.28202	9.51056	9.8566	10.0064	12.1707	9.44601	7.39238	4.43848	9.15359	
8.48371	6.47328	13.4809	0	3.55325	6.43015	15.7993	11.2042	9.15462	1.42171	11.6541	3.04096	8.89086	7.07669	4.80896	3.72545	2.61788	4.51587	11.5913	9.55416	
9.47953	7.1831	7.57572	3.55325	0	6.60988	8.61338	6.77547	8.40355	2.13153	4.69805	3.75078	1.93484	4.78772	6.81231	4.43527	3.3277	3.70313	6.32132	2.59815	
3.05488	10.06	13.4354	6.43015	6.60988	0	15.4483	7.36248	3.72578	5.00844	10.6161	6.62768	7.85288	10.6634	9.95913	7.31217	6.20461	8.10259	9.30981	8.51618	
6.14552	17.9672	8.34035	15.7993	8.61338	15.4483	0	1.83792	3.466	10.3457	15.4821	1.82438	10.0386	3.0918	8.23312	9.49954	5.60365	4.28611	1.66792	10.1359	
2.29899	7.69991	8.62466	11.2042	6.77547	7.36248	1.83792	0	1.62808	6.51472	6.27917	6.53092	8.20068	3.34368	6.39521	7.64027	10.7966	3.42056	3.50583	7.59231	
0.670904	9.89762	10.2527	9.15462	8.40355	3.72578	3.466	1.62808	0	8.32354	8.16792	6.70429	9.82877	4.97177	8.02329	9.28971	11.2674	5.04865	6.86075	9.79002	
8.06332	5.05157	5.90127	1.42171	2.13153	5.00844	10.3457	6.51472	8.32354	0	5.95276	1.61925	4.06638	4.17875	6.20333	2.30374	1.19617	3.09416	1.77571	6.49082	
8.63501	7.13795	11.117	11.6541	4.69805	10.6161	15.4821	6.27917	8.16792	5.95276	0	5.96896	2.58888	3.94319	5.96778	4.32375	7.05596	2.8586	5.47679	1.92557	
7.3752	6.67082	4.28202	3.04096	3.75078	6.62768	1.82438	6.53092	6.70429	1.61925	5.96896	0	5.53488	1.58034	5.72441	3.92298	2.81542	2.77465	0.15646	4.87157	
10.328	9.38895	9.51056	8.89086	1.93484	7.85288	10.0386	8.20068	9.82877	4.06638	2.58888	5.53488	0	6.19419	5.23057	6.52982	4.29276	4.83505	7.72779	0.663304	
6.86099	5.36394	9.8566	7.07669	4.78772	10.6634	3.0918	3.34368	4.97177	4.17875	3.94319	1.58034	6.19419	0	4.19377	5.3043	5.35962	1.08459	1.42388	5.25634	
8.88558	7.38853	10.0064	4.80896	6.81231	9.95913	8.23312	6.39521	8.02329	6.20333	5.96778	5.72441	5.23057	4.19377	0	7.32889	9.52333	3.10918	5.72737	5.89387	
9.24968	7.35531	12.1707	3.72545	4.43527	7.31217	9.49954	7.64027	9.28971	2.30374	4.32375	3.92298	6.52982	5.3043	7.32889	0	3.49991	4.21971	6.83789	6.24932	
11.9383	6.24774	9.44601	2.61788	3.3277	6.20461	5.60365	10.7966	11.2674	1.19617	7.05596	2.81542	4.29276	5.35962	9.52333	3.49991	0	4.29033	3.93573	4.95606	
5.7764	4.27935	7.39238	4.51587	3.70313	8.10259	4.28611	3.42056	5.04865	3.09416	2.8586	2.77465	4.83505	1.08459	3.10918	4.21971	4.29033	0	2.50847	4.17175	
8.39459	6.89753	4.43848	11.5913	6.32132	9.30981	1.66792	3.50583	6.86075	1.77571	5.47679	0.15646	7.72779	1.42388	5.72737	6.83789	3.93573	2.50847	0	5.02803	
9.66468	8.4511	9.15359	9.55416	2.59815	8.51618	10.1359	7.59231	9.79002	6.49082	1.92557	4.87157	0.663304	5.25634	5.89387	6.24932	4.95606	4.17175	5.02803	0	

0	6.36445	11.7364	3.99423	4.57556	5.58344	3.28985	0.538022	5.43311	3.90686	11.5784	5.61797	3.0536	10.8879	10.8885	6.07982	8.68563	5.00152	7.14537	4.74293	
6.36445	0	19.2652	5.49258	9.36452	10.8069	3.0746	7.5007	12.2342	9.57263	12.5544	9.02841	14.6789	10.3394	13.8008	11.142	12.4142	12.2905	7.18392	9.38093	
11.7364	19.2652	0	2.62855	7.50573	3.55681	6.95862	10.7847	11.5	6.31963	9.49795	1.0048	7.10824	5.89743	2.24368	7.22179	6.21245	2.96018	2.90216	5.41891	
3.99423	5.49258	2.62855	0	6.38594	4.17575	2.41798	4.53225	1.43888	6.93857	4.89344	1.62374	7.04783	4.90627	2.86262	4.10369	6.83139	3.57912	3.5211	6.83919	
4.57556	9.36452	7.50573	6.38594	0	4.33179	6.28992	9.43649	8.19614	2.81181	1.99222	2.62001	1.52196	3.08483	1.38113	2.28225	8.3823	2.71015	5.61372	3.21129	
5.58344	10.8069	3.55681	4.17575	4.33179	0	7.73225	5.1047	6.42861	7.86684	6.32401	2.55201	5.85375	7.44463	3.79088	6.61404	7.75965	4.50738	4.44936	8.42919	
3.28985	3.0746	6.95862	2.41798	6.28992	7.73225	0	3.82787	3.85686	6.49804	8.28214	4.04172	6.34345	10.0507	7.19269	6.52167	6.09317	7.5927	4.10932	6.30633	
0.538022	7.5007	10.7847	4.53225	9.43649	5.1047	3.82787	0	7.03521	4.44142	14.6635	7.65671	3.59163	10.2225	11.0188	14.5935	8.14761	5.53608	8.53541	9.71027	
5.43311	12.2342	11.5	1.43888	8.19614	6.42861	3.85686	7.03521	0	8.57764	9.02305	3.06263	8.16485	15.341	14.7164	5.54257	21.0882	13.3526	12.2566	9.85417	
3.90686	9.57263	6.31963	6.93857	2.81181	7.86684	6.49804	4.44142	8.57764	0	3.55488	3.05004	1.28985	3.0458	2.42368	4.31607	5.99903	1.09466	5.02348	2.97918	
11.5784	12.5544	9.49795	4.89344	1.99222	6.32401	8.28214	14.6635	9.02305	3.55488	0	4.41559	3.51418	1.59234	3.37335	0.789755	7.36459	2.46022	8.34038	3.52525	
5.61797	9.02841	1.0048	1.62374	2.62001	2.55201	4.04172	7.65671	3.06263	3.05004	4.41559	0	5.98912	3.90651	1.23888	5.69521	3.88121	1.95538	1.89736	4.88	
3.0536	14.6789	7.10824	7.04783	1.52196	5.85375	6.34345	3.59163	8.16485	1.28985	3.51418	5.98912	0	3.82879	2.90309	3.02621	3.25199	2.38452	4.09176	1.68933	
10.8879	10.3394	5.89743	4.90627	3.08483	7.44463	10.0507	10.2225	15.341	3.0458	1.59234	3.90651	3.82879	0	3.28015	0.80258	2.07487	1.95114	4.05872	3.53808	
10.8885	13.8008	2.24368	2.86262	1.38113	3.79088	7.19269	11.0188	14.7164	2.42368	3.37335	1.23888	2.90309	3.28015	0	3.66338	5.94624	1.32901	3.13623	4.25364	
6.07982	11.142	7.22179	4.10369	2.28225	6.61404	6.52167	14.5935	5.54257	4.31607	0.789755	5.69521	3.02621	0.80258	3.66338	0	2.87745	2.75372	6.74399	2.7355	
8.68563	12.4142	6.21245	6.83139	8.3823	7.75965	6.09317	8.14761	21.0882	5.99903	7.36459	3.88121	3.25199	2.07487	5.94624	2.87745	0	4.02601	1.98385	1.56266	
5.00152	12.2905	2.96018	3.57912	2.71015	4.50738	7.5927	5.53608	13.3526	1.09466	2.46022	1.95538	2.38452	1.95114	1.32901	2.75372	4.02601	0	3.85274	2.92463	
7.14537	7.18392	2.90216	3.5211	5.61372	4.44936	4.10932	8.53541	12.2566	5.02348	8.34038	1.89736	4.09176	4.05872	3.13623	6.74399	1.98385	3.85274	0	3.54651	
4.74293	9.38093	5.41891	6.83919	3.21129	8.42919	6.30633	9.71027	9.85417	2.97918	3.52525	4.88	1.68933	3.53808	4.25364	2.7355	1.56266	2.92463	3.54651	0	

0	16.2441	15.9635	5.89678	7.75459	0.842983	4.2264	2.65956	1.1951	6.27052	3.46011	10.9509	5.29264	12.0546	7.3207	3.03761	14.0935	9.03863	8.99065	8.94742	
16.2441	0	14.1363	6.98001	17.0416	6.60029	13.5134	8.72061	6.24817	8.33231	18.9992	14.7299	11.7708	10.3584	10.1663	19.9853	8.24099	11.0189	10.0472	9.96378	
15.9635	14.1363	0	13.204	13.1128	16.3969	11.2228	13.1089	20.762	9.09715	13.5013	6.28891	12.9731	8.01277	7.46301	12.6458	5.89532	6.41061	9.9015	7.61811	
5.89678	6.98001	13.204	0	6.51401	1.08395	10.0422	3.20427	0.731838	0.373735	9.19339	8.87462	2.82632	5.68624	2.20768	8.93439	8.0583	3.06028	2.0886	6.33552	
7.75459	17.0416	13.1128	6.51401	0	13.096	3.52819	12.5807	7.24584	6.88774	6.80609	6.33593	6.41951	5.67995	7.27174	7.22859	4.48752	8.34042	11.3615	2.76473	
0.842983	6.60029	16.3969	1.08395	13.096	0	5.06938	1.81658	0.352117	6.95574	7.0797	10.1079	5.8747	14.6035	9.75005	3.88059	16.3824	8.51486	8.31201	11.177	
4.2264	13.5134	11.2228	10.0422	3.52819	5.06938	0	6.93789	14.2224	5.5775	8.47423	9.52238	9.51904	6.08569	3.74355	7.26401	7.72165	4.79595	7.83957	6.29292	
2.65956	8.72061	13.1089	3.20427	12.5807	1.81658	6.93789	0	2.16869	6.44039	8.94822	10.108	7.99502	9.75317	7.75068	5.7491	11.9116	6.69828	6.49544	12.4022	
1.1951	6.24817	20.762	0.731838	7.24584	0.352117	14.2224	2.16869	0	1.10557	11.8897	10.4601	3.55815	13.7401	10.4059	8.07074	12.5477	9.17071	5.99387	7.06735	
6.27052	8.33231	9.09715	0.373735	6.88774	6.95574	5.5775	6.44039	1.10557	0	6.27029	5.32745	3.20005	4.17608	1.83395	6.11703	5.81204	2.68654	1.71486	6.70925	
3.46011	18.9992	13.5013	9.19339	6.80609	7.0797	8.47423	8.94822	11.8897	6.27029	0	8.16801	6.36707	7.05558	4.70559	0.422503	8.70877	5.78308	4.55543	9.57082	
10.9509	14.7299	6.28891	8.87462	6.33593	10.1079	9.52238	10.108	10.4601	5.32745	8.16801	0	7.22597	6.48642	5.77883	9.56563	5.29398	6.83123	3.61259	3.5712	
5.29264	11.7708	12.9731	2.82632	6.41951	5.8747	9.51904	7.99502	3.55815	3.20005	6.36707	7.22597	0	6.57	7.61492	6.78958	5.37756	6.56252	8.08835	3.65478	
12.0546	10.3584	8.01277	5.68624	5.67995	14.6035	6.08569	9.75317	13.7401	4.17608	7.05558	6.48642	6.57	0	2.34214	6.62523	2.11744	3.39454	3.25773	2.91522	
7.3207	10.1663	7.46301	2.20768	7.27174	9.75005	3.74355	7.75068	10.4059	1.83395	4.70559	5.77883	7.61492	2.34214	0	4.28309	3.9781	1.0524	3.54881	5.25736	
3.03761	19.9853	12.6458	8.93439	7.22859	3.88059	7.26401	5.7491	8.07074	6.11703	0.422503	9.56563	6.78958	6.62523	4.28309	0	8.26119	5.33549	4.97793	13.7852	
14.0935	8.24099	5.89532	8.0583	4.48752	16.3824	7.72165	11.9116	12.5477	5.81204	8.70877	5.29398	5.37756	2.11744	3.9781	8.26119	0	5.0305	5.37517	1.72279	
9.03863	11.0189	6.41061	3.06028	8.34042	8.51486	4.79595	6.69828	9.17071	2.68654	5.78308	6.83123	6.56252	3.39454	1.0524	5.33549	5.0305	0	4.40141	7.63755	
8.99065	10.0472	9.9015	2.0886	11.3615	8.31201	7.83957	6.49544	5.99387	1.71486	4.55543	3.61259	8.08835	3.25773	3.54881	4.97793	5.37517	4.40141	0	6.17295	
8.94742	9.96378	7.61811	6.33552	2.76473	11.177	6.29292	12.4022	7.06735	6.70925	9.57082	3.5712	3.65478	2.91522	5.25736	13.7852	1.72279	7.63755	6.17295	0	

0	5.71121	6.22333	3.73397	3.27017	0.777849	5.56201	5.4447	1.56516	3.54149	6.09301	5.15899	1.86295	6.12094	4.51965	3.57428	5.24375	3.34686	8.90018	8.97947	
5.71121	0	7.785	4.72847	9.48	6.48906	3.19085	5.96034	7.27637	5.27923	13.5685	6.72066	7.57416	7.68261	6.08132	10.0966	6.9102	4.90853	4.95615	7.13378	
6.22333	7.785	0	9.92085	7.79666	8.72835	9.20826	5.08626	5.65794	7.46749	7.07868	4.6886	10.11	3.00903	4.04926	10.7712	4.50547	2.87647	3.24687	2.1694	
3.73397	4.72847	9.92085	0	5.44845	2.95612	7.74028	7.62297	4.97409	6.85074	5.9727	4.79806	7.41756	4.68018	5.49532	5.70624	5.84676	6.6102	6.6104	5.51982	
3.27017	9.48	7.79666	5.44845	0	2.49233	7.27649	6.38918	4.51029	7.39503	1.02133	5.89312	2.46619	2.38556	1.57042	0.754865	8.16286	2.74322	4.54979	5.14808	
0.777849	6.48906	8.72835	2.95612	2.49233	0	4.78416	4.66685	2.01797	4.31934	7.34385	7.75419	2.6408	6.80077	4.06275	3.24719	5.69656	4.12471	6.50623	10.8978	
5.56201	3.19085	9.20826	7.74028	7.27649	4.78416	0	2.76949	6.80213	2.08838	4.6399	6.20919	4.73088	7.57376	7.50459	6.90572	3.71934	6.33179	4.60887	6.05542	
5.4447	5.96034	5.08626	7.62297	6.38918	4.66685	2.76949	0	6.68481	4.85787	12.1678	3.65172	8.87662	6.80931	5.20802	9.67521	6.48883	4.03523	1.83938	4.01701	
1.56516	7.27637	5.65794	4.97409	4.51029	2.01797	6.80213	6.68481	0	5.10665	5.32589	4.59361	3.42811	5.55555	3.95426	5.59236	3.6786	2.78147	10.4233	6.01467	
3.54149	5.27923	7.46749	6.85074	7.39503	4.31934	2.08838	4.85787	5.10665	0	2.55152	4.12082	2.6425	7.13304	6.19638	2.81799	5.55067	5.02359	5.93315	7.4608	
6.09301	13.5685	7.07868	5.9727	1.02133	7.34385	4.6399	12.1678	5.32589	2.55152	0	5.40472	1.9778	5.74891	7.58453	0.266468	2.99914	6.31937	7.0869	4.90928	
5.15899	6.72066	4.6886	4.79806	5.89312	7.75419	6.20919	3.65172	4.59361	4.12082	5.40472	0	6.76332	4.58621	2.98493	5.13825	2.50196	1.81213	1.81233	3.98996	
1.86295	7.57416	10.11	7.41756	2.46619	2.6408	4.73088	8.87662	3.42811	2.6425	1.9778	6.76332	0	4.49054	5.30568	1.71133	8.34496	5.20981	7.03723	5.33017	
6.12094	7.68261	3.00903	4.68018	2.38556	6.80077	7.57376	6.80931	5.55555	7.13304	5.74891	4.58621	4.49054	0	0.815138	5.06331	3.17571	1.98793	3.01726	0.839636	
4.51965	6.08132	4.04926	5.49532	1.57042	4.06275	7.50459	5.20802	3.95426	6.19638	7.58453	2.98493	5.30568	0.815138	0	2.32529	4.49302	1.17279	6.12022	1.65477	
3.57428	10.0966	10.7712	5.70624	0.754865	3.24719	6.90572	9.67521	5.59236	2.81799	0.266468	5.13825	1.71133	5.06331	2.32529	0	3.26561	6.95039	5.30466	5.17575	
5.24375	6.9102	4.50547	5.84676	8.16286	5.69656	3.71934	6.48883	3.6786	5.55067	2.99914	2.50196	8.34496	3.17571	4.49302	3.26561	0	3.32023	4.31429	2.33607	
3.34686	4.90853	2.87647	6.6102	2.74322	4.12471	6.33179	4.03523	2.78147	5.02359	6.31937	1.81213	5.20981	1.98793	1.17279	6.95039	3.32023	0	3.62447	3.61372	
8.90018	4.95615	3.24687	6.6104	4.54979	6.50623	4.60887	1.83938	10.4233	5.93315	7.0869	1.81233	7.03723	3.01726	6.12022	5.30466	4.31429	3.62447	0	2.17763	
8.97947	7.13378	2.1694	5.51982	5.14808	10.8978	6.05542	4.01701	6.01467	7.4608	4.90928	3.98996	5.33017	0.839636	1.65477	5.17575	2.33607	3.61372	2.17763	0	

0	1.09674	11.8767	2.34824	6.87327	3.71459	3.75081	1.3575	0.79506	3.92631	10.6458	6.53476	5.92257	17.6852	7.43384	10.1401	12.0211	7.72967	6.04233	10.5375	
1.09674	0	4.56847	1.2515	3.76021	4.56366	2.65407	1.61115	1.8918	4.17408	7.33863	2.76378	5.49535	13.9242	5.68357	5.52761	2.87619	7.99869	4.94558	8.78721	
11.8767	4.56847	0	4.19893	2.24756	8.80668	1.9144	7.76333	9.87447	6.39274	4.82259	9.15797	4.74696	7.54983	9.53539	6.21135	9.86575	4.79159	7.8447	9.97771	
2.34824	1.2515	4.19893	0	2.50872	4.37011	2.28453	1.7018	4.0593	4.20251	5.08374	1.51229	5.13079	3.94061	1.75784	5.55603	1.62469	7.24691	6.19708	4.86148	
6.87327	3.76021	2.24756	2.50872	0	6.87883	4.16196	4.21051	7.74959	4.26786	2.57503	4.021	2.62208	9.79739	8.05513	3.08066	4.13341	6.20857	6.23927	8.92713	
3.71459	4.56366	8.80668	4.37011	6.87883	0	6.65465	2.95251	4.50965	6.72854	6.92604	5.8824	5.08276	8.47337	8.75888	7.35299	5.9948	4.01509	7.06819	9.50347	
3.75081	2.65407	1.9144	2.28453	4.16196	6.65465	0	3.98633	10.7228	6.48704	8.71374	3.79682	6.66135	9.46423	16.6244	10.8006	3.90922	6.70599	7.59965	19.728	
1.3575	1.61115	7.76333	1.7018	4.21051	2.95251	3.98633	0	2.15256	5.48875	8.09079	3.21409	7.1065	14.3745	7.3723	9.47956	3.32649	6.96759	5.14719	11.2983	
0.79506	1.8918	9.87447	4.0593	7.74959	4.50965	10.7228	2.15256	0	3.13125	6.9708	7.98334	4.77703	18.3884	11.173	4.48478	6.69699	9.35613	7.50469	16.8223	
3.92631	4.17408	6.39274	4.20251	4.26786	6.72854	6.48704	5.48875	3.13125	0	1.85916	5.71479	1.64578	5.88167	7.6913	1.35353	3.56574	4.74598	9.11967	6.31687	
10.6458	7.33863	4.82259	5.08374	2.57503	6.92604	8.71374	8.09079	6.9708	1.85916	0	6.2543	1.84328	8.09183	7.88881	0.505636	10.2507	3.63354	6.68665	5.46898	
6.53476	2.76378	9.15797	1.51229	4.021	5.8824	3.79682	3.21409	7.98334	5.71479	6.2543	0	4.41101	5.77707	0.245556	6.68125	3.13698	4.98935	2.47067	3.34919	
5.92257	5.49535	4.74696	5.13079	2.62208	5.08276	6.66135	7.1065	4.77703	1.64578	1.84328	4.41101	0	9.14338	4.65657	2.27024	5.21152	4.6851	7.7382	7.23358	
17.6852	13.9242	7.54983	3.94061	9.79739	8.47337	9.46423	14.3745	18.3884	5.88167	8.09183	5.77707	9.14338	0	9.20208	7.39122	2.31592	4.45828	7.51139	2.42788	
7.43384	5.68357	9.53539	1.75784	8.05513	8.75888	16.6244	7.3723	11.173	7.6913	7.88881	0.245556	4.65657	9.20208	0	8.13624	5.07842	4.7438	2.22511	3.59475	
10.1401	5.52761	6.21135	5.55603	3.08066	7.35299	10.8006	9.47956	4.48478	1.35353	0.505636	6.68125	2.27024	7.39122	8.13624	0	4.91927	3.39245	6.44555	4.96334	
12.0211	2.87619	9.86575	1.62469	4.13341	5.9948	3.90922	3.32649	6.69699	3.56574	10.2507	3.13698	5.21152	2.31592	5.07842	4.91927	0	6.61717	8.46692	4.74381	
7.72967	7.99869	4.79159	7.24691	6.20857	4.01509	6.70599	6.96759	9.35613	4.74598	3.63354	4.98935	4.6851	4.45828	4.7438	3.39245	6.61717	0	3.0531	5.48838	
6.04233	4.94558	7.8447	6.19708	6.23927	7.06819	7.59965	5.14719	7.50469	9.11967	6.68665	2.47067	7.7382	7.51139	2.22511	6.44555	8.46692	3.0531	0	6.15111	
10.5375	8.78721	9.97771	4.86148	8.92713	9.50347	19.728	11.2983	16.8223	6.31687	5.46898	3.34919	7.23358	2.42788	3.59475	4.96334	4.74381	5.48838	6.15111	0	

0	11.4009	6.03342	4.05427	9.25688	2.84444	10.9538	1.32766	1.42717	7.77537	7.20791	7.93866	8.58131	12.6062	4.43762	6.77213	8.45525	7.19793	6.1173	5.29469	
11.4009	0	6.36946	7.34664	9.12246	10.8971	7.58391	12.574	12.6425	8.45531	6.38649	3.4587	8.11686	11.8918	5.35747	6.82227	11.0208	11.0617	5.03985	9.64021	
6.03342	6.36946	0	9.19131	5.62141	3.18898	7.13525	5.01206	4.9005	5.89928	7.69956	2.91076	7.54016	11.4032	4.80953	7.10427	3.6984	7.57597	4.49192	6.85896	
4.05427	7.34664	9.19131	0	9.07356	6.15587	11.3008	5.38193	5.48143	9.46603	4.38033	6.28055	10.17	14.3723	8.17932	3.94455	7.35043	4.59398	6.40894	9.34895	
9.25688	9.12246	5.62141	9.07356	0	7.24655	2.58395	6.32695	11.1117	3.81771	2.73597	5.11577	5.74774	6.89187	3.21699	3.17175	1.92302	5.34091	6.04031	5.08358	
2.84444	10.8971	3.18898	6.15587	7.24655	0	8.27471	1.82308	1.71152	4.93093	4.51058	5.84767	7.52236	7.71942	4.93304	4.94636	6.88738	4.38699	4.26651	7.76429	
10.9538	7.58391	7.13525	11.3008	2.58395	8.27471	0	9.95162	15.4969	5.63774	3.76413	10.2424	6.77591	4.30792	5.80094	4.19991	3.43686	7.64035	8.66129	5.65912	
1.32766	12.574	5.01206	5.38193	6.32695	1.82308	9.95162	0	1.61617	5.98232	6.18748	5.00873	7.48848	9.54157	3.10996	6.62327	12.1772	5.41415	4.78964	6.52476	
1.42717	12.6425	4.9005	5.48143	11.1117	1.71152	15.4969	1.61617	0	6.64245	6.2221	9.72194	10.0085	9.10319	4.72613	6.42019	13.4139	5.77076	5.97803	6.72185	
7.77537	8.45531	5.89928	9.46603	3.81771	4.93093	5.63774	5.98232	6.64245	0	2.06882	4.77113	5.08059	4.9063	2.87236	2.5046	2.20088	3.63936	5.69568	5.32253	
7.20791	6.38649	7.69956	4.38033	2.73597	4.51058	3.76413	6.18748	6.2221	2.06882	0	7.15099	3.01177	5.73536	4.94118	0.435781	3.84166	1.08521	2.90018	3.25371	
7.93866	3.4587	2.91076	6.28055	5.11577	5.84767	10.2424	5.00873	9.72194	4.77113	7.15099	0	4.65816	9.74671	1.89877	4.04555	6.60915	4.20296	1.58116	5.31358	
8.58131	8.11686	7.54016	10.17	5.74774	7.52236	6.77591	7.48848	10.0085	5.08059	3.01177	4.65816	0	5.08855	4.37852	3.44756	3.84177	6.68271	6.23932	6.26549	
12.6062	11.8918	11.4032	14.3723	6.89187	7.71942	4.30792	9.54157	9.10319	4.9063	5.73536	9.74671	5.08855	0	5.63662	3.98186	7.10719	3.33243	6.24643	7.3115	
4.43762	5.35747	4.80953	8.17932	3.21699	4.93304	5.80094	3.10996	4.72613	2.87236	4.94118	1.89877	4.37852	5.63662	0	2.95362	5.07324	2.30419	2.82332	3.4148	
6.77213	6.82227	7.10427	3.94455	3.17175	4.94636	4.19991	6.62327	6.42019	2.5046	0.435781	4.04555	3.44756	3.98186	2.95362	0	3.40588	0.649431	2.4644	3.68949	
8.45525	11.0208	3.6984	7.35043	1.92302	6.88738	3.43686	12.1772	13.4139	2.20088	3.84166	6.60915	3.84177	7.10719	5.07324	3.40588	0	4.05531	5.87027	3.16056	
7.19793	11.0617	7.57597	4.59398	5.34091	4.38699	7.64035	5.41415	5.77076	3.63936	1.08521	4.20296	6.68271	3.33243	2.30419	0.649431	4.05531	0	2.914	5.71899	
6.1173	5.03985	4.49192	6.40894	6.04031	4.26651	8.66129	4.78964	5.97803	5.69568	2.90018	1.58116	6.23932	6.24643	2.82332	2.4644	5.87027	2.914	0	6.23812	
5.29469	9.64021	6.85896	9.34895	5.08358	7.76429	5.65912	6.52476	6.72185	5.32253	3.25371	5.31358	6.26549	7.3115	3.4148	3.68949	3.16056	5.71899	6.23812	0	

0	4.93681	12.5203	14.2409	12.0125	0.785806	1.37405	0.726317	1.9676	5.38777	8.62926	8.5659	6.43802	7.76516	8.53631	8.27003	12.2026	7.94943	11.9061	11.1294	
4.93681	0	8.60483	6.29722	16.2072	7.28494	3.56277	12.6757	13.917	7.57649	6.72185	8.56956	8.62675	9.87621	10.1469	6.36263	11.3416	13.3367	9.64461	14.1296	
12.5203	8.60483	0	11.2501	7.40104	8.37525	7.17267	10.5958	11.5355	7.23333	6.09087	3.95439	2.10869	11.1728	5.4316	5.08598	3.08954	12.1478	7.90276	10.8806	
14.2409	6.29722	11.2501	0	4.21653	11.6001	9.85999	13.683	9.37655	7.54919	2.9205	5.05698	7.17255	3.57898	3.84964	3.27973	5.43492	7.03943	3.34739	4.1884	
12.0125	16.2072	7.40104	4.21653	0	13.5115	12.3089	12.1759	10.8589	6.72558	1.29602	3.4325	4.88406	5.06132	5.4885	1.65525	3.90321	4.84116	7.81842	4.28566	
0.785806	7.28494	8.37525	11.6001	13.5115	0	2.15985	1.17417	2.7534	6.99991	11.5121	9.3517	6.26656	11.9613	7.75051	9.05584	7.24741	8.73524	9.03925	11.0072	
1.37405	3.56277	7.17267	9.85999	12.3089	2.15985	0	2.10036	3.34164	4.01372	11.16	7.29266	5.06398	11.9103	7.69954	8.04127	6.04483	9.32348	8.98829	10.9562	
0.726317	12.6757	10.5958	13.683	12.1759	1.17417	2.10036	0	2.69391	5.82574	10.8657	8.72924	7.44073	19.3398	8.92467	8.99635	9.46793	8.67575	13.3676	13.578	
1.9676	13.917	11.5355	9.37655	10.8589	2.7534	3.34164	2.69391	0	11.7415	15.4892	10.5335	9.42685	5.79757	8.04198	10.2376	9.62727	7.77675	9.06758	6.40699	
5.38777	7.57649	7.23333	7.54919	6.72558	6.99991	4.01372	5.82574	11.7415	0	5.41541	3.27894	7.02246	7.91029	3.69955	5.48587	5.28484	8.75512	4.9883	6.95624	
8.62926	6.72185	6.09087	2.9205	1.29602	11.5121	11.16	10.8657	15.4892	5.41541	0	2.13648	3.33652	3.59905	4.43774	0.35923	2.85245	6.13718	4.28071	2.98963	
8.5659	8.56956	3.95439	5.05698	3.4325	9.3517	7.29266	8.72924	10.5335	3.27894	2.13648	0	4.06615	6.81944	2.60869	2.20693	4.19398	7.66427	3.89744	5.12611	
6.43802	8.62675	2.10869	7.17255	4.88406	6.26656	5.06398	7.44073	9.42685	7.02246	3.33652	4.06615	0	5.16665	2.56614	2.97729	0.98085	8.37848	4.61166	6.51356	
7.76516	9.87621	11.1728	3.57898	5.06132	11.9613	11.9103	19.3398	5.79757	7.91029	3.59905	6.81944	5.16665	0	3.86611	7.19149	4.1858	3.78939	3.27001	0.609421	
8.53631	10.1469	5.4316	3.84964	5.4885	7.75051	7.69954	8.92467	8.04198	3.69955	4.43774	2.60869	2.56614	3.86611	0	4.81563	1.58529	5.05557	1.28875	3.25669	
8.27003	6.36263	5.08598	3.27973	1.65525	9.05584	8.04127	8.99635	10.2376	5.48587	0.35923	2.20693	2.97729	7.19149	4.81563	0	3.21168	8.16652	3.92148	3.34886	
12.2026	11.3416	3.08954	5.43492	3.90321	7.24741	6.04483	9.46793	9.62727	5.28484	2.85245	4.19398	0.98085	4.1858	1.58529	3.21168	0	6.64086	2.87403	4.79522	
7.94943	13.3367	12.1478	7.03943	4.84116	8.73524	9.32348	8.67575	7.77675	8.75512	6.13718	7.66427	8.37848	3.78939	5.05557	8.16652	6.64086	0	4.24504	3.17997	
11.9061	9.64461	7.90276	3.34739	7.81842	9.03925	8.98829	13.3676	9.06758	4.9883	4.28071	3.89744	4.61166	3.27001	1.28875	3.92148	2.87403	4.24504	0	3.87943	
11.1294	14.1296	10.8806	4.1884	4.28566	11.0072	10.9562	13.578	6.40699	6.95624	2.98963	5.12611	6.51356	0.609421	3.25669	3.34886	4.79522	3.17997	3.87943	0	

0	7.26859	4.88666	2.61634	6.41104	2.15179	7.00668	0.722868	2.4953	5.04707	5.41475	4.73859	4.42895	12.653	7.78416	8.44495	11.1354	2.86849	3.13633	7.16319	
7.26859	0	7.85167	6.60978	15.8766	5.1168	7.00236	8.86004	8.38237	4.17904	8.37976	10.159	5.69187	16.6367	9.99525	9.78656	9.48274	12.6245	10.9315	10.1282	
4.88666	7.85167	0	6.67347	5.82791	2.73487	7.58975	6.4781	9.75955	8.38786	5.99783	10.6773	5.01202	11.3171	9.01493	7.0724	13.8776	10.0351	11.058	7.74627	
2.61634	6.60978	6.67347	0	3.7947	3.9386	8.79349	3.3392	6.63406	2.43074	7.20156	2.12225	3.94356	10.9314	4.07867	5.03919	3.14766	2.40651	0.51999	8.53822	
6.41104	15.8766	5.82791	3.7947	0	6.87659	10.5301	6.35279	10.4855	6.22544	2.38381	5.87608	3.16216	6.25709	7.40293	1.24449	8.04971	4.20717	4.31469	2.87199	
2.15179	5.1168	2.73487	3.9386	6.87659	0	4.85489	2.87466	5.51567	3.78998	3.26296	6.06085	2.27716	5.90642	7.84778	4.19483	7.33527	5.88886	4.45859	5.0114	
7.00668	7.00236	7.58975	8.79349	10.5301	4.85489	0	8.59812	9.07737	9.9574	8.11784	5.50994	7.13204	5.29353	2.99289	10.4496	2.48038	6.18865	5.10805	7.91195	
0.722868	8.86004	6.4781	3.3392	6.35279	2.87466	8.59812	0	1.77244	5.97576	7.00619	5.98998	6.02039	5.81024	5.34138	10.2244	7.29363	2.14562	4.03215	3.76747	
2.4953	8.38237	9.75955	6.63406	10.4855	5.51567	9.07737	1.77244	0	4.20333	8.14917	9.68973	5.09542	11.2212	7.17268	7.01309	11.5577	3.91806	8.51194	12.0361	
5.04707	4.17904	8.38786	2.43074	6.22544	3.78998	9.9574	5.97576	4.20333	0	4.56657	4.55299	1.51282	7.63859	6.96451	3.43049	9.38013	8.63899	2.95073	7.23503	
5.41475	8.37976	5.99783	7.20156	2.38381	3.26296	8.11784	7.00619	8.14917	4.56657	0	5.77092	3.05375	2.64347	8.86594	1.13932	5.45662	6.30809	6.89839	2.76683	
4.73859	10.159	10.6773	2.12225	5.87608	6.06085	5.50994	5.98998	9.68973	4.55299	5.77092	0	6.34426	8.6814	2.51705	4.63159	4.42632	3.68517	1.79865	6.2591	
4.42895	5.69187	5.01202	3.94356	3.16216	2.27716	7.13204	6.02039	5.09542	1.51282	3.05375	6.34426	0	5.69721	8.10429	1.91767	7.17328	6.43214	4.54561	3.54518	
12.653	16.6367	11.3171	10.9314	6.25709	5.90642	5.29353	5.81024	11.2212	7.63859	2.64347	8.6814	5.69721	0	6.86038	3.78279	2.81315	3.66462	5.44082	2.74191	
7.78416	9.99525	9.01493	4.07867	7.40293	7.84778	2.99289	5.34138	7.17268	6.96451	8.86594	2.51705	8.10429	6.86038	0	7.14864	5.47327	3.19576	3.55868	4.81761	
8.44495	9.78656	7.0724	5.03919	1.24449	4.19483	10.4496	10.2244	7.01309	3.43049	1.13932	4.63159	1.91767	3.78279	7.14864	0	7.05907	3.24935	5.75906	1.62751	
11.1354	9.48274	13.8776	3.14766	8.04971	7.33527	2.48038	7.29363	11.5577	9.38013	5.45662	4.42632	7.17328	2.81315	5.47327	7.05907	0	4.51419	2.62767	5.43157	
2.86849	12.6245	10.0351	2.40651	4.20717	5.88886	6.18865	2.14562	3.91806	8.63899	6.30809	3.68517	6.43214	3.66462	3.19576	3.24935	4.51419	0	1.88652	1.62185	
3.13633	10.9315	11.058	0.51999	4.31469	4.45859	5.10805	4.03215	8.51194	2.95073	6.89839	1.79865	4.54561	5.44082	3.55868	5.75906	2.62767	1.88652	0	3.50837	
7.16319	10.1282	7.74627	8.53822	2.87199	5.0114	7.91195	3.76747	12.0361	7.23503	2.76683	6.2591	3.54518	2.74191	4.81761	1.62751	5.43157	1.62185	3.50837	0	

0	12.9753	10.8232	1.92512	3.37509	0.653546	4.84172	2.77791	1.01792	2.93819	5.15463	5.33444	6.32758	9.74551	5.91681	4.17301	5.94894	8.71097	5.85934	4.06337	
12.9753	0	11.4703	7.75771	3.8283	6.54985	4.84112	14.3172	6.62131	5.0462	13.0535	3.70657	9.3433	19.7436	4.86627	6.66652	5.26218	10.9596	3.93708	7.24223	
10.8232	11.4703	0	9.54574	6.98869	11.4767	6.62914	14.9252	11.8411	8.53962	8.07776	8.38045	6.96226	9.49189	5.95072	7.69452	8.18515	6.36692	7.45999	11.0145	
1.92512	7.75771	9.54574	0	6.1815	2.57867	2.9166	1.07049	2.83048	1.01307	5.37421	2.3527	2.85779	10.2406	3.60197	6.09813	6.44399	7.08506	6.35439	4.55841	
3.37509	3.8283	6.98869	6.1815	0	2.72155	5.32523	4.55299	2.79301	3.62687	3.81984	3.32533	2.04952	2.14656	1.03797	2.78178	1.76972	4.04522	2.33051	3.41393	
0.653546	6.54985	11.4767	2.57867	2.72155	0	6.37655	4.53045	1.67147	4.47302	8.83417	4.6809	8.16734	11.3707	3.75952	4.82655	4.49127	9.85281	4.9114	4.71691	
4.84172	4.84112	6.62914	2.9166	5.32523	6.37655	0	3.98709	7.82943	3.92967	8.29081	6.77738	10.0196	16.2133	6.3632	8.16345	7.09495	12.4565	7.00788	7.47501	
2.77791	14.3172	14.9252	1.07049	4.55299	4.53045	3.98709	0	1.75999	2.08356	6.44471	9.26135	8.17345	14.8192	11.0411	8.09522	14.6465	9.2912	8.85106	4.81724	
1.01792	6.62131	11.8411	2.83048	2.79301	1.67147	7.82943	1.75999	0	5.4354	4.85151	6.77503	5.32146	8.73939	3.83098	5.19092	4.56273	6.56236	4.85323	3.05725	
2.93819	5.0462	8.53962	1.01307	3.62687	4.47302	3.92967	2.08356	5.4354	0	2.96696	1.33963	1.84473	9.39387	2.5889	4.33271	2.89524	6.14684	1.57014	4.10894	
5.15463	13.0535	8.07776	5.37421	3.81984	8.83417	8.29081	6.44471	4.85151	2.96696	0	5.77563	1.12223	4.83582	2.13378	0.981621	3.98634	1.71085	4.72268	3.38644	
5.33444	3.70657	8.38045	2.3527	3.32533	4.6809	6.77738	9.26135	6.77503	1.33963	5.77563	0	3.18436	1.93245	1.73978	4.17355	0.791288	3.8311	0.230506	2.02648	
6.32758	9.3433	6.96226	2.85779	2.04952	8.16734	10.0196	8.17345	5.32146	1.84473	1.12223	3.18436	0	7.94635	1.01154	2.10385	3.24598	2.83308	2.52082	2.26421	
9.74551	19.7436	9.49189	10.2406	2.14656	11.3707	16.2133	14.8192	8.73939	9.39387	4.83582	1.93245	7.94635	0	2.61127	6.46262	0.376839	2.65233	0.937621	2.26242	
5.91681	4.86627	5.95072	3.60197	1.03797	3.75952	6.3632	11.0411	3.83098	2.5889	2.13378	1.73978	1.01154	2.61127	0	1.74381	2.07006	3.92849	1.50928	3.27575	
4.17301	6.66652	7.69452	6.09813	2.78178	4.82655	8.16345	8.09522	5.19092	4.33271	0.981621	4.17355	2.10385	6.46262	1.74381	0	3.97824	2.69247	3.25308	3.48906	
5.94894	5.26218	8.18515	6.44399	1.76972	4.49127	7.09495	14.6465	4.56273	2.89524	3.98634	0.791288	3.24598	0.376839	2.07006	3.97824	0	2.27549	0.560782	1.88558	
8.71097	10.9596	6.36692	7.08506	4.04522	9.85281	12.4565	9.2912	6.56236	6.14684	1.71085	3.8311	2.83308	2.65233	3.92849	2.69247	2.27549	0	2.83628	4.16107	
5.85934	3.93708	7.45999	6.35439	2.33051	4.9114	7.00788	8.85106	4.85323	1.57014	4.72268	0.230506	2.52082	0.937621	1.50928	3.25308	0.560782	2.83628	0	1.79597	
4.06337	7.24223	11.0145	4.55841	3.41393	4.71691	7.47501	4.81724	3.05725	4.10894	3.38644	2.02648	2.26421	2.26242	3.27575	3.48906	1.88558	4.16107	1.79597	0	

0	5.5534	16.1141	11.5751	8.20334	9.66758	12.6274	3.10405	5.93755	10.4336	9.20968	8.57217	9.9198	14.0371	8.07149	15.7108	6.61553	11.6856	10.1574	11.4227	
5.5534	0	4.51933	5.69318	9.05812	7.5444	0.777207	2.44935	5.28285	9.77889	8.55498	11.4241	10.9031	2.43109	7.41679	10.884	15.57	11.0309	3.24717	7.24938	
16.1141	4.51933	0	8.17092	8.86869	8.51302	5.29653	6.96868	17.2596	9.02329	7.32435	4.18392	13.1089	7.07216	3.32441	6.36465	12.3162	5.54023	5.10322	4.60216	
11.5751	5.69318	8.17092	0	6.83061	8.53773	4.91597	6.20346	3.36996	6.28165	8.39275	4.45442	5.42271	6.56985	4.84651	8.17735	5.2428	7.06234	5.5864	6.12426	
8.20334	9.05812	8.86869	6.83061	0	10.1909	8.28092	9.47196	6.5312	5.22578	3.3924	3.39855	3.34733	5.5278	3.34938	2.50404	1.58781	7.37373	4.53053	2.07163	
9.66758	7.5444	8.51302	8.53773	10.1909	0	5.2487	6.56353	7.8932	9.33271	6.52472	3.91072	6.84354	5.58929	4.55755	8.40587	6.35529	7.40444	2.77874	6.46636	
12.6274	0.777207	5.29653	4.91597	8.28092	5.2487	0	3.22655	8.28593	9.02392	6.21594	3.60194	8.69065	1.65388	4.24877	10.785	6.04651	11.7743	2.46996	5.11005	
3.10405	2.44935	6.96868	6.20346	9.47196	6.56353	3.22655	0	2.8335	7.32954	6.10563	5.82696	9.07567	11.2659	4.96744	7.06533	7.77689	7.18327	6.74625	6.24519	
5.93755	5.28285	17.2596	3.36996	6.5312	7.8932	8.28593	2.8335	0	9.28019	6.9676	6.90003	8.79267	8.43235	7.80094	7.9273	4.9434	9.65361	7.8458	10.8919	
10.4336	9.77889	9.02329	6.28165	5.22578	9.33271	9.02392	7.32954	9.28019	0	2.31259	1.82723	5.28262	6.84811	2.68675	3.27228	3.78387	6.48466	2.95921	3.39195	
9.20968	8.55498	7.32435	8.39275	3.3924	6.52472	6.21594	6.10563	6.9676	2.31259	0	4.13982	2.97003	7.38046	4.29054	0.959698	4.98021	5.58113	3.74598	3.9243	
8.57217	11.4241	4.18392	4.45442	3.39855	3.91072	3.60194	5.82696	6.90003	1.82723	4.13982	0	4.43633	5.67478	0.859515	4.19035	1.95664	3.07534	1.13198	2.13726	
9.9198	10.9031	13.1089	5.42271	3.34733	6.84354	8.69065	9.07567	8.79267	5.28262	2.97003	4.43633	0	5.67465	3.49623	3.92973	4.93514	7.52058	5.56831	2.21848	
14.0371	2.43109	7.07216	6.56985	5.5278	5.58929	1.65388	11.2659	8.43235	6.84811	7.38046	5.67478	5.67465	0	4.73391	9.2084	7.42157	8.75826	4.12384	3.45617	
8.07149	7.41679	3.32441	4.84651	3.34938	4.55755	4.24877	4.96744	7.80094	2.68675	4.29054	0.859515	3.49623	4.73391	0	3.33084	2.81615	2.21583	1.77881	1.27775	
15.7108	10.884	6.36465	8.17735	2.50404	8.40587	10.785	7.06533	7.9273	3.27228	0.959698	4.19035	3.92973	9.2084	3.33084	0	4.09185	5.54666	4.70568	4.57567	
6.61553	15.57	12.3162	5.2428	1.58781	6.35529	6.04651	7.77689	4.9434	3.78387	4.98021	1.95664	4.93514	7.42157	2.81615	4.09185	0	6.61406	3.08862	3.65944	
11.6856	11.0309	5.54023	7.06234	7.37373	7.40444	11.7743	7.18327	9.65361	6.48466	5.58113	3.07534	7.52058	8.75826	2.21583	5.54666	6.61406	0	3.99463	3.49357	
10.1574	3.24717	5.10322	5.5864	4.53053	2.77874	2.46996	6.74625	7.8458	2.95921	3.74598	1.13198	5.56831	4.12384	1.77881	4.70568	3.08862	3.99463	0	3.05656	
11.4227	7.24938	4.60216	6.12426	2.07163	6.46636	5.11005	6.24519	10.8919	3.39195	3.9243	2.13726	2.21848	3.45617	1.27775	4.57567	3.65944	3.49357	3.05656	0	

0	4.50258	7.13963	3.49812	8.85706	1.16899	7.22571	1.59538	2.74802	5.17276	6.01255	1.50892	2.8329	3.04607	4.74573	7.48439	3.2031	7.54138	2.68217	5.47274	
4.50258	0	7.73998	5.61616	6.61067	3.33359	11.7823	6.3149	7.54692	7.43998	6.46944	7.60536	8.1367	9.68856	6.87694	5.56404	8.81512	7.61813	6.88066	12.878	
7.13963	7.73998	0	7.54402	3.22257	10.5975	5.32979	8.06494	10.491	7.19035	3.08133	5.26385	4.74859	3.7267	8.34309	2.17594	4.60015	4.23002	6.27953	5.46835	
3.49812	5.61616	7.54402	0	2.15547	8.94975	11.3151	4.39204	8.07562	1.82381	3.97566	1.9892	3.15453	3.52634	1.26077	4.71655	2.15501	3.30317	1.26449	5.0149	
8.85706	6.61067	3.22257	2.15547	0	8.87334	6.75207	1.81662	3.57026	3.99694	0.305736	2.61664	0.57911	3.08663	0.894694	1.04663	2.47045	1.55187	2.95825	1.34498	
1.16899	3.33359	10.5975	8.94975	8.87334	0	8.61163	2.76438	3.91701	10.8118	7.47786	2.67791	4.21883	11.2861	10.3848	8.87032	5.73486	9.19516	3.85116	9.54442	
7.22571	11.7823	5.32979	11.3151	6.75207	8.61163	0	5.63032	5.57889	12.5201	8.84341	9.37091	6.86784	7.14873	12.5759	7.50572	8.38387	11.7132	10.4037	5.40709	
1.59538	6.3149	8.06494	4.39204	1.81662	2.76438	5.63032	0	3.62845	5.84957	6.7944	3.10431	1.23751	3.62699	3.21634	3.81017	2.75355	2.64059	3.64406	10.185	
2.74802	7.54692	10.491	8.07562	3.57026	3.91701	5.57889	3.62845	0	8.62975	3.26452	4.25694	4.86596	8.25281	8.95512	4.16992	6.382	9.03368	5.4302	10.183	
5.17276	7.43998	7.19035	1.82381	3.99694	10.8118	12.5201	5.84957	8.62975	0	4.30268	3.81301	4.57605	4.5854	3.08459	5.04357	3.3811	5.12698	2.49058	5.34192	
6.01255	6.46944	3.08133	3.97566	0.305736	7.47786	8.84341	6.7944	3.26452	4.30268	0	8.57685	0.884845	3.94515	1.20043	0.905394	8.5149	1.85761	8.82313	1.65072	
1.50892	7.60536	5.26385	1.9892	2.61664	2.67791	9.37091	3.10431	4.25694	3.81301	8.57685	0	2.03753	1.53715	3.24997	4.61019	1.69418	3.34849	1.38956	3.27879	
2.8329	8.1367	4.74859	3.15453	0.57911	4.21883	6.86784	1.23751	4.86596	4.57605	0.884845	2.03753	0	3.57468	1.4738	1.62574	3.05738	1.40307	3.42709	1.92409	
3.04607	9.68856	3.7267	3.52634	3.08663	11.2861	7.14873	3.62699	8.25281	4.5854	3.94515	1.53715	3.57468	0	2.44921	4.68604	0.873447	2.52776	1.76396	1.74165	
4.74573	6.87694	8.34309	1.26077	0.894694	10.3848	12.5759	3.21634	8.95512	3.08459	1.20043	3.24997	1.4738	2.44921	0	1.94132	1.57576	2.44657	2.06356	2.23967	
7.48439	5.56404	2.17594	4.71655	1.04663	8.87032	7.50572	3.81017	4.16992	5.04357	0.905394	4.61019	1.62574	4.68604	1.94132	0	3.7084	2.05408	6.91329	2.39161	
3.2031	8.81512	4.60015	2.15501	2.47045	5.73486	8.38387	2.75355	6.382	3.3811	8.5149	1.69418	3.05738	0.873447	1.57576	3.7084	0	1.65431	0.890513	2.61509	
7.54138	7.61813	4.23002	3.30317	1.55187	9.19516	11.7132	2.64059	9.03368	5.12698	1.85761	3.34849	1.40307	2.52776	2.44657	2.05408	1.65431	0	2.54482	2.89685	
2.68217	6.88066	6.27953	1.26449	2.95825	3.85116	10.4037	3.64406	5.4302	2.49058	8.82313	1.38956	3.42709	1.76396	2.06356	6.91329	0.890513	2.54482	0	5.35338	
5.47274	12.878	5.46835	5.0149	1.34498	9.54442	5.40709	10.185	10.183	5.34192	1.65072	3.27879	1.92409	1.74165	2.23967	2.39161	2.61509	2.89685	5.35338	0	

0	6.20618	8.09357	2.30516	4.37306	1.27515	4.56929	0.793427	0.568305	5.31654	6.70305	4.81263	4.95564	5.1778	5.40116	7.03764	4.06633	3.49024	5.01583	8.92861	
6.20618	0	7.46635	4.20932	9.046	5.94809	2.28268	5.41275	7.69746	12.5843	11.0445	4.88583	6.16477	4.70301	3.86425	10.2969	5.63213	4.18766	5.30692	9.74205	
8.09357	7.46635	0	6.47453	7.81764	9.06134	13.0787	17.514	15.0848	2.77703	9.03922	2.58052	3.85946	7.57801	6.97725	6.89407	3.32682	6.56331	5.19964	6.3891	
2.30516	4.20932	6.47453	0	3.30429	1.03001	1.92664	5.66764	3.95936	4.71924	5.87728	3.89401	5.17294	8.89149	7.60602	3.73213	4.6403	7.8768	4.73443	5.13546	
4.37306	9.046	7.81764	3.30429	0	3.09791	5.23093	8.97193	6.02726	5.44324	3.06872	6.2576	6.48405	6.87021	7.35618	0.923566	5.51131	6.34394	6.69625	1.83117	
1.27515	5.94809	9.06134	1.03001	3.09791	0	2.95665	2.06858	1.84346	5.74925	10.0692	4.92402	6.23079	6.45295	7.76221	4.02148	5.34148	8.86543	5.76444	4.92908	
4.56929	2.28268	13.0787	1.92664	5.23093	2.95665	0	5.36272	5.1376	6.64588	10.9658	5.82065	9.52494	6.98569	6.14693	5.65877	8.63563	9.00134	6.66107	13.9137	
0.793427	5.41275	17.514	5.66764	8.97193	2.06858	5.36272	0	1.36173	6.10997	11.3281	4.77538	5.74907	5.97123	3.02023	7.83107	4.02908	2.69682	5.33354	10.4205	
0.568305	7.69746	15.0848	3.95936	6.02726	1.84346	5.1376	1.36173	0	5.88485	12.0131	7.06664	5.52395	5.74611	4.83286	7.60595	4.63464	4.98152	4.44752	9.3126	
5.31654	12.5843	2.77703	4.71924	5.44324	5.74925	6.64588	6.10997	5.88485	0	5.47142	5.35755	6.94702	8.65111	5.68398	8.45137	9.38287	5.36057	8.47715	3.61207	
6.70305	11.0445	9.03922	5.87728	3.06872	10.0692	10.9658	11.3281	12.0131	5.47142	0	3.02635	1.74741	6.89839	4.12543	2.14515	7.96915	7.50367	6.72443	1.85935	
4.81263	4.88583	2.58052	3.89401	6.2576	4.92402	5.82065	4.77538	7.06664	5.35755	3.02635	0	1.27894	4.99748	3.65696	6.57029	0.746297	3.98279	2.05076	7.48419	
4.95564	6.16477	3.85946	5.17294	6.48405	6.23079	9.52494	5.74907	5.52395	6.94702	1.74741	1.27894	0	6.27642	2.37802	3.89256	2.02523	2.70143	3.89805	3.60676	
5.1778	4.70301	7.57801	8.89149	6.87021	6.45295	6.98569	5.97123	5.74611	8.65111	6.89839	4.99748	6.27642	0	6.97255	10.7112	5.74378	7.29596	5.15125	5.03904	
5.40116	3.86425	6.97725	7.60602	7.35618	7.76221	6.14693	3.02023	4.83286	5.68398	4.12543	3.65696	2.37802	6.97255	0	5.74378	4.17605	0.323412	2.87159	7.73667	
7.03764	10.2969	6.89407	3.73213	0.923566	4.02148	5.65877	7.83107	7.60595	8.45137	2.14515	6.57029	3.89256	10.7112	5.74378	0	5.82399	5.42037	7.12845	2.75474	
4.06633	5.63213	3.32682	4.6403	5.51131	5.34148	8.63563	4.02908	4.63464	9.38287	7.96915	0.746297	2.02523	5.74378	4.17605	5.82399	0	4.72909	1.30446	6.16954	
3.49024	4.18766	6.56331	7.8768	6.34394	8.86543	9.00134	2.69682	4.98152	5.36057	7.50367	3.98279	2.70143	7.29596	0.323412	5.42037	4.72909	0	3.195	8.65304	
5.01583	5.30692	5.19964	4.73443	6.69625	5.76444	6.66107	5.33354	4.44752	8.47715	6.72443	2.05076	3.89805	5.15125	2.87159	7.12845	1.30446	3.195	0	4.86508	
8.92861	9.74205	6.3891	5.13546	1.83117	4.92908	13.9137	10.4205	9.3126	3.61207	1.85935	7.48419	3.60676	5.03904	7.73667	2.75474	6.16954	8.65304	4.86508	0	

0	1.35034	11.9763	3.50218	10.1243	2.98203	2.71867	3.89184	5.22122	9.24375	7.93512	5.24785	5.90555	11.2718	8.91169	6.49357	7.73	8.45979	7.0584	7.04166	
1.35034	0	11.305	2.15184	4.37916	4.33237	1.36833	5.56121	6.57156	4.94105	9.07107	2.97224	7.2559	8.43728	5.45877	7.84391	6.43985	3.67974	5.52029	8.38953	
11.9763	11.305	0	13.4569	9.11351	12.9004	8.62333	11.4004	17.2598	15.5868	6.31725	5.92214	7.38038	1.55438	6.08641	5.48276	3.3798	9.84143	4.05139	5.34181	
3.50218	2.15184	13.4569	0	2.22732	3.91015	3.52017	4.81996	7.17915	2.78921	4.16537	0.820402	10.2358	9.61443	2.38166	5.85806	3.36274	1.96765	2.44318	10.5414	
10.1243	4.37916	9.11351	2.22732	0	6.13747	8.64879	11.3501	9.01161	4.62167	1.93805	3.04772	5.52835	10.2151	4.15168	3.37961	4.87551	6.33738	11.1343	7.75551	
2.98203	4.33237	12.9004	3.91015	6.13747	0	13.4368	0.909809	4.41741	6.69936	8.14328	4.73056	8.51311	10.4617	5.92966	9.4756	8.93045	8.65188	10.0404	9.57359	
2.71867	1.36833	8.62333	3.52017	8.64879	13.4368	0	11.8143	9.53226	5.6335	8.94954	3.45867	15.4536	7.06895	5.03364	11.5105	5.66459	2.31141	4.99299	3.72955	
3.89184	5.56121	11.4004	4.81996	11.3501	0.909809	11.8143	0	3.5076	7.89755	10.9581	10.563	7.6033	11.7518	6.83947	9.50091	8.02064	9.50288	8.69224	9.98265	
5.22122	6.57156	17.2598	7.17915	9.01161	4.41741	9.53226	3.5076	0	4.38994	10.9457	11.0063	11.1109	13.5969	10.7356	11.7148	10.0551	7.71203	9.38354	8.46546	
9.24375	4.94105	15.5868	2.78921	4.62167	6.69936	5.6335	7.89755	4.38994	0	6.55577	3.60961	10.3424	14.8368	6.04431	7.99732	9.49322	3.32209	10.6669	4.74022	
7.93512	9.07107	6.31725	4.16537	1.93805	8.14328	8.94954	10.9581	10.9457	6.55577	0	3.77488	3.33917	6.6686	2.21363	1.44156	2.93746	4.93585	3.60906	4.89947	
5.24785	2.97224	5.92214	0.820402	3.04772	4.73056	3.45867	10.563	11.0063	3.60961	3.77488	0	9.81413	5.83614	1.56126	7.46909	2.29438	1.14725	1.62278	2.56539	
5.90555	7.2559	7.38038	10.2358	5.52835	8.51311	15.4536	7.6033	11.1109	10.3424	3.33917	9.81413	0	8.38466	6.00022	1.89761	6.72405	10.4247	9.40118	6.80455	
11.2718	8.43728	1.55438	9.61443	10.2151	10.4617	7.06895	11.7518	13.5969	14.8368	6.6686	5.83614	8.38466	0	4.53203	7.03715	3.73114	7.25425	4.21336	5.69315	
8.91169	5.45877	6.08641	2.38166	4.15168	5.92966	5.03364	6.83947	10.7356	6.04431	2.21363	1.56126	6.00022	4.53203	0	3.65518	4.1036	2.70851	3.18403	3.64393	
6.49357	7.84391	5.48276	5.85806	3.37961	9.4756	11.5105	9.50091	11.7148	7.99732	1.44156	7.46909	1.89761	7.03715	3.65518	0	4.37901	6.32507	6.58982	4.90694	
7.73	6.43985	3.3798	3.36274	4.87551	8.93045	5.66459	8.02064	10.0551	9.49322	2.93746	2.29438	6.72405	3.73114	4.1036	4.37901	0	3.38015	0.6716	1.96201	
8.45979	3.67974	9.84143	1.96765	6.33738	8.65188	2.31141	9.50288	7.71203	3.32209	4.93585	1.14725	10.4247	7.25425	2.70851	6.32507	3.38015	0	2.77003	1.41813	
7.0584	5.52029	4.05139	2.44318	11.1343	10.0404	4.99299	8.69224	9.38354	10.6669	3.60906	1.62278	9.40118	4.21336	3.18403	6.58982	0.6716	2.77003	0	2.63361	
7.04166	8.38953	5.34181	10.5414	7.75551	9.57359	3.72955	9.98265	8.46546	4.74022	4.89947	2.56539	6.80455	5.69315	3.64393	4.90694	1.96201	1.41813	2.63361	0	

0	7.13311	10.4099	8.50071	11.2767	2.10021	7.48948	2.41017	8.61636	5.36687	11.4205	5.25071	8.53401	11.2369	7.36576	12.912	14.6173	5.90125	5.51666	10.8245	
7.13311	0	19.5197	6.44569	21.2669	8.39177	8.82308	4.72294	4.34924	7.67964	11.0159	7.56347	11.8651	13.5496	7.58462	12.1971	14.2448	6.19417	13.0732	10.4818	
10.4099	19.5197	0	14.7937	14.5925	9.69196	9.14337	16.0558	20.7291	10.0262	7.06955	5.21239	19.7279	11.821	10.6814	9.53017	14.4706	7.73276	4.89328	12.3078	
8.50071	6.44569	14.7937	0	2.77598	7.7549	6.63183	4.33808	2.09645	1.38138	4.33802	5.28833	1.32111	5.90776	5.31023	1.49225	6.11664	3.06939	9.63508	2.3238	
11.2767	21.2669	14.5925	2.77598	0	8.68974	13.9493	13.7442	4.87243	4.15736	5.70297	4.79816	2.25594	5.06803	7.85482	2.42709	8.19418	9.53335	9.69922	4.72739	
2.10021	8.39177	9.69196	7.7549	8.68974	0	5.63576	3.66883	5.64596	6.62554	4.46424	5.11779	6.43379	9.17163	5.26555	6.60494	9.46587	3.80103	4.79868	4.54662	
7.48948	8.82308	9.14337	6.63183	13.9493	5.63576	0	8.20716	3.67966	5.25045	2.49794	4.5692	9.0563	7.20533	3.43058	12.4182	7.49956	1.83473	4.25009	2.58032	
2.41017	4.72294	16.0558	4.33808	13.7442	3.66883	8.20716	0	6.87872	2.9567	5.91335	2.84054	6.76256	6.16953	4.41271	4.39635	11.9528	7.46987	3.15965	5.37925	
8.61636	4.34924	20.7291	2.09645	4.87243	5.64596	3.67966	6.87872	0	3.47783	2.50813	5.90866	3.41755	7.21553	3.44078	7.46448	7.50976	1.84493	6.22777	2.59051	
5.36687	7.67964	10.0262	1.38138	4.15736	6.62554	5.25045	2.9567	3.47783	0	2.95664	3.91393	2.70249	6.00651	3.92886	3.90759	6.37813	3.16814	4.23304	2.42255	
11.4205	11.0159	7.06955	4.33802	5.70297	4.46424	2.49794	5.91335	2.50813	2.95664	0	4.01643	2.63176	6.03381	2.25906	2.46062	6.32804	0.663209	6.16179	1.4088	
5.25071	7.56347	5.21239	5.28833	4.79816	5.11779	4.5692	2.84054	5.90866	3.91393	4.01643	0	1.72696	3.32899	1.57217	1.55582	6.45514	3.16803	0.319109	2.96453	
8.53401	11.8651	19.7279	1.32111	2.25594	6.43379	9.0563	6.76256	3.41755	2.70249	2.63176	1.72696	0	7.32397	4.78362	0.171144	7.43775	7.77047	5.81588	1.65619	
11.2369	13.5496	11.821	5.90776	5.06803	9.17163	7.20533	6.16953	7.21553	6.00651	6.03381	3.32899	7.32397	0	4.90117	4.88481	3.12615	4.32955	3.6481	3.58396	
7.36576	7.58462	10.6814	5.31023	7.85482	5.26555	3.43058	4.41271	3.44078	3.92886	2.25906	1.57217	4.78362	4.90117	0	3.12799	7.26069	1.59585	1.89128	2.34144	
12.912	12.1971	9.53017	1.49225	2.42709	6.60494	12.4182	4.39635	7.46448	3.90759	2.46062	1.55582	0.171144	4.88481	3.12799	0	5.44063	2.23064	1.87492	1.48505	
14.6173	14.2448	14.4706	6.11664	8.19418	9.46587	7.49956	11.9528	7.50976	6.37813	6.32804	6.45514	7.43775	3.12615	7.26069	5.44063	0	4.70117	9.9246	3.95558	
5.90125	6.19417	7.73276	3.06939	9.53335	3.80103	1.83473	7.46987	1.84493	3.16814	0.663209	3.16803	7.77047	4.32955	1.59585	2.23064	4.70117	0	6.08482	0.745589	
5.51666	13.0732	4.89328	9.63508	9.69922	4.79868	4.25009	3.15965	6.22777	4.23304	6.16179	0.319109	5.81588	3.6481	1.89128	1.87492	9.9246	6.08482	0	3.28364	
10.8245	10.4818	12.3078	2.3238	4.72739	4.54662	2.58032	5.37925	2.59051	2.42255	1.4088	2.96453	1.65619	3.58396	2.34144	1.48505	3.95558	0.745589	3.28364	0	

0	2.514	12.0911	5.15677	5.49089	1.96514	10.5382	4.38542	3.92184	13.2687	12.0141	13.0741	5.99806	14.7834	12.305	5.00067	14.4624	11.053	7.83833	7.38045	
2.514	0	9.5771	10.9339	8.0049	4.47914	14.516	6.89942	6.43585	18.198	17.9618	13.6285	13.164	16.4772	11.1588	17.7432	21.4424	9.31573	8.21091	14.5464	
12.0911	9.5771	0	3.30953	8.22511	18.5299	9.52954	17.5593	14.6748	4.23441	14.7483	4.15123	2.26897	6.90012	3.10128	6.30543	10.5407	0.676456	1.78127	5.51678	
5.15677	10.9339	3.30953	0	8.4404	4.83588	2.11836	0.771353	6.07378	4.84886	5.45772	4.57761	4.22559	7.60381	4.40877	4.39406	10.1938	2.63308	2.96625	7.4734	
5.49089	8.0049	8.22511	8.4404	0	7.45603	6.32204	9.87631	6.44969	6.35755	1.89398	3.79546	0.507163	5.9703	11.0714	7.58686	5.31839	2.09968	6.90659	1.88956	
1.96514	4.47914	18.5299	4.83588	7.45603	0	10.6392	4.06453	3.31442	15.013	4.0992	12.1069	12.4092	8.18643	11.938	3.03554	8.83532	8.66451	7.2309	13.1056	
10.5382	14.516	9.52954	2.11836	6.32204	10.6392	0	2.88971	8.19214	6.96722	12.8452	6.77257	6.8292	15.0341	6.52713	6.51241	16.6516	4.75143	5.0846	8.2116	
4.38542	6.89942	17.5593	0.771353	9.87631	4.06453	2.88971	0	6.33496	5.62022	12.7281	5.42557	11.1619	11.1146	5.18012	5.16541	10.0769	3.40443	3.7376	14.5038	
3.92184	6.43585	14.6748	6.07378	6.44969	3.31442	8.19214	6.33496	0	10.9226	12.1114	9.33406	6.95686	10.8615	6.86437	6.34995	14.5021	5.0213	3.91648	8.33925	
13.2687	18.198	4.23441	4.84886	6.35755	15.013	6.96722	5.62022	10.9226	0	6.73581	3.67991	5.15047	6.34719	3.51108	8.44196	6.69917	3.55796	4.66277	4.46799	
12.0141	17.9618	14.7483	5.45772	1.89398	4.0992	12.8452	12.7281	12.1114	6.73581	0	4.67512	1.38682	6.21456	5.79178	1.06366	6.19804	2.97933	7.78624	2.26782	
13.0741	13.6285	4.15123	4.57761	3.79546	12.1069	6.77257	5.42557	9.33406	3.67991	4.67512	0	3.2883	3.36388	0.168839	9.04827	7.35307	2.59366	3.11672	6.45085	
5.99806	13.164	2.26897	4.22559	0.507163	12.4092	6.8292	11.1619	6.95686	5.15047	1.38682	3.2883	0	5.46314	3.45714	2.45048	4.81123	1.59251	2.69733	2.39672	
14.7834	16.4772	6.90012	7.60381	5.9703	8.18643	15.0341	11.1146	10.8615	6.34719	6.21456	3.36388	5.46314	0	3.19504	5.15089	3.6406	5.61986	6.14292	4.79458	
12.305	11.1588	3.10128	4.40877	11.0714	11.938	6.52713	5.18012	6.86437	3.51108	5.79178	0.168839	3.45714	3.19504	0	6.85544	6.83564	2.42482	2.94788	7.26515	
5.00067	17.7432	6.30543	4.39406	7.58686	3.03554	6.51241	5.16541	6.34995	8.44196	1.06366	9.04827	2.45048	5.15089	6.85544	0	5.79978	5.62897	6.73379	3.33148	
14.4624	21.4424	10.5407	10.1938	5.31839	8.83532	16.6516	10.0769	14.5021	6.69917	6.19804	7.35307	4.81123	3.6406	6.83564	5.79978	0	6.40374	10.1321	7.97378	
11.053	9.31573	0.676456	2.63308	2.09968	8.66451	4.75143	3.40443	5.0213	3.55796	2.97933	2.59366	1.59251	5.61986	2.42482	5.62897	6.40374	0	1.10482	4.75506	
7.83833	8.21091	1.78127	2.96625	6.90659	7.2309	5.0846	3.7376	3.91648	4.66277	7.78624	3.11672	2.69733	6.14292	2.94788	6.73379	10.1321	1.10482	0	5.94514	
7.38045	14.5464	5.51678	7.4734	1.88956	13.1056	8.2116	14.5038	8.33925	4.46799	2.26782	6.45085	2.39672	4.79458	7.26515	3.33148	7.97378	4.75506	5.94514	0	

0	6.57494	5.47013	6.63021	8.86554	0.222186	9.04453	0.861963	4.58409	2.99719	5.41961	6.91039	10.0694	10.8772	5.54881	4.28349	10.6542	6.27705	3.80103	7.79155	
6.57494	0	11.0426	9.43278	16.0069	8.58793	10.5936	5.71298	9.4351	7.8482	17.8877	9.33103	11.5007	17.0463	6.98002	11.7026	15.5052	7.70826	19.4091	12.6426	
5.47013	11.0426	0	9.93543	8.29081	5.69232	9.09984	6.33209	12.4644	4.90309	6.84505	1.44026	8.36461	6.00368	3.79127	7.98117	6.61211	6.85311	10.338	9.46788	
6.63021	9.43278	9.93543	0	10.2209	6.40803	5.58158	6.4236	6.17634	4.28838	8.03835	7.7512	9.36791	8.01475	10.8462	10.5083	7.40631	7.28693	9.98687	11.995	
8.86554	16.0069	8.29081	10.2209	0	8.9963	10.745	7.10865	8.38151	5.19573	1.44576	7.45323	2.96531	3.42299	9.30458	2.58188	2.81456	2.11476	8.60628	0.17906	
0.222186	8.58793	5.69232	6.40803	8.9963	0	11.9896	1.08415	5.49615	7.28141	7.55054	8.40847	9.0701	8.37195	5.771	4.50568	11.2634	10.1883	3.57885	10.1734	
9.04453	10.5936	9.09984	5.58158	10.745	11.9896	0	8.18257	10.0687	9.86996	5.5649	7.65958	4.04535	8.53893	8.56599	14.6918	6.00695	7.30461	10.3188	10.8425	
0.861963	5.71298	6.33209	6.4236	7.10865	1.08415	8.18257	0	3.72213	2.13523	5.8852	5.59806	9.74543	10.4006	6.41077	5.14546	9.79219	5.13378	10.7656	6.92959	
4.58409	9.4351	12.4644	6.17634	8.38151	5.49615	10.0687	3.72213	0	1.88796	5.63793	5.35079	6.02331	6.93667	10.5439	8.07187	7.5451	4.88651	9.075	9.55858	
2.99719	7.8482	4.90309	4.28838	5.19573	7.28141	9.86996	2.13523	1.88796	0	3.74997	3.46283	5.26953	5.55673	3.72679	4.88609	8.23968	2.99855	13.0739	4.93425	
5.41961	17.8877	6.84505	8.03835	1.44576	7.55054	5.5649	5.8852	5.63793	3.74997	0	7.2128	1.51955	5.19596	3.36602	1.13612	3.48116	2.63779	11.05	1.62482	
6.91039	9.33103	1.44026	7.7512	7.45323	8.40847	7.65958	5.59806	5.35079	3.46283	7.2128	0	6.87165	6.57923	2.35101	7.07354	5.97079	3.07925	11.7782	7.34855	
10.0694	11.5007	8.36461	9.36791	2.96531	9.0701	4.04535	9.74543	6.02331	5.26953	1.51955	6.87165	0	2.57004	3.9875	2.65568	1.9616	3.25926	12.2739	4.14238	
10.8772	17.0463	6.00368	8.01475	3.42299	8.37195	8.53893	10.4006	6.93667	5.55673	5.19596	6.57923	2.57004	0	3.28641	7.36971	0.608437	2.55817	4.79311	4.49387	
5.54881	6.98002	3.79127	10.8462	9.30458	5.771	8.56599	6.41077	10.5439	3.72679	3.36602	2.35101	3.9875	3.28641	0	4.72253	5.96936	0.728237	12.429	2.66394	
4.28349	11.7026	7.98117	10.5083	2.58188	4.50568	14.6918	5.14546	8.07187	4.88609	1.13612	7.07354	2.65568	7.36971	4.72253	0	6.76127	3.77391	17.1516	3.75894	
10.6542	15.5052	6.61211	7.40631	2.81456	11.2634	6.00695	9.79219	7.5451	8.23968	3.48116	5.97079	1.9616	0.608437	5.96936	6.76127	0	3.16661	5.40154	2.99362	
6.27705	7.70826	6.85311	7.28693	2.11476	10.1883	7.30461	5.13378	4.88651	2.99855	2.63779	3.07925	3.25926	2.55817	0.728237	3.77391	3.16661	0	7.35128	1.9357	
3.80103	19.4091	10.338	9.98687	8.60628	3.57885	10.3188	10.7656	9.075	13.0739	11.05	11.7782	12.2739	4.79311	12.429	17.1516	5.40154	7.35128	0	8.42722	
7.79155	12.6426	9.46788	11.995	0.17906	10.1734	10.8425	6.92959	9.55858	4.93425	1.62482	7.34855	4.14238	4.49387	2.66394	3.75894	2.99362	1.9357	8.42722	0	

0	2.61607	10.7553	2.53774	3.35108	0.70093	6.91082	2.38914	2.90207	5.17886	4.94837	3.80514	4.40207	8.39766	5.3637	5.15249	6.62325	5.55334	2.69863	4.57959	
2.61607	0	13.0478	9.42533	15.2252	1.91514	6.04622	3.60336	4.3337	19.2854	6.29621	6.58124	5.61629	7.64467	12.8325	14.6713	5.75865	12.0264	3.91284	3.71499	
10.7553	13.0478	0	14.3453	10.0313	15.4978	11.7666	8.42602	7.85319	12.6335	7.25675	7.24673	8.94258	4.98469	6.15031	8.5149	6.4706	6.43308	10.7064	9.99135	
2.53774	9.42533	14.3453	0	4.41803	3.23867	4.85038	7.88554	5.43981	2.64112	3.45048	6.34288	6.77972	5.23381	3.29837	2.61663	7.75399	3.0156	7.86194	5.71033	
3.35108	15.2252	10.0313	4.41803	0	4.05201	11.5234	7.00697	6.25315	7.80833	1.77982	4.18661	1.6125	5.04658	5.50342	1.80141	6.53249	6.42529	7.64626	6.23642	
0.70093	1.91514	15.4978	3.23867	4.05201	0	5.41024	1.68821	2.26104	14.3443	3.86846	4.50607	3.70114	10.4459	6.77119	10.9283	5.16436	6.84404	1.9977	5.02918	
6.91082	6.04622	11.7666	4.85038	11.5234	5.41024	0	3.72203	4.29486	2.20927	4.91244	6.54239	6.95515	4.48387	10.9945	10.3121	2.99797	9.00014	5.36271	2.33123	
2.38914	3.60336	8.42602	7.88554	7.00697	1.68821	3.72203	0	0.57283	5.9313	8.24787	2.82036	5.38936	10.504	4.37893	9.08172	6.72	10.4847	3.68592	6.05326	
2.90207	4.3337	7.85319	5.43981	6.25315	2.26104	4.29486	0.57283	0	16.4155	7.73566	3.39319	7.68312	10.0077	10.7936	8.56951	11.3534	11.5327	9.64234	7.48166	
5.17886	19.2854	12.6335	2.64112	7.80833	14.3443	2.20927	5.9313	16.4155	0	10.8105	5.38681	10.6432	8.9912	6.94538	5.25774	5.20723	5.65672	8.84647	4.54049	
4.94837	6.29621	7.25675	3.45048	1.77982	3.86846	4.91244	8.24787	7.73566	10.8105	0	4.61654	0.167314	2.27206	3.05797	0.833853	3.75797	3.34073	5.6127	2.58122	
3.80514	6.58124	7.24673	6.34288	4.18661	4.50607	6.54239	2.82036	3.39319	5.38681	4.61654	0	5.44948	7.22661	1.55857	5.98801	5.82479	1.84133	3.45966	6.49114	
4.40207	5.61629	8.94258	6.77972	1.6125	3.70114	6.95515	5.38936	7.68312	10.6432	0.167314	5.44948	0	2.43938	3.22529	1.00117	6.66758	3.96436	5.69884	2.74853	
8.39766	7.64467	4.98469	5.23381	5.04658	10.4459	4.48387	10.504	10.0077	8.9912	2.27206	7.22661	2.43938	0	2.50096	3.10592	1.48591	2.2182	4.65257	3.52957	
5.3637	12.8325	6.15031	3.29837	5.50342	6.77119	10.9945	4.37893	10.7936	6.94538	3.05797	1.55857	3.22529	2.50096	0	3.89183	7.15395	0.282761	4.77349	5.63919	
5.15249	14.6713	8.5149	2.61663	1.80141	10.9283	10.3121	9.08172	8.56951	5.25774	0.833853	5.98801	1.00117	3.10592	3.89183	0	5.01611	4.6309	11.6792	3.41507	
6.62325	5.75865	6.4706	7.75399	6.53249	5.16436	2.99797	6.72	11.3534	5.20723	3.75797	5.82479	6.66758	1.48591	7.15395	5.01611	0	3.70411	3.16666	2.04366	
5.55334	12.0264	6.43308	3.0156	6.42529	6.84404	9.00014	10.4847	11.5327	5.65672	3.34073	1.84133	3.96436	2.2182	0.282761	4.6309	3.70411	0	4.84634	6.37827	
2.69863	3.91284	10.7064	7.86194	7.64626	1.9977	5.36271	3.68592	9.64234	8.84647	5.6127	3.45966	5.69884	4.65257	4.77349	11.6792	3.16666	4.84634	0	3.03148	
4.57959	3.71499	9.99135	5.71033	6.23642	5.02918	2.33123	6.05326	7.48166	4.54049	2.58122	6.49114	2.74853	3.52957	5.63919	3.41507	2.04366	6.37827	3.03148	0	

0	8.54383	7.46562	3.63318	8.21539	3.54346	8.27556	1.93377	2.8054	10.9167	6.24956	4.78238	5.10671	7.80099	5.52774	11.5976	10.4533	5.79744	2.17158	9.14462	
8.54383	0	10.8045	4.03489	11.4665	6.35341	9.90349	5.7343	5.05818	5.66564	9.62544	7.89433	9.40995	11.261	11.0154	18.4022	9.49148	8.62816	10.3116	9.48789	
7.46562	10.8045	0	6.76961	8.00379	4.89634	5.12223	8.46902	20.2296	8.50347	6.57533	10.7543	5.43248	2.74244	1.16837	6.46875	2.93003	2.03813	4.52453	7.74596	
3.63318	4.03489	6.76961	0	6.99045	2.31852	7.61269	1.69941	2.57103	4.91623	8.87603	7.14492	9.1109	8.45588	5.46302	10.1822	6.68638	4.59327	4.9838	8.01517	
8.21539	11.4665	8.00379	6.99045	0	4.67193	9.9661	8.30301	9.59128	6.56705	3.20925	9.5631	4.77699	5.93399	6.83541	2.75053	7.7035	6.1667	10.1916	2.7448	
3.54346	6.35341	4.89634	2.31852	4.67193	0	5.29417	3.63108	4.5027	5.97713	9.72276	10.1367	7.9278	10.6059	3.72797	7.42246	5.87153	2.97648	5.71504	6.39838	
8.27556	9.90349	5.12223	7.61269	9.9661	5.29417	0	8.92525	10.2135	4.23785	8.19765	6.46654	9.87636	8.31393	3.95386	9.25424	6.81971	4.82362	7.31002	8.0601	
1.93377	5.7343	8.46902	1.69941	8.30301	3.63108	8.92525	0	0.871625	6.61563	8.55435	5.89519	7.04048	7.78312	5.8607	13.1503	7.886	4.99095	3.28439	8.41284	
2.8054	5.05818	20.2296	2.57103	9.59128	4.5027	10.2135	0.871625	0	10.7238	9.69164	20.7098	8.28312	8.65474	8.64732	10.1504	14.5497	5.86257	4.15601	12.2496	
10.9167	5.66564	8.50347	4.91623	6.56705	5.97713	4.23785	6.61563	10.7238	0	3.9598	2.22869	5.10266	10.9126	3.87041	4.41852	5.89571	3.00066	4.83949	3.82225	
6.24956	9.62544	6.57533	8.87603	3.20925	9.72276	8.19765	8.55435	9.69164	3.9598	0	6.18849	1.14286	3.83714	5.7591	0.458717	9.64134	5.97988	10.3247	1.25415	
4.78238	7.89433	10.7543	7.14492	9.5631	10.1367	6.46654	5.89519	20.7098	2.22869	6.18849	0	5.32182	8.01611	5.96696	7.61373	9.94365	5.22935	2.6108	6.05094	
5.10671	9.40995	5.43248	9.1109	4.77699	7.9278	9.87636	7.04048	8.28312	5.10266	1.14286	5.32182	0	2.69429	5.82108	1.60157	4.46379	4.95132	7.27829	3.70084	
7.80099	11.261	2.74244	8.45588	5.93399	10.6059	8.31393	7.78312	8.65474	10.9126	3.83714	8.01611	2.69429	0	3.91081	8.68452	1.7695	4.66456	6.40544	6.7322	
5.52774	11.0154	1.16837	5.46302	6.83541	3.72797	3.95386	5.8607	8.64732	3.87041	5.7591	5.96696	5.82108	3.91081	0	5.30038	3.76481	0.869757	3.35616	4.29166	
11.5976	18.4022	6.46875	10.1822	2.75053	7.42246	9.25424	13.1503	10.1504	4.41852	0.458717	7.61373	1.60157	8.68452	5.30038	0	8.66954	4.21733	8.65654	0.79543	
10.4533	9.49148	2.93003	6.68638	7.7035	5.87153	6.81971	7.886	14.5497	5.89571	9.64134	9.94365	4.46379	1.7695	3.76481	8.66954	0	2.89506	6.52091	6.31695	
5.79744	8.62816	2.03813	4.59327	6.1667	2.97648	4.82362	4.99095	5.86257	3.00066	5.97988	5.22935	4.95132	4.66456	0.869757	4.21733	2.89506	0	3.62586	3.4219	
2.17158	10.3116	4.52453	4.9838	10.1916	5.71504	7.31002	3.28439	4.15601	4.83949	10.3247	2.6108	7.27829	6.40544	3.35616	8.65654	6.52091	3.62586	0	7.04776	
9.14462	9.48789	7.74596	8.01517	2.7448	6.39838	8.0601	8.41284	12.2496	3.82225	1.25415	6.05094	3.70084	6.7322	4.29166	0.79543	6.31695	3.4219	7.04776	0	

0	8.66072	14.3868	7.92473	3.99475	0.627864	5.62588	2.09902	1.39493	8.49103	8.99036	7.07116	12.0326	13.2433	12.3887	13.3379	15.51	11.3837	5.70253	8.81288	
8.66072	0	11.7957	1.18657	4.75494	4.92105	3.03484	4.96364	4.15399	3.02377	2.2522	6.11604	16.2342	11.6331	6.00876	16.0667	9.66298	6.65947	9.76123	7.72067	
14.3868	11.7957	0	21.2794	14.1101	15.1911	8.76089	22.9659	16.4504	12.9391	15.1945	14.4883	11.6953	15.0189	16.1701	12.8134	13.0487	17.3124	15.3903	13.4467	
7.92473	1.18657	21.2794	0	2.67858	6.93526	4.2214	6.15021	5.34056	1.8372	1.06563	3.46832	5.98309	6.05734	4.04935	1.89062	10.8495	2.93125	6.28816	11.4692	
3.99475	4.75494	14.1101	2.67858	0	3.36689	9.79713	4.83805	4.13396	5.40557	1.61295	3.6217	2.41472	2.48897	5.60573	2.43794	4.45914	3.47856	2.71979	7.10257	
0.627864	4.92105	15.1911	6.93526	3.36689	0	6.25374	1.47116	0.767067	7.86316	4.97984	2.72912	5.78161	5.85586	8.61852	7.07112	10.4658	6.3395	5.07467	4.47083	
5.62588	3.03484	8.76089	4.2214	9.79713	6.25374	0	7.9014	7.18882	4.17819	12.5926	10.6932	8.5134	9.29944	6.39033	8.40901	10.3108	11.8715	11.5049	4.68583	
2.09902	4.96364	22.9659	6.15021	4.83805	1.47116	7.9014	0	2.23822	9.33432	9.99719	5.69949	11.2706	16.4538	8.34143	10.8222	10.1887	6.06241	4.79759	13.1294	
1.39493	4.15399	16.4504	5.34056	4.13396	0.767067	7.18882	2.23822	0	7.83491	4.36474	1.96206	12.1701	4.01534	3.64384	4.10999	6.6016	4.78609	2.86396	3.70377	
8.49103	3.02377	12.9391	1.8372	5.40557	7.86316	4.17819	9.33432	7.83491	0	2.90284	3.89392	4.33521	8.56833	2.21214	4.23082	10.1003	7.3101	5.75599	8.0218	
8.99036	2.2522	15.1945	1.06563	1.61295	4.97984	12.5926	9.99719	4.36474	2.90284	0	2.40269	1.94304	2.90655	4.08447	0.824991	7.04223	1.86561	3.13044	4.61598	
7.07116	6.11604	14.4883	3.46832	3.6217	2.72912	10.6932	5.69949	1.96206	3.89392	2.40269	0	3.26599	2.05328	1.68178	2.14794	4.02345	2.16674	0.901908	5.66582	
12.0326	16.2342	11.6953	5.98309	2.41472	5.78161	8.5134	11.2706	12.1701	4.33521	1.94304	3.26599	0	4.90368	5.91013	1.11805	7.15342	5.83558	5.13451	4.90904	
13.2433	11.6331	15.0189	6.05734	2.48897	5.85586	9.29944	16.4538	4.01534	8.56833	2.90655	2.05328	4.90368	0	3.73506	4.20122	1.97017	1.04093	2.30576	4.61361	
12.3887	6.00876	16.1701	4.04935	5.60573	8.61852	6.39033	8.34143	3.64384	2.21214	4.08447	1.68178	5.91013	3.73506	0	3.82972	6.32132	4.50582	2.58369	10.2893	
13.3379	16.0667	12.8134	1.89062	2.43794	7.07112	8.40901	10.8222	4.10999	4.23082	0.824991	2.14794	1.11805	4.20122	3.82972	0	6.78748	2.69061	3.04985	3.79099	
15.51	9.66298	13.0487	10.8495	4.45914	10.4658	10.3108	10.1887	6.6016	10.1003	7.04223	4.02345	7.15342	1.97017	6.32132	6.78748	0	3.0111	5.39109	6.58378	
11.3837	6.65947	17.3124	2.93125	3.47856	6.3395	11.8715	6.06241	4.78609	7.3101	1.86561	2.16674	5.83558	1.04093	4.50582	2.69061	3.0111	0	1.26483	5.65454	
5.70253	9.76123	15.3903	6.28816	2.71979	5.07467	11.5049	4.79759	2.86396	5.75599	3.13044	0.901908	5.13451	2.30576	2.58369	3.04985	5.39109	1.26483	0	9.50943	
8.81288	7.72067	13.4467	11.4692	7.10257	4.47083	4.68583	13.1294	3.70377	8.0218	4.61598	5.66582	4.90904	4.61361	10.2893	3.79099	6.58378	5.65454	9.50943	0	

0	7.48607	8.54404	2.53725	2.95944	3.04761	3.17554	0.893836	1.65741	6.37933	6.4018	4.19629	0.824509	12.5777	7.45991	2.14766	5.44417	5.89799	9.27972	9.45112	
7.48607	0	16.3384	9.0628	5.78287	10.8879	5.36648	6.59224	10.6444	13.1016	10.2781	8.6492	7.9178	21.8603	17.2051	7.48324	12.4684	17.8569	10.5971	19.0184	
8.54404	16.3384	0	9.90925	7.15016	12.7399	16.73	9.43787	10.2015	4.87265	6.03114	4.32878	6.77293	7.90613	6.57946	5.44979	11.3724	3.88748	4.81337	2.67999	
2.53725	9.0628	9.90925	0	4.1122	5.78631	4.75227	2.47057	4.19467	3.84207	5.04082	5.361	3.36176	4.88743	4.90896	4.45947	2.90691	8.29543	5.24563	6.03473	
2.95944	5.78287	7.15016	4.1122	0	4.35803	8.28406	6.00236	4.86154	5.34835	2.28173	2.86633	2.13493	10.9246	3.84658	1.70037	7.01911	7.20841	3.25747	4.51512	
3.04761	10.8879	12.7399	5.78631	4.35803	0	6.57738	4.29568	5.85328	9.62838	7.80039	5.59488	2.2231	9.29507	8.85849	3.54625	7.31456	7.29658	6.49593	10.8497	
3.17554	5.36648	16.73	4.75227	8.28406	6.57738	0	2.2817	12.7937	8.79104	19.313	5.62178	9.9552	10.8161	7.56367	15.0589	7.56935	6.15653	5.23063	8.23221	
0.893836	6.59224	9.43787	2.47057	6.00236	4.29568	2.2817	0	2.55125	6.31264	10.4976	7.83157	1.71835	17.3613	7.57623	6.93003	5.37748	10.766	7.51234	8.702	
1.65741	10.6444	10.2015	4.19467	4.86154	5.85328	12.7937	2.55125	0	18.2547	9.35677	7.72787	2.48192	10.9987	18.1283	6.56191	9.01823	14.4293	11.357	17.3307	
6.37933	13.1016	4.87265	3.84207	5.34835	9.62838	8.79104	6.31264	18.2547	0	4.22933	2.04714	4.97112	7.41881	1.06689	3.64797	6.74899	3.75888	3.30105	2.19266	
6.4018	10.2781	6.03114	5.04082	2.28173	7.80039	19.313	10.4976	9.35677	4.22933	0	7.26598	1.9045	8.69576	5.42296	0.58135	10.6763	10.6508	10.9112	6.54873	
4.19629	8.6492	4.32878	5.361	2.86633	5.59488	5.62178	7.83157	7.72787	2.04714	7.26598	0	3.37178	5.97659	0.980247	4.5667	2.72987	1.31704	0.391146	1.64879	
0.824509	7.9178	6.77293	3.36176	2.13493	2.2231	9.9552	1.71835	2.48192	4.97112	1.9045	3.37178	0	10.6071	4.35203	1.32315	9.53766	5.07348	3.76292	5.02057	
12.5777	21.8603	7.90613	4.88743	10.9246	9.29507	10.8161	17.3613	10.9987	7.41881	8.69576	5.97659	10.6071	0	8.22563	9.27711	1.98051	5.53365	4.31923	5.22614	
7.45991	17.2051	6.57946	4.90896	3.84658	8.85849	7.56367	7.57623	18.1283	1.06689	5.42296	0.980247	4.35203	8.22563	0	4.71487	6.9636	2.69198	1.37139	2.62904	
2.14766	7.48324	5.44979	4.45947	1.70037	3.54625	15.0589	6.93003	6.56191	3.64797	0.58135	4.5667	1.32315	9.27711	4.71487	0	7.36638	6.39662	9.7509	5.84064	
5.44417	12.4684	11.3724	2.90691	7.01911	7.31456	7.56935	5.37748	9.01823	6.74899	10.6763	2.72987	9.53766	1.98051	6.9636	7.36638	0	3.26461	2.33872	6.97418	
5.89799	17.8569	3.88748	8.29543	7.20841	7.29658	6.15653	10.766	14.4293	3.75888	10.6508	1.31704	5.07348	5.53365	2.69198	6.39662	3.26461	0	0.925892	5.56135	
9.27972	10.5971	4.81337	5.24563	3.25747	6.49593	5.23063	7.51234	11.357	3.30105	10.9112	0.391146	3.76292	4.31923	1.37139	9.7509	2.33872	0.925892	0	2.03994	
9.45112	19.0184	2.67999	6.03473	4.51512	10.8497	8.23221	8.702	17.3307	2.19266	6.54873	1.64879	5.02057	5.22614	2.62904	5.84064	6.97418	5.56135	2.03994	0	

0	3.16472	13.5494	4.49886	10.031	6.79297	7.11712	4.76348	1.39151	7.48063	3.05078	9.49669	4.89771	8.72274	7.5007	5.66399	11.8194	7.21095	15.4112	14.2775	
3.16472	0	9.29321	9.16975	11.1048	8.20107	5.27616	5.8734	1.77321	12.1515	7.5861	7.65573	11.0834	9.81052	7.8824	13.1124	14.0462	9.97864	11.7967	9.60659	
13.5494	9.29321	0	5.50471	4.37538	5.74748	10.1667	3.41981	12.1629	9.27325	5.13251	5.85098	4.7231	1.28082	1.97386	12.147	2.8041	9.93318	6.98958	7.24368	
4.49886	9.16975	5.50471	0	4.87812	2.29411	11.616	4.62178	5.89037	2.94271	3.77305	6.38824	1.92611	4.22389	4.03422	4.59327	8.44252	2.51208	6.71341	4.75911	
10.031	11.1048	4.37538	4.87812	0	9.65506	10.9492	7.11379	10.7564	3.96861	4.79895	2.61165	2.95201	3.09455	2.22306	3.11297	4.86299	2.551	0.677508	1.49817	
6.79297	8.20107	5.74748	2.29411	9.65506	0	9.07451	2.32767	11.0708	4.34241	4.04037	13.8666	4.22022	6.518	4.44815	8.4874	17.5501	5.89199	8.76395	12.2301	
7.11712	5.27616	10.1667	11.616	10.9492	9.07451	0	6.74684	7.04937	11.9812	8.45954	2.37957	6.84169	6.94973	8.86732	7.83625	5.70867	11.9103	4.31371	14.8827	
4.76348	5.8734	3.41981	4.62178	7.11379	2.32767	6.74684	0	7.64661	6.64954	1.7127	8.37043	3.55963	2.81352	2.12048	4.32591	6.22392	5.87287	4.79967	2.84537	
1.39151	1.77321	12.1629	5.89037	10.7564	11.0708	7.04937	7.64661	0	8.87214	4.44229	13.7723	8.79141	6.80223	6.10919	11.9773	16.7756	8.20544	8.78838	6.83408	
7.48063	12.1515	9.27325	2.94271	3.96861	4.34241	11.9812	6.64954	8.87214	0	2.86353	5.47872	1.01659	4.45887	4.52907	3.68375	12.1161	1.60257	7.20826	5.25396	
3.05078	7.5861	5.13251	3.77305	4.79895	4.04037	8.45954	1.7127	4.44229	2.86353	0	6.30906	1.84693	5.28921	3.83318	2.61321	8.76858	2.43291	7.65773	6.62381	
9.49669	7.65573	5.85098	6.38824	2.61165	13.8666	2.37957	8.37043	13.7723	5.47872	6.30906	0	4.46213	4.57016	4.61333	7.12928	3.32911	5.0481	1.93415	7.76868	
4.89771	11.0834	4.7231	1.92611	2.95201	4.22022	6.84169	3.55963	8.79141	1.01659	1.84693	4.46213	0	3.44228	4.13532	2.66716	7.66092	0.585973	3.62952	4.45018	
8.72274	9.81052	1.28082	4.22389	3.09455	6.518	6.94973	2.81352	6.80223	4.45887	5.28921	4.57016	3.44228	0	0.693039	6.10944	4.08493	4.02825	3.37223	1.41793	
7.5007	7.8824	1.97386	4.03422	2.22306	4.44815	8.86732	2.12048	6.10919	4.52907	3.83318	4.61333	4.13532	0.693039	0	8.67405	4.91168	5.15506	2.67919	0.72489	
5.66399	13.1124	12.147	4.59327	3.11297	8.4874	7.83625	4.32591	11.9773	3.68375	2.61321	7.12928	2.66716	6.10944	8.67405	0	11.3818	3.25313	3.79048	4.61114	
11.8194	14.0462	2.8041	8.44252	4.86299	17.5501	5.70867	6.22392	16.7756	12.1161	8.76858	3.32911	7.66092	4.08493	4.91168	11.3818	0	10.2089	4.18548	4.43958	
7.21095	9.97864	9.93318	2.51208	2.551	5.89199	11.9103	5.87287	8.20544	1.60257	2.43291	5.0481	0.585973	4.02825	5.15506	3.25313	10.2089	0	3.22851	4.04917	
15.4112	11.7967	6.98958	6.71341	0.677508	8.76395	4.31371	4.79967	8.78838	7.20826	7.65773	1.93415	3.62952	3.37223	2.67919	3.79048	4.18548	3.22851	0	2.17567	
14.2775	9.60659	7.24368	4.75911	1.49817	12.2301	14.8827	2.84537	6.83408	5.25396	6.62381	7.76868	4.45018	1.41793	0.72489	4.61114	4.43958	4.04917	2.17567	0	

0	3.81183	8.28302	3.42606	5.06656	1.90199	4.94099	10.6538	0.758968	3.23377	6.1461	7.16888	6.008	4.94462	4.19198	4.39681	7.06518	4.43407	9.07207	13.0818	
3.81183	0	12.4499	15.525	11.2299	8.27945	3.72326	5.38148	3.05286	5.43048	10.0015	8.44127	10.0464	7.3947	10.6874	11.2133	4.936	9.39502	5.93196	9.40883	
8.28302	12.4499	0	6.10656	2.17507	10.146	9.20377	7.06845	14.1916	7.29933	5.65571	8.13699	3.38611	9.08168	7.43049	2.84482	8.469	6.94774	6.99507	10.4614	
3.42606	15.525	6.10656	0	5.78069	4.03946	2.89999	10.1435	4.18503	1.19277	9.89514	7.71944	3.967	2.90362	1.78713	7.82287	5.02418	1.00801	5.64601	9.11234	
5.06656	11.2299	2.17507	5.78069	0	8.00994	8.38386	5.87598	6.86692	3.98526	2.33715	3.44181	1.21104	8.20861	4.6598	0.66975	6.29393	4.77267	4.19729	9.64148	
1.90199	8.27945	10.146	4.03946	8.00994	0	4.64666	8.75177	2.66096	2.93944	8.37107	9.50621	5.71367	4.65029	3.89765	6.2988	6.77085	5.04747	9.68548	13.6952	
4.94099	3.72326	9.20377	2.89999	8.38386	4.64666	0	5.27696	6.77612	1.70722	7.36458	4.28213	4.48145	3.41807	2.66543	11.6147	4.49969	5.67177	2.2087	5.67503	
10.6538	5.38148	7.06845	10.1435	5.87598	8.75177	5.27696	0	8.43434	3.72407	5.79105	4.2599	4.66494	2.01322	4.1287	6.61483	5.10216	8.08217	7.48567	4.87049	
0.758968	3.05286	14.1916	4.18503	6.86692	2.66096	6.77612	8.43434	0	3.99274	7.22805	10.9642	7.26304	19.0567	12.4319	5.15578	7.98886	13.4207	10.8444	12.4617	
3.23377	5.43048	7.29933	1.19277	3.98526	2.93944	1.70722	3.72407	3.99274	0	3.90033	3.95753	2.77423	1.71085	0.958206	5.19791	3.83141	1.73733	3.91593	4.56811	
6.1461	10.0015	5.65571	9.89514	2.33715	8.37107	7.36458	5.79105	7.22805	3.90033	0	4.13714	1.12611	6.34906	4.57487	1.74929	5.06548	8.25332	4.11236	8.6222	
7.16888	8.44127	8.13699	7.71944	3.44181	9.50621	4.28213	4.2599	10.9642	3.95753	4.13714	0	3.01103	2.24668	4.36216	2.77206	4.06348	5.99937	2.07343	5.10394	
6.008	10.0464	3.38611	3.967	1.21104	5.71367	4.48145	4.66494	7.26304	2.77423	1.12611	3.01103	0	4.48508	3.44876	1.88079	5.47698	4.22788	2.98625	6.45258	
4.94462	7.3947	9.08168	2.90362	8.20861	4.65029	3.41807	2.01322	19.0567	1.71085	6.34906	2.24668	4.48508	0	2.11548	5.01874	5.54226	2.8946	4.32011	2.85726	
4.19198	10.6874	7.43049	1.78713	4.6598	3.89765	2.66543	4.1287	12.4319	0.958206	4.57487	4.36216	3.44876	2.11548	0	4.2397	4.78961	0.779121	5.76508	4.97274	
4.39681	11.2133	2.84482	7.82287	0.66975	6.2988	11.6147	6.61483	5.15578	5.19791	1.74929	2.77206	1.88079	5.01874	4.2397	0	6.81477	5.01882	4.84549	10.6415	
7.06518	4.936	8.469	5.02418	6.29393	6.77085	4.49969	5.10216	7.98886	3.83141	5.06548	4.06348	5.47698	5.54226	4.78961	6.81477	0	6.53048	5.34713	4.83299	
4.43407	9.39502	6.94774	1.00801	4.77267	5.04747	5.67177	8.08217	13.4207	1.73733	8.25332	5.99937	4.22788	2.8946	0.779121	5.01882	6.53048	0	6.5442	7.18087	
9.07207	5.93196	6.99507	5.64601	4.19729	9.68548	2.2087	7.48567	10.8444	3.91593	4.11236	2.07343	2.98625	4.32011	5.76508	4.84549	5.34713	6.5442	0	3.46632	
13.0818	9.40883	10.4614	9.11234	9.64148	13.6952	5.67503	4.87049	12.4617	4.56811	8.6222	5.10394	6.45258	2.85726	4.97274	10.6415	4.83299	7.18087	3.46632	0	

0	7.60918	10.5809	13.0117	11.8582	1.46487	5.47646	0.347431	4.01388	3.97829	12.6356	4.73106	9.78399	8.40858	11.0151	5.12905	3.29088	5.4932	10.5778	9.39283	
7.60918	0	11.5632	11.6254	15.4181	6.14431	7.3955	9.22322	9.38762	8.65773	8.92937	12.9473	10.5286	9.39384	7.30886	9.80849	14.092	6.70421	9.07373	10.4343	
10.5809	11.5632	0	4.72088	10.1111	8.88729	8.95079	10.2335	16.3531	8.44502	7.08414	10.0702	8.68332	7.5486	5.46362	10.5343	12.2467	4.85897	7.22849	8.58902	
13.0117	11.6254	4.72088	0	5.39019	6.23756	4.22991	9.35894	7.16609	3.72414	15.8826	5.34928	5.66767	8.50102	5.38467	9.04894	9.72086	5.98932	5.25445	4.88813	
11.8582	15.4181	10.1111	5.39019	0	7.94888	9.10373	11.9445	7.8443	8.28882	14.6227	6.92686	1.37092	4.87518	4.12479	4.2847	9.99288	4.72944	7.99961	7.31024	
1.46487	6.14431	8.88729	6.23756	7.94888	0	6.68083	1.8123	3.74465	2.51342	6.25349	5.25749	7.85268	6.71795	4.63297	3.66418	4.75575	4.02832	6.39785	3.67741	
5.47646	7.3955	8.95079	4.22991	9.10373	6.68083	0	5.12903	2.93618	7.95405	15.8305	6.84509	9.89758	14.1453	9.61458	4.81903	12.2858	9.00102	6.63149	8.6906	
0.347431	9.22322	10.2335	9.35894	11.9445	1.8123	5.12903	0	4.36131	5.59233	11.8698	4.38363	9.93958	15.2337	10.3453	6.74309	3.63831	7.10723	4.59723	10.1039	
4.01388	9.38762	16.3531	7.16609	7.8443	3.74465	2.93618	4.36131	0	6.25807	16.7012	10.5032	9.21521	12.7195	11.9691	7.40883	7.30476	7.77297	9.56767	11.9476	
3.97829	8.65773	8.44502	3.72414	8.28882	2.51342	7.95405	5.59233	6.25807	0	2.81783	2.74407	8.30002	7.28038	4.16403	6.17759	7.26594	4.76868	2.95767	1.16399	
12.6356	8.92937	7.08414	15.8826	14.6227	6.25349	15.8305	11.8698	16.7012	2.81783	0	7.37406	6.04952	4.9148	2.82982	7.90046	7.75579	2.22517	3.71296	1.65384	
4.73106	12.9473	10.0702	5.34928	6.92686	5.25749	6.84509	4.38363	10.5032	2.74407	7.37406	0	5.55595	7.72746	5.96169	12.0707	5.1205	2.58312	0.213599	2.27271	
9.78399	10.5286	8.68332	5.66767	1.37092	7.85268	9.89758	9.93958	9.21521	8.30002	6.04952	5.55595	0	4.66015	4.429	5.65562	9.77785	3.82435	5.76955	7.5544	
8.40858	9.39384	7.5486	8.50102	4.87518	6.71795	14.1453	15.2337	12.7195	7.28038	4.9148	7.72746	4.66015	0	3.11635	8.36492	5.1177	2.68963	5.05916	6.3018	
11.0151	7.30886	5.46362	5.38467	4.12479	4.63297	9.61458	10.3453	11.9691	4.16403	2.82982	5.96169	4.429	3.11635	0	6.27994	7.9924	0.60465	2.97418	3.18545	
5.12905	9.80849	10.5343	9.04894	4.2847	3.66418	4.81903	6.74309	7.40883	6.17759	7.90046	12.0707	5.65562	8.36492	6.27994	0	13.063	5.67529	8.04482	9.40534	
3.29088	14.092	12.2467	9.72086	9.99288	4.75575	12.2858	3.63831	7.30476	7.26594	7.75579	5.1205	9.77785	5.1177	7.9924	13.063	0	7.38775	5.3341	6.10195	
5.4932	6.70421	4.85897	5.98932	4.72944	4.02832	9.00102	7.10723	7.77297	4.76868	2.22517	2.58312	3.82435	2.68963	0.60465	5.67529	7.38775	0	2.36953	3.73005	
10.5778	9.07373	7.22849	5.25445	7.99961	6.39785	6.63149	4.59723	9.56767	2.95767	3.71296	0.213599	5.76955	5.05916	2.97418	8.04482	5.3341	2.36953	0	2.05911	
9.39283	10.4343	8.58902	4.88813	7.31024	3.67741	8.6906	10.1039	11.9476	1.16399	1.65384	2.27271	7.5544	6.3018	3.18545	9.40534	6.10195	3.73005	2.05911	0	

0	2.24715	5.41925	6.28249	5.40782	3.42615	7.53329	1.54751	1.03628	2.72483	4.04556	7.87263	5.50292	11.1501	4.65647	10.4918	10.5537	4.59913	8.02396	13.4003	
2.24715	0	8.09878	10.0637	12.2825	7.29402	3.26212	6.36829	1.21087	2.89942	4.22015	13.8572	8.18992	11.9502	6.9526	6.98503	21.5394	7.51068	13.7058	11.6712	
5.41925	8.09878	0	13.6926	7.73204	5.75037	4.83666	3.87174	9.02915	6.06846	17.3008	3.68091	7.76407	6.95289	6.98069	8.55956	3.46439	6.92335	3.69634	6.0256	
6.28249	10.0637	13.6926	0	15.6066	2.7811	6.81301	4.65974	8.85282	7.48927	11.8621	7.3288	4.78264	11.4545	6.60873	9.91622	16.1241	7.16681	14.3435	11.3274	
5.40782	12.2825	7.73204	15.6066	0	5.73894	8.37218	3.8603	6.41137	4.72282	5.5191	5.80262	6.05331	8.1895	5.56684	4.64927	4.701	5.00876	5.65129	7.26221	
3.42615	7.29402	5.75037	2.7811	5.73894	0	4.0319	1.87864	4.53766	4.07536	4.02898	4.5477	2.00154	8.67337	4.9876	3.40557	7.22882	4.93026	4.69903	9.89891	
7.53329	3.26212	4.83666	6.81301	8.37218	4.0319	0	5.91054	4.47299	7.17781	4.59274	8.51757	5.12694	12.7053	10.2147	3.72291	8.30105	10.7551	8.533	13.6114	
1.54751	6.36829	3.87174	4.65974	3.8603	1.87864	5.91054	0	2.58379	2.19672	8.1667	5.93448	3.88017	9.6026	3.10896	8.50957	7.33613	3.05162	7.42646	7.8276	
1.03628	1.21087	9.02915	8.85282	6.41137	4.53766	4.47299	2.58379	0	1.68855	3.00928	5.42631	5.03672	10.7393	5.55452	3.87911	14.2278	8.20903	6.91829	8.12216	
2.72483	2.89942	6.06846	7.48927	4.72282	4.07536	7.17781	2.19672	1.68855	0	4.69783	3.73776	4.2352	11.6382	3.86597	5.63924	6.41888	4.42405	3.88909	6.43361	
4.04556	4.22015	17.3008	11.8621	5.5191	4.02898	4.59274	8.1667	3.00928	4.69783	0	16.5422	2.02744	11.6425	12.2441	0.86983	10.0866	6.21313	6.09518	7.52544	
7.87263	13.8572	3.68091	7.3288	5.80262	4.5477	8.51757	5.93448	5.42631	3.73776	16.5422	0	4.21906	6.16962	5.29454	11.6828	2.68112	4.73647	0.151332	4.41827	
5.50292	8.18992	7.76407	4.78264	6.05331	2.00154	5.12694	3.88017	5.03672	4.2352	2.02744	4.21906	0	9.61509	4.74376	1.40404	13.1036	4.18568	4.06773	8.33467	
11.1501	11.9502	6.95289	11.4545	8.1895	8.67337	12.7053	9.6026	10.7393	11.6382	11.6425	6.16962	9.61509	0	8.90511	11.0191	3.4885	8.34703	8.32754	6.04971	
4.65647	6.9526	6.98069	6.60873	5.56684	4.9876	10.2147	3.10896	5.55452	3.86597	12.2441	5.29454	4.74376	8.90511	0	7.59032	7.27985	0.558078	8.48254	4.71864	
10.4918	6.98503	8.55956	9.91622	4.64927	3.40557	3.72291	8.50957	3.87911	5.63924	0.86983	11.6828	1.40404	11.0191	7.59032	0	9.35028	5.58972	5.47177	8.39527	
10.5537	21.5394	3.46439	16.1241	4.701	7.22882	8.30105	7.33613	14.2278	6.41888	10.0866	2.68112	13.1036	3.4885	7.27985	9.35028	0	7.41758	2.83245	2.56121	
4.59913	7.51068	6.92335	7.16681	5.00876	4.93026	10.7551	3.05162	8.20903	4.42405	6.21313	4.73647	4.18568	8.34703	0.558078	5.58972	7.41758	0	4.8878	5.27672	
8.02396	13.7058	3.69634	14.3435	5.65129	4.69903	8.533	7.42646	6.91829	3.88909	6.09518	0.151332	4.06773	8.32754	8.48254	5.47177	2.83245	4.8878	0	4.26694	
13.4003	11.6712	6.0256	11.3274	7.26221	9.89891	13.6114	7.8276	8.12216	6.43361	7.52544	4.41827	8.33467	6.04971	4.71864	8.39527	2.56121	5.27672	4.26694	0	

0	3.88832	12.4102	2.2166	5.60218	0.449944	2.42289	2.99892	1.04599	4.99439	5.70199	5.32925	6.63583	6.07608	4.6185	3.01666	6.74678	6.55472	3.87238	9.65862	
3.88832	0	10.3007	3.58289	8.05936	7.3262	2.7235	0.889407	6.34961	3.77413	15.9541	19.8464	8.0651	11.4744	10.0332	13.2688	15.5499	14.9988	7.5945	11.0249	
12.4102	10.3007	0	15.2344	9.98071	15.8481	11.2454	9.41128	14.1952	12.296	18.8512	9.5053	9.58848	11.9704	10.2161	15.1267	8.80094	12.4311	11.2228	8.79925	
2.2166	3.58289	15.2344	0	4.47646	2.66654	4.63949	4.4723	2.76672	2.94596	7.42272	7.16105	6.81896	10.6077	5.46015	4.73739	5.65623	6.52405	4.01161	7.44202	
5.60218	8.05936	9.98071	4.47646	0	9.458	3.35581	5.1899	2.72455	6.60733	1.90383	1.69444	2.3425	5.25521	0.983687	0.753877	1.17976	2.04758	7.45726	3.13173	
0.449944	7.3262	15.8481	2.66654	9.458	0	2.87284	3.44886	1.49593	4.54445	11.3455	8.72419	13.6125	5.62613	5.06844	10.9936	9.70158	8.34893	4.32232	8.79727	
2.42289	2.7235	11.2454	4.63949	3.35581	2.87284	0	1.83409	3.46888	3.25152	5.79872	7.67798	5.69831	8.84594	4.3395	4.10969	4.53557	5.40339	4.10145	12.0171	
2.99892	0.889407	9.41128	4.4723	5.1899	3.44886	1.83409	0	4.04491	2.88472	7.63281	7.60735	7.17569	10.68	7.61741	8.59286	9.76343	8.41314	5.32241	7.96492	
1.04599	6.34961	14.1952	2.76672	2.72455	1.49593	3.46888	4.04491	0	5.71268	3.12062	7.59208	5.37787	10.3753	5.66449	1.97067	8.71401	8.94498	4.91837	10.2087	
4.99439	3.77413	12.296	2.94596	6.60733	4.54445	3.25152	2.88472	5.71268	0	7.59908	4.72262	9.19474	10.1706	5.43338	6.44912	8.03921	5.52842	2.43769	10.388	
5.70199	15.9541	18.8512	7.42272	1.90383	11.3455	5.79872	7.63281	3.12062	7.59908	0	6.77136	1.74353	5.71933	3.76086	1.14995	4.33126	5.40985	9.89204	2.53276	
5.32925	19.8464	9.5053	7.16105	1.69444	8.72419	7.67798	7.60735	7.59208	4.72262	6.77136	0	2.72808	7.39204	0.710752	5.62141	2.83903	2.64698	3.57653	6.89257	
6.63583	8.0651	9.58848	6.81896	2.3425	13.6125	5.69831	7.17569	5.37787	9.19474	1.74353	2.72808	0	3.96036	2.01733	2.89348	2.58773	3.66632	8.95588	0.789229	
6.07608	11.4744	11.9704	10.6077	5.25521	5.62613	8.84594	10.68	10.3753	10.1706	5.71933	7.39204	3.96036	0	6.20373	6.86928	4.07545	10.4891	12.9474	3.17113	
4.6185	10.0332	10.2161	5.46015	0.983687	5.06844	4.3395	7.61741	5.66449	5.43338	3.76086	0.710752	2.01733	6.20373	0	1.73756	2.12828	1.93623	4.28728	2.80656	
3.01666	13.2688	15.1267	4.73739	0.753877	10.9936	4.10969	8.59286	1.97067	6.44912	1.14995	5.62141	2.89348	6.86928	1.73756	0	1.93364	2.80146	8.88681	4.19643	
6.74678	15.5499	8.80094	5.65623	1.17976	9.70158	4.53557	9.76343	8.71401	8.03921	4.33126	2.83903	2.58773	4.07545	2.12828	1.93364	0	3.22734	6.89312	3.37696	
6.55472	14.9988	12.4311	6.52405	2.04758	8.34893	5.40339	8.41314	8.94498	5.52842	5.40985	2.64698	3.66632	10.4891	1.93623	2.80146	3.22734	0	6.50228	4.45555	
3.87238	7.5945	11.2228	4.01161	7.45726	4.32232	4.10145	5.32241	4.91837	2.43769	9.89204	3.57653	8.95588	12.9474	4.28728	8.88681	6.89312	6.50228	0	9.74511	
9.65862	11.0249	8.79925	7.44202	3.13173	8.79727	12.0171	7.96492	10.2087	10.388	2.53276	6.89257	0.789229	3.17113	2.80656	4.19643	3.37696	4.45555	9.74511	0	

0	8.52921	15.6404	5.74539	8.65317	5.22322	5.62707	2.31968	4.50603	7.50769	8.81334	13.286	8.04458	7.58228	6.98673	8.57022	8.95815	12.5086	8.41041	11.6247	
8.52921	0	10.0529	7.13863	10.6967	3.30599	2.00383	5.31121	12.7583	5.59046	7.58599	16.1941	8.52151	9.51087	6.94521	6.65298	16.4188	14.2027	14.8478	8.10774	
15.6404	10.0529	0	8.52114	10.5479	20.247	8.04905	11.3564	16.8467	3.31673	5.17404	1.76671	8.36484	13.9798	2.7287	10.9888	7.13414	1.47881	8.39428	5.62804	
5.74539	7.13863	8.52114	0	3.07967	3.17968	6.73309	3.42571	4.99421	0.895209	2.11334	4.39379	0.908319	8.12304	5.21356	2.34735	2.53428	2.73313	1.27414	6.26203	
8.65317	10.6967	10.5479	3.07967	0	9.30488	8.69285	10.3327	11.459	10.6475	0.966328	4.63284	3.58078	10.0421	5.62104	1.46984	3.41378	4.66156	4.67392	2.97154	
5.22322	3.30599	20.247	3.17968	9.30488	0	5.30982	7.25834	8.87524	2.28447	3.85051	6.01373	4.74096	5.77539	3.63922	3.347	10.1696	4.12239	5.10678	4.37226	
5.62707	2.00383	8.04905	6.73309	8.69285	5.30982	0	3.30738	10.3841	9.2071	9.65918	12.4867	9.22021	7.67982	7.97443	9.08631	12.1066	9.52786	9.58604	11.6644	
2.31968	5.31121	11.3564	3.42571	10.3327	7.25834	3.30738	0	6.82572	4.32091	5.53905	7.04156	4.33402	5.26259	4.66705	7.69099	11.1974	5.91694	4.69985	7.31654	
4.50603	12.7583	16.8467	4.99421	11.459	8.87524	10.3841	6.82572	0	5.93781	6.70035	14.91	4.08589	12.1105	8.39113	5.52493	13.4642	10.9719	6.31674	17.1527	
7.50769	5.59046	3.31673	0.895209	10.6475	2.28447	9.2071	4.32091	5.93781	0	3.00855	2.12582	1.80353	7.22783	3.08781	5.63147	5.69305	1.83792	2.16935	5.98715	
8.81334	7.58599	5.17404	2.11334	0.966328	3.85051	9.65918	5.53905	6.70035	3.00855	0	3.98313	1.94255	2.93191	4.94512	0.503517	3.43254	3.69523	3.38749	1.52878	
13.286	16.1941	1.76671	4.39379	4.63284	6.01373	12.4867	7.04156	14.91	2.12582	3.98313	0	5.69605	6.36124	1.53779	5.99312	4.37979	0.287899	3.11965	4.43713	
8.04458	8.52151	8.36484	0.908319	3.58078	4.74096	9.22021	4.33402	4.08589	1.80353	1.94255	5.69605	0	3.86743	4.30524	1.43904	3.83654	5.55513	2.18246	2.4643	
7.58228	9.51087	13.9798	8.12304	10.0421	5.77539	7.67982	5.26259	12.1105	7.22783	2.93191	6.36124	3.86743	0	4.54455	2.4284	6.84562	5.79444	8.10576	3.45366	
6.98673	6.94521	2.7287	5.21356	5.62104	3.63922	7.97443	4.66705	8.39113	3.08781	4.94512	1.53779	4.30524	4.54455	0	3.67476	6.48355	1.24989	5.49416	2.64949	
8.57022	6.65298	10.9888	2.34735	1.46984	3.347	9.08631	7.69099	5.52493	5.63147	0.503517	5.99312	1.43904	2.4284	3.67476	0	3.93605	4.19875	4.01544	1.02527	
8.95815	16.4188	7.13414	2.53428	3.41378	10.1696	12.1066	11.1974	13.4642	5.69305	3.43254	4.37979	3.83654	6.84562	6.48355	3.93605	0	5.23221	1.26014	3.83406	
12.5086	14.2027	1.47881	2.73313	4.66156	4.12239	9.52786	5.91694	10.9719	1.83792	3.69523	0.287899	5.55513	5.79444	1.24989	4.19875	5.23221	0	3.40755	3.89938	
8.41041	14.8478	8.39428	1.27414	4.67392	5.10678	9.58604	4.69985	6.31674	2.16935	3.38749	3.11965	2.18246	8.10576	5.49416	4.01544	1.26014	3.40755	0	5.0942	
11.6247	8.10774	5.62804	6.26203	2.97154	4.37226	11.6644	7.31654	17.1527	5.98715	1.52878	4.43713	2.4643	3.45366	2.64949	1.02527	3.83406	3.89938	5.0942	0	

0	4.13991	12.4136	1.61478	1.46303	3.29849	4.45801	4.70938	0.944381	5.07488	4.68703	6.65761	4.08764	6.40401	12.9323	4.53279	9.55039	4.16827	3.10007	7.54922	
4.13991	0	8.33736	5.75469	5.60295	7.4384	3.62382	6.22539	5.08429	10.0097	12.454	3.65727	6.28988	6.64115	5.10655	8.12252	6.67108	6.4622	5.75331	7.53792	
12.4136	8.33736	0	7.04289	6.50671	7.71206	7.56909	14.5172	10.3727	7.60627	7.15755	5.84488	6.2695	4.48041	4.3956	6.47776	1.66628	6.89694	4.86967	2.53312	
1.61478	5.75469	7.04289	0	3.07781	4.91327	2.84323	7.59849	2.55916	3.4601	12.4622	4.26926	7.14744	7.28289	6.17412	7.4219	8.11956	7.63004	2.17321	10.2983	
1.46303	5.60295	6.50671	3.07781	0	4.76152	6.30751	8.9403	2.40742	6.60785	3.22399	3.73308	2.6246	4.94098	5.20658	3.90378	7.22783	2.70524	1.63703	8.06511	
3.29849	7.4384	7.71206	4.91327	4.76152	0	8.14296	1.41089	4.24287	3.29229	1.91408	9.64473	3.06694	8.25396	6.36665	1.2343	14.1911	15.5791	8.26311	5.93711	
4.45801	3.62382	7.56909	2.84323	6.30751	8.14296	0	9.84921	5.78885	6.30333	13.1548	7.28109	4.30421	16.7642	8.17087	6.13685	8.90743	7.29399	5.01644	10.0924	
4.70938	6.22539	14.5172	7.59849	8.9403	1.41089	9.84921	0	5.22827	4.48893	13.1189	9.88265	6.3157	9.4506	7.69959	2.64518	10.9189	9.30548	9.45974	11.8331	
0.944381	5.08429	10.3727	2.55916	2.40742	4.24287	5.78885	5.22827	0	6.23126	5.76454	7.59905	5.69501	10.6127	9.44193	5.08476	7.47168	7.43482	5.503	6.60484	
5.07488	10.0097	7.60627	3.4601	6.60785	3.29229	6.30333	4.48893	6.23126	0	11.391	4.65995	5.27654	4.96167	3.21067	4.52659	7.7758	5.71201	4.97082	11.0647	
4.68703	12.454	7.15755	12.4622	3.22399	1.91408	13.1548	13.1189	5.76454	11.391	0	8.41856	2.51243	8.16497	5.81214	0.679789	5.70797	5.92923	4.86102	4.84112	
6.65761	3.65727	5.84488	4.26926	3.73308	9.64473	7.28109	9.88265	7.59905	4.65995	8.41856	0	5.31594	2.98388	1.44928	6.58164	4.8629	2.80493	2.09605	5.72975	
4.08764	6.28988	6.2695	7.14744	2.6246	3.06694	4.30421	6.3157	5.69501	5.27654	2.51243	5.31594	0	7.41736	3.86666	1.83264	4.60322	2.98978	4.26164	5.47007	
6.40401	6.64115	4.48041	7.28289	4.94098	8.25396	16.7642	9.4506	10.6127	4.96167	8.16497	2.98388	7.41736	0	4.43317	10.3354	2.81413	5.78881	5.07993	3.68098	
12.9323	5.10655	4.3956	6.17412	5.20658	6.36665	8.17087	7.69959	9.44193	3.21067	5.81214	1.44928	3.86666	4.43317	0	5.13236	6.06187	2.50134	3.54533	8.79963	
4.53279	8.12252	6.47776	7.4219	3.90378	1.2343	6.13685	2.64518	5.08476	4.52659	0.679789	6.58164	1.83264	10.3354	5.13236	0	5.56966	4.82242	9.13326	4.70281	
9.55039	6.67108	1.66628	8.11956	7.22783	14.1911	8.90743	10.9189	7.47168	7.7758	5.70797	4.8629	4.60322	2.81413	6.06187	5.56966	0	7.593	5.94635	0.866845	
4.16827	6.4622	6.89694	7.63004	2.70524	15.5791	7.29399	9.30548	7.43482	5.71201	5.92923	2.80493	2.98978	5.78881	2.50134	4.82242	7.593	0	4.34227	7.75147	
3.10007	5.75331	4.86967	2.17321	1.63703	8.26311	5.01644	9.45974	5.503	4.97082	4.86102	2.09605	4.26164	5.07993	3.54533	9.13326	5.94635	4.34227	0	6.81319	
7.54922	7.53792	2.53312	10.2983	8.06511	5.93711	10.0924	11.8331	6.60484	11.0647	4.84112	5.72975	5.47007	3.68098	8.79963	4.70281	0.866845	7.75147	6.81319	0	

-111