10
10
3
3
30

6	7
19	44
37	23
35	6
5	8
20	35
8	31
29	43
18	39
19	47

26	20
20	33
15	46
20	26
17	19
15	12
5	30
13	40
38	5
9	40

70

1.79769e+308
1.79769e+308
1.79769e+308
1.79769e+308
1.79769e+308
1.79769e+308
1.79769e+308
1.79769e+308
1.79769e+308
1.79769e+308

16
18
15
11
18
16
15
15
15
16

0
0
0
0
0
0
0
0
0
0

0

0	7.00117	2.81815	1.74667	3.32949	7.12344	9.50172	7.77666	6.14533	7.16452	5.65709	6.03957	8.61176	4.70557	3.79396	0.724283	8.39011	9.15197	1.3327	13.7148	
7.00117	0	10.2081	2.84409	8.26398	4.32223	3.74273	4.04232	6.03213	0.371828	4.63845	2.8897	1.3335	8.47915	8.66896	7.72545	1.91155	1.72872	6.20364	2.51675	
2.81815	10.2081	0	1.89942	4.30091	10.0242	6.00225	2.27438	3.87066	4.3104	5.80984	4.29922	4.70611	9.01965	8.6214	9.32676	4.97296	2.9535	1.48545	4.24949	
1.74667	2.84409	1.89942	0	11.4635	3.00418	7.07069	9.02796	8.71027	2.47226	4.73836	4.4367	3.43393	11.453	12.6474	9.40333	12.4482	3.82915	0.413967	13.6828	
3.32949	8.26398	4.30091	11.4635	0	11.422	6.17223	6.5753	9.32196	8.63581	11.0601	10.5501	8.03225	9.18963	7.12346	4.05378	8.0034	7.25441	4.6622	8.93842	
7.12344	4.32223	10.0242	3.00418	11.422	0	6.92162	3.45737	6.77108	4.35143	4.3053	1.43253	3.38975	7.13863	9.06597	6.39916	3.91615	7.96348	3.41814	4.26151	
9.50172	3.74273	6.00225	7.07069	6.17223	6.92162	0	7.51393	8.23325	4.59843	5.85074	4.3148	5.26795	3.0174	3.92901	10.7461	1.83118	3.85064	7.48769	6.17412	
7.77666	4.04232	2.27438	9.02796	6.5753	3.45737	7.51393	0	6.85328	3.39341	5.45959	2.02484	2.43173	11.2574	9.65828	7.05238	4.50846	5.22788	3.75983	3.3379	
6.14533	6.03213	3.87066	8.71027	9.32196	6.77108	8.23325	6.85328	0	2.27406	7.4494	5.33855	4.42154	3.26298	2.35137	10.5515	2.93663	0.917165	10.3076	2.21315	
7.16452	0.371828	4.3104	2.47226	8.63581	4.35143	4.59843	3.39341	2.27406	0	3.98953	2.96358	0.961675	7.61583	7.0248	8.27887	2.28338	1.3569	2.88622	1.86784	
5.65709	4.63845	5.80984	4.73836	11.0601	4.3053	5.85074	5.45959	7.4494	3.98953	0	5.73783	3.02786	2.83333	3.74494	5.70684	9.25739	7.51508	4.32439	3.93402	
6.03957	2.8897	4.29922	4.4367	10.5501	1.43253	4.3148	2.02484	5.33855	2.96358	5.73783	0	3.73515	8.50649	7.63344	5.31529	2.48362	4.12497	8.7954	2.82898	
8.61176	1.3335	4.70611	3.43393	8.03225	3.38975	5.26795	2.43173	4.42154	0.961675	3.02786	3.73515	0	5.86119	6.77291	8.7347	3.52214	2.20215	6.79349	0.906164	
4.70557	8.47915	9.01965	11.453	9.18963	7.13863	3.0174	11.2574	3.26298	7.61583	2.83333	8.50649	5.86119	0	0.911609	8.54018	4.84858	6.13301	7.15772	9.40825	
3.79396	8.66896	8.6214	12.6474	7.12346	9.06597	3.92901	9.65828	2.35137	7.0248	3.74494	7.63344	6.77291	0.911609	0	4.51825	6.75741	3.26853	5.12667	6.96389	
0.724283	7.72545	9.32676	9.40333	4.05378	6.39916	10.7461	7.05238	10.5515	8.27887	5.70684	5.31529	8.7347	8.54018	4.51825	0	7.79891	9.63429	2.05699	8.14427	
8.39011	1.91155	4.97296	12.4482	8.0034	3.91615	1.83118	4.50846	2.93663	2.28338	9.25739	2.48362	3.52214	4.84858	6.75741	7.79891	0	2.01946	9.72281	3.31545	
9.15197	1.72872	2.9535	3.82915	7.25441	7.96348	3.85064	5.22788	0.917165	1.3569	7.51508	4.12497	2.20215	6.13301	3.26853	9.63429	2.01946	0	4.43895	1.29599	
1.3327	6.20364	1.48545	0.413967	4.6622	3.41814	7.48769	3.75983	10.3076	2.88622	4.32439	8.7954	6.79349	7.15772	5.12667	2.05699	9.72281	4.43895	0	14.0968	
13.7148	2.51675	4.24949	13.6828	8.93842	4.26151	6.17412	3.3379	2.21315	1.86784	3.93402	2.82898	0.906164	9.40825	6.96389	8.14427	3.31545	1.29599	14.0968	0	

0	2.60351	8.98231	5.65658	1.53487	4.37509	7.25322	5.56593	5.75684	4.75125	5.43953	5.45606	4.00429	3.91414	4.09194	3.54331	9.08447	8.72304	10.5606	6.65534	
2.60351	0	5.67689	7.0949	4.13837	3.43273	3.6441	5.89495	3.15334	2.07026	4.34509	4.0954	1.40079	6.71561	5.53025	6.94457	5.25044	3.85005	11.7906	4.05183	
8.98231	5.67689	0	2.67327	5.23646	5.6952	11.6526	7.30384	10.0455	9.16066	1.33179	7.5303	9.21352	6.36568	3.17459	9.58963	13.0863	3.1857	3.95425	11.4811	
5.65658	7.0949	2.67327	0	6.54287	7.44648	6.24608	4.96259	10.9402	11.5409	3.40745	5.76277	5.80027	4.16359	1.56465	6.56447	8.48396	9.25398	1.28098	13.5894	
1.53487	4.13837	5.23646	6.54287	0	2.84022	5.57385	4.03106	5.94412	3.8042	3.90466	3.5029	3.13473	2.37928	5.62681	2.00844	7.60669	3.25755	12.524	5.85271	
4.37509	3.43273	5.6952	7.44648	2.84022	0	3.59467	5.04964	3.1039	4.78113	2.27123	0.662676	4.29983	2.26185	6.2062	4.84866	5.20101	0.417324	8.39032	2.89219	
7.25322	3.6441	11.6526	6.24608	5.57385	3.59467	0	3.23237	0.490765	2.16799	6.52424	4.72808	2.43911	7.05867	4.68144	4.54159	1.83125	4.99399	9.20589	5.15709	
5.56593	5.89495	7.30384	4.96259	4.03106	5.04964	3.23237	0	2.74161	4.41884	5.24075	6.97893	5.92024	6.41034	3.39795	6.0395	4.83872	4.63231	12.6053	7.10717	
5.75684	3.15334	10.0455	10.9402	5.94412	3.1039	0.490765	2.74161	0	1.67723	6.35713	3.76658	2.3467	5.83649	5.1722	5.03235	2.09711	3.52123	9.47175	5.4981	
4.75125	2.07026	9.16066	11.5409	3.8042	4.78113	2.16799	4.41884	1.67723	0	6.49283	5.91455	0.669468	8.21697	4.90509	17.3712	3.77434	5.87192	11.3003	3.38744	
5.43953	4.34509	1.33179	3.40745	3.90466	2.27123	6.52424	5.24075	6.35713	6.49283	0	5.02608	5.74588	5.03389	1.8428	5.9131	8.76211	1.8539	9.8269	4.32876	
5.45606	4.0954	7.5303	5.76277	3.5029	0.662676	4.72808	6.97893	3.76658	5.91455	5.02608	0	4.96251	1.59917	5.47124	6.21747	6.33443	1.08	11.3276	5.97196	
4.00429	1.40079	9.21352	5.80027	3.13473	4.29983	2.43911	5.92024	2.3467	0.669468	5.74588	4.96251	0	5.51401	4.23562	5.14317	4.27036	4.71715	12.1524	2.71797	
3.91414	6.71561	6.36568	4.16359	2.37928	2.26185	7.05867	6.41034	5.83649	8.21697	5.03389	1.59917	5.51401	0	3.87207	4.38772	5.22742	3.70021	5.44458	8.60168	
4.09194	5.53025	3.17459	1.56465	5.62681	6.2062	4.68144	3.39795	5.1722	4.90509	1.8428	5.47124	4.23562	3.87207	0	4.99983	6.51269	3.6967	2.84563	6.95359	
3.54331	6.94457	9.58963	6.56447	2.00844	4.84866	4.54159	6.0395	5.03235	17.3712	5.9131	6.21747	5.14317	4.38772	4.99983	0	6.37284	11.0554	8.19734	9.23155	
9.08447	5.25044	13.0863	8.48396	7.60669	5.20101	1.83125	4.83872	2.09711	3.77434	8.76211	6.33443	4.27036	5.22742	6.51269	6.37284	0	5.87585	7.37464	3.40099	
8.72304	3.85005	3.1857	9.25398	3.25755	0.417324	4.99399	4.63231	3.52123	5.87192	1.8539	1.08	4.71715	3.70021	3.6967	11.0554	5.87585	0	7.97299	2.47486	
10.5606	11.7906	3.95425	1.28098	12.524	8.39032	9.20589	12.6053	9.47175	11.3003	9.8269	11.3276	12.1524	5.44458	2.84563	8.19734	7.37464	7.97299	0	10.4479	
6.65534	4.05183	11.4811	13.5894	5.85271	2.89219	5.15709	7.10717	5.4981	3.38744	4.32876	5.97196	2.71797	8.60168	6.95359	9.23155	3.40099	2.47486	10.4479	0	

0	3.41648	5.98826	6.72357	8.64432	10.3284	6.97961	6.16683	2.71413	5.28243	5.76015	11.1123	7.28268	8.84971	12.143	12.7784	6.30479	4.9666	10.1429	5.05481	
3.41648	0	3.97648	7.80838	6.63255	3.10687	4.96783	2.78374	0.702354	1.9002	3.74837	3.82658	1.66789	3.77713	4.59348	10.2981	2.5001	1.28806	5.62336	1.73147	
5.98826	3.97648	0	5.21169	9.13465	6.56844	7.53961	6.42358	3.27413	5.84243	4.45219	7.99304	7.53942	9.40971	6.92671	9.88255	6.86479	5.5266	10.3996	5.6148	
6.72357	7.80838	5.21169	0	9.49564	4.70151	10.009	7.83978	7.8592	10.1934	4.81318	5.42123	8.95563	10.4637	5.41942	11.6368	9.71088	16.4794	6.78926	8.98994	
8.64432	6.63255	9.13465	9.49564	0	6.79871	2.7156	6.89169	5.9302	5.81094	4.68246	8.56349	4.36319	2.25396	7.15698	6.90389	5.23037	7.28576	10.8678	8.27087	
10.3284	3.10687	6.56844	4.70151	6.79871	0	6.5676	6.79338	3.80922	5.00707	2.11625	0.719713	4.77476	6.42772	1.48661	2.60923	5.00937	3.52161	8.73023	3.91613	
6.97961	4.96783	7.53961	10.009	2.7156	6.5676	0	9.60729	4.26548	3.09534	5.19578	5.84788	5.29784	4.96956	7.6703	7.7374	2.51477	3.72681	13.2779	4.4962	
6.16683	2.78374	6.42358	7.83978	6.89169	6.79338	9.60729	0	4.38886	5.58671	4.8554	7.89589	1.11585	3.22508	7.32992	6.61157	12.109	1.84353	3.97606	5.41797	
2.71413	0.702354	3.27413	7.8592	5.9302	3.80922	4.26548	4.38886	0	2.5683	3.04602	5.05437	2.37025	6.13558	5.52054	9.8696	3.46452	1.99041	6.32571	2.34068	
5.28243	1.9002	5.84243	10.1934	5.81094	5.00707	3.09534	5.58671	2.5683	0	5.61432	4.59728	3.5681	8.70389	4.77394	11.4848	5.61011	3.18826	7.52356	1.40086	
5.76015	3.74837	4.45219	4.81318	4.68246	2.11625	5.19578	4.8554	3.04602	5.61432	0	2.83596	5.97125	6.93642	2.47452	6.82358	6.63668	5.29849	8.83147	5.3867	
11.1123	3.82658	7.99304	5.42123	8.56349	0.719713	5.84788	7.89589	5.05437	4.59728	2.83596	0	3.52958	7.14743	2.20632	1.88951	4.01394	2.8019	12.0814	3.19642	
7.28268	1.66789	7.53942	8.95563	4.36319	4.77476	5.29784	1.11585	2.37025	3.5681	5.97125	3.52958	0	2.10924	8.01963	7.72742	1.93972	0.727682	5.09191	2.6844	
8.84971	3.77713	9.40971	10.4637	2.25396	6.42772	4.96956	3.22508	6.13558	8.70389	6.93642	7.14743	2.10924	0	5.9104	9.06978	9.72625	2.83692	12.9769	8.47626	
12.143	4.59348	6.92671	5.41942	7.15698	1.48661	7.6703	7.32992	5.52054	4.77394	2.47452	2.20632	8.01963	5.9104	0	7.6559	5.97626	5.52724	12.2087	3.57052	
12.7784	10.2981	9.88255	11.6368	6.90389	2.60923	7.7374	6.61157	9.8696	11.4848	6.82358	1.88951	7.72742	9.06978	7.6559	0	7.55903	4.69141	10.5876	5.08593	
6.30479	2.5001	6.86479	9.71088	5.23037	5.00937	2.51477	12.109	3.46452	5.61011	6.63668	4.01394	1.93972	9.72625	5.97626	7.55903	0	1.21204	12.6031	3.16876	
4.9666	1.28806	5.5266	16.4794	7.28576	3.52161	3.72681	1.84353	1.99041	3.18826	5.29849	2.8019	0.727682	2.83692	5.52724	4.69141	1.21204	0	6.91141	1.95672	
10.1429	5.62336	10.3996	6.78926	10.8678	8.73023	13.2779	3.97606	6.32571	7.52356	8.83147	12.0814	5.09191	12.9769	12.2087	10.5876	12.6031	6.91141	0	7.35483	
5.05481	1.73147	5.6148	8.98994	8.27087	3.91613	4.4962	5.41797	2.34068	1.40086	5.3867	3.19642	2.6844	8.47626	3.57052	5.08593	3.16876	1.95672	7.35483	0	

0	5.29574	5.93125	10.144	2.65098	4.51517	3.35157	10.9169	5.99445	15.7976	7.34829	6.89575	6.82872	7.35952	8.65531	0.873706	8.07754	11.9977	9.44213	7.96072	
5.29574	0	6.77843	9.60682	6.91477	0.78057	7.61536	2.61555	2.25985	1.09374	5.5524	0.979041	2.53485	4.50925	5.90175	5.1375	7.67528	0.547284	10.3535	2.79304	
5.93125	6.77843	0	12.6404	6.83482	7.58634	7.53541	7.20649	9.06561	5.68468	11.3579	9.96691	7.12579	9.85586	11.1517	5.05755	14.5648	8.20279	11.9385	8.79819	
10.144	9.60682	12.6404	0	7.54876	6.51321	3.70827	8.43264	9.63756	9.95444	4.28658	8.50533	6.34081	2.78453	1.70631	13.0049	7.49349	10.9511	4.07496	10.2601	
2.65098	6.91477	6.83482	7.54876	0	7.59169	4.25514	6.71169	6.17162	8.07917	7.04321	7.41575	6.49417	5.54115	5.84246	1.77727	8.13128	7.12996	7.62377	4.8842	
4.51517	0.78057	7.58634	6.51321	7.59169	0	4.51739	5.78567	1.47928	1.87431	4.77183	1.75961	7.33164	3.72868	5.02447	5.38888	8.32288	1.32785	5.8113	2.7667	
3.35157	7.61536	7.53541	3.70827	4.25514	4.51739	0	6.14412	3.03812	8.31225	2.4258	6.64455	6.51123	0.923744	2.21953	2.47786	1.13212	7.14702	3.00636	4.32554	
10.9169	2.61555	7.20649	8.43264	6.71169	5.78567	6.14412	0	3.11491	1.5218	3.5686	4.35904	2.96292	5.07066	7.97305	12.684	5.012	4.07324	6.08606	1.82749	
5.99445	2.25985	9.06561	9.63756	6.17162	1.47928	3.03812	3.11491	0	5.8282	6.25111	3.81897	2.89739	3.96186	6.60046	5.51598	4.17023	3.53318	5.5626	1.28742	
15.7976	1.09374	5.68468	9.95444	8.07917	1.87431	8.31225	1.5218	5.8282	0	5.09041	2.07278	1.44111	8.19906	6.07561	6.23124	6.53381	1.64103	10.0591	3.05108	
7.34829	5.5524	11.3579	4.28658	7.04321	4.77183	2.4258	3.5686	6.25111	5.09041	0	7.15241	10.6733	1.50205	2.79784	8.222	4.02003	11.3091	2.51746	5.39609	
6.89575	0.979041	9.96691	8.50533	7.41575	1.75961	6.64455	4.35904	3.81897	2.07278	7.15241	0	4.14152	5.7208	7.01659	6.11654	6.69623	1.52632	7.80342	2.53155	
6.82872	2.53485	7.12579	6.34081	6.49417	7.33164	6.51123	2.96292	2.89739	1.44111	10.6733	4.14152	0	5.93029	4.6345	5.95502	13.2427	3.85572	8.61797	1.60997	
7.35952	4.50925	9.85586	2.78453	5.54115	3.72868	0.923744	5.07066	3.96186	8.19906	1.50205	5.7208	5.93029	0	1.29579	3.40161	2.05586	8.04414	2.08262	5.82501	
8.65531	5.90175	11.1517	1.70631	5.84246	5.02447	2.21953	7.97305	6.60046	6.07561	2.79784	7.01659	4.6345	1.29579	0	7.61973	6.00475	12.6037	3.37841	6.24447	
0.873706	5.1375	5.05755	13.0049	1.77727	5.38888	2.47786	12.684	5.51598	6.23124	8.222	6.11654	5.95502	3.40161	7.61973	0	3.60998	5.68478	8.92994	6.66148	
8.07754	7.67528	14.5648	7.49349	8.13128	8.32288	1.13212	5.012	4.17023	6.53381	4.02003	6.69623	13.2427	2.05586	6.00475	3.60998	0	8.51017	6.53748	6.03338	
11.9977	0.547284	8.20279	10.9511	7.12996	1.32785	7.14702	4.07324	3.53318	1.64103	11.3091	1.52632	3.85572	8.04414	12.6037	5.68478	8.51017	0	13.7774	2.24575	
9.44213	10.3535	11.9385	4.07496	7.62377	5.8113	3.00636	6.08606	5.5626	10.0591	2.51746	7.80342	8.61797	2.08262	3.37841	8.92994	6.53748	13.7774	0	6.85002	
7.96072	2.79304	8.79819	10.2601	4.8842	2.7667	4.32554	1.82749	1.28742	3.05108	5.39609	2.53155	1.60997	5.82501	6.24447	6.66148	6.03338	2.24575	6.85002	0	

0	4.1661	14.5929	15.4393	0.261691	1.29394	7.81051	7.46081	8.97032	7.26974	2.28221	1.45286	6.46484	16.8724	1.78546	7.55444	3.60783	12.7236	9.11408	8.64493	
4.1661	0	12.3014	10.4053	14.2704	2.87216	2.95772	5.66946	8.18836	5.07247	5.77295	3.03108	4.79854	5.29939	5.27619	8.69816	3.71409	2.98089	21.764	8.65241	
14.5929	12.3014	0	7.10418	11.4892	8.74478	8.89945	10.9476	1.0684	8.37439	10.7875	11.5705	4.45823	12.1047	12.8074	14.7412	8.14309	6.50848	8.07372	8.87834	
15.4393	10.4053	7.10418	0	9.94111	15.6786	8.85974	15.1567	8.09405	14.5597	3.68337	3.02334	10.9589	14.7866	4.18012	5.65956	6.00446	12.4681	1.08873	17.5702	
0.261691	14.2704	11.4892	9.94111	0	1.55563	4.1025	10.9704	11.8795	14.5423	9.26894	7.08201	9.99043	7.30776	2.04715	7.29275	3.34614	7.65702	8.26187	4.48308	
1.29394	2.87216	8.74478	15.6786	1.55563	0	2.79363	4.04728	7.67638	5.9758	4.14337	0.15892	5.1709	15.721	2.91565	11.4047	9.59378	3.53487	2.09353	10.5061	
7.81051	2.95772	8.89945	8.85974	4.1025	2.79363	0	6.52307	11.9346	7.77599	5.17638	2.63471	7.40065	4.71798	5.39144	7.15257	0.756362	5.06724	4.56932	1.8933	
7.46081	5.66946	10.9476	15.1567	10.9704	4.04728	6.52307	0	8.12864	2.03311	6.57185	3.88836	3.65179	5.00706	6.07509	14.4655	6.99944	2.68857	5.82298	6.75309	
8.97032	8.18836	1.0684	8.09405	11.8795	7.67638	11.9346	8.12864	0	5.00851	10.3256	7.8353	3.38983	7.75857	10.8223	12.3018	8.94687	5.44007	7.00532	7.80994	
7.26974	5.07247	8.37439	14.5597	14.5423	5.9758	7.77599	2.03311	5.00851	0	8.89419	5.46753	1.61868	4.41007	8.1082	10.7882	5.85691	2.09158	14.3113	4.71998	
2.28221	5.77295	10.7875	3.68337	9.26894	4.14337	5.17638	6.57185	10.3256	8.89419	0	3.25349	7.27551	13.7968	0.496754	1.97619	5.93274	9.70286	4.77209	7.35623	
1.45286	3.03108	11.5705	3.02334	7.08201	0.15892	2.63471	3.88836	7.8353	5.46753	3.25349	0	5.32982	5.69445	2.75673	8.55994	3.39107	3.37595	1.93461	9.61621	
6.46484	4.79854	4.45823	10.9589	9.99043	5.1709	7.40065	3.65179	3.38983	1.61868	7.27551	5.32982	0	4.96777	7.77226	9.2517	6.64429	2.64928	9.33936	6.33866	
16.8724	5.29939	12.1047	14.7866	7.30776	15.721	4.71798	5.00706	7.75857	4.41007	13.7968	5.69445	4.96777	0	14.2935	15.773	3.96162	2.3185	8.87735	5.09855	
1.78546	5.27619	12.8074	4.18012	2.04715	2.91565	5.39144	6.07509	10.8223	8.1082	0.496754	2.75673	7.77226	14.2935	0	2.47295	7.9964	6.13268	4.69135	6.85947	
7.55444	8.69816	14.7412	5.65956	7.29275	11.4047	7.15257	14.4655	12.3018	10.7882	1.97619	8.55994	9.2517	15.773	2.47295	0	7.20516	12.8422	15.5182	6.06822	
3.60783	3.71409	8.14309	6.00446	3.34614	9.59378	0.756362	6.99944	8.94687	5.85691	5.93274	3.39107	6.64429	3.96162	7.9964	7.20516	0	4.31088	4.91573	1.13693	
12.7236	2.98089	6.50848	12.4681	7.65702	3.53487	5.06724	2.68857	5.44007	2.09158	9.70286	3.37595	2.64928	2.3185	6.13268	12.8422	4.31088	0	5.31056	5.44781	
9.11408	21.764	8.07372	1.08873	8.26187	2.09353	4.56932	5.82298	7.00532	14.3113	4.77209	1.93461	9.33936	8.87735	4.69135	15.5182	4.91573	5.31056	0	6.05266	
8.64493	8.65241	8.87834	17.5702	4.48308	10.5061	1.8933	6.75309	7.80994	4.71998	7.35623	9.61621	6.33866	5.09855	6.85947	6.06822	1.13693	5.44781	6.05266	0	

0	6.25382	11.4309	7.60956	0.700628	3.19936	3.17682	9.30447	8.8824	5.04781	7.46767	5.08308	7.85041	8.8892	6.96626	7.01206	4.4374	3.80768	6.95793	5.1847	
6.25382	0	5.5014	8.32302	9.32588	2.49216	3.97753	5.79884	3.96636	0.643697	7.32278	1.38854	1.42523	8.74431	4.36304	6.86716	5.29384	2.57069	15.5832	4.08259	
11.4309	5.5014	0	2.76923	7.83302	5.37424	5.54135	7.27846	5.93476	4.23536	6.84737	3.49051	5.87143	4.0881	4.77987	9.98846	4.28077	4.72597	3.42086	5.15966	
7.60956	8.32302	2.76923	0	8.57486	4.37578	4.28977	9.69835	5.50755	9.98892	9.53211	5.58861	5.04779	4.26608	5.29362	9.14876	3.02918	5.46781	0.65163	2.39043	
0.700628	9.32588	7.83302	8.57486	0	3.89998	3.87744	13.2149	5.28451	9.3271	15.1594	12.1866	4.25252	18.8294	6.7885	9.22862	8.14388	3.10706	7.65856	6.79812	
3.19936	2.49216	5.37424	4.37578	3.89998	0	0.923067	5.67168	3.19827	1.84846	4.26832	1.88373	2.16629	3.861	4.70227	3.8127	2.18365	1.02082	10.1573	1.98535	
3.17682	3.97753	5.54135	4.28977	3.87744	0.923067	0	7.02818	3.75035	2.77153	4.47056	2.8068	2.71837	6.61291	5.25435	4.73577	1.26058	1.5729	10.1347	2.90842	
9.30447	5.79884	7.27846	9.69835	13.2149	5.67168	7.02818	0	6.2322	4.5328	10.3734	3.78795	5.04097	11.3672	7.97878	9.91781	10.4449	6.18644	10.35	6.98613	
8.8824	3.96636	5.93476	5.50755	5.28451	3.19827	3.75035	6.2322	0	3.1891	10.2325	2.44425	3.32292	4.99276	5.8589	8.9422	7.21428	2.17745	18.7581	3.11712	
5.04781	0.643697	4.23536	9.98892	9.3271	1.84846	2.77153	4.5328	3.1891	0	6.11678	0.744848	1.15315	7.5383	4.09097	5.66116	5.93753	2.29862	17.2875	3.81052	
7.46767	7.32278	6.84737	9.53211	15.1594	4.26832	4.47056	10.3734	10.2325	6.11678	0	6.15205	7.1763	2.75927	4.23849	8.08102	5.73114	5.28914	11.1631	4.63492	
5.08308	1.38854	3.49051	5.58861	12.1866	1.88373	2.8068	3.78795	2.44425	0.744848	6.15205	0	1.898	5.07383	7.95478	5.69643	7.30472	2.90455	16.0804	3.19818	
7.85041	1.42523	5.87143	5.04779	4.25252	2.16629	2.71837	5.04097	3.32292	1.15315	7.1763	1.898	0	4.53301	2.93782	8.20391	5.40398	1.14547	9.86239	2.65736	
8.8892	8.74431	4.0881	4.26608	18.8294	3.861	6.61291	11.3672	4.99276	7.5383	2.75927	5.07383	4.53301	0	6.63225	8.63398	8.36887	5.56671	13.5432	1.87565	
6.96626	4.36304	4.77987	5.29362	6.7885	4.70227	5.25435	7.97878	5.8589	4.09097	4.23849	7.95478	2.93782	6.63225	0	5.2661	5.99179	3.68145	5.94525	4.7566	
7.01206	6.86716	9.98846	9.14876	9.22862	3.8127	4.73577	9.91781	8.9422	5.66116	8.08102	5.69643	8.20391	8.63398	5.2661	0	7.72313	4.83352	11.3577	5.79805	
4.4374	5.29384	4.28077	3.02918	8.14388	2.18365	1.26058	10.4449	7.21428	5.93753	5.73114	7.30472	5.40398	8.36887	5.99179	7.72313	0	2.83348	3.68081	5.41961	
3.80768	2.57069	4.72597	5.46781	3.10706	1.02082	1.5729	6.18644	2.17745	2.29862	5.28914	2.90455	1.14547	5.56671	3.68145	4.83352	2.83348	0	6.11944	3.00617	
6.95793	15.5832	3.42086	0.65163	7.65856	10.1573	10.1347	10.35	18.7581	17.2875	11.1631	16.0804	9.86239	13.5432	5.94525	11.3577	3.68081	6.11944	0	3.04206	
5.1847	4.08259	5.15966	2.39043	6.79812	1.98535	2.90842	6.98613	3.11712	3.81052	4.63492	3.19818	2.65736	1.87565	4.7566	5.79805	5.41961	3.00617	3.04206	0	

0	5.05726	9.3002	3.26068	0.98943	5.77432	4.62125	4.24826	1.98748	5.88079	5.0407	7.66637	4.20041	6.12655	3.03606	0.399331	9.65764	5.09927	5.53051	5.79983	
5.05726	0	9.41513	7.5456	7.90096	1.41719	2.12735	4.64214	2.55432	0.873315	4.47474	4.10052	0.856849	4.53514	2.26247	5.35698	6.84241	4.55492	4.26978	2.45627	
9.3002	9.41513	0	6.9044	10.1085	9.36953	15.0228	15.517	12.5649	10.4607	10.5175	11.9265	8.55828	6.79885	13.0392	9.69953	13.9178	13.4191	9.01345	8.10951	
3.26068	7.5456	6.9044	0	3.20407	7.23507	7.08327	6.4629	4.4495	7.08192	7.12674	11.4787	5.52197	7.36676	5.25071	2.86135	9.51941	6.56002	2.10904	12.136	
0.98943	7.90096	10.1085	3.20407	0	6.33517	4.40407	3.25883	5.18921	3.43579	8.85574	3.96443	5.18984	5.13712	2.04663	1.38876	12.7844	9.32913	5.31312	6.44778	
5.77432	1.41719	9.36953	7.23507	6.33517	0	4.93096	3.07634	1.57454	0.543876	6.2893	1.2969	3.19144	2.57068	1.93303	3.16269	7.73156	2.47403	5.50561	1.95424	
4.62125	2.12735	15.0228	7.08327	4.40407	4.93096	0	6.76949	5.81007	3.00066	2.34739	4.10377	2.9842	6.04923	2.35744	4.22192	4.71506	4.92589	9.35309	4.73858	
4.24826	4.64214	15.517	6.4629	3.25883	3.07634	6.76949	0	4.56058	3.62021	7.29262	4.37324	5.49899	5.64702	5.30546	6.14873	9.68529	5.46007	8.58195	8.55815	
1.98748	2.55432	12.5649	4.4495	5.18921	1.57454	5.81007	4.56058	0	1.68101	6.22952	2.87144	4.32858	4.14522	3.07017	1.58815	7.40967	0.899486	6.65389	3.52508	
5.88079	0.873315	10.4607	7.08192	3.43579	0.543876	3.00066	3.62021	1.68101	0	7.38045	1.84078	1.73016	3.11456	1.38916	3.26916	7.18769	2.5805	4.97288	4.24699	
5.0407	4.47474	10.5175	7.12674	8.85574	6.2893	2.34739	7.29262	6.22952	7.38045	0	6.45116	14.2426	3.71862	4.70484	4.64137	2.39267	7.27328	8.97633	5.02928	
7.66637	4.10052	11.9265	11.4787	3.96443	1.2969	4.10377	4.37324	2.87144	1.84078	6.45116	0	2.25675	1.96799	1.9178	8.32569	3.30594	2.06997	6.80251	0.657335	
4.20041	0.856849	8.55828	5.52197	5.18984	3.19144	2.9842	5.49899	4.32858	1.73016	14.2426	2.25675	0	2.91008	4.03672	4.59974	4.24802	4.22501	3.41293	1.59942	
6.12655	4.53514	6.79885	7.36676	5.13712	2.57068	6.04923	5.64702	4.14522	3.11456	3.71862	1.96799	2.91008	0	5.05098	8.35999	3.95926	3.93625	5.25771	1.31066	
3.03606	2.26247	13.0392	5.25071	2.04663	1.93303	2.35744	5.30546	3.07017	1.38916	4.70484	1.9178	4.03672	5.05098	0	6.57936	7.0725	3.98778	6.36204	2.57514	
0.399331	5.35698	9.69953	2.86135	1.38876	3.16269	4.22192	6.14873	1.58815	3.26916	4.64137	8.32569	4.59974	8.35999	6.57936	0	7.03404	2.48763	4.97039	7.40836	
9.65764	6.84241	13.9178	9.51941	12.7844	7.73156	4.71506	9.68529	7.40967	7.18769	2.39267	3.30594	4.24802	3.95926	7.0725	7.03404	0	5.2742	12.1606	2.64861	
5.09927	4.55492	13.4191	6.56002	9.32913	2.47403	4.92589	5.46007	0.899486	2.5805	7.27328	2.06997	4.22501	3.93625	3.98778	2.48763	5.2742	0	8.27372	2.62559	
5.53051	4.26978	9.01345	2.10904	5.31312	5.50561	9.35309	8.58195	6.65389	4.97288	8.97633	6.80251	3.41293	5.25771	6.36204	4.97039	12.1606	8.27372	0	5.01235	
5.79983	2.45627	8.10951	12.136	6.44778	1.95424	4.73858	8.55815	3.52508	4.24699	5.02928	0.657335	1.59942	1.31066	2.57514	7.40836	2.64861	2.62559	5.01235	0	

0	12.4229	10.6781	11.4221	0.359718	6.50169	6.08018	9.48111	12.1083	12.2989	6.08445	2.82202	4.71329	5.77026	2.16301	2.06509	5.16385	8.16696	6.34126	7.80354	
12.4229	0	9.43599	14.494	10.9567	1.78911	1.6629	3.18177	0.867388	1.86246	6.89127	4.86174	3.29092	6.17776	8.9172	8.52421	3.88251	0.879387	17.184	2.19696	
10.6781	9.43599	0	4.77299	8.24914	9.49033	14.2975	10.9241	8.5686	10.3202	4.59367	9.81784	11.5715	6.45428	8.48414	12.3879	15.2678	9.73731	2.26761	8.25116	
11.4221	14.494	4.77299	0	8.48693	13.1671	10.3295	14.6534	11.3616	12.7722	5.33769	9.77291	12.6978	6.69206	8.72192	14.8403	9.4132	12.4163	2.50539	8.99518	
0.359718	10.9567	8.24914	8.48693	0	6.97068	14.4072	7.04781	7.35645	7.28367	6.44417	7.27849	4.35358	8.26399	2.52273	1.70537	5.52356	6.76511	5.98154	6.56625	
6.50169	1.78911	9.49033	13.1671	6.97068	0	5.22416	3.27726	0.921726	2.67336	6.94561	3.39422	2.6171	5.54113	4.05323	6.46446	7.44377	2.09044	10.5552	2.2513	
6.08018	1.6629	14.2975	10.3295	14.4072	5.22416	0	0.39539	1.95222	3.29348	9.71107	3.86862	3.19504	6.01553	4.52764	5.73783	0.91633	0.783511	16.6191	3.51847	
9.48111	3.18177	10.9241	14.6534	7.04781	3.27726	0.39539	0	2.35554	4.10717	8.37942	4.26401	5.35841	7.66591	7.46822	5.34244	1.31172	1.1789	17.3262	3.68511	
12.1083	0.867388	8.5686	11.3616	7.35645	0.921726	1.95222	2.35554	0	1.75163	4.98707	4.31595	3.00287	5.31037	5.26041	7.69798	3.96926	1.16871	9.49705	1.32957	
12.2989	1.86246	10.3202	12.7722	7.28367	2.67336	3.29348	4.10717	1.75163	0	7.77552	2.99928	2.9301	5.14619	3.65829	12.2409	5.51308	2.50996	16.3524	3.0812	
6.08445	6.89127	4.59367	5.33769	6.44417	6.94561	9.71107	8.37942	4.98707	7.77552	0	8.90742	5.87017	6.76052	8.24746	10.2231	6.29719	6.39246	6.86127	3.6575	
2.82202	4.86174	9.81784	9.77291	7.27849	3.39422	3.86862	4.26401	4.31595	2.99928	8.90742	0	2.92491	2.1469	0.659011	2.78479	4.78495	4.65214	6.33358	5.13758	
4.71329	3.29092	11.5715	12.6978	4.35358	2.6171	3.19504	5.35841	3.00287	2.9301	5.87017	2.92491	0	5.07182	3.58392	6.05895	4.85236	2.41153	10.3351	2.21267	
5.77026	6.17776	6.45428	6.69206	8.26399	5.54113	6.01553	7.66591	5.31037	5.14619	6.76052	2.1469	5.07182	0	2.80592	5.73303	10.1503	6.47908	4.18667	6.63994	
2.16301	8.9172	8.48414	8.72192	2.52273	4.05323	4.52764	7.46822	5.26041	3.65829	8.24746	0.659011	3.58392	2.80592	0	2.12578	7.32686	8.77933	6.21653	6.35421	
2.06509	8.52421	12.3879	14.8403	1.70537	6.46446	5.73783	5.34244	7.69798	12.2409	10.2231	2.78479	6.05895	5.73303	2.12578	0	5.42714	8.43026	7.68691	8.06683	
5.16385	3.88251	15.2678	9.4132	5.52356	7.44377	0.91633	1.31172	3.96926	5.51308	6.29719	4.78495	4.85236	10.1503	7.32686	5.42714	0	1.69984	11.9186	2.63969	
8.16696	0.879387	9.73731	12.4163	6.76511	2.09044	0.783511	1.1789	1.16871	2.50996	6.39246	4.65214	2.41153	6.47908	8.77933	8.43026	1.69984	0	18.0634	2.49828	
6.34126	17.184	2.26761	2.50539	5.98154	10.5552	16.6191	17.3262	9.49705	16.3524	6.86127	6.33358	10.3351	4.18667	6.21653	7.68691	11.9186	18.0634	0	17.7219	
7.80354	2.19696	8.25116	8.99518	6.56625	2.2513	3.51847	3.68511	1.32957	3.0812	3.6575	5.13758	2.21267	6.63994	6.35421	8.06683	2.63969	2.49828	17.7219	0	

0	4.84479	7.71009	11.403	1.82945	4.45453	5.60441	3.28508	6.4992	3.09373	6.37304	4.75759	6.6538	10.1873	9.51135	5.6306	4.99377	5.30275	7.9354	5.66671	
4.84479	0	15.8458	10.0603	8.76176	4.42938	5.08715	5.89352	3.90922	1.75106	5.03036	2.66714	5.34374	10.7872	4.23164	11.8823	4.3263	2.12199	13.7802	2.95205	
7.71009	15.8458	0	8.32807	5.88064	3.81528	13.0185	8.75418	5.63523	5.29965	4.78804	3.48561	12.7126	12.2592	6.41448	7.7146	12.5464	4.03077	16.7203	4.39473	
11.403	10.0603	8.32807	0	14.6893	12.5382	10.8543	6.02111	7.62936	6.81933	3.54003	10.1233	11.5035	6.07841	5.03769	10.2323	11.272	10.7899	1.37079	9.95987	
1.82945	8.76176	5.88064	14.6893	0	7.11612	10.3468	5.11454	8.93607	4.92319	10.29	6.58705	15.6088	14.8969	15.5071	7.46006	6.82322	7.33161	13.3185	7.69557	
4.45453	4.42938	3.81528	12.5382	7.11612	0	5.74289	1.16944	2.47928	2.14371	5.13558	0.329665	5.31595	6.45976	4.41705	4.55866	4.5117	0.874824	5.81976	1.23878	
5.60441	5.08715	13.0185	10.8543	10.3468	5.74289	0	6.91233	1.27952	3.33609	5.39511	3.42913	1.49587	2.83047	6.01608	2.13534	0.610644	2.81496	11.3209	5.53227	
3.28508	5.89352	8.75418	6.02111	5.11454	1.16944	6.91233	0	7.57315	6.37882	3.96614	1.49911	6.48539	7.6292	5.59258	8.91569	6.40846	3.47683	4.65032	5.27377	
6.4992	3.90922	5.63523	7.62936	8.93607	2.47928	1.27952	7.57315	0	3.40546	4.11559	2.14962	2.77538	1.55096	3.89689	3.41485	1.89016	1.78723	10.9456	2.6173	
3.09373	1.75106	5.29965	6.81933	4.92319	2.14371	3.33609	6.37882	3.40546	0	3.2793	1.81404	4.83196	4.95642	4.90574	5.47143	3.94674	2.3592	9.68004	2.72316	
6.37304	5.03036	4.78804	3.54003	10.29	5.13558	5.39511	3.96614	4.11559	3.2793	0	5.09335	11.7385	5.66655	1.62644	5.50718	10.3746	3.73609	4.91082	8.68653	
4.75759	2.66714	3.48561	10.1233	6.58705	0.329665	3.42913	1.49911	2.14962	1.81404	5.09335	0	3.76691	3.70057	2.65481	4.22899	2.74947	0.545159	12.8386	0.909118	
6.6538	5.34374	12.7126	11.5035	15.6088	5.31595	1.49587	6.48539	2.77538	4.83196	11.7385	3.76691	0	5.42511	5.33141	3.6312	1.66003	3.22175	13.4427	4.05181	
10.1873	10.7872	12.2592	6.07841	14.8969	6.45976	2.83047	7.6292	1.55096	4.95642	5.66655	3.70057	5.42511	0	9.09759	9.76709	5.19355	3.33819	7.4492	6.1219	
9.51135	4.23164	6.41448	5.03769	15.5071	4.41705	6.01608	5.59258	3.89689	4.90574	1.62644	2.65481	5.33141	9.09759	0	3.88074	4.31397	2.10966	3.6669	2.93972	
5.6306	11.8823	7.7146	10.2323	7.46006	4.55866	2.13534	8.91569	3.41485	5.47143	5.50718	4.22899	3.6312	9.76709	3.88074	0	2.74598	4.77415	7.54764	5.13811	
4.99377	4.3263	12.5464	11.272	6.82322	4.5117	0.610644	6.40846	1.89016	3.94674	10.3746	2.74947	1.66003	5.19355	4.31397	2.74598	0	2.20431	11.0588	3.03437	
5.30275	2.12199	4.03077	10.7899	7.33161	0.874824	2.81496	3.47683	1.78723	2.3592	3.73609	0.545159	3.22175	3.33819	2.10966	4.77415	2.20431	0	5.77655	0.830062	
7.9354	13.7802	16.7203	1.37079	13.3185	5.81976	11.3209	4.65032	10.9456	9.68004	4.91082	12.8386	13.4427	7.4492	3.6669	7.54764	11.0588	5.77655	0	11.3307	
5.66671	2.95205	4.39473	9.95987	7.69557	1.23878	5.53227	5.27377	2.6173	2.72316	8.68653	0.909118	4.05181	6.1219	2.93972	5.13811	3.03437	0.830062	11.3307	0	

0	5.90691	10.2187	3.82188	0.386812	7.35341	5.53423	4.22137	3.34545	3.94443	3.30805	5.13887	2.71095	1.14219	4.93196	2.06645	5.25294	6.34391	4.20148	4.44222	
5.90691	0	9.60557	8.35939	6.29373	1.54126	4.92112	2.05197	4.25149	5.3306	7.99912	1.13973	3.56238	6.45475	5.7907	10.1805	4.63982	6.48817	10.2055	6.08822	
10.2187	9.60557	0	9.46908	4.4104	8.33385	5.24704	8.60256	14.3906	8.58818	9.4505	8.73538	10.113	6.41525	3.34638	2.73076	4.96575	7.60133	10.8884	10.4039	
3.82188	8.35939	9.46908	0	4.20869	6.56942	16.7574	6.30742	8.22829	10.0563	6.99327	8.78133	6.53282	4.96407	3.63545	4.25107	8.23692	10.7436	1.41935	9.94431	
0.386812	6.29373	4.4104	4.20869	0	7.47911	12.2471	10.5733	6.93112	7.5301	6.89372	7.49308	3.09776	1.529	2.29526	1.67964	5.63975	9.91738	3.81467	6.50925	
7.35341	1.54126	8.33385	6.56942	7.47911	0	2.89784	2.87544	6.05672	7.88824	8.37707	0.40153	2.82945	5.90848	2.93396	3.54958	3.17913	9.58923	13.6264	6.76784	
5.53423	4.92112	5.24704	16.7574	12.2471	2.89784	0	6.58287	7.10788	3.90372	6.55314	3.29937	6.53688	7.51925	4.88276	10.2216	0.281295	2.91688	19.9741	5.71948	
4.22137	2.05197	8.60256	6.30742	10.5733	2.87544	6.58287	0	5.86631	3.74884	10.0511	2.47391	1.51042	6.55108	6.02818	6.6438	6.39676	4.43621	7.12603	5.67987	
3.34545	4.25149	14.3906	8.22829	6.93112	6.05672	7.10788	5.86631	0	2.11748	4.36912	5.39122	6.00618	2.20326	8.99068	5.88776	5.7399	4.65812	9.64763	1.83672	
3.94443	5.3306	8.58818	10.0563	7.5301	7.88824	3.90372	3.74884	2.11748	0	4.96809	6.22275	5.25926	2.80224	8.22389	6.48673	3.62243	6.25801	18.1708	3.9542	
3.30805	7.99912	9.4505	6.99327	6.89372	8.37707	6.55314	10.0511	4.36912	4.96809	0	7.67281	10.4001	2.16586	7.22228	5.85035	6.27185	8.90743	5.57392	5.46589	
5.13887	1.13973	8.73538	8.78133	7.49308	0.40153	3.29937	2.47391	5.39122	6.22275	7.67281	0	2.42792	5.50695	3.33549	7.72526	3.92286	6.06088	8.04353	6.59737	
2.71095	3.56238	10.113	6.53282	3.09776	2.82945	6.53688	1.51042	6.00618	5.25926	10.4001	2.42792	0	3.85314	7.5386	11.9187	6.26854	3.63296	5.61561	4.16945	
1.14219	6.45475	6.41525	4.96407	1.529	5.90848	7.51925	6.55108	2.20326	2.80224	2.16586	5.50695	3.85314	0	4.30012	3.6845	6.39513	6.12143	7.73978	3.30003	
4.93196	5.7907	3.34638	3.63545	2.29526	2.93396	4.88276	6.02818	8.99068	8.22389	7.22228	3.33549	7.5386	4.30012	0	0.61562	4.60147	7.23705	5.0548	8.70178	
2.06645	10.1805	2.73076	4.25107	1.67964	3.54958	10.2216	6.6438	5.88776	6.48673	5.85035	7.72526	11.9187	3.6845	0.61562	0	5.21709	8.49352	5.49431	6.98453	
5.25294	4.63982	4.96575	8.23692	5.63975	3.17913	0.281295	6.39676	5.7399	3.62243	6.27185	3.92286	6.26854	6.39513	4.60147	5.21709	0	2.63558	11.8458	5.43819	
6.34391	6.48817	7.60133	10.7436	9.91738	9.58923	2.91688	4.43621	4.65812	6.25801	8.90743	6.06088	3.63296	6.12143	7.23705	8.49352	2.63558	0	9.24857	2.8214	
4.20148	10.2055	10.8884	1.41935	3.81467	13.6264	19.9741	7.12603	9.64763	18.1708	5.57392	8.04353	5.61561	7.73978	5.0548	5.49431	11.8458	9.24857	0	9.78506	
4.44222	6.08822	10.4039	9.94431	6.50925	6.76784	5.71948	5.67987	1.83672	3.9542	5.46589	6.59737	4.16945	3.30003	8.70178	6.98453	5.43819	2.8214	9.78506	0	

0	11.7154	8.3577	6.43549	0.668443	6.39658	1.65559	6.7606	5.43769	6.16636	5.85486	4.47533	8.11129	2.97933	4.0094	5.03708	9.90153	5.58595	7.15492	9.96967	
11.7154	0	1.65102	5.27996	10.6208	4.1692	4.84946	2.80658	2.80429	0.338689	12.1244	3.40121	2.1193	5.17379	7.32639	6.25214	8.43605	4.37536	5.99939	4.58988	
8.3577	1.65102	0	7.04626	9.12122	5.14285	5.82311	3.78023	9.17984	1.31233	6.2647	7.23261	3.46244	6.81033	8.11016	9.67548	9.43572	10.6325	7.76569	9.62326	
6.43549	5.27996	7.04626	0	7.10393	3.58874	8.09107	9.29916	8.08425	5.61865	13.0394	11.6997	7.39926	13.8566	10.4449	11.5321	13.716	9.65532	0.719436	6.10696	
0.668443	10.6208	9.12122	7.10393	0	8.1118	2.32403	12.8838	4.68039	10.4775	9.55544	10.2007	6.3889	2.31089	4.67784	4.36864	4.93627	13.1862	9.62358	10.6381	
6.39658	4.1692	5.14285	3.58874	8.1118	0	5.12146	2.37692	2.69635	3.83051	3.48557	2.51766	2.10686	5.06585	2.38718	6.54796	5.3328	4.75072	2.86931	4.15722	
1.65559	4.84946	5.82311	8.09107	2.32403	5.12146	0	5.10501	3.41667	4.51077	3.78765	2.81975	6.45571	6.1516	5.66499	9.98931	8.24594	3.93037	7.99076	8.71432	
6.7606	2.80658	3.78023	9.29916	12.8838	2.37692	5.10501	0	3.05978	2.46789	7.44528	3.6567	4.48378	5.42929	4.7641	9.29059	12.2702	4.48742	5.24623	6.53414	
5.43769	2.80429	9.17984	8.08425	4.68039	2.69635	3.41667	3.05978	0	3.14298	1.56483	0.596919	4.80321	2.3695	5.08353	5.23465	4.99489	2.05437	5.56566	6.85357	
6.16636	0.338689	1.31233	5.61865	10.4775	3.83051	4.51077	2.46789	3.14298	0	7.57704	6.34817	2.1501	6.22811	6.21769	6.59083	8.77474	4.71405	6.69982	4.62068	
5.85486	12.1244	6.2647	13.0394	9.55544	3.48557	3.78765	7.44528	1.56483	7.57704	0	0.967907	5.31985	7.24455	1.84546	6.00624	9.86994	10.6063	11.9482	15.888	
4.47533	3.40121	7.23261	11.6997	10.2007	2.51766	2.81975	3.6567	0.596919	6.34817	0.967907	0	4.35195	2.96642	2.81337	6.82773	10.6823	2.65128	5.38697	6.67488	
8.11129	2.1193	3.46244	7.39926	6.3889	2.10686	6.45571	4.48378	4.80321	2.1501	5.31985	4.35195	0	4.07801	4.49403	5.62054	3.64615	5.44455	4.97616	2.47058	
2.97933	5.17379	6.81033	13.8566	2.31089	5.06585	6.1516	5.42929	2.3695	6.22811	7.24455	2.96642	4.07801	0	7.02593	2.86515	2.62539	4.42387	8.67022	3.80096	
4.0094	7.32639	8.11016	10.4449	4.67784	2.38718	5.66499	4.7641	5.08353	6.21769	1.84546	2.81337	4.49403	7.02593	0	4.16079	6.69013	9.75889	5.25648	6.5444	
5.03708	6.25214	9.67548	11.5321	4.36864	6.54796	9.98931	9.29059	5.23465	6.59083	6.00624	6.82773	5.62054	2.86515	4.16079	0	2.52935	8.28518	12.6233	3.70492	
9.90153	8.43605	9.43572	13.716	4.93627	5.3328	8.24594	12.2702	4.99489	8.77474	9.86994	10.6823	3.64615	2.62539	6.69013	2.52935	0	8.28636	6.5631	1.17557	
5.58595	4.37536	10.6325	9.65532	13.1862	4.75072	3.93037	4.48742	2.05437	4.71405	10.6063	2.65128	5.44455	4.42387	9.75889	8.28518	8.28636	0	11.8692	7.91513	
7.15492	5.99939	7.76569	0.719436	9.62358	2.86931	7.99076	5.24623	5.56566	6.69982	11.9482	5.38697	4.97616	8.67022	5.25648	12.6233	6.5631	11.8692	0	5.38752	
9.96967	4.58988	9.62326	6.10696	10.6381	4.15722	8.71432	6.53414	6.85357	4.62068	15.888	6.67488	2.47058	3.80096	6.5444	3.70492	1.17557	7.91513	5.38752	0	

0	5.3622	6.25196	9.9797	0.25895	0.703724	3.11169	1.88153	7.84354	5.1444	5.12793	1.77391	5.09712	3.21465	6.22324	3.35555	6.58079	7.0234	4.62646	10.0483	
5.3622	0	4.91751	9.69254	8.02864	2.66466	2.25051	1.48685	3.26161	2.3368	6.88041	2.35031	1.55436	2.91079	6.6737	8.02245	4.22233	4.3817	7.55664	1.46801	
6.25196	4.91751	0	3.7614	5.2616	3.57741	8.18165	7.41799	3.74688	8.26794	3.91945	1.62696	7.4855	1.06648	4.66667	4.34637	4.77251	6.83626	1.6255	7.39916	
9.9797	9.69254	3.7614	0	16.3573	11.7078	10.5302	11.6249	17.1034	10.6893	7.68085	7.70273	14.9503	4.82788	6.35236	8.07411	5.83072	11.3252	5.35324	11.092	
0.25895	8.02864	5.2616	16.3573	0	0.962674	3.37064	9.51549	6.87553	10.3654	10.8878	4.7556	9.12576	4.19512	7.79532	3.6145	10.5266	11.7747	4.88541	9.49666	
0.703724	2.66466	3.57741	11.7078	0.962674	0	3.81541	1.17781	2.06948	3.45385	9.2036	1.07019	7.93987	1.63067	5.51952	4.05927	2.9422	6.31968	5.33018	5.47255	
3.11169	2.25051	8.18165	10.5302	3.37064	3.81541	0	3.73736	5.51212	3.99349	7.31149	4.60083	1.98544	6.10154	5.93786	6.46723	4.69944	5.06856	7.73815	3.71852	
1.88153	1.48685	7.41799	11.6249	9.51549	1.17781	3.73736	0	4.08561	2.27605	9.42216	2.248	3.04121	3.68874	6.61294	7.9617	5.79414	5.49408	11.8362	2.95486	
7.84354	3.26161	3.74688	17.1034	6.87553	2.06948	5.51212	4.08561	0	1.80957	4.0369	0.999287	4.20322	1.55976	6.14646	7.49522	2.8713	1.1201	7.09206	2.19393	
5.1444	2.3368	8.26794	10.6893	10.3654	3.45385	3.99349	2.27605	1.80957	0	6.13484	2.80885	3.89116	4.48997	4.33689	5.68565	8.07019	2.92967	8.40652	3.80481	
5.12793	6.88041	3.91945	7.68085	10.8878	9.2036	7.31149	9.42216	4.0369	6.13484	0	7.25315	5.32605	4.98593	6.56252	1.77239	8.69196	2.91681	4.49326	6.76593	
1.77391	2.35031	1.62696	7.70273	4.7556	1.07019	4.60083	2.248	0.999287	2.80885	7.25315	0	3.90468	0.560477	4.16067	14.2458	1.87201	2.11939	5.31452	3.19322	
5.09712	1.55436	7.4855	14.9503	9.12576	7.93987	1.98544	3.04121	4.20322	3.89116	5.32605	3.90468	0	5.40539	7.92329	7.09844	6.68487	3.08312	9.05509	2.06096	
3.21465	2.91079	1.06648	4.82788	4.19512	1.63067	6.10154	3.68874	1.55976	4.48997	4.98593	0.560477	5.40539	0	3.6002	7.47492	2.43249	3.8005	2.69198	4.87434	
6.22324	6.6737	4.66667	6.35236	7.79532	5.51952	5.93786	6.61294	6.14646	4.33689	6.56252	4.16067	7.92329	3.6002	0	4.79014	7.34093	7.55493	6.29954	12.0926	
3.35555	8.02245	4.34637	8.07411	3.6145	4.05927	6.46723	7.9617	7.49522	5.68565	1.77239	14.2458	7.09844	7.47492	4.79014	0	12.1311	4.68919	2.72087	9.72312	
6.58079	4.22233	4.77251	5.83072	10.5266	2.9422	4.69944	5.79414	2.8713	8.07019	8.69196	1.87201	6.68487	2.43249	7.34093	12.1311	0	8.40053	6.39801	5.26128	
7.0234	4.3817	6.83626	11.3252	11.7747	6.31968	5.06856	5.49408	1.1201	2.92967	2.91681	2.11939	3.08312	3.8005	7.55493	4.68919	8.40053	0	5.97196	3.31403	
4.62646	7.55664	1.6255	5.35324	4.88541	5.33018	7.73815	11.8362	7.09206	8.40652	4.49326	5.31452	9.05509	2.69198	6.29954	2.72087	6.39801	5.97196	0	9.82109	
10.0483	1.46801	7.39916	11.092	9.49666	5.47255	3.71852	2.95486	2.19393	3.80481	6.76593	3.19322	2.06096	4.87434	12.0926	9.72312	5.26128	3.31403	9.82109	0	

0	11.84	12.0687	8.68702	10.9218	3.25393	9.23796	13.611	7.11104	13.2254	3.56769	9.84903	3.59037	7.34232	9.16575	1.44499	9.93619	10.8474	12.9532	16.5308	
11.84	0	6.45715	7.81023	7.72688	2.8392	5.27939	0.653534	1.59738	1.2122	5.06067	1.99099	2.34921	7.1952	3.86115	4.49459	4.5735	4.12996	5.15658	5.09109	
12.0687	6.45715	0	14.1841	11.252	6.19948	7.03813	9.64586	7.44129	9.21894	10.9146	7.51772	4.10795	10.2871	6.64984	6.25333	6.43985	5.8887	17.2995	6.84983	
8.68702	7.81023	14.1841	0	7.26575	5.59728	2.22855	10.7258	7.82131	8.27244	2.74956	10.2006	5.15873	2.99527	4.41913	4.87226	3.28074	5.09091	4.2621	9.94746	
10.9218	7.72688	11.252	7.26575	0	5.05253	8.42127	6.84568	6.1295	9.9987	4.51619	9.04949	6.17997	6.65072	3.63807	6.6389	13.5612	10.0307	9.68871	6.88248	
3.25393	2.8392	6.19948	5.59728	5.05253	0	3.36873	10.2243	1.24182	5.11101	3.93164	4.28194	3.95432	5.53074	6.38469	1.80894	4.42093	4.97815	4.80102	6.80357	
9.23796	5.27939	7.03813	2.22855	8.42127	3.36873	0	8.4681	4.61055	7.09996	4.29653	7.44048	2.93018	2.162	5.28059	5.07556	1.0522	2.86237	6.49065	4.68779	
13.611	0.653534	9.64586	10.7258	6.84568	10.2243	8.4681	0	2.25091	1.86574	4.87719	2.64452	3.00274	6.3262	3.20761	7.6833	5.22703	6.37174	9.33915	4.54631	
7.11104	1.59738	7.44129	7.82131	6.1295	1.24182	4.61055	2.25091	0	2.80958	5.95693	3.58837	3.94658	9.14302	9.69074	3.05076	6.17088	4.67597	3.55921	6.5014	
13.2254	1.2122	9.21894	8.27244	9.9987	5.11101	7.09996	1.86574	2.80958	0	6.27287	3.20319	3.56141	8.75785	5.66092	7.25637	5.7857	6.89174	7.4284	6.48843	
3.56769	5.06067	10.9146	2.74956	4.51619	3.93164	4.29653	4.87719	5.95693	6.27287	0	7.05166	4.21148	2.13453	1.66958	2.1227	7.72356	9.69326	7.01166	4.91399	
9.84903	1.99099	7.51772	10.2006	9.04949	4.28194	7.44048	2.64452	3.58837	3.20319	7.05166	0	4.34019	7.20537	5.41142	6.09088	6.38829	6.42198	11.543	7.26722	
3.59037	2.34921	4.10795	5.15873	6.17997	3.95432	2.93018	3.00274	3.94658	3.56141	4.21148	4.34019	0	5.09219	2.5419	2.14538	2.3319	1.78075	8.67343	2.74188	
7.34232	7.1952	10.2871	2.99527	6.65072	5.53074	2.162	6.3262	9.14302	8.75785	2.13453	7.20537	5.09219	0	3.11859	4.25723	3.2142	5.02437	7.25737	6.363	
9.16575	3.86115	6.64984	4.41913	3.63807	6.38469	5.28059	3.20761	9.69074	5.66092	1.66958	5.41142	2.5419	3.11859	0	3.79228	4.8738	4.32265	6.13153	3.24441	
1.44499	4.49459	6.25333	4.87226	6.6389	1.80894	5.07556	7.6833	3.05076	7.25637	2.1227	6.09088	2.14538	4.25723	3.79228	0	4.47729	3.92613	11.5041	4.88726	
9.93619	4.5735	6.43985	3.28074	13.5612	4.42093	1.0522	5.22703	6.17088	5.7857	7.72356	6.38829	2.3319	3.2142	4.8738	4.47729	0	2.33368	9.2361	4.1591	
10.8474	4.12996	5.8887	5.09091	10.0307	4.97815	2.86237	6.37174	4.67597	6.89174	9.69326	6.42198	1.78075	5.02437	4.32265	3.92613	2.33368	0	8.23518	1.82543	
12.9532	5.15658	17.2995	4.2621	9.68871	4.80102	6.49065	9.33915	3.55921	7.4284	7.01166	11.543	8.67343	7.25737	6.13153	11.5041	9.2361	8.23518	0	9.37595	
16.5308	5.09109	6.84983	9.94746	6.88248	6.80357	4.68779	4.54631	6.5014	6.48843	4.91399	7.26722	2.74188	6.363	3.24441	4.88726	4.1591	1.82543	9.37595	0	

0	16.5605	4.10449	11.2516	2.22076	12.0887	3.63304	10.501	5.61195	8.22056	8.30166	5.93071	5.63301	6.77431	10.1732	4.22708	5.468	6.34384	9.95421	5.73163	
16.5605	0	9.51675	5.66731	7.68051	1.09973	3.03413	4.73155	3.07813	1.35847	6.55013	3.65747	1.03416	4.94024	10.8115	7.0192	3.01553	3.22504	10.2268	2.28973	
4.10449	9.51675	0	6.70677	6.32525	10.0284	7.73754	6.39654	3.53416	5.30509	7.45257	3.16982	4.43022	2.66981	9.0051	8.49901	7.14796	2.23935	5.84972	4.86016	
11.2516	5.66731	6.70677	0	3.3582	6.76704	4.11197	6.26295	5.76223	7.34802	14.5997	9.75519	6.6583	9.77452	3.45634	1.35188	10.953	4.46742	6.73177	7.08823	
2.22076	7.68051	6.32525	3.3582	0	7.41692	4.7664	6.91738	11.6417	5.9998	17.3011	4.85918	6.3241	5.35919	4.11077	2.00632	7.90486	9.06555	16.9949	9.92958	
12.0887	1.09973	10.0284	6.76704	7.41692	0	3.75075	3.63182	6.393	2.78044	3.18025	2.55774	2.1339	3.05774	7.55055	8.54288	1.9158	7.84551	13.5416	3.38946	
3.63304	3.03413	7.73754	4.11197	4.7664	3.75075	0	6.4825	1.97891	2.32427	3.09941	2.29767	1.99997	2.79767	4.86454	2.76008	1.83496	3.27372	10.0356	2.09858	
10.501	4.73155	6.39654	6.26295	6.91738	3.63182	6.4825	0	4.50359	9.6384	3.58886	6.18956	7.14954	8.26671	7.01552	4.91106	4.85331	5.7984	11.6487	5.29199	
5.61195	3.07813	3.53416	5.76223	11.6417	6.393	1.97891	4.50359	0	2.97025	5.08815	4.27657	2.64595	6.55203	13.7446	4.73899	3.81387	1.29481	8.72542	0.788394	
8.22056	1.35847	5.30509	7.34802	5.9998	2.78044	2.32427	9.6384	2.97025	0	5.94321	3.57904	0.324301	4.23038	10.9938	7.00549	6.96639	2.51518	11.8668	3.92978	
8.30166	6.55013	7.45257	14.5997	17.3011	3.18025	3.09941	3.58886	5.08815	5.94321	0	4.31012	5.61891	5.7426	7.40973	7.4287	1.26445	6.38296	8.05986	5.87654	
5.93071	3.65747	3.16982	9.75519	4.85918	2.55774	2.29767	6.18956	4.27657	3.57904	4.31012	0	3.25474	0.500005	4.99281	5.05775	3.04567	5.28777	12.1749	4.39625	
5.63301	1.03416	4.43022	6.6583	6.3241	2.1339	1.99997	7.14954	2.64595	0.324301	5.61891	3.25474	0	3.75475	8.24755	4.76005	3.83493	2.19087	13.6788	3.3239	
6.77431	4.94024	2.66981	9.77452	5.35919	3.05774	2.79767	8.26671	6.55203	4.23038	5.7426	0.500005	3.75475	0	5.49282	7.91175	3.54568	4.90916	8.51953	7.92791	
10.1732	10.8115	9.0051	3.45634	4.11077	7.55055	4.86454	7.01552	13.7446	10.9938	7.40973	4.99281	8.24755	5.49282	0	2.10446	6.14528	10.2806	14.3194	12.9124	
4.22708	7.0192	8.49901	1.35188	2.00632	8.54288	2.76008	4.91106	4.73899	7.00549	7.4287	5.05775	4.76005	7.91175	2.10446	0	4.59504	5.8193	8.08365	4.85867	
5.468	3.01553	7.14796	10.953	7.90486	1.9158	1.83496	4.85331	3.81387	6.96639	1.26445	3.04567	3.83493	3.54568	6.14528	4.59504	0	7.79544	9.32431	3.93354	
6.34384	3.22504	2.23935	4.46742	9.06555	7.84551	3.27372	5.7984	1.29481	2.51518	6.38296	5.28777	2.19087	4.90916	10.2806	5.8193	7.79544	0	8.08907	2.08321	
9.95421	10.2268	5.84972	6.73177	16.9949	13.5416	10.0356	11.6487	8.72542	11.8668	8.05986	12.1749	13.6788	8.51953	14.3194	8.08365	9.32431	8.08907	0	7.93702	
5.73163	2.28973	4.86016	7.08823	9.92958	3.38946	2.09858	5.29199	0.788394	3.92978	5.87654	4.39625	3.3239	7.92791	12.9124	4.85867	3.93354	2.08321	7.93702	0	

0	4.28344	3.4073	7.97348	0.329946	3.92056	2.35619	8.05388	3.85354	18.7733	5.86784	4.79787	9.68785	1.268	3.62652	0.83986	3.32839	7.19938	3.77244	9.42424	
4.28344	0	6.00166	4.71682	1.95078	4.09401	4.96553	4.59396	4.10829	4.08239	3.60985	4.95041	0.622383	1.01273	5.72025	6.8308	9.35234	4.57345	4.21374	9.3235	
3.4073	6.00166	0	3.74183	4.66476	5.2423	8.31805	5.73636	5.58112	10.7609	1.80059	4.18455	13.0531	4.39771	1.4065	2.56744	3.3053	8.81308	3.9342	7.54386	
7.97348	4.71682	3.74183	0	7.41495	7.83511	7.3922	7.83987	4.23631	11.6934	2.63669	4.25742	11.9365	7.04285	2.33533	3.43566	7.16361	9.62509	0.503076	8.42608	
0.329946	1.95078	4.66476	7.41495	0	7.82141	2.68614	6.27829	4.03362	21.0305	3.53517	4.87574	14.5765	0.938052	4.88398	1.16981	7.22862	4.86672	5.0299	10.3816	
3.92056	4.09401	5.2423	7.83511	7.82141	0	1.56437	4.72584	2.09005	2.42721	3.44171	1.46982	4.7164	4.40811	4.24787	6.61249	2.53656	0.47944	5.22416	5.22949	
2.35619	4.96553	8.31805	7.3922	2.68614	1.56437	0	3.91445	4.99332	3.99157	2.47691	3.03419	6.28385	3.95281	5.80048	3.19605	0.972198	2.04381	6.88912	4.12514	
8.05388	4.59396	5.73636	7.83987	6.27829	4.72584	3.91445	0	3.87624	10.2196	3.93577	3.25601	3.97157	5.34024	6.03407	10.2694	2.94225	6.32782	6.06939	6.09519	
3.85354	4.10829	5.58112	4.23631	4.03362	2.09005	4.99332	3.87624	0	6.02601	4.96864	0.62023	6.88103	3.09557	3.39828	3.01368	6.47335	4.07825	4.37457	4.18978	
18.7733	4.08239	10.7609	11.6934	21.0305	2.42721	3.99157	10.2196	6.02601	0	5.86892	3.89703	4.70477	5.09512	12.3498	10.9132	13.1619	2.90665	8.29613	7.6567	
5.86784	3.60985	1.80059	2.63669	3.53517	3.44171	2.47691	3.93577	4.96864	5.86892	0	4.91153	7.90735	2.59712	2.42472	4.36803	1.50471	3.92115	2.13361	4.65766	
4.79787	4.95041	4.18455	4.25742	4.87574	1.46982	3.03419	3.25601	0.62023	3.89703	4.91153	0	6.18931	3.7158	2.77805	3.63391	5.34529	1.94926	3.75434	4.81	
9.68785	0.622383	13.0531	11.9365	14.5765	4.7164	6.28385	3.97157	6.88103	4.70477	7.90735	6.18931	0	1.63511	9.03885	7.45318	6.91382	5.19893	4.83612	9.94898	
1.268	1.01273	4.39771	7.04285	0.938052	4.40811	3.95281	5.34024	3.09557	5.09512	2.59712	3.7158	1.63511	0	4.70752	3.03537	4.10183	3.92867	4.73074	7.28534	
3.62652	5.72025	1.4065	2.33533	4.88398	4.24787	5.80048	6.03407	3.39828	12.3498	2.42472	2.77805	9.03885	4.70752	0	2.78666	3.92943	8.63619	2.83841	7.98122	
0.83986	6.8308	2.56744	3.43566	1.16981	6.61249	3.19605	10.2694	3.01368	10.9132	4.36803	3.63391	7.45318	3.03537	2.78666	0	7.61494	15.4226	2.93258	7.20346	
3.32839	9.35234	3.3053	7.16361	7.22862	2.53656	0.972198	2.94225	6.47335	13.1619	1.50471	5.34529	6.91382	4.10183	3.92943	7.61494	0	8.52724	3.63832	3.15295	
7.19938	4.57345	8.81308	9.62509	4.86672	0.47944	2.04381	6.32782	4.07825	2.90665	3.92115	1.94926	5.19893	3.92867	8.63619	15.4226	8.52724	0	10.1282	5.70893	
3.77244	4.21374	3.9342	0.503076	5.0299	5.22416	6.88912	6.06939	4.37457	8.29613	2.13361	3.75434	4.83612	4.73074	2.83841	2.93258	3.63832	10.1282	0	7.87689	
9.42424	9.3235	7.54386	8.42608	10.3816	5.22949	4.12514	6.09519	4.18978	7.6567	4.65766	4.81	9.94898	7.28534	7.98122	7.20346	3.15295	5.70893	7.87689	0	

0	6.06813	1.79736	4.18802	0.206468	3.03263	2.74035	6.82383	5.83321	6.65935	2.25101	6.14377	7.49409	7.17948	8.47006	3.62717	6.84078	9.1735	2.40486	3.36631	
6.06813	0	3.47705	6.9136	6.2746	4.99929	3.78602	4.9919	1.43229	0.591213	6.15768	3.88151	1.42595	4.45679	4.23133	4.78042	6.24975	3.10537	5.13044	2.76293	
1.79736	3.47705	0	6.22898	1.59089	4.41706	9.32976	5.11441	7.6032	4.3756	1.99359	7.63447	2.05109	5.08193	8.21264	8.31108	5.62219	7.00094	10.9763	4.70463	
4.18802	6.9136	6.22898	0	9.01392	6.18775	11.916	8.26847	7.36043	8.35125	4.23539	6.65754	9.96999	6.93915	10.4544	11.7732	8.19537	10.8719	1.78316	5.61123	
0.206468	6.2746	1.59089	9.01392	0	2.82616	2.94682	5.24877	3.99884	5.33155	2.45748	3.29595	3.64199	6.48625	8.89315	3.83364	5.17567	6.81972	2.61133	3.15984	
3.03263	4.99929	4.41706	6.18775	2.82616	0	4.26554	6.57064	1.17268	2.01375	7.92499	0.469784	6.35594	2.47241	5.1179	9.30115	3.59581	1.24593	6.2671	3.09611	
2.74035	3.78602	9.32976	11.916	2.94682	4.26554	0	4.19107	3.09286	3.93393	4.99136	6.23516	5.21197	8.23779	7.70444	0.994404	4.10043	5.53821	5.14521	6.11627	
6.82383	4.9919	5.11441	8.26847	5.24877	6.57064	4.19107	0	4.33188	4.26064	4.79997	2.66267	7.16551	9.5438	4.62082	3.19666	4.10476	1.88653	5.917	2.08893	
5.83321	1.43229	7.6032	7.36043	3.99884	1.17268	3.09286	4.33188	0	0.841076	5.7888	1.64246	3.16559	4.83277	5.17965	4.08726	2.42314	2.44536	6.90583	3.01279	
6.65935	0.591213	4.3756	8.35125	5.33155	2.01375	3.93393	4.26064	0.841076	0	4.88276	4.03689	2.01717	5.35535	4.82254	10.5636	3.26421	3.26074	5.72166	2.17172	
2.25101	6.15768	1.99359	4.23539	2.45748	7.92499	4.99136	4.79997	5.7888	4.88276	0	5.33737	4.04468	4.92848	6.21905	5.87818	4.72688	8.39797	4.65586	2.71104	
6.14377	3.88151	7.63447	6.65754	3.29595	0.469784	6.23516	2.66267	1.64246	4.03689	5.33737	0	5.03347	2.00263	3.51044	7.22957	4.64216	0.776143	5.79731	2.62632	
7.49409	1.42595	2.05109	9.96999	3.64199	6.35594	5.21197	7.16551	3.16559	2.01717	4.04468	5.03347	0	3.03084	5.65728	8.27307	7.67328	4.53132	6.5564	4.49623	
7.17948	4.45679	5.08193	6.93915	6.48625	2.47241	8.23779	9.5438	4.83277	5.35535	4.92848	2.00263	3.03084	0	5.20539	11.9154	9.47071	2.77877	7.3837	4.62895	
8.47006	4.23133	8.21264	10.4544	8.89315	5.1179	7.70444	4.62082	5.17965	4.82254	6.21905	3.51044	5.65728	5.20539	0	6.71003	9.1237	2.73429	9.36177	7.27444	
3.62717	4.78042	8.31108	11.7732	3.83364	9.30115	0.994404	3.19666	4.08726	10.5636	5.87818	7.22957	8.27307	11.9154	6.71003	0	5.09484	5.08319	6.03203	5.28559	
6.84078	6.24975	5.62219	8.19537	5.17567	3.59581	4.10043	4.10476	2.42314	3.26421	4.72688	4.64216	7.67328	9.47071	9.1237	5.09484	0	4.86849	5.84391	2.01583	
9.1735	3.10537	7.00094	10.8719	6.81972	1.24593	5.53821	1.88653	2.44536	3.26074	8.39797	0.776143	4.53132	2.77877	2.73429	5.08319	4.86849	0	6.57346	3.40247	
2.40486	5.13044	10.9763	1.78316	2.61133	6.2671	5.14521	5.917	6.90583	5.72166	4.65586	5.79731	6.5564	7.3837	9.36177	6.03203	5.84391	6.57346	0	3.82807	
3.36631	2.76293	4.70463	5.61123	3.15984	3.09611	6.11627	2.08893	3.01279	2.17172	2.71104	2.62632	4.49623	4.62895	7.27444	5.28559	2.01583	3.40247	3.82807	0	

0	11.0492	11.9734	5.59538	0.173187	5.85603	5.90466	4.91276	7.05713	8.0941	11.6732	9.62149	10.5365	10.4161	5.04999	3.66266	13.155	5.40679	6.81921	8.30948	
11.0492	0	4.43325	10.7618	11.2224	3.16834	4.59634	4.58235	3.79293	4.70068	2.50976	1.52026	2.54277	2.3149	6.15377	3.87149	5.05374	2.12736	11.4017	1.18563	
11.9734	4.43325	0	6.37805	15.3078	8.00741	5.7159	10.5657	9.71254	11.1614	2.70626	5.18415	6.97602	14.9095	3.66727	9.6165	10.1042	6.56061	7.60188	4.0304	
5.59538	10.7618	6.37805	0	5.76857	5.8403	7.63712	7.62688	5.48251	5.95792	9.08431	7.75519	9.09337	9.08951	6.78245	5.39512	13.412	7.13925	1.22383	8.16573	
0.173187	11.2224	15.3078	5.76857	0	10.8636	8.37886	5.08595	8.39632	7.92091	11.3885	9.79467	10.736	10.8911	10.8854	3.83585	11.1086	13.0136	13.8342	11.7896	
5.85603	3.16834	8.00741	5.8403	10.8636	0	4.43536	2.50215	0.357786	0.833197	3.00501	1.64808	3.96864	2.44273	2.044	2.19336	5.18157	3.93749	6.48022	3.041	
5.90466	4.59634	5.7159	7.63712	8.37886	4.43536	0	3.93007	4.26228	3.78687	3.00963	5.48751	6.60201	7.05225	3.62932	2.242	2.72973	3.98612	12.452	3.41071	
4.91276	4.58235	10.5657	7.62688	5.08595	2.50215	3.93007	0	2.14437	2.61978	3.54809	4.41704	5.62374	5.38369	2.58709	3.97441	6.65979	6.88514	8.2668	3.39672	
7.05713	3.79293	9.71254	5.48251	8.39632	0.357786	4.26228	2.14437	0	0.475411	4.00735	2.00587	3.29055	3.06733	2.40179	2.55115	3.8303	4.40142	6.12243	2.68322	
8.0941	4.70068	11.1614	5.95792	7.92091	0.833197	3.78687	2.61978	0.475411	0	5.6583	2.74809	2.81514	3.97507	4.9867	5.13606	3.35489	5.21619	6.59784	3.15863	
11.6732	2.50976	2.70626	9.08431	11.3885	3.00501	3.00963	3.54809	4.00735	5.6583	0	2.47788	8.15075	3.27253	0.961009	2.34834	5.73936	6.16358	9.44233	1.32413	
9.62149	1.52026	5.18415	7.75519	9.79467	1.64808	5.48751	4.41704	2.00587	2.74809	2.47788	0	4.06303	0.794647	3.43889	3.84145	3.53348	3.64762	8.39511	2.70589	
10.5365	2.54277	6.97602	9.09337	10.736	3.96864	6.60201	5.62374	3.29055	2.81514	8.15075	4.06303	0	6.12861	8.21083	9.16153	6.17002	4.67013	9.73329	3.7284	
10.4161	2.3149	14.9095	9.08951	10.8911	2.44273	7.05225	5.38369	3.06733	3.97507	3.27253	0.794647	6.12861	0	2.7966	4.18393	4.32252	4.48034	9.75355	6.31433	
5.04999	6.15377	3.66727	6.78245	10.8854	2.044	3.62932	2.58709	2.40179	4.9867	0.961009	3.43889	8.21083	2.7966	0	1.38733	7.11913	3.13145	10.4033	2.28514	
3.66266	3.87149	9.6165	5.39512	3.83585	2.19336	2.242	3.97441	2.55115	5.13606	2.34834	3.84145	9.16153	4.18393	1.38733	0	4.97172	1.74413	6.61895	5.65271	
13.155	5.05374	10.1042	13.412	11.1086	5.18157	2.72973	6.65979	3.8303	3.35489	5.73936	3.53348	6.17002	4.32252	7.11913	4.97172	0	6.98899	20.3479	6.14044	
5.40679	2.12736	6.56061	7.13925	13.0136	3.93749	3.98612	6.88514	4.40142	5.21619	6.16358	3.64762	4.67013	4.48034	3.13145	1.74413	6.98899	0	10.8632	3.31299	
6.81921	11.4017	7.60188	1.22383	13.8342	6.48022	12.452	8.2668	6.12243	6.59784	9.44233	8.39511	9.73329	9.75355	10.4033	6.61895	20.3479	10.8632	0	8.80565	
8.30948	1.18563	4.0304	8.16573	11.7896	3.041	3.41071	3.39672	2.68322	3.15863	1.32413	2.70589	3.7284	6.31433	2.28514	5.65271	6.14044	3.31299	8.80565	0	

0	8.35285	8.99297	9.81346	0.705515	7.37594	4.71375	2.91258	8.67964	8.80314	10.7347	5.26089	7.00193	7.87032	3.17088	6.35397	9.82159	7.10644	10.2214	9.19481	
8.35285	0	5.81607	12.719	5.01443	4.19903	5.12077	2.80737	4.73942	3.61512	11.3293	2.58797	3.0617	4.69342	4.67798	6.06429	4.66787	3.19585	7.0445	3.28728	
8.99297	5.81607	0	3.58537	11.0135	4.83916	5.87948	13.497	7.03939	8.21984	3.53978	3.2281	12.0356	3.78004	5.3181	5.77067	9.28996	4.56966	4.93432	11.0269	
9.81346	12.719	3.58537	0	10.519	8.50202	12.9221	9.91163	5.35279	11.1472	1.91332	6.81347	7.03051	6.54274	11.1697	9.35605	8.45914	8.76041	4.1035	11.6621	
0.705515	5.01443	11.0135	10.519	0	7.40535	4.00824	2.20706	6.96474	5.90836	11.4402	6.47039	7.70744	6.10768	3.8764	7.05949	6.13847	5.93316	10.643	11.025	
7.37594	4.19903	4.83916	8.50202	7.40535	0	3.39711	5.73997	3.14923	7.9953	9.93084	1.61106	4.82695	3.71651	3.70106	7.96261	5.10469	2.95262	4.51685	3.7241	
4.71375	5.12077	5.87948	12.9221	4.00824	3.39711	0	6.2153	5.33254	8.62915	6.72886	3.26649	4.23934	2.09944	8.40141	7.21063	2.13023	1.92493	6.48587	2.01636	
2.91258	2.80737	13.497	9.91163	2.20706	5.73997	6.2153	0	4.75767	3.7013	11.8249	5.39534	5.86907	8.01703	3.5298	6.15047	8.41389	6.00322	8.98015	6.29865	
8.67964	4.73942	7.03939	5.35279	6.96474	3.14923	5.33254	4.75767	0	4.97193	7.26611	4.74918	1.67772	3.25936	7.86879	11.1118	4.87964	3.40762	4.96253	3.49905	
8.80314	3.61512	8.21984	11.1472	5.90836	7.9953	8.62915	3.7013	4.97193	0	9.23391	6.2031	3.29421	6.52971	6.71985	2.44917	3.46759	2.68878	10.0705	2.59735	
10.7347	11.3293	3.53978	1.91332	11.4402	9.93084	6.72886	11.8249	7.26611	9.23391	0	6.73487	8.49582	4.62942	10.9314	8.84116	9.60549	8.13346	6.01682	8.2249	
5.26089	2.58797	3.2281	6.81347	6.47039	1.61106	3.26649	5.39534	4.74918	6.2031	6.73487	0	3.65598	2.10545	2.09	6.36069	2.81359	1.34156	4.45653	1.43299	
7.00193	3.0617	12.0356	7.03051	7.70744	4.82695	4.23934	5.86907	1.67772	3.29421	8.49582	3.65598	0	4.93708	10.1728	5.74338	3.06312	2.28432	6.64025	2.19288	
7.87032	4.69342	3.78004	6.54274	6.10768	3.71651	2.09944	8.01703	3.25936	6.52971	4.62942	2.10545	4.93708	0	4.19545	8.97888	4.22968	3.44701	6.56198	6.00849	
3.17088	4.67798	5.3181	11.1697	3.8764	3.70106	8.40141	3.5298	7.86879	6.71985	10.9314	2.09	10.1728	4.19545	0	4.27068	7.60719	3.43156	6.54653	8.47743	
6.35397	6.06429	5.77067	9.35605	7.05949	7.96261	7.21063	6.15047	11.1118	2.44917	8.84116	6.36069	5.74338	8.97888	4.27068	0	9.34086	9.13555	7.62129	5.04651	
9.82159	4.66787	9.28996	8.45914	6.13847	5.10469	2.13023	8.41389	4.87964	3.46759	9.60549	2.81359	3.06312	4.22968	7.60719	9.34086	0	0.961673	4.35564	0.870241	
7.10644	3.19585	4.56966	8.76041	5.93316	2.95262	1.92493	6.00322	3.40762	2.68878	8.13346	1.34156	2.28432	3.44701	3.43156	9.13555	0.961673	0	5.79809	0.0914322	
10.2214	7.0445	4.93432	4.1035	10.643	4.51685	6.48587	8.98015	4.96253	10.0705	6.01682	4.45653	6.64025	6.56198	6.54653	7.62129	4.35564	5.79809	0	5.22588	
9.19481	3.28728	11.0269	11.6621	11.025	3.7241	2.01636	6.29865	3.49905	2.59735	8.2249	1.43299	2.19288	6.00849	8.47743	5.04651	0.870241	0.0914322	5.22588	0	

0	3.30118	9.3311	5.43034	1.3323	8.55166	9.43963	4.53316	4.7968	1.47489	7.43587	12.7164	10.393	4.47088	2.63762	6.28256	6.07667	7.78366	4.26758	5.00394	
3.30118	0	7.9207	13.5704	5.44384	4.9529	5.13202	2.24297	1.9157	1.82629	8.17166	7.29578	2.53759	5.17699	3.36504	3.8081	6.67967	1.86421	8.53479	5.35535	
9.3311	7.9207	0	7.69153	7.46031	6.30022	8.76445	5.67773	7.46578	6.24453	10.3181	7.82347	5.67253	6.42835	9.21831	5.57337	9.77467	12.2879	6.52877	2.71548	
5.43034	13.5704	7.69153	0	6.70126	14.6132	8.54549	9.90212	11.8275	9.96754	4.95212	9.61162	12.6483	5.76457	7.50065	5.02893	6.63933	7.83335	1.16277	7.08202	
1.3323	5.44384	7.46031	6.70126	0	5.91079	10.4751	3.20087	5.08776	2.80719	10.7487	8.25367	7.70188	5.80318	2.92859	6.57352	6.36763	11.0937	5.59987	4.74483	
8.55166	4.9529	6.30022	14.6132	5.91079	0	2.46423	2.70993	5.63933	7.07677	8.92846	1.52325	3.29389	7.39652	7.32966	3.74693	4.37038	6.85165	7.61309	3.68364	
9.43963	5.13202	8.76445	8.54549	10.4751	2.46423	0	5.17415	4.63704	9.17172	7.93373	1.20458	2.59444	4.96874	5.3452	4.97533	1.90615	4.4687	8.84149	5.55148	
4.53316	2.24297	5.67773	9.90212	3.20087	2.70993	5.17415	0	4.15867	4.06927	11.4752	4.23317	4.78056	9.52578	6.12945	6.45685	10.1554	4.10718	10.1602	6.39357	
4.7968	1.9157	7.46578	11.8275	5.08776	5.63933	4.63704	4.15867	0	3.69793	12.4916	9.9275	3.7261	3.48112	2.15918	1.89241	4.9838	0.168337	5.75857	7.8545	
1.47489	1.82629	6.24453	9.96754	2.80719	7.07677	9.17172	4.06927	3.69793	0	6.34537	8.60002	4.36388	4.20298	1.53875	5.18368	4.9778	3.6905	5.74247	3.52905	
7.43587	8.17166	10.3181	4.95212	10.7487	8.92846	7.93373	11.4752	12.4916	6.34537	0	10.585	5.63457	2.96499	7.88411	7.65552	13.9859	6.27777	3.78936	6.67786	
12.7164	7.29578	7.82347	9.61162	8.25367	1.52325	1.20458	4.23317	9.9275	8.60002	10.585	0	3.79902	6.17332	8.85291	5.27017	3.11073	5.67328	8.44885	5.20689	
10.393	2.53759	5.67253	12.6483	7.70188	3.29389	2.59444	4.78056	3.7261	4.36388	5.63457	3.79902	0	6.66992	7.75356	4.10863	4.50059	3.55776	7.97479	2.95705	
4.47088	5.17699	6.42835	5.76457	5.80318	7.39652	4.96874	9.52578	3.48112	4.20298	2.96499	6.17332	6.66992	0	5.74172	9.94407	6.8749	3.31278	6.75434	3.71287	
2.63762	3.36504	9.21831	7.50065	2.92859	7.32966	5.3452	6.12945	2.15918	1.53875	7.88411	8.85291	7.75356	5.74172	0	3.64493	3.43905	2.32751	6.33788	5.0678	
6.28256	3.8081	5.57337	5.02893	6.57352	3.74693	4.97533	6.45685	1.89241	5.18368	7.65552	5.27017	4.10863	9.94407	3.64493	0	5.49261	2.06074	3.86616	7.06568	
6.07667	6.67967	9.77467	6.63933	6.36763	4.37038	1.90615	10.1554	4.9838	4.9778	13.9859	3.11073	4.50059	6.8749	3.43905	5.49261	0	4.81546	7.8021	8.19103	
7.78366	1.86421	12.2879	7.83335	11.0937	6.85165	4.4687	4.10718	0.168337	3.6905	6.27777	5.67328	3.55776	3.31278	2.32751	2.06074	4.81546	0	6.67058	6.51481	
4.26758	8.53479	6.52877	1.16277	5.59987	7.61309	8.84149	10.1602	5.75857	5.74247	3.78936	8.44885	7.97479	6.75434	6.33788	3.86616	7.8021	6.67058	0	5.91925	
5.00394	5.35535	2.71548	7.08202	4.74483	3.68364	5.55148	6.39357	7.8545	3.52905	6.67786	5.20689	2.95705	3.71287	5.0678	7.06568	8.19103	6.51481	5.91925	0	

0	13.0079	7.25835	8.25547	0.277136	7.38506	5.42087	12.4918	5.37551	4.10506	3.59892	6.99064	5.21439	10.3994	9.47437	1.47358	9.52235	5.1652	16.0428	5.01807	
13.0079	0	4.61115	2.20692	8.1205	1.60696	3.57115	3.76864	2.48309	3.43532	3.39595	2.81812	2.32599	4.71255	5.28452	6.72515	6.38428	3.23244	6.97811	3.18065	
7.25835	4.61115	0	7.89188	7.53549	3.0042	4.96839	4.42395	3.88033	5.0147	4.31288	4.21536	6.12404	3.14102	5.80855	6.11058	5.16135	3.709	11.6818	2.56608	
8.25547	2.20692	7.89188	0	4.51082	3.81387	8.25675	13.117	7.68858	11.1097	1.18903	5.10439	4.5329	2.3609	4.34368	9.39156	11.2916	5.43935	4.7712	5.38757	
0.277136	8.1205	7.53549	4.51082	0	9.24149	5.69801	5.42426	7.49922	4.38219	3.32178	6.6128	10.5786	4.49365	6.47643	1.75071	8.95722	4.88806	12.7495	6.03098	
7.38506	1.60696	3.0042	3.81387	9.24149	0	1.96419	5.36994	0.876134	2.14659	6.494	1.21117	3.93294	6.14521	6.62552	7.82037	4.77733	2.9359	11.2977	4.78761	
5.42087	3.57115	4.96839	8.25675	5.69801	1.96419	0	12.954	2.84033	5.85049	7.06772	2.9649	9.38719	8.23959	9.21146	6.89445	6.74152	4.68964	15.4832	8.88829	
12.4918	3.76864	4.42395	13.117	5.42426	5.36994	12.954	0	3.14736	1.78464	2.4548	2.26094	3.56684	1.28293	6.52538	8.88718	4.60536	0.536202	13.0841	1.67913	
5.37551	2.48309	3.88033	7.68858	7.49922	0.876134	2.84033	3.14736	0	1.27046	7.37014	2.0873	2.37979	5.77674	5.74938	8.6965	5.65346	2.5189	12.2476	3.75409	
4.10506	3.43532	5.0147	11.1097	4.38219	2.14659	5.85049	1.78464	1.27046	0	8.52396	2.88559	1.10933	8.15572	4.06787	5.57863	5.3176	1.24844	19.9077	2.39137	
3.59892	3.39595	4.31288	1.18903	3.32178	6.494	7.06772	2.4548	7.37014	8.52396	0	7.70517	6.11318	1.17187	3.15465	8.20252	11.2713	8.20985	5.96023	6.39712	
6.99064	2.81812	4.21536	5.10439	6.6128	1.21117	2.9649	2.26094	2.0873	2.88559	7.70517	0	3.99492	7.61003	8.15926	9.03153	5.79389	1.72473	15.7786	2.86766	
5.21439	2.32599	6.12404	4.5329	10.5786	3.93294	9.38719	3.56684	2.37979	1.10933	6.11318	3.99492	0	4.84977	2.95853	13.7392	9.75967	2.35777	18.3954	5.50664	
10.3994	4.71255	3.14102	2.3609	4.49365	6.14521	8.23959	1.28293	5.77674	8.15572	1.17187	7.61003	4.84977	0	4.32651	9.37439	7.84664	1.81913	16.6053	5.70709	
9.47437	5.28452	5.80855	4.34368	6.47643	6.62552	9.21146	6.52538	5.74938	4.06787	3.15465	8.15926	2.95853	4.32651	0	6.78697	10.5178	4.38539	14.319	3.24247	
1.47358	6.72515	6.11058	9.39156	1.75071	7.82037	6.89445	8.88718	8.6965	5.57863	8.20252	9.03153	13.7392	9.37439	6.78697	0	10.9139	4.68742	16.012	3.5445	
9.52235	6.38428	5.16135	11.2916	8.95722	4.77733	6.74152	4.60536	5.65346	5.3176	11.2713	5.79389	9.75967	7.84664	10.5178	10.9139	0	4.06916	6.52041	5.21208	
5.1652	3.23244	3.709	5.43935	4.88806	2.9359	4.68964	0.536202	2.5189	1.24844	8.20985	1.72473	2.35777	1.81913	4.38539	4.68742	4.06916	0	10.5896	1.14292	
16.0428	6.97811	11.6818	4.7712	12.7495	11.2977	15.4832	13.0841	12.2476	19.9077	5.96023	15.7786	18.3954	16.6053	14.319	16.012	6.52041	10.5896	0	18.6794	
5.01807	3.18065	2.56608	5.38757	6.03098	4.78761	8.88829	1.67913	3.75409	2.39137	6.39712	2.86766	5.50664	5.70709	3.24247	3.5445	5.21208	1.14292	18.6794	0	

0	7.52221	7.00993	4.53879	0.521739	8.54215	5.86744	4.74	9.42309	6.7365	5.46566	8.69465	8.70433	11.3607	7.16823	2.54106	14.8748	6.32745	6.73241	5.77574	
7.52221	0	3.60082	9.21331	8.0059	5.13303	2.6602	4.367	4.53794	5.56778	2.05654	6.49089	1.73515	3.7558	9.60276	3.76353	4.85545	2.53751	11.4477	3.87952	
7.00993	3.60082	0	8.70104	11.3292	4.62076	7.37804	8.06633	11.5111	11.9963	1.54427	5.97862	4.85143	10.2129	7.61773	3.25126	5.18279	8.83026	8.00296	7.3579	
4.53879	9.21331	8.70104	0	5.06053	6.10478	6.44412	9.2788	8.79471	11.2753	7.15677	4.80682	7.40992	6.82195	2.62943	4.89695	5.06437	5.27112	2.19362	3.92911	
0.521739	8.0059	11.3292	5.06053	0	7.42967	5.3457	5.26174	8.32197	6.53162	3.72631	3.65792	8.73481	6.44131	4.28684	2.01932	7.54095	6.59601	5.34316	5.254	
8.54215	5.13303	4.62076	6.10478	7.42967	0	3.91576	5.62257	0.939488	5.69179	3.07648	3.10438	4.42058	3.16031	8.60089	4.74298	7.02673	2.66152	5.71759	2.17567	
5.86744	2.6602	7.37804	6.44412	5.3457	3.91576	0	1.70681	2.97627	4.48385	4.71674	4.73617	3.83046	1.09561	4.63019	4.02567	2.19525	1.45357	7.34951	2.51501	
4.74	4.367	8.06633	9.2788	5.26174	5.62257	1.70681	0	4.68308	6.06225	8.87972	11.1797	8.16417	2.80241	10.3087	5.73248	3.90206	3.16038	13.8463	4.22182	
9.42309	4.53794	11.5111	8.79471	8.32197	0.939488	2.97627	4.68308	0	7.63996	4.01597	4.04387	3.48109	2.22082	8.76322	6.77459	5.17152	3.60101	9.24197	3.11516	
6.7365	5.56778	11.9963	11.2753	6.53162	5.69179	4.48385	6.06225	7.63996	0	6.21928	5.11746	4.15887	8.75802	6.77981	4.5123	10.89	3.03027	7.73067	4.37229	
5.46566	2.05654	1.54427	7.15677	3.72631	3.07648	4.71674	8.87972	4.01597	6.21928	0	3.34558	3.30716	6.60193	3.9745	1.70698	6.72706	4.59405	5.03082	5.25216	
8.69465	6.49089	5.97862	4.80682	3.65792	3.10438	4.73617	11.1797	4.04387	5.11746	3.34558	0	4.92086	3.64057	3.90611	1.6386	5.77257	4.80743	2.61321	5.28006	
8.70433	1.73515	4.85143	7.40992	8.73481	4.42058	3.83046	8.16417	3.48109	4.15887	3.30716	4.92086	0	5.70191	9.44214	5.01415	7.55096	2.37688	7.53407	3.48081	
11.3607	3.7558	10.2129	6.82195	6.44131	3.16031	1.09561	2.80241	2.22082	8.75802	6.60193	3.64057	5.70191	0	7.6026	5.12127	3.29086	2.54918	6.25377	3.61061	
7.16823	9.60276	7.61773	2.62943	4.28684	8.60089	4.63019	10.3087	8.76322	6.77981	3.9745	3.90611	9.44214	7.6026	0	2.26751	2.43494	7.06526	4.82305	6.55854	
2.54106	3.76353	3.25126	4.89695	2.01932	4.74298	4.02567	5.73248	6.77459	4.5123	1.70698	1.6386	5.01415	5.12127	2.26751	0	4.70245	5.47924	3.32384	6.54068	
14.8748	4.85545	5.18279	5.06437	7.54095	7.02673	2.19525	3.90206	5.17152	10.89	6.72706	5.77257	7.55096	3.29086	2.43494	4.70245	0	3.64883	8.38578	4.71026	
6.32745	2.53751	8.83026	5.27112	6.59601	2.66152	1.45357	3.16038	3.60101	3.03027	4.59405	4.80743	2.37688	2.54918	7.06526	5.47924	3.64883	0	7.42064	1.34201	
6.73241	11.4477	8.00296	2.19362	5.34316	5.71759	7.34951	13.8463	9.24197	7.73067	5.03082	2.61321	7.53407	6.25377	4.82305	3.32384	8.38578	7.42064	0	6.12272	
5.77574	3.87952	7.3579	3.92911	5.254	2.17567	2.51501	4.22182	3.11516	4.37229	5.25216	5.28006	3.48081	3.61061	6.55854	6.54068	4.71026	1.34201	6.12272	0	

0	4.39941	9.12858	11.2147	0.754755	8.32824	6.42758	8.10235	9.33215	6.59293	8.90047	5.49234	6.43548	8.44543	3.36111	3.03177	4.99924	4.18519	12.4887	6.86634	
4.39941	0	5.2641	9.44045	5.15416	1.69012	2.02818	3.72328	4.1911	2.19353	5.38146	1.09293	2.91648	4.04603	3.18782	3.47341	1.50594	3.24333	5.46955	4.45457	
9.12858	5.2641	0	8.59657	9.95324	2.34293	6.87886	7.5303	6.41426	4.78342	4.65976	6.49965	2.6931	1.21807	5.33491	8.17949	8.60028	2.78635	4.46543	5.95549	
11.2147	9.44045	8.59657	0	8.80048	8.64806	13.184	16.3183	9.42151	7.40715	5.96478	12.8048	6.52397	7.52321	6.19412	8.1544	7.876	9.09148	4.13113	8.03985	
0.754755	5.15416	9.95324	8.80048	0	9.86001	8.65747	7.3476	6.96799	5.06081	6.95177	7.72222	7.19024	6.72319	2.60636	3.78652	4.28824	10.3034	13.6578	4.45209	
8.32824	1.69012	2.34293	8.64806	9.86001	0	3.3925	5.79954	0.262262	5.19475	3.14622	0.597188	3.10442	1.12485	2.81185	4.41575	2.44828	2.59767	5.55263	0.966112	
6.42758	2.02818	6.87886	13.184	8.65747	3.3925	0	5.75146	5.63261	4.22171	9.10247	3.12111	4.94466	2.78344	4.27212	2.36858	2.78413	1.21516	8.64358	2.42639	
8.10235	3.72328	7.5303	16.3183	7.3476	5.79954	5.75146	0	6.58754	5.91681	5.01981	4.81622	6.63977	7.37851	8.60559	6.96365	5.22922	5.81023	6.85345	7.29139	
9.33215	4.1911	6.41426	9.42151	6.96799	0.262262	5.63261	6.58754	0	6.81609	2.88396	0.85945	3.36668	1.38711	4.36163	4.81594	2.71054	6.65119	4.7176	1.22837	
6.59293	2.19353	4.78342	7.40715	5.06081	5.19475	4.22171	5.91681	6.81609	0	4.55531	3.28646	2.09032	6.23956	2.45445	4.41473	3.69947	6.58271	3.27602	4.30019	
8.90047	5.38146	4.65976	5.96478	6.95177	3.14622	9.10247	5.01981	2.88396	4.55531	0	7.42159	2.46498	3.44168	4.34541	6.30569	5.73243	5.00996	1.83364	5.72738	
5.49234	1.09293	6.49965	12.8048	7.72222	0.597188	3.12111	4.81622	0.85945	3.28646	7.42159	0	3.70161	1.72204	7.959	17.7748	2.59887	5.91536	8.80331	1.5633	
6.43548	2.91648	2.6931	6.52397	7.19024	3.10442	4.94466	6.63977	3.36668	2.09032	2.46498	3.70161	0	3.91117	4.54478	8.50938	4.42242	4.89395	4.29863	3.26239	
8.44543	4.04603	1.21807	7.52321	6.72319	1.12485	2.78344	7.37851	1.38711	6.23956	3.44168	1.72204	3.91117	0	4.11683	2.7217	3.57313	1.56828	5.12056	2.09096	
3.36111	3.18782	5.33491	6.19412	2.60636	2.81185	4.27212	8.60559	4.36163	2.45445	4.34541	7.959	4.54478	4.11683	0	1.96028	1.68188	3.1137	5.73047	1.84573	
3.03177	3.47341	8.17949	8.1544	3.78652	4.41575	2.36858	6.96365	4.81594	4.41473	6.30569	17.7748	8.50938	2.7217	1.96028	0	1.96747	1.15342	10.8403	2.78499	
4.99924	1.50594	8.60028	7.876	4.28824	2.44828	2.78413	5.22922	2.71054	3.69947	5.73243	2.59887	4.42242	3.57313	1.68188	1.96747	0	3.1209	8.13884	3.41439	
4.18519	3.24333	2.78635	9.09148	10.3034	2.59767	1.21516	5.81023	6.65119	6.58271	5.00996	5.91536	4.89395	1.56828	3.1137	1.15342	3.1209	0	6.68884	1.63156	
12.4887	5.46955	4.46543	4.13113	13.6578	5.55263	8.64358	6.85345	4.7176	3.27602	1.83364	8.80331	4.29863	5.12056	5.73047	10.8403	8.13884	6.68884	0	8.82182	
6.86634	4.45457	5.95549	8.03985	4.45209	0.966112	2.42639	7.29139	1.22837	4.30019	5.72738	1.5633	3.26239	2.09096	1.84573	2.78499	3.41439	1.63156	8.82182	0	

0	8.48424	14.4779	10.3418	0.804635	10.1025	6.47439	9.54277	6.45459	8.89838	5.31577	11.6701	17.0829	9.60984	2.67529	8.4966	5.19419	6.82034	8.42739	12.1546	
8.48424	0	14.6891	18.0611	8.83295	2.3185	4.54903	6.86043	3.183	1.32296	9.87662	4.1583	5.08134	3.46932	3.52147	5.67311	3.29005	3.64632	6.12399	5.60071	
14.4779	14.6891	0	6.53294	10.3306	5.99329	4.26486	11.4721	11.5061	8.83378	12.1845	5.22159	7.88233	5.39286	7.87352	2.63868	5.54506	4.97089	10.8716	6.65848	
10.3418	18.0611	6.53294	0	11.1465	7.24887	14.0205	13.495	16.7811	7.72736	9.58536	12.1761	9.1379	7.33559	11.5563	3.89426	15.536	16.3052	2.92633	8.81366	
0.804635	8.83295	10.3306	11.1465	0	3.07363	6.72174	3.80929	5.64996	6.33386	4.51113	7.84738	7.25406	4.35132	1.87065	7.69197	5.99882	6.01571	9.23202	5.06995	
10.1025	2.3185	5.99329	7.24887	3.07363	0	2.03386	3.14162	2.87967	3.64146	11.0783	1.8398	2.56618	1.15083	1.20298	3.35461	5.03906	1.32783	11.0896	4.40228	
6.47439	4.54903	4.26486	14.0205	6.72174	2.03386	0	4.56191	3.15415	5.01503	7.08548	0.956728	1.94439	3.01699	4.96183	6.90354	1.28021	0.706036	8.28095	2.39362	
9.54277	6.86043	11.4721	13.495	3.80929	3.14162	4.56191	0	5.19558	5.53747	6.86016	5.74012	5.9017	4.4193	1.93864	9.52059	4.34858	6.68748	8.05563	2.16829	
6.45459	3.183	11.5061	16.7811	5.64996	2.87967	3.15415	5.19558	0	4.50596	6.25951	2.19742	2.19397	4.03049	4.08264	6.23428	6.47305	3.43232	9.44286	5.15419	
8.89838	1.32296	8.83378	7.72736	6.33386	3.64146	5.01503	5.53747	4.50596	0	8.33091	5.50118	4.26537	3.44092	4.46321	6.88225	4.61302	4.309	4.80103	4.27775	
5.31577	9.87662	12.1845	9.58536	4.51113	11.0783	7.08548	6.86016	6.25951	8.33091	0	8.26369	4.06554	12.9872	6.38178	9.30919	11.2798	5.30389	10.4113	4.69186	
11.6701	4.1583	5.22159	12.1761	7.84738	1.8398	0.956728	5.74012	2.19742	5.50118	8.26369	0	4.39139	2.06026	3.04278	5.19441	2.23693	1.66276	9.24978	3.35035	
17.0829	5.08134	7.88233	9.1379	7.25406	2.56618	1.94439	5.9017	2.19397	4.26537	4.06554	4.39139	0	6.6622	5.98719	5.24365	9.77966	1.23835	9.06639	6.50251	
9.60984	3.46932	5.39286	7.33559	4.35132	1.15083	3.01699	4.4193	4.03049	3.44092	12.9872	2.06026	6.6622	0	2.3538	3.44133	6.12032	2.47865	8.24195	5.63209	
2.67529	3.52147	7.87352	11.5563	1.87065	1.20298	4.96183	1.93864	4.08264	4.46321	6.38178	3.04278	5.98719	2.3538	0	4.55759	6.28722	2.5308	9.08663	3.1993	
8.4966	5.67311	2.63868	3.89426	7.69197	3.35461	6.90354	9.52059	6.23428	6.88225	9.30919	5.19441	5.24365	3.44133	4.55759	0	8.49243	4.68244	6.82059	11.7462	
5.19419	3.29005	5.54506	15.536	5.99882	5.03906	1.28021	4.34858	6.47305	4.61302	11.2798	2.23693	9.77966	6.12032	6.28722	8.49243	0	1.98624	11.5251	3.67382	
6.82034	3.64632	4.97089	16.3052	6.01571	1.32783	0.706036	6.68748	3.43232	4.309	5.30389	1.66276	1.23835	2.47865	2.5308	4.68244	1.98624	0	9.11002	3.09965	
8.42739	6.12399	10.8716	2.92633	9.23202	11.0896	8.28095	8.05563	9.44286	4.80103	10.4113	9.24978	9.06639	8.24195	9.08663	6.82059	11.5251	9.11002	0	5.88733	
12.1546	5.60071	6.65848	8.81366	5.06995	4.40228	2.39362	2.16829	5.15419	4.27775	4.69186	3.35035	6.50251	5.63209	3.1993	11.7462	3.67382	3.09965	5.88733	0	

0	5.74691	9.38009	7.11515	0.91807	3.62872	4.03614	6.17129	4.94783	9.17436	7.17455	4.45842	9.91748	5.22894	6.06976	4.08288	8.0784	7.3103	2.85545	11.5067	
5.74691	0	6.92466	6.74795	9.50095	2.11819	3.68701	1.76558	3.4373	0.621218	3.58789	2.9479	3.31969	4.60531	5.19419	2.23809	3.18555	0.949073	12.5608	4.70345	
9.38009	6.92466	0	5.81679	11.9032	7.40892	9.19146	5.6854	5.00853	8.69723	3.86308	8.29805	3.60497	10.7273	3.31033	4.45312	5.31898	6.93049	8.82914	3.74928	
7.11515	6.74795	5.81679	0	6.19708	10.0771	9.31515	9.72445	13.1825	6.12673	9.67988	10.9793	9.42176	8.24235	9.12712	9.3619	11.1444	8.90795	6.69414	9.56607	
0.91807	9.50095	11.9032	6.19708	0	4.54678	3.11807	9.86245	9.43199	12.3238	8.04014	11.9439	9.93883	5.86178	4.3076	3.16481	3.61953	4.45383	3.77352	8.56025	
3.62872	2.11819	7.40892	10.0771	4.54678	0	4.50925	2.54257	1.31911	2.73941	3.54583	0.829707	2.72267	3.56671	9.26178	4.97061	3.76037	3.06726	6.48417	4.91861	
4.03614	3.68701	9.19146	9.31515	3.11807	4.50925	0	7.05183	5.82836	5.85602	2.04255	3.43213	7.47953	2.74371	2.51011	2.82536	0.50146	6.39995	10.7892	2.40138	
6.17129	1.76558	5.6854	9.72445	9.86245	2.54257	7.05183	0	3.86169	2.38679	1.82231	3.37228	4.97644	8.68655	7.42167	8.56446	3.3634	2.71465	11.7737	2.93787	
4.94783	3.4373	5.00853	13.1825	9.43199	1.31911	5.82836	3.86169	0	5.8448	4.86494	2.14882	1.40356	6.21674	7.94267	3.84952	5.49942	2.56049	7.33717	3.44213	
9.17436	0.621218	8.69723	6.12673	12.3238	2.73941	5.85602	2.38679	5.8448	0	6.89565	4.46703	3.94091	4.71736	7.36321	7.19778	3.80677	1.57029	12.8209	7.13082	
7.17455	3.58789	3.86308	9.67988	8.04014	3.54583	2.04255	1.82231	4.86494	6.89565	0	4.37554	7.17374	6.86423	3.54973	3.86499	1.54109	3.84876	9.95135	3.44101	
4.45842	2.9479	8.29805	10.9793	11.9439	0.829707	3.43213	3.37228	2.14882	4.46703	4.37554	0	6.58734	2.737	4.93931	5.25457	2.93067	4.51129	13.1115	4.54877	
9.91748	3.31969	3.60497	9.42176	9.93883	2.72267	7.47953	4.97644	1.40356	3.94091	7.17374	6.58734	0	6.98176	6.9153	4.61454	3.93849	3.32552	8.74073	2.03856	
5.22894	4.60531	10.7273	8.24235	5.86178	3.56671	2.74371	8.68655	6.21674	4.71736	6.86423	2.737	6.98176	0	7.49033	4.94526	3.24517	3.65624	8.08439	7.28577	
6.06976	5.19419	3.31033	9.12712	4.3076	9.26178	2.51011	7.42167	7.94267	7.36321	3.54973	4.93931	6.9153	7.49033	0	1.14279	2.00865	2.43181	4.73345	3.90857	
4.08288	2.23809	4.45312	9.3619	3.16481	4.97061	2.82536	8.56446	3.84952	7.19778	3.86499	5.25457	4.61454	4.94526	1.14279	0	2.3239	1.28902	3.59066	4.22383	
8.0784	3.18555	5.31898	11.1444	3.61953	3.76037	0.50146	3.3634	5.49942	3.80677	1.54109	2.93067	3.93849	3.24517	2.00865	2.3239	0	3.61292	5.91457	1.89993	
7.3103	0.949073	6.93049	8.90795	4.45383	3.06726	6.39995	2.71465	2.56049	1.57029	3.84876	4.51129	3.32552	3.65624	2.43181	1.28902	3.61292	0	4.87968	5.36408	
2.85545	12.5608	8.82914	6.69414	3.77352	6.48417	10.7892	11.7737	7.33717	12.8209	9.95135	13.1115	8.74073	8.08439	4.73345	3.59066	5.91457	4.87968	0	10.6189	
11.5067	4.70345	3.74928	9.56607	8.56025	4.91861	2.40138	2.93787	3.44213	7.13082	3.44101	4.54877	2.03856	7.28577	3.90857	4.22383	1.89993	5.36408	10.6189	0	

0	8.27435	10.6704	12.8987	0.321423	3.22751	5.49665	7.41502	4.68517	12.1136	6.18278	4.70044	6.12195	8.18352	2.1843	4.28674	6.19253	5.00264	19.4776	3.05381	
8.27435	0	7.70961	10.2962	3.79216	5.44039	4.54044	4.85691	6.64782	7.35598	10.0802	3.96747	5.6404	5.25112	1.92928	2.58446	2.08182	3.32753	11.5135	8.70855	
10.6704	7.70961	0	7.23271	11.828	4.05347	6.95513	11.5383	2.59581	14.2755	5.76744	7.88959	7.29112	4.79192	9.63889	13.9617	7.16181	9.56539	3.80392	7.61656	
12.8987	10.2962	7.23271	0	10.2298	8.73551	10.496	15.5499	7.27785	19.4354	5.3923	11.1368	11.9732	9.47396	8.36694	8.61194	9.74006	9.76519	3.42878	12.9388	
0.321423	3.79216	11.828	10.2298	0	3.54894	7.73374	11.1884	12.3331	22.3347	5.86135	9.85038	13.7072	20.1356	1.86288	2.51807	6.51396	3.26113	7.82487	3.37523	
3.22751	5.44039	4.05347	8.73551	3.54894	0	3.3027	4.18751	1.45766	5.30944	5.35725	1.47292	4.28161	2.75657	3.97745	4.63264	5.88907	4.86777	7.32077	6.28132	
5.49665	4.54044	6.95513	10.496	7.73374	3.3027	0	6.24287	4.35932	3.19891	1.87239	1.82977	5.51098	3.11343	4.1555	5.19229	2.45862	2.75725	3.83591	2.44284	
7.41502	4.85691	11.5383	15.5499	11.1884	4.18751	6.24287	0	5.64517	10.1502	5.32706	4.41309	8.46912	5.69675	6.78619	6.96875	6.93873	9.05528	7.29058	11.6574	
4.68517	6.64782	2.59581	7.27785	12.3331	1.45766	4.35932	5.64517	0	5.87534	6.23171	2.93058	4.6953	2.19611	5.43511	8.72979	4.566	6.32543	6.39974	6.80216	
12.1136	7.35598	14.2755	19.4354	22.3347	5.30944	3.19891	10.1502	5.87534	0	14.2433	4.96288	1.83962	3.67923	1.83992	7.09975	7.71849	0.441666	16.9478	2.3905	
6.18278	10.0802	5.76744	5.3923	5.86135	5.35725	1.87239	5.32706	6.23171	14.2433	0	3.70216	9.52921	13.274	7.72424	7.06468	4.33101	4.62964	1.96352	4.31523	
4.70044	3.96747	7.88959	11.1368	9.85038	1.47292	1.82977	4.41309	2.93058	4.96288	3.70216	0	5.75454	1.28365	5.45038	5.96771	4.2884	4.58702	10.9252	4.27261	
6.12195	5.6404	7.29112	11.9732	13.7072	4.28161	5.51098	8.46912	4.6953	1.83962	9.52921	5.75454	0	5.51884	4.70482	5.26013	7.72222	2.28128	19.8127	3.06814	
8.18352	5.25112	4.79192	9.47396	20.1356	2.75657	3.11343	5.69675	2.19611	3.67923	13.274	1.28365	5.51884	0	9.27115	7.25136	4.03926	4.12089	12.2089	5.12971	
2.1843	1.92928	9.63889	8.36694	1.86288	3.97745	4.1555	6.78619	5.43511	1.83992	7.72424	5.45038	4.70482	9.27115	0	0.655184	4.0111	1.39825	11.7957	3.34708	
4.28674	2.58446	13.9617	8.61194	2.51807	4.63264	5.19229	6.96875	8.72979	7.09975	7.06468	5.96771	5.26013	7.25136	0.655184	0	7.65092	2.05344	10.2425	7.34055	
6.19253	2.08182	7.16181	9.74006	6.51396	5.88907	2.45862	6.93873	4.566	7.71849	4.33101	4.2884	7.72222	4.03926	4.0111	7.65092	0	5.21587	13.1688	4.90146	
5.00264	3.32753	9.56539	9.76519	3.26113	4.86777	2.75725	9.05528	6.32543	0.441666	4.62964	4.58702	2.28128	4.12089	1.39825	2.05344	5.21587	0	16.5062	1.94883	
19.4776	11.5135	3.80392	3.42878	7.82487	7.32077	3.83591	7.29058	6.39974	16.9478	1.96352	10.9252	19.8127	12.2089	11.7957	10.2425	13.1688	16.5062	0	11.4205	
3.05381	8.70855	7.61656	12.9388	3.37523	6.28132	2.44284	11.6574	6.80216	2.3905	4.31523	4.27261	3.06814	5.12971	3.34708	7.34055	4.90146	1.94883	11.4205	0	

0	8.40727	5.5892	12.6228	0.296317	8.94303	5.33625	7.25826	4.61005	9.76672	5.86995	11.278	10.4608	7.57346	2.83809	1.42772	10.1171	12.4365	6.56319	11.8639	
8.40727	0	8.42262	8.50081	7.15817	1.28234	4.84072	2.96711	1.61914	2.03367	5.07362	1.67418	3.25232	5.75107	4.6164	6.61597	4.73264	1.33756	7.38871	4.42898	
5.5892	8.42262	0	6.55508	5.29288	7.14028	7.62995	7.00259	7.47708	6.40853	3.81749	6.92723	4.98313	3.2808	5.89656	6.42429	8.24714	6.89789	5.65526	8.49716	
12.6228	8.50081	6.55508	0	9.80894	5.83201	7.33033	5.3645	5.49521	7.93627	7.12288	7.72394	8.56705	4.75271	3.67214	9.10559	10.6619	10.5427	0.899822	8.33608	
0.296317	7.15817	5.29288	9.80894	0	4.65052	4.08716	7.55458	4.31373	6.75479	4.62085	7.66044	10.276	6.32436	2.54178	1.13141	8.86799	10.5518	5.31409	7.1546	
8.94303	1.28234	7.14028	5.83201	4.65052	0	1.35979	1.68477	0.336795	0.751329	3.50158	0.391835	4.88732	5.24072	5.89874	3.94717	3.4503	2.61991	8.23192	3.17766	
5.33625	4.84072	7.62995	7.33033	4.08716	1.35979	0	6.28378	1.83512	4.05864	3.62445	0.967957	5.59578	5.32797	1.54538	5.4455	5.00119	6.43702	4.31769	4.67599	
7.25826	2.96711	7.00259	5.3645	7.55458	1.68477	6.28378	0	2.02157	2.4361	8.08368	2.07661	3.20255	3.72179	7.50437	8.12881	5.13507	5.11731	6.26433	7.3593	
4.61005	1.61914	7.47708	5.49521	4.31373	0.336795	1.83512	2.02157	0	1.08812	6.45645	0.728631	6.18132	5.57751	3.3805	3.61038	3.78709	4.34316	6.39503	2.84087	
9.76672	2.03367	6.40853	7.93627	6.75479	0.751329	4.05864	2.4361	1.08812	0	6.20043	1.14316	6.5554	5.99204	5.97585	6.05144	4.20163	6.06438	8.74816	5.28193	
5.86995	5.07362	3.81749	7.12288	4.62085	3.50158	3.62445	8.08368	6.45645	6.20043	0	3.10974	7.73757	5.57606	2.07907	4.894	7.14297	6.41118	4.85139	8.05148	
11.278	1.67418	6.92723	7.72394	7.66044	0.391835	0.967957	2.07661	0.728631	1.14316	3.10974	0	4.62783	5.63255	2.51334	6.71903	3.84213	5.46906	9.33279	4.94174	
10.4608	3.25232	4.98313	8.56705	10.276	4.88732	5.59578	3.20255	6.18132	6.5554	7.73757	4.62783	0	6.92434	11.6698	9.7917	8.66106	1.91476	10.6384	5.00617	
7.57346	5.75107	3.2808	4.75271	6.32436	5.24072	5.32797	3.72179	5.57751	5.99204	5.57606	5.63255	6.92434	0	3.78259	8.44731	8.69101	7.08863	5.65253	10.8847	
2.83809	4.6164	5.89656	3.67214	2.54178	5.89874	1.54538	7.50437	3.3805	5.97585	2.07907	2.51334	11.6698	3.78259	0	3.67318	6.32621	5.95396	2.77231	11.1678	
1.42772	6.61597	6.42429	9.10559	1.13141	3.94717	5.4455	8.12881	3.61038	6.05144	4.894	6.71903	9.7917	8.44731	3.67318	0	8.03235	9.84848	11.1171	6.45125	
10.1171	4.73264	8.24714	10.6619	8.86799	3.4503	5.00119	5.13507	3.78709	4.20163	7.14297	3.84213	8.66106	8.69101	6.32621	8.03235	0	9.50229	9.09853	6.70685	
12.4365	1.33756	6.89789	10.5427	10.5518	2.61991	6.43702	5.11731	4.34316	6.06438	6.41118	5.46906	1.91476	7.08863	5.95396	9.84848	9.50229	0	12.8765	3.09142	
6.56319	7.38871	5.65526	0.899822	5.31409	8.23192	4.31769	6.26433	6.39503	8.74816	4.85139	9.33279	10.6384	5.65253	2.77231	11.1171	9.09853	12.8765	0	12.9695	
11.8639	4.42898	8.49716	8.33608	7.1546	3.17766	4.67599	7.3593	2.84087	5.28193	8.05148	4.94174	5.00617	10.8847	11.1678	6.45125	6.70685	3.09142	12.9695	0	

0	15.7003	10.3127	10.4635	0.380274	12.6367	16.0052	9.56171	13.3686	21.2065	3.85011	6.5231	8.21387	9.93765	1.14385	5.74547	6.60887	8.59428	4.18958	7.98537	
15.7003	0	12.055	6.96897	9.95962	3.66659	5.14152	4.65463	3.17866	2.41361	10.7367	6.84795	4.14062	4.35575	8.84958	6.89112	6.80226	3.89848	6.15031	3.74006	
10.3127	12.055	0	5.08607	9.93244	11.6649	11.9876	12.4386	13.9505	10.3836	6.72703	10.6921	16.8619	13.1914	8.7539	8.26472	9.48578	7.9086	5.97351	11.4158	
10.4635	6.96897	5.08607	0	4.69675	6.57888	9.19742	11.291	4.973	4.30741	6.61335	10.6414	5.55558	7.23942	8.64022	7.58665	4.89412	2.82253	0.887445	3.94763	
0.380274	9.95962	9.93244	4.69675	0	9.26463	11.0058	8.51967	10.7963	15.7486	2.79045	2.7652	4.45597	6.17974	0.763576	1.98756	7.17269	8.73019	3.80931	7.6051	
12.6367	3.66659	11.6649	6.57888	9.26463	0	6.99918	2.57411	5.03632	3.01514	7.46037	4.26534	1.28813	0.996039	4.98052	4.81059	7.04237	2.78463	7.46632	1.61173	
16.0052	5.14152	11.9876	9.19742	11.0058	6.99918	0	3.84084	1.96287	5.36683	6.59187	10.6398	8.18725	7.37048	9.49788	8.27389	3.83311	4.11333	14.9731	5.82804	
9.56171	4.65463	12.4386	11.291	8.51967	2.57411	3.84084	0	1.87797	5.28194	5.7116	4.23956	3.18027	1.53027	6.24118	4.06563	5.50158	2.03967	11.1754	0.914572	
13.3686	3.17866	13.9505	4.973	10.7963	5.03632	1.96287	1.87797	0	3.40396	6.38236	6.11754	4.88351	4.48087	11.7708	7.01624	3.62361	2.15047	9.32896	2.79255	
21.2065	2.41361	10.3836	4.30741	15.7486	3.01514	5.36683	5.28194	3.40396	0	6.22904	7.59908	1.72702	5.90175	5.41941	10.0265	3.55646	1.48487	6.18493	2.60997	
3.85011	10.7367	6.72703	6.61335	2.79045	7.46037	6.59187	5.7116	6.38236	6.22904	0	4.02849	5.71926	6.46433	2.02687	3.25086	2.75875	4.74417	6.97086	5.86926	
6.5231	6.84795	10.6921	10.6414	2.7652	4.26534	10.6398	4.23956	6.11754	7.59908	4.02849	0	5.69401	3.2693	2.00162	2.42742	8.14594	7.68618	9.12662	3.885	
8.21387	4.14062	16.8619	5.55558	4.45597	1.28813	8.18725	3.18027	4.88351	1.72702	5.71926	5.69401	0	2.28416	3.69239	4.91638	4.80464	2.73305	13.3328	2.2657	
9.93765	4.35575	13.1914	7.23942	6.17974	0.996039	7.37048	1.53027	4.48087	5.90175	6.46433	3.2693	2.28416	0	5.27092	3.76676	6.48847	1.74079	12.4514	0.615695	
1.14385	8.84958	8.7539	8.64022	0.763576	4.98052	9.49788	6.24118	11.7708	5.41941	2.02687	2.00162	3.69239	5.27092	0	1.22399	4.78563	6.42544	4.57289	4.37505	
5.74547	6.89112	8.26472	7.58665	1.98756	4.81059	8.27389	4.06563	7.01624	10.0265	3.25086	2.42742	4.91638	3.76676	1.22399	0	7.1629	4.27615	6.6992	3.15106	
6.60887	6.80226	9.48578	4.89412	7.17269	7.04237	3.83311	5.50158	3.62361	3.55646	2.75875	8.14594	4.80464	6.48847	4.78563	7.1629	0	2.07159	9.72961	3.19668	
8.59428	3.89848	7.9086	2.82253	8.73019	2.78463	4.11333	2.03967	2.15047	1.48487	4.74417	7.68618	2.73305	1.74079	6.42544	4.27615	2.07159	0	3.70998	1.12509	
4.18958	6.15031	5.97351	0.887445	3.80931	7.46632	14.9731	11.1754	9.32896	6.18493	6.97086	9.12662	13.3328	12.4514	4.57289	6.6992	9.72961	3.70998	0	9.85026	
7.98537	3.74006	11.4158	3.94763	7.6051	1.61173	5.82804	0.914572	2.79255	2.60997	5.86926	3.885	2.2657	0.615695	4.37505	3.15106	3.19668	1.12509	9.85026	0	

0	6.98466	7.7363	12.0853	2.39669	7.19316	10.5554	11.5972	6.68407	7.55219	12.4369	2.55454	5.96786	6.16324	6.1281	1.79981	6.95365	5.36348	4.15128	7.50354	
6.98466	0	5.02171	9.43708	9.17708	1.05626	3.24785	4.79854	1.91231	2.60113	6.00444	1.18671	1.0168	5.8091	2.12132	4.78071	5.58752	3.2329	12.6885	2.98014	
7.7363	5.02171	0	10.2931	10.133	6.07798	10.3589	8.46749	6.93402	8.48098	6.22599	8.81104	6.03851	5.71291	8.43094	9.53611	7.63336	8.17046	13.5838	6.0304	
12.0853	9.43708	10.2931	0	2.36981	7.02224	11.7723	6.30858	9.92995	9.1954	4.06708	6.65213	10.7467	6.42732	5.04077	2.64571	8.34777	3.51087	0.29424	7.44382	
2.39669	9.17708	10.133	2.36981	0	9.52216	11.9268	12.2817	9.59327	9.74461	10.0402	12.6253	8.16028	12.9526	6.8221	4.1965	9.43818	5.2922	2.07557	7.59828	
7.19316	1.05626	6.07798	7.02224	9.52216	0	2.88466	3.74228	1.54913	2.08003	2.7155	0.130451	2.07306	3.66853	1.06506	0.885183	3.76377	2.86972	5.8116	1.92388	
10.5554	3.24785	10.3589	11.7723	11.9268	2.88466	0	6.12057	1.33553	2.22566	7.25366	4.17524	2.76853	3.37172	14.5449	5.42334	1.45127	2.65612	8.52597	3.29117	
11.5972	4.79854	8.46749	6.30858	12.2817	3.74228	6.12057	0	5.29141	8.34623	2.2415	3.87273	9.04764	13.4853	4.80734	13.3971	7.57184	7.8848	11.0411	5.66615	
6.68407	1.91231	6.93402	9.92995	9.59327	1.54913	1.33553	5.29141	0	3.01732	6.4973	1.67958	1.43299	6.22529	2.61419	10.8929	2.78681	1.32059	4.53722	3.46065	
7.55219	2.60113	8.48098	9.1954	9.74461	2.08003	2.22566	8.34623	3.01732	0	4.53463	1.94958	1.58433	2.76808	5.48611	2.70431	3.67694	5.01648	8.23312	4.88723	
12.4369	6.00444	6.22599	4.06708	10.0402	2.7155	7.25366	2.2415	6.4973	4.53463	0	2.58505	8.61695	6.12313	6.01324	3.33978	16.8386	8.50454	4.36132	6.87205	
2.55454	1.18671	8.81104	6.65213	12.6253	0.130451	4.17524	3.87273	1.67958	1.94958	2.58505	0	3.53391	3.53808	1.19551	0.754733	5.45853	6.96607	3.10621	2.05433	
5.96786	1.0168	6.03851	10.7467	8.16028	2.07306	2.76853	9.04764	1.43299	1.58433	8.61695	3.53391	0	4.35241	7.51033	7.76767	5.14279	2.75358	9.98413	3.3029	
6.16324	5.8091	5.71291	6.42732	12.9526	3.66853	3.37172	13.4853	6.22529	2.76808	6.12313	3.53808	4.35241	0	2.71803	4.29281	1.92045	3.51062	6.7149	3.76035	
6.1281	2.12132	8.43094	5.04077	6.8221	1.06506	14.5449	4.80734	2.61419	5.48611	6.01324	1.19551	7.51033	2.71803	0	7.08146	4.63848	7.96317	4.74653	2.98894	
1.79981	4.78071	9.53611	2.64571	4.1965	0.885183	5.42334	13.3971	10.8929	2.70431	3.33978	0.754733	7.76767	4.29281	7.08146	0	6.28388	5.56811	2.35147	13.242	
6.95365	5.58752	7.63336	8.34777	9.43818	3.76377	1.45127	7.57184	2.78681	3.67694	16.8386	5.45853	5.14279	1.92045	4.63848	6.28388	0	1.59017	4.8068	1.8399	
5.36348	3.2329	8.17046	3.51087	5.2922	2.86972	2.65612	7.8848	1.32059	5.01648	8.50454	6.96607	2.75358	3.51062	7.96317	5.56811	1.59017	0	3.21663	2.14006	
4.15128	12.6885	13.5838	0.29424	2.07557	5.8116	8.52597	11.0411	4.53722	8.23312	4.36132	3.10621	9.98413	6.7149	4.74653	2.35147	4.8068	3.21663	0	5.3567	
7.50354	2.98014	6.0304	7.44382	7.59828	1.92388	3.29117	5.66615	3.46065	4.88723	6.87205	2.05433	3.3029	3.76035	2.98894	13.242	1.8399	2.14006	5.3567	0	

0	5.04653	13.1975	5.41194	0.787013	1.95709	2.75934	6.60493	0.959614	3.01067	4.60102	4.90264	6.53016	1.96889	3.09763	1.53924	5.56112	2.82622	5.23762	4.57995	
5.04653	0	2.93249	7.93969	6.32194	1.12345	4.35456	2.42518	3.71373	1.66267	5.55937	0.379346	0.817314	2.78105	2.05226	4.28628	5.21899	4.60424	8.28981	3.17544	
13.1975	2.93249	0	2.07906	3.61014	4.29866	10.9376	9.0325	3.32087	1.26982	4.80922	3.55456	2.4072	2.84284	4.62879	2.85791	5.6002	4.30613	2.25338	6.35065	
5.41194	7.93969	2.07906	0	7.51041	4.76032	7.07511	6.03895	5.27539	3.34888	4.22962	5.50443	6.75744	4.10896	5.52249	4.93697	6.4939	6.00441	0.174318	6.91431	
0.787013	6.32194	3.61014	7.51041	0	3.2325	4.03475	11.4876	1.74663	4.28608	5.06732	4.65916	7.80557	3.2443	4.37304	0.752225	6.34813	3.61324	6.02463	5.36696	
1.95709	1.12345	4.29866	4.76032	3.2325	0	2.7972	5.82702	0.997471	3.04853	4.25424	0.744108	4.21916	2.00675	3.13548	4.65104	8.40383	2.69487	4.93464	3.5402	
2.75934	4.35456	10.9376	7.07511	4.03475	2.7972	0	6.77974	1.79973	3.85078	9.18529	4.73391	5.17188	2.809	3.17907	6.44844	2.20766	8.54723	12.0294	4.59082	
6.60493	2.42518	9.0325	6.03895	11.4876	5.82702	6.77974	0	6.51209	4.08785	5.5535	2.80452	3.24249	6.18966	9.5898	10.7353	8.63495	3.77871	5.86463	5.69082	
0.959614	3.71373	3.32087	5.27539	1.74663	0.997471	1.79973	6.51209	0	2.05106	2.97566	1.74158	3.18844	1.00928	2.13801	2.98725	3.10942	3.69234	4.94392	5.53956	
3.01067	1.66267	1.26982	3.34888	4.28608	3.04853	3.85078	4.08785	2.05106	0	4.49989	2.04202	1.13738	3.06033	2.37233	4.12773	5.53906	3.03631	7.17637	4.94842	
4.60102	5.55937	4.80922	4.22962	5.06732	4.25424	9.18529	5.5535	2.97566	4.49989	0	4.36809	5.63727	1.96639	5.36653	4.31509	6.40056	1.77479	4.40393	3.6869	
4.90264	0.379346	3.55456	5.50443	4.65916	0.744108	4.73391	2.80452	1.74158	2.04202	4.36809	0	1.19666	2.40171	5.80185	3.90693	5.17926	3.43898	6.33635	2.79609	
6.53016	0.817314	2.4072	6.75744	7.80557	4.21916	5.17188	3.24249	3.18844	1.13738	5.63727	1.19666	0	4.37911	1.23495	8.54649	2.20636	4.17369	7.42195	6.75824	
1.96889	2.78105	2.84284	4.10896	3.2443	2.00675	2.809	6.18966	1.00928	3.06033	1.96639	2.40171	4.37911	0	3.14729	4.79873	4.37155	2.91176	3.93464	4.82387	
3.09763	2.05226	4.62879	5.52249	4.37304	3.13548	3.17907	9.5898	2.13801	2.37233	5.36653	5.80185	1.23495	3.14729	0	7.4867	0.97141	6.3119	5.69681	3.35458	
1.53924	4.28628	2.85791	4.93697	0.752225	4.65104	6.44844	10.7353	2.98725	4.12773	4.31509	3.90693	8.54649	4.79873	7.4867	0	9.78725	6.08989	8.73337	6.70303	
5.56112	5.21899	5.6002	6.4939	6.34813	8.40383	2.20766	8.63495	3.10942	5.53906	6.40056	5.17926	2.20636	4.37155	0.97141	9.78725	0	4.29528	7.15842	2.38317	
2.82622	4.60424	4.30613	6.00441	3.61324	2.69487	8.54723	3.77871	3.69234	3.03631	1.77479	3.43898	4.17369	2.91176	6.3119	6.08989	4.29528	0	6.8464	1.91211	
5.23762	8.28981	2.25338	0.174318	6.02463	4.93464	12.0294	5.86463	4.94392	7.17637	4.40393	6.33635	7.42195	3.93464	5.69681	8.73337	7.15842	6.8464	0	7.08863	
4.57995	3.17544	6.35065	6.91431	5.36696	3.5402	4.59082	5.69082	5.53956	4.94842	3.6869	2.79609	6.75824	4.82387	3.35458	6.70303	2.38317	1.91211	7.08863	0	

0	8.33141	9.98175	7.24115	0.441856	6.60249	3.93454	8.5767	6.31731	9.86459	6.44152	4.79348	4.95966	2.76288	4.29475	1.9545	3.62176	9.79064	4.71562	10.4616	
8.33141	0	10.3926	16.1798	7.04597	4.0982	3.92366	2.124	3.67078	1.84064	5.08478	5.42309	2.52816	4.59922	6.89196	9.27779	4.23643	3.69577	7.58081	3.26781	
9.98175	10.3926	0	7.72739	9.53989	10.8061	9.54738	10.1991	11.9302	12.2332	7.10448	13.0085	9.6611	7.87329	5.43117	7.77142	9.2346	7.23191	15.5227	13.7968	
7.24115	16.1798	7.72739	0	7.28072	6.5496	6.80781	7.8954	9.19059	13.9604	0.622913	8.7649	3.17954	1.39172	6.19548	5.10993	6.49504	3.51998	2.81878	12.5108	
0.441856	7.04597	9.53989	7.28072	0	7.04435	4.84961	7.94395	6.10394	7.49085	6.48109	4.35163	4.51781	2.80245	4.33432	1.99408	4.06362	7.07908	5.15748	10.0197	
6.60249	4.0982	10.8061	6.5496	7.04435	0	6.49497	1.97421	2.37137	3.30796	5.92669	4.12368	5.40035	5.48054	4.98889	6.62778	5.06692	3.18815	7.43102	3.4797	
3.93454	3.92366	9.54738	6.80781	4.84961	6.49497	0	6.04765	3.00832	5.76429	1.44437	4.95496	3.59247	0.675561	5.80474	1.48394	0.312775	2.96795	9.12337	7.32788	
8.5767	2.124	10.1991	7.8954	7.94395	1.97421	6.04765	0	3.68157	3.96463	5.36407	5.19445	3.42614	4.75939	4.26774	7.10821	6.70584	2.467	5.45681	2.75855	
6.31731	3.67078	11.9302	9.19059	6.10394	2.37137	3.00832	3.68157	0	5.51141	4.11163	1.75231	5.97524	3.50695	3.01531	4.7263	2.69555	1.21457	12.5146	1.50611	
9.86459	1.84064	12.2332	13.9604	7.49085	3.30796	5.76429	3.96463	5.51141	0	5.52966	7.60628	2.97304	7.9695	8.02057	10.3608	6.25273	1.71872	10.4956	1.42717	
6.44152	5.08478	7.10448	0.622913	6.48109	5.92669	1.44437	5.36407	4.11163	5.52966	0	5.0482	2.55662	0.768807	4.69781	1.57718	5.83632	2.89707	3.44169	3.18861	
4.79348	5.42309	13.0085	8.7649	4.35163	4.12368	4.95496	5.19445	1.75231	7.60628	5.0482	0	6.2109	4.2794	4.52819	3.47826	4.44786	2.72745	10.651	3.019	
4.95966	2.52816	9.6611	3.17954	4.51781	5.40035	3.59247	3.42614	5.97524	2.97304	2.55662	6.2109	0	3.32543	5.29974	5.80484	3.27969	5.45369	7.52259	4.40021	
2.76288	4.59922	7.87329	1.39172	2.80245	5.48054	0.675561	4.75939	3.50695	7.9695	0.768807	4.2794	3.32543	0	3.14862	0.808375	0.988336	2.29239	12.519	2.58393	
4.29475	6.89196	5.43117	6.19548	4.33432	4.98889	5.80474	4.26774	3.01531	8.02057	4.69781	4.52819	5.29974	3.14862	0	2.34024	6.11752	1.80074	9.01426	2.09229	
1.9545	9.27779	7.77142	5.10993	1.99408	6.62778	1.48394	7.10821	4.7263	10.3608	1.57718	3.47826	5.80484	0.808375	2.34024	0	5.57627	3.10076	6.67013	9.94866	
3.62176	4.23643	9.2346	6.49504	4.06362	5.06692	0.312775	6.70584	2.69555	6.25273	5.83632	4.44786	3.27969	0.988336	6.11752	5.57627	0	3.91011	8.33739	10.5039	
9.79064	3.69577	7.23191	3.51998	7.07908	3.18815	2.96795	2.467	1.21457	1.71872	2.89707	2.72745	5.45369	2.29239	1.80074	3.10076	3.91011	0	7.92381	0.291545	
4.71562	7.58081	15.5227	2.81878	5.15748	7.43102	9.12337	5.45681	12.5146	10.4956	3.44169	10.651	7.52259	12.519	9.01426	6.67013	8.33739	7.92381	0	11.3698	
10.4616	3.26781	13.7968	12.5108	10.0197	3.4797	7.32788	2.75855	1.50611	1.42717	3.18861	3.019	4.40021	2.58393	2.09229	9.94866	10.5039	0.291545	11.3698	0	

-111