10
5
3
3
40

6	21
10	1
47	15
18	25
31	42

29	47
34	25
27	39
46	33
33	29
28	46
44	28
33	32
35	23
40	39

70

1.79769e+308
1.79769e+308
1.79769e+308
1.79769e+308
1.79769e+308

12
15
15
20
13
14
17
19
14
16

0
0
0
0
0

0

0	10.9638	8.80335	4.9457	19.9337	13.5661	8.92575	8.24555	10.3318	7.06662	10.8836	10.1187	7.55826	6.69986	9.12271	
10.9638	0	21.8754	9.47206	20.4526	10.3966	10.1841	11.3447	8.59929	3.89715	7.71415	9.15556	4.38878	10.0104	20.1147	
8.80335	21.8754	0	17.3513	11.5165	12.6582	4.33063	3.64918	4.61643	8.2168	8.15621	4.82957	4.79911	2.10349	13.1187	
4.9457	9.47206	17.3513	0	12.8008	7.48272	3.98004	11.7631	10.2771	5.57491	9.39191	8.4297	6.06654	6.20718	4.17701	
19.9337	20.4526	11.5165	12.8008	0	1.68712	14.8706	0.772318	5.13927	5.41649	1.59949	7.11325	3.33851	2.31801	4.99284	
13.5661	10.3966	12.6582	7.48272	1.68712	0	13.1834	2.45944	4.83481	3.212	1.29503	11.7579	2.72037	5.41598	3.30571	
8.92575	10.1841	4.33063	3.98004	14.8706	13.1834	0	3.77282	4.6628	8.34044	14.4785	4.44966	4.92275	2.22713	8.15705	
8.24555	11.3447	3.64918	11.7631	0.772318	2.45944	3.77282	0	7.67243	3.05782	2.37181	6.28446	2.56619	1.54569	7.58609	
10.3318	8.59929	4.61643	10.2771	5.13927	4.83481	4.6628	7.67243	0	4.70215	3.53978	0.213142	5.19378	4.95192	8.50223	
7.06662	3.89715	8.2168	5.57491	5.41649	3.212	8.34044	3.05782	4.70215	0	3.817	4.91529	0.491632	3.18725	9.75192	
10.8836	7.71415	8.15621	9.39191	1.59949	1.29503	14.4785	2.37181	3.53978	3.817	0	3.75292	4.0154	7.4103	4.60074	
10.1187	9.15556	4.82957	8.4297	7.11325	11.7579	4.44966	6.28446	0.213142	4.91529	3.75292	0	5.75004	4.73877	8.71537	
7.55826	4.38878	4.79911	6.06654	3.33851	2.72037	4.92275	2.56619	5.19378	0.491632	4.0154	5.75004	0	2.69561	6.02608	
6.69986	10.0104	2.10349	6.20718	2.31801	5.41598	2.22713	1.54569	4.95192	3.18725	7.4103	4.73877	2.69561	0	9.13178	
9.12271	20.1147	13.1187	4.17701	4.99284	3.30571	8.15705	7.58609	8.50223	9.75192	4.60074	8.71537	6.02608	9.13178	0	

0	12.4512	11.983	4.37584	8.54063	9.96581	7.60883	4.50455	9.22635	6.66849	5.43261	11.3874	10.4709	8.5067	12.208	
12.4512	0	12.155	8.07539	12.5773	14.0025	10.8446	8.54126	12.4621	10.7052	9.46932	15.0869	13.3663	11.7425	18.2526	
11.983	12.155	0	11.2123	4.07238	3.58405	1.85417	6.50299	9.16197	3.76811	5.52923	8.61354	6.50921	0.956305	5.49134	
4.37584	8.07539	11.2123	0	7.08512	8.5103	11.5271	3.04904	7.83886	5.21299	3.9771	7.01156	10.7563	12.4249	17.0093	
8.54063	12.5773	4.07238	7.08512	0	0.488328	4.71349	2.72569	3.09597	3.47338	1.79763	3.92328	6.14012	7.25146	2.39561	
9.96581	14.0025	3.58405	8.5103	0.488328	0	6.25753	2.87324	3.58429	3.62093	1.94518	5.70225	5.65179	4.54036	1.90729	
7.60883	10.8446	1.85417	11.5271	4.71349	6.25753	0	5.24041	1.61752	3.70967	4.31235	2.44483	5.96156	0.897864	5.16298	
4.50455	8.54126	6.50299	3.04904	2.72569	2.87324	5.24041	0	7.13205	2.16395	0.928061	7.77264	4.99087	4.97575	6.72796	
9.22635	12.4621	9.16197	7.83886	3.09597	3.58429	1.61752	7.13205	0	6.436	4.8936	0.827309	4.34404	2.51538	3.54546	
6.66849	10.7052	3.76811	5.21299	3.47338	3.62093	3.70967	2.16395	6.436	0	1.67575	5.60869	2.82692	2.8118	4.56401	
5.43261	9.46932	5.52923	3.9771	1.79763	1.94518	4.31235	0.928061	4.8936	1.67575	0	7.01156	4.50267	4.48755	3.85247	
11.3874	15.0869	8.61354	7.01156	3.92328	5.70225	2.44483	7.77264	0.827309	5.60869	7.01156	0	5.17135	7.65723	4.37277	
10.4709	13.3663	6.50921	10.7563	6.14012	5.65179	5.96156	4.99087	4.34404	2.82692	4.50267	5.17135	0	5.5529	7.39093	
8.5067	11.7425	0.956305	12.4249	7.25146	4.54036	0.897864	4.97575	2.51538	2.8118	4.48755	7.65723	5.5529	0	7.01888	
12.208	18.2526	5.49134	17.0093	2.39561	1.90729	5.16298	6.72796	3.54546	4.56401	3.85247	4.37277	7.39093	7.01888	0	

0	6.48269	12.8149	2.25196	6.7026	12.515	6.28557	4.38201	13.7657	3.3267	7.28252	8.48542	7.55424	4.62525	5.43009	
6.48269	0	15.7608	4.23073	9.21754	11.2412	8.03906	6.36078	13.5253	5.30546	9.26129	10.4642	9.47335	6.87457	14.2458	
12.8149	15.7608	0	10.8335	12.8206	6.91964	7.72176	12.0342	8.03375	8.97867	11.1952	4.57839	7.18007	3.48283	2.67799	
2.25196	4.23073	10.8335	0	2.80847	5.42643	2.33164	2.13005	7.26383	1.07474	5.03056	6.23346	2.5095	2.64384	3.44868	
6.7026	9.21754	12.8206	2.80847	0	4.2422	2.75935	0.786401	4.84449	1.73373	3.84633	7.53626	1.32506	7.85797	5.82714	
12.515	11.2412	6.91964	5.42643	4.2422	0	5.32495	6.46704	7.41009	5.32542	0.395867	4.23398	3.89066	5.04649	4.24165	
6.28557	8.03906	7.72176	2.33164	2.75935	5.32495	0	5.9289	4.95372	1.2569	10.7879	6.51656	1.43429	1.66032	2.46515	
4.38201	6.36078	12.0342	2.13005	0.786401	6.46704	5.9289	0	7.2923	2.52013	4.63273	8.36351	2.11146	4.77389	13.5767	
13.7657	13.5253	8.03375	7.26383	4.84449	7.41009	4.95372	7.2923	0	4.95419	4.86847	1.03037	3.51943	6.16059	2.93076	
3.3267	5.30546	8.97867	1.07474	1.73373	5.32542	1.2569	2.52013	4.95419	0	5.58007	6.81239	1.43476	2.91722	5.93685	
7.28252	9.26129	11.1952	5.03056	3.84633	0.395867	10.7879	4.63273	4.86847	5.58007	0	3.83811	4.28653	7.6744	4.63752	
8.48542	10.4642	4.57839	6.23346	7.53626	4.23398	6.51656	8.36351	1.03037	6.81239	3.83811	0	4.54979	2.70523	1.9004	
7.55424	9.47335	7.18007	2.5095	1.32506	3.89066	1.43429	2.11146	3.51943	1.43476	4.28653	4.54979	0	3.09461	4.50208	
4.62525	6.87457	3.48283	2.64384	7.85797	5.04649	1.66032	4.77389	6.16059	2.91722	7.6744	2.70523	3.09461	0	0.804837	
5.43009	14.2458	2.67799	3.44868	5.82714	4.24165	2.46515	13.5767	2.93076	5.93685	4.63752	1.9004	4.50208	0.804837	0	

0	19.0452	6.88476	3.21487	5.32253	7.50403	4.76112	8.41156	3.64012	5.87129	7.34501	10.2428	4.97761	5.48507	7.18591	
19.0452	0	11.9418	10.1564	7.42697	9.91402	1.47409	3.04955	11.3475	0.36392	4.3221	5.12722	0.55367	6.24252	4.21653	
6.88476	11.9418	0	6.57747	9.18741	4.86655	2.12364	6.98209	12.6479	3.23381	8.54269	7.42701	9.1146	2.84759	8.51754	
3.21487	10.1564	6.57747	0	8.2325	7.19673	4.45383	5.19669	6.85499	5.564	7.0523	9.50745	6.64324	5.17778	3.97104	
5.32253	7.42697	9.18741	8.2325	0	2.58198	5.32489	3.0358	1.68241	5.72144	3.70397	1.7604	3.01989	5.50822	5.81281	
7.50403	9.91402	4.86655	7.19673	2.58198	0	2.74291	3.17599	4.26439	3.85308	1.32038	4.24745	6.1665	3.46686	4.05028	
4.76112	1.47409	2.12364	4.45383	5.32489	2.74291	0	3.7958	8.32845	1.11017	4.06329	4.47177	1.29992	0.723951	4.96278	
8.41156	3.04955	6.98209	5.19669	3.0358	3.17599	3.7958	0	4.71821	2.68563	1.8556	4.79621	2.87538	8.56424	6.09216	
3.64012	11.3475	12.6479	6.85499	1.68241	4.26439	8.32845	4.71821	0	1.52724	3.70489	3.44281	1.33749	10.1351	4.00969	
5.87129	0.36392	3.23381	5.564	5.72144	3.85308	1.11017	2.68563	1.52724	0	3.95818	4.7633	0.18975	1.83412	2.86195	
7.34501	4.3221	8.54269	7.0523	3.70397	1.32038	4.06329	1.8556	3.70489	3.95818	0	5.46437	4.14793	7.143	5.37066	
10.2428	5.12722	7.42701	9.50745	1.7604	4.24745	4.47177	4.79621	3.44281	4.7633	5.46437	0	4.95305	3.74782	7.2004	
4.97761	0.55367	9.1146	6.64324	3.01989	6.1665	1.29992	2.87538	1.33749	0.18975	4.14793	4.95305	0	6.06835	2.6722	
5.48507	6.24252	2.84759	5.17778	5.50822	3.46686	0.723951	8.56424	10.1351	1.83412	7.143	3.74782	6.06835	0	9.73067	
7.18591	4.21653	8.51754	3.97104	5.81281	4.05028	4.96278	6.09216	4.00969	2.86195	5.37066	7.2004	2.6722	9.73067	0	

0	4.54528	5.66519	4.48939	6.97325	7.79329	6.83707	9.94835	10.0342	6.59391	14.6542	10.5409	9.25361	4.92147	5.79737	
4.54528	0	11.7378	7.59793	1.53809	7.22352	9.25023	10.5463	8.56439	10.6192	15.8513	10.9872	6.8922	5.34462	1.25209	
5.66519	11.7378	0	5.04219	9.40004	6.36103	2.65932	5.77061	4.71961	1.74149	9.15452	0.750619	2.95981	0.743721	4.83625	
4.48939	7.59793	5.04219	0	7.39173	7.56731	5.0883	6.25676	6.99231	6.32968	7.38429	5.79281	5.11137	5.78591	8.85002	
6.97325	1.53809	9.40004	7.39173	0	0.82004	2.84675	3.42575	4.1613	3.49867	1.39456	4.51488	2.28036	4.37852	0.285996	
7.79329	7.22352	6.36103	7.56731	0.82004	0	2.87052	2.97895	4.34505	3.68242	0.574523	4.69863	2.46411	6.29198	1.10604	
6.83707	9.25023	2.65932	5.0883	2.84675	2.87052	0	2.52458	4.04651	2.29215	2.29599	3.2236	2.16557	1.9156	3.13275	
9.94835	10.5463	5.77061	6.25676	3.42575	2.97895	2.52458	0	3.02633	2.3637	2.40443	3.37991	1.14539	4.44019	6.69561	
10.0342	8.56439	4.71961	6.99231	4.1613	4.34505	4.04651	3.02633	0	3.09925	6.68981	3.969	1.88094	5.11272	7.3123	
6.59391	10.6192	1.74149	6.32968	3.49867	3.68242	2.29215	2.3637	3.09925	0	4.58814	2.49211	1.21831	1.67245	5.76497	
14.6542	15.8513	9.15452	7.38429	1.39456	0.574523	2.29599	2.40443	6.68981	4.58814	0	5.51959	3.03863	4.21159	9.73386	
10.5409	10.9872	0.750619	5.79281	4.51488	4.69863	3.2236	3.37991	3.969	2.49211	5.51959	0	2.23452	1.49434	7.87463	
9.25361	6.8922	2.95981	5.11137	2.28036	2.46411	2.16557	1.14539	1.88094	1.21831	3.03863	2.23452	0	2.89076	2.56635	
4.92147	5.34462	0.743721	5.78591	4.37852	6.29198	1.9156	4.44019	5.11272	1.67245	4.21159	1.49434	2.89076	0	4.09253	
5.79737	1.25209	4.83625	8.85002	0.285996	1.10604	3.13275	6.69561	7.3123	5.76497	9.73386	7.87463	2.56635	4.09253	0	

0	6.03356	7.7969	7.03136	11.4832	7.90496	7.95941	9.10426	11.1806	7.82763	8.62386	11.4968	8.8746	7.32551	12.8566	
6.03356	0	11.031	8.28726	11.2021	10.9088	8.19014	4.56736	5.14709	4.5775	13.7061	9.72467	3.7419	5.29099	7.21721	
7.7969	11.031	0	11.4177	6.37975	6.71775	13.2332	9.52556	8.27745	6.50208	5.99885	3.69987	7.33768	7.0042	9.69296	
7.03136	8.28726	11.4177	0	7.1317	5.46308	1.77542	2.92027	6.82656	1.64364	3.43889	7.42901	2.69062	1.14153	6.67257	
11.4832	11.2021	6.37975	7.1317	0	3.57824	6.29694	6.04216	4.46062	1.67069	4.29715	2.67988	2.50629	2.1728	7.24828	
7.90496	10.9088	6.71775	5.46308	3.57824	0	2.7187	3.51483	6.3054	5.24893	0.718901	6.25812	4.34029	3.01626	5.37137	
7.95941	8.19014	13.2332	1.77542	6.29694	2.7187	0	2.41264	3.58671	1.13601	2.93126	6.92139	2.18299	0.633898	3.54019	
9.10426	4.56736	9.52556	2.92027	6.04216	3.51483	2.41264	0	4.13278	1.66106	3.52671	8.06623	0.825458	1.77875	7.30979	
11.1806	5.14709	8.27745	6.82656	4.46062	6.3054	3.58671	4.13278	0	2.78993	6.72258	4.57758	3.30732	3.29204	2.07011	
7.82763	4.5775	6.50208	1.64364	1.67069	5.24893	1.13601	1.66106	2.78993	0	2.79947	4.35057	0.8356	0.502113	4.86004	
8.62386	13.7061	5.99885	3.43889	4.29715	0.718901	2.93126	3.52671	6.72258	2.79947	0	8.58485	3.84645	2.29736	4.65246	
11.4968	9.72467	3.69987	7.42901	2.67988	6.25812	6.92139	8.06623	4.57758	4.35057	8.58485	0	7.83658	6.28749	6.64769	
8.8746	3.7419	7.33768	2.69062	2.50629	4.34029	2.18299	0.825458	3.30732	0.8356	3.84645	7.83658	0	1.33771	5.37743	
7.32551	5.29099	7.0042	1.14153	2.1728	3.01626	0.633898	1.77875	3.29204	0.502113	2.29736	6.28749	1.33771	0	4.17409	
12.8566	7.21721	9.69296	6.67257	7.24828	5.37137	3.54019	7.30979	2.07011	4.86004	4.65246	6.64769	5.37743	4.17409	0	

0	25.963	13.5723	2.74736	12.1253	9.4204	5.01445	14.6134	24.5535	13.3645	9.70725	20.633	14.8452	8.22519	21.7187	
25.963	0	9.50695	13.3066	8.52176	14.266	8.7413	4.67423	4.69725	2.68949	10.3481	3.05339	5.32997	4.58731	6.0025	
13.5723	9.50695	0	8.18088	4.20556	4.15189	3.71012	10.2759	4.82881	5.26468	4.43874	4.23696	5.12307	2.70305	6.66946	
2.74736	13.3066	8.18088	0	6.98034	9.49454	2.26709	11.8661	8.46063	8.03946	9.78139	7.01175	7.89785	3.27417	7.84438	
12.1253	8.52176	4.20556	6.98034	0	1.12897	2.50959	6.08477	4.87338	4.06414	0.842126	3.03643	3.92253	1.50251	3.03273	
9.4204	14.266	4.15189	9.49454	1.12897	0	8.41655	5.96073	8.9807	9.64846	0.286847	8.87741	7.89747	5.31869	6.84891	
5.01445	8.7413	3.71012	2.26709	2.50959	8.41655	0	9.81905	6.19354	3.56871	8.1297	2.54099	3.4271	1.00708	5.28535	
14.6134	4.67423	10.2759	11.8661	6.08477	5.96073	9.81905	0	4.61575	4.64396	5.67388	7.09096	2.00348	4.4235	4.24177	
24.5535	4.69725	4.82881	8.46063	4.87338	8.9807	6.19354	4.61575	0	5.25275	10.2344	1.64387	2.61227	3.17778	1.84065	
13.3645	2.68949	5.26468	8.03946	4.06414	9.64846	3.56871	4.64396	5.25275	0	6.6744	4.09555	2.64048	2.56163	6.8399	
9.70725	10.3481	4.43874	9.78139	0.842126	0.286847	8.1297	5.67388	10.2344	6.6744	0	8.59056	4.92341	2.34464	3.87486	
20.633	3.05339	4.23696	7.01175	3.03643	8.87741	2.54099	7.09096	1.64387	4.09555	8.59056	0	3.95394	1.53392	2.94911	
14.8452	5.32997	5.12307	7.89785	3.92253	7.89747	3.4271	2.00348	2.61227	2.64048	4.92341	3.95394	0	2.42002	4.45292	
8.22519	4.58731	2.70305	3.27417	1.50251	5.31869	1.00708	4.4235	3.17778	2.56163	2.34464	1.53392	2.42002	0	4.27827	
21.7187	6.0025	6.66946	7.84438	3.03273	6.84891	5.28535	4.24177	1.84065	6.8399	3.87486	2.94911	4.45292	4.27827	0	

0	5.21196	9.27345	8.29792	3.83708	4.98359	2.49947	4.55403	1.57574	5.41253	4.00376	2.82206	4.63222	1.76116	2.74653	
5.21196	0	13.8152	5.02496	9.04904	16.9596	7.15224	12.0277	6.7877	5.48104	12.603	10.3566	6.80242	6.97312	8.4634	
9.27345	13.8152	0	9.89722	5.43637	6.58288	10.0054	5.56992	2.8038	5.63111	6.26104	1.55748	4.30974	7.1808	5.60707	
8.29792	5.02496	9.89722	0	4.29996	5.60735	8.04231	5.1778	4.60924	7.9076	9.23386	7.48804	5.3557	8.78062	3.43845	
3.83708	9.04904	5.43637	4.29996	0	1.14651	8.59413	0.716951	2.03231	8.85049	2.59537	4.91111	1.97713	5.59824	0.861518	
4.98359	16.9596	6.58288	5.60735	1.14651	0	13.1497	1.12813	5.11119	8.57083	1.44886	6.38676	2.38832	3.69146	2.00803	
2.49947	7.15224	10.0054	8.04231	8.59413	13.1497	0	7.16175	3.1082	1.6712	2.98091	4.35452	2.99257	0.738312	4.27899	
4.55403	12.0277	5.56992	5.1778	0.716951	1.12813	7.16175	0	6.50495	2.58155	2.57699	4.45236	1.26018	4.13125	1.57847	
1.57574	6.7877	2.8038	4.60924	2.03231	5.11119	3.1082	6.50495	0	4.55051	5.64847	1.24632	3.08804	3.33689	1.17079	
5.41253	5.48104	5.63111	7.9076	8.85049	8.57083	1.6712	2.58155	4.55051	0	3.27267	4.51355	1.32137	2.40951	3.23862	
4.00376	12.603	6.26104	9.23386	2.59537	1.44886	2.98091	2.57699	5.64847	3.27267	0	5.14348	1.9513	2.2426	3.86856	
2.82206	10.3566	1.55748	7.48804	4.91111	6.38676	4.35452	4.45236	1.24632	4.51355	5.14348	0	3.19218	4.65219	2.41711	
4.63222	6.80242	4.30974	5.3557	1.97713	2.38832	2.99257	1.26018	3.08804	1.32137	1.9513	3.19218	0	2.87107	1.91725	
1.76116	6.97312	7.1808	8.78062	5.59824	3.69146	0.738312	4.13125	3.33689	2.40951	2.2426	4.65219	2.87107	0	4.57666	
2.74653	8.4634	5.60707	3.43845	0.861518	2.00803	4.27899	1.57847	1.17079	3.23862	3.86856	2.41711	1.91725	4.57666	0	

0	18.859	3.90619	10.9146	5.81224	12.3575	11.7625	8.67324	6.01374	10.2218	10.0519	5.58346	9.42573	11.6099	8.45335	
18.859	0	17.6591	7.71645	12.8188	12.3651	11.3306	9.24355	17.0783	7.52479	11.5071	13.4342	8.32082	8.00999	12.0585	
3.90619	17.6591	0	12.1192	9.71843	10.6535	10.8901	10.7193	7.28338	8.1889	9.93954	6.8531	8.22582	7.7037	9.72299	
10.9146	7.71645	12.1192	0	5.10238	6.82521	7.0023	4.75441	6.42865	4.40192	5.53413	5.99837	3.8934	4.88712	6.51866	
5.81224	12.8188	9.71843	5.10238	0	4.95363	5.81677	2.861	5.34886	4.57977	3.64073	5.76411	4.036	5.95517	2.89422	
12.3575	12.3651	10.6535	6.82521	4.95363	0	6.04071	1.49374	10.5769	3.72783	0.714009	6.93276	2.78785	5.60105	2.14815	
11.7625	11.3306	10.8901	7.0023	5.81677	6.04071	0	5.52462	3.14949	3.67162	4.35669	3.57977	3.1089	3.18642	2.92255	
8.67324	9.24355	10.7193	4.75441	2.861	1.49374	5.52462	0	6.38135	1.71876	0.779728	6.79659	2.51479	2.20396	2.21387	
6.01374	17.0783	7.28338	6.42865	5.34886	10.5769	3.14949	6.38135	0	6.95535	3.88878	0.430282	4.43123	6.33591	2.45464	
10.2218	7.52479	8.1889	4.40192	4.57977	3.72783	3.67162	1.71876	6.95535	0	2.49849	4.79697	0.796025	0.485198	3.42129	
10.0519	11.5071	9.93954	5.53413	3.64073	0.714009	4.35669	0.779728	3.88878	2.49849	0	4.30403	2.07384	7.47132	1.43414	
5.58346	13.4342	6.8531	5.99837	5.76411	6.93276	3.57977	6.79659	0.430282	4.79697	4.30403	0	4.00095	6.79326	2.86989	
9.42573	8.32082	8.22582	3.8934	4.036	2.78785	3.1089	2.51479	4.43123	0.796025	2.07384	4.00095	0	1.28122	2.62526	
11.6099	8.00999	7.7037	4.88712	5.95517	5.60105	3.18642	2.20396	6.33591	0.485198	7.47132	6.79326	1.28122	0	6.10897	
8.45335	12.0585	9.72299	6.51866	2.89422	2.14815	2.92255	2.21387	2.45464	3.42129	1.43414	2.86989	2.62526	6.10897	0	

0	8.13682	5.41304	6.63302	7.82165	7.47069	11.0376	7.28451	8.5349	8.96072	6.62723	11.0378	8.22267	10.5075	3.15868	
8.13682	0	7.23251	10.6191	8.93775	7.78246	15.9258	9.63302	10.8834	10.0666	8.4467	14.2027	7.03048	10.654	4.97815	
5.41304	7.23251	0	18.2065	11.2324	10.0772	9.90444	7.28723	13.5257	8.0564	5.72291	19.7512	8.89614	7.79921	2.25436	
6.63302	10.6191	18.2065	0	3.84082	2.95639	10.2318	3.24366	1.99327	8.6636	3.13227	6.52347	3.70837	7.71973	9.00574	
7.82165	8.93775	11.2324	3.84082	0	2.65925	7.86415	0.537135	1.78752	4.94339	5.04268	5.10681	1.90727	5.53075	5.57	
7.47069	7.78246	10.0772	2.95639	2.65925	0	4.87045	2.19523	3.44561	3.3023	0.17588	3.56709	0.751982	4.37546	3.64443	
11.0376	15.9258	9.90444	10.2318	7.86415	4.87045	0	8.31984	7.83169	1.92838	4.69457	9.95903	4.9645	2.10523	7.73042	
7.28451	9.63302	7.28723	3.24366	0.537135	2.19523	8.31984	0	1.25039	6.39146	2.37111	4.56968	2.44441	6.97684	5.03287	
8.5349	10.8834	13.5257	1.99327	1.78752	3.44561	7.83169	1.25039	0	7.37129	5.64896	5.82006	3.75483	5.72646	6.28325	
8.96072	10.0666	8.0564	8.6636	4.94339	3.3023	1.92838	6.39146	7.37129	0	3.12642	8.03065	3.03612	4.03361	5.80204	
6.62723	8.4467	5.72291	3.13227	5.04268	0.17588	4.69457	2.37111	5.64896	3.12642	0	3.74297	0.927863	6.7998	3.46855	
11.0378	14.2027	19.7512	6.52347	5.10681	3.56709	9.95903	4.56968	5.82006	8.03065	3.74297	0	4.31907	14.3028	9.60255	
8.22267	7.03048	8.89614	3.70837	1.90727	0.751982	4.9645	2.44441	3.75483	3.03612	0.927863	4.31907	0	3.62348	6.64177	
10.5075	10.654	7.79921	7.71973	5.53075	4.37546	2.10523	6.97684	5.72646	4.03361	6.7998	14.3028	3.62348	0	10.0536	
3.15868	4.97815	2.25436	9.00574	5.57	3.64443	7.73042	5.03287	6.28325	5.80204	3.46855	9.60255	6.64177	10.0536	0	

0	1.73352	16.2595	2.774	24.8954	8.71464	5.18462	23.8632	18.7368	11.7418	11.8649	19.8313	3.9026	23.7589	15.0907	
1.73352	0	6.54333	4.50752	4.49971	9.73936	4.08676	18.5669	19.47	6.38674	18.5724	18.9324	14.6663	6.49176	13.3572	
16.2595	6.54333	0	4.8672	2.86953	2.83931	2.45657	5.26787	2.47733	4.75656	4.26455	6.1327	4.34818	4.86158	5.40303	
2.774	4.50752	4.8672	0	2.82357	2.63747	2.41062	8.36919	5.93232	1.81337	5.03476	6.99635	1.1286	4.81563	4.39751	
24.8954	4.49971	2.86953	2.82357	0	2.81977	0.412951	2.25263	7.9375	2.71293	1.39453	2.34049	5.03693	2.81796	1.76802	
8.71464	9.73936	2.83931	2.63747	2.81977	0	5.29588	2.42856	5.31663	2.19365	1.42524	7.37662	1.50887	3.24174	2.56372	
5.18462	4.08676	2.45657	2.41062	0.412951	5.29588	0	2.66558	4.9339	2.29998	1.80748	2.75344	2.98476	2.40501	2.18097	
23.8632	18.5669	5.26787	8.36919	2.25263	2.42856	2.66558	0	5.55345	3.69005	3.64716	4.59312	3.93743	0.81318	4.02065	
18.7368	19.47	2.47733	5.93232	7.9375	5.31663	4.9339	5.55345	0	5.48849	7.77024	8.61003	4.80372	4.74027	6.16948	
11.7418	6.38674	4.75656	1.81337	2.71293	2.19365	2.29998	3.69005	5.48849	0	3.00243	5.49484	0.684774	2.87687	3.95368	
11.8649	18.5724	4.26455	5.03476	1.39453	1.42524	1.80748	3.64716	7.77024	3.00243	0	3.73502	2.93412	5.8793	3.16255	
19.8313	18.9324	6.1327	6.99635	2.34049	7.37662	2.75344	4.59312	8.61003	5.49484	3.73502	0	5.86775	5.80996	4.10852	
3.9026	14.6663	4.34818	1.1286	5.03693	1.50887	2.98476	3.93743	4.80372	0.684774	2.93412	5.86775	0	3.56164	3.26891	
23.7589	6.49176	4.86158	4.81563	2.81796	3.24174	2.40501	0.81318	4.74027	2.87687	5.8793	5.80996	3.56164	0	7.16064	
15.0907	13.3572	5.40303	4.39751	1.76802	2.56372	2.18097	4.02065	6.16948	3.95368	3.16255	4.10852	3.26891	7.16064	0	

0	12.5932	13.5643	8.45704	11.0482	5.8508	10.0521	12.1556	9.46615	8.38339	4.82709	6.98017	9.59388	7.79401	11.0208	
12.5932	0	9.6705	4.13614	10.2925	7.39114	8.43288	8.21322	10.1617	8.36155	9.11419	6.96111	6.06326	5.36416	10.9989	
13.5643	9.6705	0	5.48582	6.66199	4.35854	2.75423	1.40874	5.66756	5.09108	14.5828	9.78344	2.67217	5.01236	5.69144	
8.45704	4.13614	5.48582	0	3.87459	3.255	2.48079	3.19055	7.44965	2.79793	4.27871	4.24907	1.92712	1.22802	5.3274	
11.0482	10.2925	6.66199	3.87459	0	0.61959	4.04939	3.56939	0.759403	3.11055	1.6433	3.23847	6.45527	3.97151	6.69816	
5.8508	7.39114	4.35854	3.255	0.61959	0	4.8278	2.9498	1.37899	2.49096	1.02371	2.61888	3.70144	4.06087	5.12833	
10.0521	8.43288	2.75423	2.48079	4.04939	4.8278	0	1.8171	3.28999	1.76416	6.27874	6.49057	0.55367	2.25813	2.93722	
12.1556	8.21322	1.40874	3.19055	3.56939	2.9498	1.8171	0	4.25882	2.47392	3.97351	5.56868	1.26343	4.42502	4.66371	
9.46615	10.1617	5.66756	7.44965	0.759403	1.37899	3.28999	4.25882	0	4.06678	4.63906	3.20058	3.84366	4.73091	5.93876	
8.38339	8.36155	5.09108	2.79793	3.11055	2.49096	1.76416	2.47392	4.06678	0	3.51466	5.10984	1.21049	1.56991	2.63738	
4.82709	9.11419	14.5828	4.27871	1.6433	1.02371	6.27874	3.97351	4.63906	3.51466	0	2.15308	5.72507	6.82086	9.12535	
6.98017	6.96111	9.78344	4.24907	3.23847	2.61888	6.49057	5.56868	3.20058	5.10984	2.15308	0	6.17619	4.66778	9.13933	
9.59388	6.06326	2.67217	1.92712	6.45527	3.70144	0.55367	1.26343	3.84366	1.21049	5.72507	6.17619	0	2.7804	3.40028	
7.79401	5.36416	5.01236	1.22802	3.97151	4.06087	2.25813	4.42502	4.73091	1.56991	6.82086	4.66778	2.7804	0	4.20729	
11.0208	10.9989	5.69144	5.3274	6.69816	5.12833	2.93722	4.66371	5.93876	2.63738	9.12535	9.13933	3.40028	4.20729	0	

0	5.41348	6.65378	2.17564	6.80484	11.2596	7.31519	5.69313	4.12616	8.32344	9.26589	9.11874	3.58774	8.42306	10.3292	
5.41348	0	14.0469	7.58912	17.8942	16.673	12.7287	11.1066	9.53964	15.518	22.1606	18.9672	22.2786	14.9411	19.7996	
6.65378	14.0469	0	10.8091	5.2063	9.4649	6.87913	5.47694	2.52762	5.87088	9.04969	3.65474	7.40069	6.70143	6.74334	
2.17564	7.58912	10.8091	0	10.5054	5.72518	7.91977	7.86878	6.3018	2.94191	12.4756	11.0209	1.4121	8.74955	4.18306	
6.80484	17.8942	5.2063	10.5054	0	0.780595	4.06098	4.3722	2.67868	6.96986	1.19314	6.97919	5.09368	2.9531	3.50216	
11.2596	16.673	9.4649	5.72518	0.780595	0	8.01141	3.9853	3.45927	5.8429	0.412545	12.3596	4.31309	3.7337	2.72156	
7.31519	12.7287	6.87913	7.91977	4.06098	8.01141	0	11.3544	5.29943	1.00824	9.24286	5.13396	2.53805	1.10787	5.28985	
5.69313	11.1066	5.47694	7.86878	4.3722	3.9853	11.3544	0	7.05087	8.82447	3.57275	9.13168	7.29466	7.3253	6.06455	
4.12616	9.53964	2.52762	6.3018	2.67868	3.45927	5.29943	7.05087	0	4.29118	4.17012	4.99258	5.82099	5.63178	6.20303	
8.32344	15.518	5.87088	2.94191	6.96986	5.8429	1.00824	8.82447	4.29118	0	8.23462	8.20442	1.52981	2.11612	4.30077	
9.26589	22.1606	9.04969	12.4756	1.19314	0.412545	9.24286	3.57275	4.17012	8.23462	0	13.0705	4.72563	4.44455	3.13411	
9.11874	18.9672	3.65474	11.0209	6.97919	12.3596	5.13396	9.13168	4.99258	8.20442	13.0705	0	9.60879	4.02609	10.3981	
3.58774	22.2786	7.40069	1.4121	5.09368	4.31309	2.53805	7.29466	5.82099	1.52981	4.72563	9.60879	0	7.33745	2.77096	
8.42306	14.9411	6.70143	8.74955	2.9531	3.7337	1.10787	7.3253	5.63178	2.11612	4.44455	4.02609	7.33745	0	6.39772	
10.3292	19.7996	6.74334	4.18306	3.50216	2.72156	5.28985	6.06455	6.20303	4.30077	3.13411	10.3981	2.77096	6.39772	0	

0	10.1542	12.1665	12.6201	12.6371	5.87313	10.3556	1.49973	16.0284	5.4954	6.21773	17.0741	3.2628	5.1828	6.09478	
10.1542	0	8.51755	5.71076	3.76082	7.79636	2.55257	5.11233	7.47642	10.1327	20.6675	8.40285	12.7245	1.42925	10.4006	
12.1665	8.51755	0	9.68127	7.27269	5.46719	8.69511	9.84059	1.04112	6.31634	6.4265	1.52334	9.42756	8.49694	7.9744	
12.6201	5.71076	9.68127	0	5.32676	9.20109	2.26454	4.62961	8.38398	2.89832	6.99359	8.15793	2.86654	3.38785	1.4507	
12.6371	3.76082	7.27269	5.32676	0	2.62613	3.45488	6.01464	8.31381	6.69938	1.66682	8.79603	7.167	2.33156	5.82591	
5.87313	7.79636	5.46719	9.20109	2.62613	0	2.11038	4.3734	6.50832	1.4766	0.959308	6.2696	1.94422	6.36711	5.1729	
10.3556	2.55257	8.69511	2.26454	3.45488	2.11038	0	2.98842	9.24578	0.633783	12.6221	5.42678	1.1014	1.12331	3.71524	
1.49973	5.11233	9.84059	4.62961	6.01464	4.3734	2.98842	0	11.5283	2.23069	4.71801	8.78867	1.76307	3.68307	4.59505	
16.0284	7.47642	1.04112	8.38398	8.31381	6.50832	9.24578	11.5283	0	6.86701	9.11789	2.07401	11.5157	8.90568	6.93328	
5.4954	10.1327	6.31634	2.89832	6.69938	1.4766	0.633783	2.23069	6.86701	0	2.43591	4.793	0.467616	1.75709	3.6963	
6.21773	20.6675	6.4265	6.99359	1.66682	0.959308	12.6221	4.71801	9.11789	2.43591	0	7.91878	6.48108	3.99839	7.49274	
17.0741	8.40285	1.52334	8.15793	8.79603	6.2696	5.42678	8.78867	2.07401	4.793	7.91878	0	5.26061	6.97359	8.48929	
3.2628	12.7245	9.42756	2.86654	7.167	1.94422	1.1014	1.76307	11.5157	0.467616	6.48108	5.26061	0	2.34866	4.16391	
5.1828	1.42925	8.49694	3.38785	2.33156	6.36711	1.12331	3.68307	8.90568	1.75709	3.99839	6.97359	2.34866	0	5.73221	
6.09478	10.4006	7.9744	1.4507	5.82591	5.1729	3.71524	4.59505	6.93328	3.6963	7.49274	8.48929	4.16391	5.73221	0	

0	14.3722	5.69858	14.3025	7.45264	7.38578	6.05653	7.95475	4.92128	6.40199	6.77009	10.1659	10.2514	6.04241	3.99427	
14.3722	0	8.67362	16.6869	15.9055	15.4148	16.4395	16.4076	13.3742	16.6448	15.223	14.0536	18.2804	12.3756	12.4472	
5.69858	8.67362	0	8.7248	10.0269	12.6969	4.44338	10.3502	5.98066	7.40034	8.09498	5.38002	6.70429	3.70196	5.75011	
14.3025	16.6869	8.7248	0	4.29881	9.08612	2.5886	6.26834	7.25329	2.24314	3.42597	7.85392	3.71612	5.02284	7.07098	
7.45264	15.9055	10.0269	4.29881	0	1.15864	2.40113	5.41575	4.38538	1.65758	0.474759	3.18972	3.52865	5.50651	3.25058	
7.38578	15.4148	12.6969	9.08612	1.15864	0	5.2235	5.62488	4.88149	1.86671	0.683881	3.39884	2.86558	5.96492	3.4597	
6.05653	16.4395	4.44338	2.5886	2.40113	5.2235	0	4.37065	4.70998	0.345454	1.52828	4.10935	1.81844	0.741412	2.78956	
7.95475	16.4076	10.3502	6.26834	5.41575	5.62488	4.37065	0	4.88749	4.0252	4.941	7.21993	5.49818	6.00862	3.96048	
4.92128	13.3742	5.98066	7.25329	4.38538	4.88149	4.70998	4.88749	0	8.69903	3.31559	0.600632	1.92489	2.97515	0.927011	
6.40199	16.6448	7.40034	2.24314	1.65758	1.86671	0.345454	4.0252	8.69903	0	1.18283	2.79724	1.47298	1.08687	3.95864	
6.77009	15.223	8.09498	3.42597	0.474759	0.683881	1.52828	4.941	3.31559	1.18283	0	2.71496	2.65581	4.82396	2.77582	
10.1659	14.0536	5.38002	7.85392	3.18972	3.39884	4.10935	7.21993	0.600632	2.79724	2.71496	0	1.32426	4.85076	1.52764	
10.2514	18.2804	6.70429	3.71612	3.52865	2.86558	1.81844	5.49818	1.92489	1.47298	2.65581	1.32426	0	5.17136	6.324	
6.04241	12.3756	3.70196	5.02284	5.50651	5.96492	0.741412	6.00862	2.97515	1.08687	4.82396	4.85076	5.17136	0	2.04814	
3.99427	12.4472	5.75011	7.07098	3.25058	3.4597	2.78956	3.96048	0.927011	3.95864	2.77582	1.52764	6.324	2.04814	0	

0	8.1544	3.39305	1.8887	3.51073	6.22244	1.0493	2.45559	7.87669	2.66023	4.28732	4.43724	4.38222	1.53433	3.72538	
8.1544	0	6.8557	6.2657	8.84745	12.6494	9.19945	12.7356	7.27336	8.2911	15.4778	8.81424	9.88311	11.1971	8.10238	
3.39305	6.8557	0	5.22836	8.0638	11.6706	2.34375	10.7197	7.1708	3.95469	12.4237	2.67982	9.52858	2.82879	6.91675	
1.8887	6.2657	5.22836	0	5.5759	3.32387	2.938	4.34429	3.97536	2.0254	4.07697	2.54854	5.26553	3.46042	1.83668	
3.51073	8.84745	8.0638	5.5759	0	5.22642	5.34346	1.05514	1.57409	3.73253	2.88687	5.38398	2.01629	5.1494	3.71277	
6.22244	12.6494	11.6706	3.32387	5.22642	0	10.5517	3.10247	3.62587	7.30949	1.27074	5.72411	8.16723	9.40597	1.48719	
1.0493	9.19945	2.34375	2.938	5.34346	10.5517	0	3.50489	9.51455	1.61094	6.001	4.22037	4.85106	0.485036	8.40382	
2.45559	12.7356	10.7197	4.34429	1.05514	3.10247	3.50489	0	2.62924	4.78767	1.83173	6.43912	1.92663	6.20454	4.07202	
7.87669	7.27336	7.1708	3.97536	1.57409	3.62587	9.51455	2.62924	0	5.30662	4.37898	6.3756	2.60975	6.72349	2.13868	
2.66023	8.2911	3.95469	2.0254	3.73253	7.30949	1.61094	4.78767	5.30662	0	6.03875	4.57395	3.24012	1.43502	3.86208	
4.28732	15.4778	12.4237	4.07697	2.88687	1.27074	6.001	1.83173	4.37898	6.03875	0	6.47722	3.75836	7.47376	2.2403	
4.43724	8.81424	2.67982	2.54854	5.38398	5.72411	4.22037	6.43912	6.3756	4.57395	6.47722	0	7.40027	3.73534	4.23692	
4.38222	9.88311	9.52858	5.26553	2.01629	8.16723	4.85106	1.92663	2.60975	3.24012	3.75836	7.40027	0	4.67514	4.74843	
1.53433	11.1971	2.82879	3.46042	5.1494	9.40597	0.485036	6.20454	6.72349	1.43502	7.47376	3.73534	4.67514	0	6.76807	
3.72538	8.10238	6.91675	1.83668	3.71277	1.48719	8.40382	4.07202	2.13868	3.86208	2.2403	4.23692	4.74843	6.76807	0	

0	15.1615	11.8192	3.65271	2.32187	1.55335	9.06419	5.27328	6.20839	4.26047	1.29003	4.42051	8.6602	2.26409	10.0015	
15.1615	0	8.39833	11.5088	5.60057	4.675	4.19713	8.45298	5.69632	2.35451	2.36798	3.03683	3.10672	1.39392	8.53428	
11.8192	8.39833	0	6.36612	8.46747	10.4379	0.954643	4.12758	9.38638	3.09588	7.97846	8.64732	6.51932	3.75785	8.28899	
3.65271	11.5088	6.36612	0	4.47299	7.6861	2.749	1.62057	11.1697	0.607758	4.94274	4.48968	1.80609	1.56835	4.31761	
2.32187	5.60057	8.46747	4.47299	0	1.29515	6.02535	2.85241	4.45382	3.14648	1.03184	1.9766	1.94815	2.0059	2.93371	
1.55335	4.675	10.4379	7.6861	1.29515	0	9.23846	5.05366	5.18167	5.11694	0.263313	3.39379	3.9186	1.23737	4.2997	
9.06419	4.19713	0.954643	2.749	6.02535	9.23846	0	3.17293	7.1056	2.14124	3.77726	4.44611	3.33957	2.80321	5.86998	
5.27328	8.45298	4.12758	1.62057	2.85241	5.05366	3.17293	0	5.34633	2.22833	3.88425	2.86911	2.20111	3.91391	2.69704	
6.20839	5.69632	9.38638	11.1697	4.45382	5.18167	7.1056	5.34633	0	5.26298	4.91835	2.47723	4.94698	4.12013	3.17732	
4.26047	2.35451	3.09588	0.607758	3.14648	5.11694	2.14124	2.22833	5.26298	0	1.93464	2.6035	1.19833	0.960587	2.968	
1.29003	2.36798	7.97846	4.94274	1.03184	0.263313	3.77726	3.88425	4.91835	1.93464	0	2.61697	2.68685	0.974057	3.96555	
4.42051	3.03683	8.64732	4.48968	1.9766	3.39379	4.44611	2.86911	2.47723	2.6035	2.61697	0	3.35571	1.64291	4.9103	
8.6602	3.10672	6.51932	1.80609	1.94815	3.9186	3.33957	2.20111	4.94698	1.19833	2.68685	3.35571	0	1.7128	1.76967	
2.26409	1.39392	3.75785	1.56835	2.0059	1.23737	2.80321	3.91391	4.12013	0.960587	0.974057	1.64291	1.7128	0	3.48246	
10.0015	8.53428	8.28899	4.31761	2.93371	4.2997	5.86998	2.69704	3.17732	2.968	3.96555	4.9103	1.76967	3.48246	0	

0	9.15703	6.10257	9.04288	3.98448	11.4248	2.84879	8.20451	4.80786	3.03235	6.88584	3.31852	8.45748	1.56267	5.53286	
9.15703	0	14.0694	11.5102	13.2523	18.8712	8.88048	9.03225	15.6397	9.06403	12.9706	12.7334	11.6895	7.59436	11.5646	
6.10257	14.0694	0	10.4231	9.25722	16.1195	9.33118	5.03718	8.61123	4.58388	13.0348	7.12189	6.5969	6.05355	12.5696	
9.04288	11.5102	10.4231	0	4.36178	3.382	7.93364	5.3859	7.21369	9.41256	1.46042	5.72435	9.82517	9.12781	5.15762	
3.98448	13.2523	9.25722	4.36178	0	4.82294	5.14202	4.22003	7.23957	6.48603	2.90136	7.303	4.47301	5.54715	12.3599	
11.4248	18.8712	16.1195	3.382	4.82294	0	4.48589	11.0823	6.08704	5.3335	1.92158	10.7455	3.32048	10.5553	12.2744	
2.84879	8.88048	9.33118	7.93364	5.14202	4.48589	0	7.05959	3.69862	2.75579	7.63307	2.20929	1.16541	1.28612	5.25631	
8.20451	9.03225	5.03718	5.3859	4.22003	11.0823	7.05959	0	8.23048	4.02666	6.84632	7.16333	6.03968	5.49633	10.5435	
4.80786	15.6397	8.61123	7.21369	7.23957	6.08704	3.69862	8.23048	0	4.77959	11.1313	1.48934	2.76656	8.05184	6.24078	
3.03235	9.06403	4.58388	9.41256	6.48603	5.3335	2.75579	4.02666	4.77959	0	8.45093	7.14431	2.01303	1.46967	5.43986	
6.88584	12.9706	13.0348	1.46042	2.90136	1.92158	7.63307	6.84632	11.1313	8.45093	0	7.18478	5.24206	8.91919	6.61805	
3.31852	12.7334	7.12189	5.72435	7.303	10.7455	2.20929	7.16333	1.48934	7.14431	7.18478	0	3.3747	3.49541	6.39699	
8.45748	11.6895	6.5969	9.82517	4.47301	3.32048	1.16541	6.03968	2.76656	2.01303	5.24206	3.3747	0	2.45153	8.75599	
1.56267	7.59436	6.05355	9.12781	5.54715	10.5553	1.28612	5.49633	8.05184	1.46967	8.91919	3.49541	2.45153	0	3.97019	
5.53286	11.5646	12.5696	5.15762	12.3599	12.2744	5.25631	10.5435	6.24078	5.43986	6.61805	6.39699	8.75599	3.97019	0	

0	3.28282	4.18585	8.65905	9.71739	9.09514	10.4151	6.73027	8.00341	7.44071	7.45071	14.0679	6.27183	8.55204	10.5058	
3.28282	0	7.46868	8.87716	27.0743	18.773	10.6332	29.6848	12.1401	12.2993	10.7335	10.7851	9.55465	15.989	17.1389	
4.18585	7.46868	0	10.6619	11.0241	10.7188	8.86187	13.2445	10.9079	6.28994	10.2591	7.80413	7.45882	7.46983	6.31991	
8.65905	8.87716	10.6619	0	15.6548	14.1072	1.75605	14.1712	7.02057	4.32798	12.2126	6.3356	14.9309	10.8582	9.70829	
9.71739	27.0743	11.0241	15.6548	0	1.32031	7.30609	2.8973	2.72164	4.73416	2.26667	4.07669	3.53961	6.92787	5.71923	
9.09514	18.773	10.7188	14.1072	1.32031	0	12.101	2.27506	4.04194	5.61358	1.64443	9.94118	4.11469	5.54884	4.39892	
10.4151	10.6332	8.86187	1.75605	7.30609	12.101	0	11.0872	5.26452	2.57194	6.54109	4.08613	3.74082	9.82998	11.3952	
6.73027	29.6848	13.2445	14.1712	2.8973	2.27506	11.0872	0	2.19003	1.62733	0.630631	8.43633	0.458443	2.73866	6.92463	
8.00341	12.1401	10.9079	7.02057	2.72164	4.04194	5.26452	2.19003	0	2.86925	4.20184	1.35505	1.73159	4.0118	5.71537	
7.44071	12.2993	6.28994	4.32798	4.73416	5.61358	2.57194	1.62733	2.86925	0	3.63914	1.5142	1.16888	3.4491	12.6098	
7.45071	10.7335	10.2591	12.2126	2.26667	1.64443	6.54109	0.630631	4.20184	3.63914	0	5.48335	1.08907	4.75047	6.04335	
14.0679	10.7851	7.80413	6.3356	4.07669	9.94118	4.08613	8.43633	1.35505	1.5142	5.48335	0	2.68308	5.92051	7.48569	
6.27183	9.55465	7.45882	14.9309	3.53961	4.11469	3.74082	0.458443	1.73159	1.16888	1.08907	2.68308	0	2.28021	3.43013	
8.55204	15.989	7.46983	10.8582	6.92787	5.54884	9.82998	2.73866	4.0118	3.4491	4.75047	5.92051	2.28021	0	1.14992	
10.5058	17.1389	6.31991	9.70829	5.71923	4.39892	11.3952	6.92463	5.71537	12.6098	6.04335	7.48569	3.43013	1.14992	0	

0	10.3997	10.8927	6.78398	7.65902	2.17943	9.23859	7.34471	12.2997	5.38755	3.13484	7.4614	7.37011	6.72525	6.85848	
10.3997	0	19.2052	19.5245	5.059	9.76328	7.01921	4.598	10.4965	5.0122	5.94937	7.86778	17.8186	6.3499	6.48313	
10.8927	19.2052	0	13.3178	15.1695	8.71323	8.64816	13.8785	10.7969	7.40791	9.51111	13.9952	10.7539	6.0702	14.9961	
6.78398	19.5245	13.3178	0	2.27619	4.60455	4.24334	2.73719	6.07435	5.17431	3.30036	8.62811	1.76271	6.44639	4.46787	
7.65902	5.059	15.1695	2.27619	0	1.97957	1.96715	0.460997	2.25903	2.70177	1.02417	5.7537	3.18975	4.23582	2.19168	
2.17943	9.76328	8.71323	4.60455	1.97957	0	7.05916	2.30677	7.35104	2.63301	0.955407	5.28196	3.12099	4.39632	6.28285	
9.23859	7.01921	8.64816	4.24334	1.96715	7.05916	0	2.42121	0.291887	3.91567	2.99131	4.33304	2.56395	2.57796	4.15882	
7.34471	4.598	13.8785	2.73719	0.460997	2.30677	2.42121	0	2.7131	2.8273	1.35137	5.68289	3.51695	4.16501	2.65267	
12.2997	10.4965	10.7969	6.07435	2.25903	7.35104	0.291887	2.7131	0	6.06438	6.47722	4.04116	2.85584	2.86985	5.69855	
5.38755	5.0122	7.40791	5.17431	2.70177	2.63301	3.91567	2.8273	6.06438	0	1.6776	2.85559	3.84318	1.33771	1.47094	
3.13484	5.94937	9.51111	3.30036	1.02417	0.955407	2.99131	1.35137	6.47722	1.6776	0	4.53319	2.16558	3.01531	3.14854	
7.4614	7.86778	13.9952	8.62811	5.7537	5.28196	4.33304	5.68289	4.04116	2.85559	4.53319	0	8.33997	4.1933	4.32653	
7.37011	17.8186	10.7539	1.76271	3.18975	3.12099	2.56395	3.51695	2.85584	3.84318	2.16558	8.33997	0	4.68368	8.29893	
6.72525	6.3499	6.0702	6.44639	4.23582	4.39632	2.57796	4.16501	2.86985	1.33771	3.01531	4.1933	4.68368	0	2.80865	
6.85848	6.48313	14.9961	4.46787	2.19168	6.28285	4.15882	2.65267	5.69855	1.47094	3.14854	4.32653	8.29893	2.80865	0	

0	8.1241	9.84821	2.78643	5.1063	8.08905	9.63837	5.99447	7.3289	8.81513	7.50143	9.31162	8.70487	8.9357	7.6905	
8.1241	0	7.67602	6.69363	8.33819	3.63988	7.02643	3.4691	16.1792	6.06197	3.05226	13.2188	3.62392	7.59578	7.1866	
9.84821	7.67602	0	9.97053	12.312	3.27069	3.9572	7.46938	4.44991	2.36032	6.3025	3.95346	4.05209	3.89412	2.15771	
2.78643	6.69363	9.97053	0	2.45881	6.83424	8.21385	3.34697	4.68141	10.1031	7.74474	6.52518	5.91843	11.6369	10.4769	
5.1063	8.33819	12.312	2.45881	0	4.37543	1.61819	0.888166	2.2226	7.1009	1.30501	7.54092	7.53634	6.56905	4.5148	
8.08905	3.63988	3.27069	6.83424	4.37543	0	6.52209	1.00446	3.40519	2.23761	0.58762	9.16375	2.83803	2.19361	1.11298	
9.63837	7.02643	3.9572	8.21385	1.61819	6.52209	0	0.730019	2.3306	1.59688	1.14686	11.2986	3.40251	3.13069	2.72151	
5.99447	3.4691	7.46938	3.34697	0.888166	1.00446	0.730019	0	1.60058	2.3269	0.416845	6.9189	2.66726	5.05849	3.89278	
7.3289	16.1792	4.44991	4.68141	2.2226	3.40519	2.3306	1.60058	0	3.41683	2.01742	5.31832	9.83386	5.08739	2.2922	
8.81513	6.06197	2.36032	10.1031	7.1009	2.23761	1.59688	2.3269	3.41683	0	6.62958	6.31378	4.99939	1.5338	1.12463	
7.50143	3.05226	6.3025	7.74474	1.30501	0.58762	1.14686	0.416845	2.01742	6.62958	0	11.006	2.25041	2.78123	1.7006	
9.31162	13.2188	3.95346	6.52518	7.54092	9.16375	11.2986	6.9189	5.31832	6.31378	11.006	0	8.00555	6.97013	6.11117	
8.70487	3.62392	4.05209	5.91843	7.53634	2.83803	3.40251	2.66726	9.83386	4.99939	2.25041	8.00555	0	6.69426	6.2098	
8.9357	7.59578	3.89412	11.6369	6.56905	2.19361	3.13069	5.05849	5.08739	1.5338	2.78123	6.97013	6.69426	0	2.65843	
7.6905	7.1866	2.15771	10.4769	4.5148	1.11298	2.72151	3.89278	2.2922	1.12463	1.7006	6.11117	6.2098	2.65843	0	

0	13.1294	11.5551	9.63193	16.3436	10.8465	13.8074	18.8178	5.4307	6.5744	14.3269	11.9067	9.83087	9.77723	11.375	
13.1294	0	17.8143	22.0574	9.21001	7.87543	22.7264	18.2563	14.3497	9.86647	7.31935	20.293	13.9701	18.6962	10.2712	
11.5551	17.8143	0	6.28401	8.02392	11.0511	4.7916	10.4981	7.11046	4.25446	9.91458	10.7628	8.94876	2.76392	7.38371	
9.63193	22.0574	6.28401	0	8.89691	8.41244	5.54778	10.5996	7.86663	5.01063	8.96852	9.32883	9.82175	3.52009	8.13989	
16.3436	9.21001	8.02392	8.89691	0	2.44674	3.23329	2.47416	5.32501	4.04044	1.89066	2.73886	0.924838	5.26097	4.84254	
10.8465	7.87543	11.0511	8.41244	2.44674	0	7.86348	4.61133	5.41579	3.10321	0.556081	6.64801	5.55502	9.76233	3.50797	
13.8074	22.7264	4.7916	5.54778	3.23329	7.86348	0	4.26418	1.95085	0.807147	3.35427	5.97215	3.51163	2.02768	4.14134	
18.8178	18.2563	10.4981	10.5996	2.47416	4.61133	4.26418	0	4.60074	3.45703	4.36482	5.21302	3.399	4.94757	6.79123	
5.4307	14.3497	7.11046	7.86663	5.32501	5.41579	1.95085	4.60074	0	1.1437	3.69083	6.47598	4.40017	2.63424	4.4779	
6.5744	9.86647	4.25446	5.01063	4.04044	3.10321	0.807147	3.45703	1.1437	0	2.54712	7.61968	4.31877	1.49054	3.3342	
14.3269	7.31935	9.91458	8.96852	1.89066	0.556081	3.35427	4.36482	3.69083	2.54712	0	4.62951	2.81549	4.03766	2.95188	
11.9067	20.293	10.7628	9.32883	2.73886	6.64801	5.97215	5.21302	6.47598	7.61968	4.62951	0	3.6637	10.8225	9.38277	
9.83087	13.9701	8.94876	9.82175	0.924838	5.55502	3.51163	3.399	4.40017	4.31877	2.81549	3.6637	0	5.53931	8.96143	
9.77723	18.6962	2.76392	3.52009	5.26097	9.76233	2.02768	4.94757	2.63424	1.49054	4.03766	10.8225	5.53931	0	4.61979	
11.375	10.2712	7.38371	8.13989	4.84254	3.50797	4.14134	6.79123	4.4779	3.3342	2.95188	9.38277	8.96143	4.61979	0	

0	16.68	6.61326	11.3948	5.10563	5.85973	7.00636	11.6383	9.09419	9.66815	3.8261	7.672	7.54062	5.83993	13.0084	
16.68	0	10.206	17.034	10.9599	7.05621	5.45443	10.9967	5.23065	7.4899	7.49386	3.64795	7.88877	6.20916	17.5503	
6.61326	10.206	0	9.86154	8.30963	9.44949	1.93977	6.57176	8.14076	4.60156	6.97336	3.33454	2.47403	0.773338	8.34779	
11.3948	17.034	9.86154	0	3.80093	4.94079	4.02876	6.11522	10.8753	3.28323	5.08045	11.1129	5.33862	7.11145	5.05271	
5.10563	10.9599	8.30963	3.80093	0	1.13986	3.33476	2.78411	8.89465	2.58923	1.27952	4.54812	4.64462	6.41745	4.35871	
5.85973	7.05621	9.44949	4.94079	1.13986	0	4.66133	3.92397	4.99095	3.72909	2.03363	3.40825	5.97119	5.96946	5.68528	
7.00636	5.45443	1.93977	4.02876	3.33476	4.66133	0	3.57752	3.38918	0.745532	5.65239	1.80648	1.1444	1.16643	2.51501	
11.6383	10.9967	6.57176	6.11522	2.78411	3.92397	3.57752	0	9.0902	2.83199	4.06364	7.5075	4.88738	5.79842	4.60147	
9.09419	5.23065	8.14076	10.8753	8.89465	4.99095	3.38918	9.0902	0	6.02345	5.4286	1.5827	8.08116	4.1439	4.25397	
9.66815	7.4899	4.60156	3.28323	2.58923	3.72909	0.745532	2.83199	6.02345	0	3.86876	2.55201	1.88993	1.91196	1.76948	
3.8261	7.49386	6.97336	5.08045	1.27952	2.03363	5.65239	4.06364	5.4286	3.86876	0	3.8459	7.90071	6.20002	13.054	
7.672	3.64795	3.33454	11.1129	4.54812	3.40825	1.80648	7.5075	1.5827	2.55201	3.8459	0	2.95088	2.5612	5.83667	
7.54062	7.88877	2.47403	5.33862	4.64462	5.97119	1.1444	4.88738	8.08116	1.88993	7.90071	2.95088	0	1.70069	3.82487	
5.83993	6.20916	0.773338	7.11145	6.41745	5.96946	1.16643	5.79842	4.1439	1.91196	6.20002	2.5612	1.70069	0	5.52788	
13.0084	17.5503	8.34779	5.05271	4.35871	5.68528	2.51501	4.60147	4.25397	1.76948	13.054	5.83667	3.82487	5.52788	0	

0	12.2089	8.16446	8.49855	4.55996	5.26332	0.94451	4.53263	4.28587	5.79361	3.46161	1.51541	5.00428	2.65926	4.18356	
12.2089	0	10.9923	18.5346	8.73564	3.16882	10.5673	7.0332	15.6434	13.6794	4.97052	16.3726	6.09145	13.4324	5.40712	
8.16446	10.9923	0	11.3306	9.90471	9.9324	6.29773	7.36463	12.568	5.96665	10.2105	6.64905	5.59112	4.58298	7.69409	
8.49855	18.5346	11.3306	0	6.506	7.83031	11.1739	3.96592	8.79231	9.54661	6.8118	11.7448	5.31226	7.47945	5.41267	
4.55996	8.73564	9.90471	6.506	0	3.40491	5.50447	2.54008	6.90779	6.99663	1.60321	6.07537	3.14587	7.66321	3.98683	
5.26332	3.16882	9.9324	7.83031	3.40491	0	5.47736	3.68506	5.24363	5.99793	1.80171	9.28741	2.92264	3.93077	2.23831	
0.94451	10.5673	6.29773	11.1739	5.50447	5.47736	0	4.6858	3.34136	3.09842	4.40612	2.45992	2.72288	1.71475	3.23905	
4.53263	7.0332	7.36463	3.96592	2.54008	3.68506	4.6858	0	3.66733	4.42164	2.84588	6.04804	1.34634	2.35448	1.44675	
4.28587	15.6434	12.568	8.79231	6.90779	5.24363	3.34136	3.66733	0	2.09896	3.86366	6.82769	2.32099	3.32913	6.58042	
5.79361	13.6794	5.96665	9.54661	6.99663	5.99793	3.09842	4.42164	2.09896	0	4.61796	7.30902	2.39181	1.38367	7.12234	
3.46161	4.97052	10.2105	6.8118	1.60321	1.80171	4.40612	2.84588	3.86366	4.61796	0	4.97702	1.54267	2.5508	4.04001	
1.51541	16.3726	6.64905	11.7448	6.07537	9.28741	2.45992	6.04804	6.82769	7.30902	4.97702	0	8.42843	5.20108	6.72539	
5.00428	6.09145	5.59112	5.31226	3.14587	2.92264	2.72288	1.34634	2.32099	2.39181	1.54267	8.42843	0	1.00814	2.79309	
2.65926	13.4324	4.58298	7.47945	7.66321	3.93077	1.71475	2.35448	3.32913	1.38367	2.5508	5.20108	1.00814	0	4.9538	
4.18356	5.40712	7.69409	5.41267	3.98683	2.23831	3.23905	1.44675	6.58042	7.12234	4.04001	6.72539	2.79309	4.9538	0	

0	11.6141	14.6367	6.31919	5.69463	5.58334	8.06077	5.73408	10.2627	5.37894	3.20254	7.28904	7.93017	8.57305	9.65283	
11.6141	0	9.08868	6.65781	4.54491	9.80433	4.20134	13.4693	6.01651	5.60841	11.8072	6.81068	3.68398	4.33386	6.74058	
14.6367	9.08868	0	2.9196	9.20082	6.32579	1.69101	8.74309	4.03368	5.45627	6.03625	6.22546	2.20837	4.75482	7.74343	
6.31919	6.65781	2.9196	0	3.83476	3.40619	3.4912	5.6482	5.30636	5.29306	3.11665	6.10054	2.97383	7.67442	6.03043	
5.69463	4.54491	9.20082	3.83476	0	2.02589	1.37829	0.309884	3.19346	4.6685	2.49209	3.98763	0.86093	4.446	1.30953	
5.58334	9.80433	6.32579	3.40619	2.02589	0	6.82624	2.33578	8.64141	4.55722	2.38081	8.65935	2.88682	6.47189	4.06971	
8.06077	4.20134	1.69101	3.4912	1.37829	6.82624	0	7.38978	2.34267	3.76526	4.85824	3.64407	0.517362	5.03981	3.57396	
5.73408	13.4693	8.74309	5.6482	0.309884	2.33578	7.38978	0	6.85353	4.70795	2.53155	5.09523	1.17081	4.75588	0.999651	
10.2627	6.01651	4.03368	5.30636	3.19346	8.64141	2.34267	6.85353	0	4.76381	6.94022	3.77363	2.33253	6.03836	5.38912	
5.37894	5.60841	5.45627	5.29306	4.6685	4.55722	3.76526	4.70795	4.76381	0	2.17641	3.16176	4.28262	1.27455	8.10651	
3.20254	11.8072	6.03625	3.11665	2.49209	2.38081	4.85824	2.53155	6.94022	2.17641	0	5.33817	3.35302	3.45096	3.5312	
7.28904	6.81068	6.22546	6.10054	3.98763	8.65935	3.64407	5.09523	3.77363	3.16176	5.33817	0	3.1267	4.43631	5.52824	
7.93017	3.68398	2.20837	2.97383	0.86093	2.88682	0.517362	1.17081	2.33253	4.28262	3.35302	3.1267	0	5.30693	2.90475	
8.57305	4.33386	4.75482	7.67442	4.446	6.47189	5.03981	4.75588	6.03836	1.27455	3.45096	4.43631	5.30693	0	6.48981	
9.65283	6.74058	7.74343	6.03043	1.30953	4.06971	3.57396	0.999651	5.38912	8.10651	3.5312	5.52824	2.90475	6.48981	0	

0	15.1707	14.0042	8.90344	11.08	8.44035	10.233	10.9153	13.6108	10.9965	11.4965	15.5602	7.98255	14.9737	10.7668	
15.1707	0	6.71646	3.66062	11.9272	12.7251	1.74939	9.80543	7.29975	3.91033	6.63251	3.1499	3.99983	2.01174	9.67979	
14.0042	6.71646	0	5.79382	7.03632	7.13679	7.15753	3.08897	1.60717	7.29134	7.06904	1.80196	14.2692	8.57043	4.19263	
8.90344	3.66062	5.79382	0	5.39471	2.75502	1.91123	2.70485	5.40039	4.07217	6.68493	3.31175	2.29722	2.17358	5.08142	
11.08	11.9272	7.03632	5.39471	0	1.93107	4.50233	3.94735	3.29661	6.11147	2.17874	3.10182	2.38887	5.84705	4.41928	
8.44035	12.7251	7.13679	2.75502	1.93107	0	2.70824	4.04783	6.74336	3.47179	0.24767	5.03289	0.457801	3.91598	2.53213	
10.233	1.74939	7.15753	1.91123	4.50233	2.70824	0	4.61609	1.59531	1.45806	4.88311	1.40051	2.25044	0.26235	3.08154	
10.9153	9.80543	3.08897	2.70485	3.94735	4.04783	4.61609	0	2.69553	4.20237	3.98007	2.89032	4.50563	5.39809	5.28099	
13.6108	7.29975	1.60717	5.40039	3.29661	6.74336	1.59531	2.69553	0	6.89791	4.86992	0.194793	5.36966	5.81271	1.87582	
10.9965	3.91033	7.29134	4.07217	6.11147	3.47179	1.45806	4.20237	6.89791	0	7.04405	3.56145	3.01399	1.19571	5.79818	
11.4965	6.63251	7.06904	6.68493	2.17874	0.24767	4.88311	3.98007	4.86992	7.04405	0	3.96548	0.705471	4.16365	2.28446	
15.5602	3.1499	1.80196	3.31175	3.10182	5.03289	1.40051	2.89032	0.194793	3.56145	3.96548	0	3.65095	1.66286	1.68102	
7.98255	3.99983	14.2692	2.29722	2.38887	0.457801	2.25044	4.50563	5.36966	3.01399	0.705471	3.65095	0	2.51279	2.7842	
14.9737	2.01174	8.57043	2.17358	5.84705	3.91598	0.26235	5.39809	5.81271	1.19571	4.16365	1.66286	2.51279	0	8.19275	
10.7668	9.67979	4.19263	5.08142	4.41928	2.53213	3.08154	5.28099	1.87582	5.79818	2.28446	1.68102	2.7842	8.19275	0	

0	7.3661	10.4196	8.98457	8.04387	9.67359	9.2973	8.85228	13.1064	14.4754	12.3809	11.9639	12.1581	13.107	11.9664	
7.3661	0	6.32042	12.5164	8.73289	22.3348	5.19816	6.75783	17.8704	10.7592	8.28175	16.7279	8.05901	9.00784	10.6975	
10.4196	6.32042	0	8.44053	4.65698	8.13547	1.12226	2.68193	9.59916	6.68333	4.20584	10.7417	3.98311	4.93194	6.62158	
8.98457	12.5164	8.44053	0	2.53137	4.16109	6.06609	3.33978	12.8614	10.3202	4.34832	11.7189	10.1791	5.92534	6.45388	
8.04387	8.73289	4.65698	2.53137	0	1.62972	2.36808	0.80841	12.041	6.12799	1.91902	9.56574	6.39557	6.39042	3.36291	
9.67359	22.3348	8.13547	4.16109	1.62972	0	3.37289	2.43813	9.07852	4.86184	0.289302	7.93602	11.0087	1.86632	2.65636	
9.2973	5.19816	1.12226	6.06609	2.36808	3.37289	0	1.55967	9.93656	5.56107	3.08358	8.0726	2.86085	3.80968	4.11417	
8.85228	6.75783	2.68193	3.33978	0.80841	2.43813	1.55967	0	9.94827	4.75998	4.41034	8.48221	4.42052	5.36935	2.5545	
13.1064	17.8704	9.59916	12.8614	12.041	9.07852	9.93656	9.94827	0	3.65404	11.5142	1.14251	7.07571	8.00492	7.07022	
14.4754	10.7592	6.68333	10.3202	6.12799	4.86184	5.56107	4.75998	3.65404	0	4.19327	2.51153	3.01714	2.61625	2.20548	
12.3809	8.28175	4.20584	4.34832	1.91902	0.289302	3.08358	4.41034	11.5142	4.19327	0	8.22532	4.25938	1.57702	2.94566	
11.9639	16.7279	10.7417	11.7189	9.56574	7.93602	8.0726	8.48221	1.14251	2.51153	8.22532	0	5.52867	5.12779	4.71701	
12.1581	8.05901	3.98311	10.1791	6.39557	11.0087	2.86085	4.42052	7.07571	3.01714	4.25938	5.52867	0	2.68236	5.22262	
13.107	9.00784	4.93194	5.92534	6.39042	1.86632	3.80968	5.36935	8.00492	2.61625	1.57702	5.12779	2.68236	0	4.82173	
11.9664	10.6975	6.62158	6.45388	3.36291	2.65636	4.11417	2.5545	7.07022	2.20548	2.94566	4.71701	5.22262	4.82173	0	

0	1.539	7.68782	8.50231	10.8555	15.6117	10.1236	12.2217	10.3825	10.2408	12.2609	9.43757	7.02771	11.351	12.7641	
1.539	0	6.14882	8.82016	12.3945	12.672	6.56831	8.22324	7.38123	6.19275	9.02614	10.9766	5.48872	7.64297	10.6671	
7.68782	6.14882	0	12.4762	11.8286	9.14268	7.40975	13.1455	12.3035	11.115	13.9484	8.44212	8.48935	6.52873	7.6941	
8.50231	8.82016	12.4762	0	5.91285	8.56139	4.41104	4.54666	5.22396	2.23428	4.25438	7.86084	2.93831	5.4857	4.75755	
10.8555	12.3945	11.8286	5.91285	0	6.10884	4.41883	1.36619	4.28029	4.14504	6.16515	6.21061	4.10071	6.70121	3.88288	
15.6117	12.672	9.14268	8.56139	6.10884	0	6.45692	4.74265	7.11897	2.12553	0.105423	4.52734	3.64285	2.61394	2.9279	
10.1236	6.56831	7.40975	4.41104	4.41883	6.45692	0	3.81412	2.73667	1.78363	4.61702	1.79179	1.07959	3.23385	4.44477	
12.2217	8.22324	13.1455	4.54666	1.36619	4.74265	3.81412	0	2.91411	3.43856	4.84807	3.85899	2.73453	3.68206	2.51669	
10.3825	7.38123	12.3035	5.22396	4.28029	7.11897	2.73667	2.91411	0	2.59654	5.42994	0.94488	1.89251	2.85827	5.4308	
10.2408	6.19275	11.115	2.23428	4.14504	2.12553	1.78363	3.43856	2.59654	0	2.02011	9.07247	0.704033	2.85829	2.52327	
12.2609	9.02614	13.9484	4.25438	6.16515	0.105423	4.61702	4.84807	5.42994	2.02011	0	6.27951	2.72414	2.71937	2.82248	
9.43757	10.9766	8.44212	7.86084	6.21061	4.52734	1.79179	3.85899	0.94488	9.07247	6.27951	0	2.83739	1.91339	3.07876	
7.02771	5.48872	8.48935	2.93831	4.10071	3.64285	1.07959	2.73453	1.89251	0.704033	2.72414	2.83739	0	2.15425	3.2273	
11.351	7.64297	6.52873	5.4857	6.70121	2.61394	3.23385	3.68206	2.85827	2.85829	2.71937	1.91339	2.15425	0	1.16537	
12.7641	10.6671	7.6941	4.75755	3.88288	2.9279	4.44477	2.51669	5.4308	2.52327	2.82248	3.07876	3.2273	1.16537	0	

0	6.89735	11.2906	7.26405	10.8128	7.05848	6.4606	7.61713	9.78626	5.35582	8.3998	4.42141	6.78613	10.2002	7.40977	
6.89735	0	9.99946	11.1066	11.2873	8.72584	5.16951	8.80186	12.2815	4.06473	7.10871	11.3188	6.41441	8.90915	14.3071	
11.2906	9.99946	0	12.9766	12.7326	5.54497	7.03951	8.53121	10.7209	5.93473	6.31683	8.18204	7.8641	10.7791	6.99573	
7.26405	11.1066	12.9766	0	4.53392	11.703	8.14663	7.50898	2.52221	7.04186	9.56642	11.6855	9.39154	11.8863	4.90469	
10.8128	11.2873	12.7326	4.53392	0	1.70526	4.8164	4.465	2.0117	3.97738	0.933403	9.71932	9.1525	4.22585	4.39419	
7.05848	8.72584	5.54497	11.703	1.70526	0	3.25979	2.98624	3.83324	3.81584	0.771861	2.63707	5.00178	3.85035	1.45076	
6.4606	5.16951	7.03951	8.14663	4.8164	3.25979	0	3.85335	8.84012	1.10478	4.03165	5.89685	3.45446	0.590559	4.71055	
7.61713	8.80186	8.53121	7.50898	4.465	2.98624	3.85335	0	4.22087	4.73713	3.5316	3.19572	5.56044	4.18632	1.83839	
9.78626	12.2815	10.7209	2.52221	2.0117	3.83324	8.84012	4.22087	0	8.21673	2.94511	8.18249	9.17571	6.23755	2.38248	
5.35582	4.06473	5.93473	7.04186	3.97738	3.81584	1.10478	4.73713	8.21673	0	3.04398	4.7144	2.34968	1.69534	6.11186	
8.3998	7.10871	6.31683	9.56642	0.933403	0.771861	4.03165	3.5316	2.94511	3.04398	0	3.40893	5.39366	5.15925	2.22262	
4.42141	11.3188	8.18204	11.6855	9.71932	2.63707	5.89685	3.19572	8.18249	4.7144	3.40893	0	2.36472	7.29137	4.08783	
6.78613	6.41441	7.8641	9.39154	9.1525	5.00178	3.45446	5.56044	9.17571	2.34968	5.39366	2.36472	0	4.92665	6.50258	
10.2002	8.90915	10.7791	11.8863	4.22585	3.85035	0.590559	4.18632	6.23755	1.69534	5.15925	7.29137	4.92665	0	5.93423	
7.40977	14.3071	6.99573	4.90469	4.39419	1.45076	4.71055	1.83839	2.38248	6.11186	2.22262	4.08783	6.50258	5.93423	0	

0	12.2386	15.7759	12.7933	6.5928	2.04947	8.51875	3.44521	6.00165	7.39411	1.12621	10.2375	8.24579	7.79112	7.23687	
12.2386	0	15.7494	9.28353	6.42427	7.95351	4.5962	11.1109	6.23694	4.4155	11.2348	10.4728	3.56381	10.3364	6.7609	
15.7759	15.7494	0	14.7195	12.5609	13.2053	10.445	11.9983	9.77423	7.62716	14.7721	9.94479	10.172	7.23015	14.3293	
12.7933	9.28353	14.7195	0	5.8621	9.28418	3.4754	7.67051	7.05093	4.60004	11.3287	9.73243	4.50779	5.79618	8.91679	
6.5928	6.42427	12.5609	5.8621	0	5.71469	3.89284	7.78558	8.40048	3.71214	5.46658	10.2167	2.86045	5.33076	6.05754	
2.04947	7.95351	13.2053	9.28418	5.71469	0	5.00965	3.24226	5.92115	3.88501	0.923259	10.9666	4.3897	4.28202	7.22973	
8.51875	4.5962	10.445	3.4754	3.89284	5.00965	0	3.80265	3.57553	1.12464	6.51411	7.48142	1.03239	1.52165	4.22947	
3.44521	11.1109	11.9983	7.67051	7.78558	3.24226	3.80265	0	7.31689	2.67801	2.319	6.91782	3.52969	3.07502	1.51954	
6.00165	6.23694	9.77423	7.05093	8.40048	5.92115	3.57553	7.31689	0	4.49647	4.99789	4.23587	4.60792	4.09946	7.07971	
7.39411	4.4155	7.62716	4.60004	3.71214	3.88501	1.12464	2.67801	4.49647	0	4.80827	6.68356	0.851683	0.397011	4.04876	
1.12621	11.2348	14.7721	11.3287	5.46658	0.923259	6.51411	2.319	4.99789	4.80827	0	9.23376	5.31296	9.09735	3.83854	
10.2375	10.4728	9.94479	9.73243	10.2167	10.9666	7.48142	6.91782	4.23587	6.68356	9.23376	0	7.3562	6.28655	5.39829	
8.24579	3.56381	10.172	4.50779	2.86045	4.3897	1.03239	3.52969	4.60792	0.851683	5.31296	7.3562	0	1.24869	3.19708	
7.79112	10.3364	7.23015	5.79618	5.33076	4.28202	1.52165	3.07502	4.09946	0.397011	9.09735	6.28655	1.24869	0	5.40595	
7.23687	6.7609	14.3293	8.91679	6.05754	7.22973	4.22947	1.51954	7.07971	4.04876	3.83854	5.39829	3.19708	5.40595	0	

0	6.0585	14.5269	3.42425	3.22264	9.71602	7.23663	1.90829	6.33387	7.7929	8.09735	5.13825	6.44645	5.69091	6.02512	
6.0585	0	13.7369	2.63425	12.2695	10.511	8.55632	10.7958	11.0789	8.30021	10.1253	9.88332	9.3465	4.90091	15.1841	
14.5269	13.7369	0	4.1518	4.40499	13.6074	10.3193	7.19673	5.90891	5.32376	10.436	7.10454	11.8071	1.88514	4.92728	
3.42425	2.63425	4.1518	0	4.78652	13.9889	9.67113	5.33254	8.41132	5.66596	12.7596	8.5625	7.0124	2.26666	7.11769	
3.22264	12.2695	4.40499	4.78652	0	5.18335	7.27515	1.31434	7.483	2.09909	5.569	6.20422	9.4897	2.51986	0.647353	
9.71602	10.511	13.6074	13.9889	5.18335	0	5.09653	6.4977	4.91274	5.6528	0.385646	4.39335	4.30635	7.70321	5.8307	
7.23663	8.55632	10.3193	9.67113	7.27515	5.09653	0	11.3054	6.75055	2.13663	17.4945	4.99233	0.790178	7.4438	5.45692	
1.90829	10.7958	7.19673	5.33254	1.31434	6.4977	11.3054	0	6.16866	8.75021	6.18905	6.65329	8.35474	3.8342	1.9617	
6.33387	11.0789	5.90891	8.41132	7.483	4.91274	6.75055	6.16866	0	2.74537	4.52709	1.19563	4.09181	6.18398	4.1971	
7.7929	8.30021	5.32376	5.66596	2.09909	5.6528	2.13663	8.75021	2.74537	0	7.27246	3.93983	1.34645	3.43862	1.45174	
8.09735	10.1253	10.436	12.7596	5.569	0.385646	17.4945	6.18905	4.52709	7.27246	0	4.00771	4.692	8.65517	6.78266	
5.13825	9.88332	7.10454	8.5625	6.20422	4.39335	4.99233	6.65329	1.19563	3.93983	4.00771	0	4.20216	6.61232	5.39157	
6.44645	9.3465	11.8071	7.0124	9.4897	4.30635	0.790178	8.35474	4.09181	1.34645	4.692	4.20216	0	4.78507	2.79819	
5.69091	4.90091	1.88514	2.26666	2.51986	7.70321	7.4438	3.8342	6.18398	3.43862	8.65517	6.61232	4.78507	0	3.16721	
6.02512	15.1841	4.92728	7.11769	0.647353	5.8307	5.45692	1.9617	4.1971	1.45174	6.78266	5.39157	2.79819	3.16721	0	

0	0.718509	5.91156	8.11276	11.7152	8.51488	2.72465	3.93521	6.92444	4.05256	7.71565	4.99395	5.91384	4.25871	12.3679	
0.718509	0	8.84068	8.83127	8.43978	7.59912	3.44316	5.09054	25.7361	9.57143	7.65851	13.35	6.63235	12.8575	13.0864	
5.91156	8.84068	0	17.6947	13.11	14.438	3.18691	4.39747	6.43548	4.51481	11.7105	5.4562	8.45745	4.72096	14.5239	
8.11276	8.83127	17.6947	0	8.10152	7.26085	5.96284	4.75228	14.1179	9.70081	7.32025	11.8544	14.0266	10.8161	14.5818	
11.7152	8.43978	13.11	8.10152	0	1.32797	4.5598	3.34924	7.6298	5.23644	2.12721	7.39003	4.1237	6.35169	3.55041	
8.51488	7.59912	14.438	7.26085	1.32797	0	3.71913	2.50857	3.80632	6.56441	0.799233	5.70201	2.79572	8.57566	4.87838	
2.72465	3.44316	3.18691	5.96284	4.5598	3.71913	0	1.21056	3.15362	1.3279	3.77853	2.2693	5.17559	1.53405	11.242	
3.93521	5.09054	4.39747	4.75228	3.34924	2.50857	1.21056	0	6.11641	2.53846	2.56797	3.47986	5.3043	2.74461	6.89965	
6.92444	25.7361	6.43548	14.1179	7.6298	3.80632	3.15362	6.11641	0	3.03792	3.54844	0.884319	1.01059	6.79053	4.25877	
4.05256	9.57143	4.51481	9.70081	5.23644	6.56441	1.3279	2.53846	3.03792	0	8.31294	2.1536	4.53197	1.11525	8.78685	
7.71565	7.65851	11.7105	7.32025	2.12721	0.799233	3.77853	2.56797	3.54844	8.31294	0	4.43276	3.59496	10.9986	5.2094	
4.99395	13.35	5.4562	11.8544	7.39003	5.70201	2.2693	3.47986	0.884319	2.1536	4.43276	0	1.89491	3.26885	5.14309	
5.91384	6.63235	8.45745	14.0266	4.1237	2.79572	5.17559	5.3043	1.01059	4.53197	3.59496	1.89491	0	5.64722	5.26936	
4.25871	12.8575	4.72096	10.8161	6.35169	8.57566	1.53405	2.74461	6.79053	1.11525	10.9986	3.26885	5.64722	0	13.1079	
12.3679	13.0864	14.5239	14.5818	3.55041	4.87838	11.242	6.89965	4.25877	8.78685	5.2094	5.14309	5.26936	13.1079	0	

0	9.57121	22.0364	4.80734	3.40028	5.33571	6.43931	1.88798	8.03161	5.35963	7.86324	5.67013	7.50332	4.00596	6.34639	
9.57121	0	14.9179	2.51151	12.2182	15.0587	9.49732	5.43086	13.2181	14.1201	6.03167	17.0074	11.2303	3.46383	13.5213	
22.0364	14.9179	0	10.8784	6.90711	12.6487	2.40463	9.99076	1.6998	4.96938	10.0903	5.48909	2.11952	5.72545	11.8599	
4.80734	2.51151	10.8784	0	4.43166	2.28207	3.38567	2.91936	4.97797	2.306	3.52016	3.72699	4.44969	0.95232	3.29276	
3.40028	12.2182	6.90711	4.43166	0	2.37481	4.43123	1.5123	3.08088	1.90198	1.05214	4.25484	2.66116	3.25565	1.30312	
5.33571	15.0587	12.6487	2.28207	2.37481	0	3.7631	4.35281	3.67591	2.68343	1.32267	4.10442	3.25619	1.32975	2.64014	
6.43931	9.49732	2.40463	3.38567	4.43123	3.7631	0	6.40324	0.704837	3.56957	5.82379	2.62109	1.12456	2.43335	4.77379	
1.88798	5.43086	9.99076	2.91936	1.5123	4.35281	6.40324	0	6.71962	3.41428	2.56444	3.78215	4.17346	3.87168	2.81543	
8.03161	13.2181	1.6998	4.97797	3.08088	3.67591	0.704837	6.71962	0	2.21922	5.60736	3.32593	0.419722	3.13819	3.5344	
5.35963	14.1201	4.96938	2.306	1.90198	2.68343	3.56957	3.41428	2.21922	0	2.95412	4.12835	1.7995	1.35368	3.2051	
7.86324	6.03167	10.0903	3.52016	1.05214	1.32267	5.82379	2.56444	5.60736	2.95412	0	3.2027	3.7133	2.65242	1.31747	
5.67013	17.0074	5.48909	3.72699	4.25484	4.10442	2.62109	3.78215	3.32593	4.12835	3.2027	0	4.20901	2.77467	4.52017	
7.50332	11.2303	2.11952	4.44969	2.66116	3.25619	1.12456	4.17346	0.419722	1.7995	3.7133	4.20901	0	3.15317	3.11467	
4.00596	3.46383	5.72545	0.95232	3.25565	1.32975	2.43335	3.87168	3.13819	1.35368	2.65242	2.77467	3.15317	0	2.34044	
6.34639	13.5213	11.8599	3.29276	1.30312	2.64014	4.77379	2.81543	3.5344	3.2051	1.31747	4.52017	3.11467	2.34044	0	

0	12.8966	5.68828	6.07498	4.87702	12.3656	10.4471	6.03582	6.78347	6.67526	8.03525	7.92678	5.61342	4.2666	3.28229	
12.8966	0	16.3088	10.4384	2.801	3.68487	12.4355	8.04098	17.4547	10.5707	2.58186	15.451	9.97679	8.62997	7.33482	
5.68828	16.3088	0	9.48717	5.82726	8.92221	7.17383	7.79334	7.73371	8.08026	7.31015	7.67645	5.07014	6.41696	4.23253	
6.07498	10.4384	9.48717	0	5.93007	4.09886	7.61931	3.5776	18.0646	4.67281	5.20187	5.61523	3.1552	1.80838	11.7146	
4.87702	2.801	5.82726	5.93007	0	1.32216	3.62919	0.702337	5.09591	3.40652	0.219145	3.34757	6.21312	2.47156	1.59473	
12.3656	3.68487	8.92221	4.09886	1.32216	0	3.52045	2.53355	2.12398	2.76788	1.10301	1.51637	4.12268	5.90724	3.42594	
10.4471	12.4355	7.17383	7.61931	3.62919	3.52045	0	2.92686	3.22263	3.86654	4.62346	2.61502	2.10369	3.45051	9.57267	
6.03582	8.04098	7.79334	3.5776	0.702337	2.53355	2.92686	0	4.41498	2.70418	0.921482	3.9557	3.11604	1.76922	2.29707	
6.78347	17.4547	7.73371	18.0646	5.09591	2.12398	3.22263	4.41498	0	1.7108	8.25414	0.607611	3.21392	4.57523	3.50118	
6.67526	10.5707	8.08026	4.67281	3.40652	2.76788	3.86654	2.70418	1.7108	0	7.98887	1.25152	3.01012	2.86443	5.21198	
8.03525	2.58186	7.31015	5.20187	0.219145	1.10301	4.62346	0.921482	8.25414	7.98887	0	2.61938	10.7679	5.08545	1.81387	
7.92678	15.451	7.67645	5.61523	3.34757	1.51637	2.61502	3.9557	0.607611	1.25152	2.61938	0	2.60631	3.95313	4.10879	
5.61342	9.97679	5.07014	3.1552	6.21312	4.12268	2.10369	3.11604	3.21392	3.01012	10.7679	2.60631	0	1.34682	7.35792	
4.2666	8.62997	6.41696	1.80838	2.47156	5.90724	3.45051	1.76922	4.57523	2.86443	5.08545	3.95313	1.34682	0	6.46103	
3.28229	7.33482	4.23253	11.7146	1.59473	3.42594	9.57267	2.29707	3.50118	5.21198	1.81387	4.10879	7.35792	6.46103	0	

0	11.2217	10.3947	7.35121	5.86442	13.3246	11.2202	3.72202	7.64688	8.11481	5.69625	6.74019	11.0064	13.3641	8.35862	
11.2217	0	8.6311	5.65515	10.2039	11.689	8.09995	19.0704	5.38817	5.8561	17.1854	4.48149	7.98266	5.62501	6.8683	
10.3947	8.6311	0	3.04349	7.59228	9.07732	6.01243	15.1197	8.428	9.31521	15.3069	11.3073	10.8323	8.47468	6.44319	
7.35121	5.65515	3.04349	0	4.54878	5.81816	6.22157	6.69118	8.63714	9.52436	6.72034	6.81298	7.5153	4.64299	3.3997	
5.86442	10.2039	7.59228	4.54878	0	2.32359	4.20321	2.1424	6.61878	4.39727	3.01011	8.57377	2.96652	5.32417	4.74206	
13.3246	11.689	9.07732	5.81816	2.32359	0	6.5268	2.66074	8.29059	2.99155	0.686513	5.83175	5.04201	3.66176	2.41847	
11.2202	8.09995	6.01243	6.22157	4.20321	6.5268	0	6.34561	2.41557	3.30279	5.60782	3.32226	4.73354	2.47494	3.71823	
3.72202	19.0704	15.1197	6.69118	2.1424	2.66074	6.34561	0	9.5783	4.27926	1.97423	8.04988	5.10892	5.87988	4.63659	
7.64688	5.38817	8.428	8.63714	6.61878	8.29059	2.41557	9.5783	0	2.2813	7.01525	0.906686	4.25818	4.89051	4.31997	
8.11481	5.8561	9.31521	9.52436	4.39727	2.99155	3.30279	4.27926	2.2813	0	2.30503	1.37462	1.43075	2.50291	3.7462	
5.69625	17.1854	15.3069	6.72034	3.01011	0.686513	5.60782	1.97423	7.01525	2.30503	0	3.67965	3.73579	4.80794	3.10498	
6.74019	4.48149	11.3073	6.81298	8.57377	5.83175	3.32226	8.04988	0.906686	1.37462	3.67965	0	2.80537	3.87752	3.41328	
11.0064	7.98266	10.8323	7.5153	2.96652	5.04201	4.73354	5.10892	4.25818	1.43075	3.73579	2.80537	0	2.35765	3.60094	
13.3641	5.62501	8.47468	4.64299	5.32417	3.66176	2.47494	5.87988	4.89051	2.50291	4.80794	3.87752	2.35765	0	1.24329	
8.35862	6.8683	6.44319	3.3997	4.74206	2.41847	3.71823	4.63659	4.31997	3.7462	3.10498	3.41328	3.60094	1.24329	0	

0	9.59215	1.67473	16.0398	6.2922	4.94866	6.44387	6.55999	7.13641	5.0277	5.44801	3.72114	4.22948	8.30533	5.83785	
9.59215	0	11.2669	17.6889	21.5409	14.632	21.0944	22.7051	16.2124	15.5908	17.921	13.3518	13.8216	15.4558	15.739	
1.67473	11.2669	0	6.38356	12.0737	6.71459	13.177	8.4467	4.90702	5.0792	19.1893	2.04641	5.90422	4.15043	4.43367	
16.0398	17.6889	6.38356	0	8.07476	9.95808	6.86009	9.30197	7.19776	7.36994	13.0173	4.33715	9.07447	6.44117	6.72441	
6.2922	21.5409	12.0737	8.07476	0	1.88332	4.2771	3.62704	4.84166	2.86094	2.29148	7.01905	2.06272	5.0936	2.68131	
4.94866	14.632	6.71459	9.95808	1.88332	0	2.93355	2.299	2.95834	1.51739	0.408161	3.18525	0.719172	4.79501	0.797994	
6.44387	21.0944	13.177	6.86009	4.2771	2.93355	0	3.04084	2.80057	3.0126	7.36378	2.6725	2.21438	0.568478	5.26254	
6.55999	22.7051	8.4467	9.30197	3.62704	2.299	3.04084	0	5.23744	3.12873	4.13517	3.88827	2.33051	2.47236	1.50101	
7.13641	16.2124	4.90702	7.19776	4.84166	2.95834	2.80057	5.23744	0	3.05364	3.3665	2.86061	2.90693	3.36904	3.75634	
5.0277	15.5908	5.0792	7.36994	2.86094	1.51739	3.0126	3.12873	3.05364	0	10.1877	3.03279	0.79822	4.87406	3.84637	
5.44801	17.921	19.1893	13.0173	2.29148	0.408161	7.36378	4.13517	3.3665	10.1877	0	5.02142	1.12733	6.7953	1.20616	
3.72114	13.3518	2.04641	4.33715	7.01905	3.18525	2.6725	3.88827	2.86061	3.03279	5.02142	0	3.83101	2.10402	2.38726	
4.22948	13.8216	5.90422	9.07447	2.06272	0.719172	2.21438	2.33051	2.90693	0.79822	1.12733	3.83101	0	2.78286	1.51717	
8.30533	15.4558	4.15043	6.44117	5.0936	4.79501	0.568478	2.47236	3.36904	4.87406	6.7953	2.10402	2.78286	0	3.97337	
5.83785	15.739	4.43367	6.72441	2.68131	0.797994	5.26254	1.50101	3.75634	3.84637	1.20616	2.38726	1.51717	3.97337	0	

0	17.9876	14.0345	5.34089	7.28353	10.6156	7.5877	12.2197	23.5387	14.0887	9.43201	9.82893	11.8543	14.804	10.554	
17.9876	0	6.40749	18.5591	7.9345	10.9733	7.52824	18.9326	11.603	9.46556	14.1223	15.0606	6.56325	5.63796	13.4519	
14.0345	6.40749	0	10.5738	3.06607	6.10488	2.65981	16.5001	10.2985	8.16112	12.8179	6.0858	1.69482	0.769533	11.1919	
5.34089	18.5591	10.5738	0	1.94264	6.66156	2.24681	9.33329	6.53366	5.57887	6.47305	4.48804	4.45507	4.13709	3.56617	
7.28353	7.9345	3.06607	1.94264	0	3.70979	4.18682	3.28918	4.59102	3.63623	3.51832	6.43069	2.92384	2.29654	1.62353	
10.6156	10.9733	6.10488	6.66156	3.70979	0	7.22563	3.75192	9.30993	5.84036	1.18362	7.95569	3.38657	5.33535	2.08626	
7.5877	7.52824	2.65981	2.24681	4.18682	7.22563	0	16.2944	6.70246	3.01706	9.22181	6.30544	2.20826	1.89028	3.50857	
12.2197	18.9326	16.5001	9.33329	3.28918	3.75192	16.2944	0	4.46511	5.65199	2.90485	9.24879	2.96596	9.68718	1.66565	
23.5387	11.603	10.2985	6.53366	4.59102	9.30993	6.70246	4.46511	0	2.13739	6.79413	4.78368	2.94619	6.88756	6.12372	
14.0887	9.46556	8.16112	5.57887	3.63623	5.84036	3.01706	5.65199	2.13739	0	4.65674	4.90597	0.808799	1.73409	2.10911	
9.43201	14.1223	12.8179	6.47305	3.51832	1.18362	9.22181	2.90485	6.79413	4.65674	0	9.13931	3.1951	6.51897	1.89479	
9.82893	15.0606	6.0858	4.48804	6.43069	7.95569	6.30544	9.24879	4.78368	4.90597	9.13931	0	4.09717	5.02247	5.39748	
11.8543	6.56325	1.69482	4.45507	2.92384	3.38657	2.20826	2.96596	2.94619	0.808799	3.1951	4.09717	0	0.925292	1.30031	
14.804	5.63796	0.769533	4.13709	2.29654	5.33535	1.89028	9.68718	6.88756	1.73409	6.51897	5.02247	0.925292	0	2.2256	
10.554	13.4519	11.1919	3.56617	1.62353	2.08626	3.50857	1.66565	6.12372	2.10911	1.89479	5.39748	1.30031	2.2256	0	

0	10.3204	18.2499	14.8873	6.08211	5.35184	7.03433	6.44142	11.956	6.21097	4.88392	14.568	4.72352	7.96774	11.4411	
10.3204	0	5.1812	14.5727	6.63464	5.90436	10.2298	6.99395	12.0478	8.10631	5.43645	10.9929	8.74603	11.4742	12.4437	
18.2499	5.1812	0	8.8934	11.0154	13.8339	3.45973	7.8405	5.27778	2.92511	10.6176	5.81173	4.41256	4.70413	6.12607	
14.8873	14.5727	8.8934	0	4.20819	4.24444	7.15807	10.111	5.69362	3.3164	4.71236	3.08167	4.78161	1.53738	3.6177	
6.08211	6.63464	11.0154	4.20819	0	1.6661	6.84457	2.75568	3.86593	4.44982	1.19819	4.85622	4.50776	2.6708	4.32019	
5.35184	5.90436	13.8339	4.24444	1.6661	0	10.9562	2.02541	7.97757	10.6691	0.467912	7.32612	3.77749	5.78183	7.46813	
7.03433	10.2298	3.45973	7.15807	6.84457	10.9562	0	2.71629	2.88728	0.534614	4.27379	7.39148	2.02206	2.31363	3.73557	
6.44142	6.99395	7.8405	10.111	2.75568	2.02541	2.71629	0	7.24823	3.2509	1.5575	4.94725	4.86707	8.33698	4.41123	
11.956	12.0478	5.27778	5.69362	3.86593	7.97757	2.88728	7.24823	0	2.35267	5.06411	2.61195	3.84012	4.13169	3.14797	
6.21097	8.10631	2.92511	3.3164	4.44982	10.6691	0.534614	3.2509	2.35267	0	4.79703	3.73698	1.48745	1.77902	3.20096	
4.88392	5.43645	10.6176	4.71236	1.19819	0.467912	4.27379	1.5575	5.06411	4.79703	0	15.9188	3.30958	3.86899	5.51838	
14.568	10.9929	5.81173	3.08167	4.85622	7.32612	7.39148	4.94725	2.61195	3.73698	15.9188	0	8.34432	4.61906	0.536022	
4.72352	8.74603	4.41256	4.78161	4.50776	3.77749	2.02206	4.86707	3.84012	1.48745	3.30958	8.34432	0	3.24423	4.68841	
7.96774	11.4742	4.70413	1.53738	2.6708	5.78183	2.31363	8.33698	4.13169	1.77902	3.86899	4.61906	3.24423	0	4.97998	
11.4411	12.4437	6.12607	3.6177	4.32019	7.46813	3.73557	4.41123	3.14797	3.20096	5.51838	0.536022	4.68841	4.97998	0	

0	11.4372	6.3453	4.16656	5.80625	8.18734	4.85512	4.30536	8.92607	4.65237	7.59539	4.65386	9.73171	2.76174	9.76592	
11.4372	0	12.0812	9.90247	10.3806	17.6859	7.59262	11.4841	10.6929	11.6999	13.3735	16.6952	10.4642	9.686	17.7805	
6.3453	12.0812	0	2.17874	3.05997	0.678883	5.21109	5.4782	6.54686	2.55675	3.88118	3.40405	4.63454	4.44738	2.67672	
4.16656	9.90247	2.17874	0	5.40951	2.85763	3.03235	14.45	6.13263	4.7355	13.9232	12.135	5.9039	5.12572	4.85546	
5.80625	10.3806	3.05997	5.40951	0	2.38109	2.78798	2.24743	5.88827	4.24914	1.78914	3.40184	5.65953	3.79105	2.99361	
8.18734	17.6859	0.678883	2.85763	2.38109	0	5.16907	4.62852	10.4938	3.23564	4.17023	5.78294	7.53097	7.74544	3.3556	
4.85512	7.59262	5.21109	3.03235	2.78798	5.16907	0	3.63699	3.10028	3.98401	4.57712	3.98549	2.87155	2.09338	4.82938	
4.30536	11.4841	5.4782	14.45	2.24743	4.62852	3.63699	0	13.2847	3.43425	1.88948	3.43573	8.08095	1.54362	3.09394	
8.92607	10.6929	6.54686	6.13263	5.88827	10.4938	3.10028	13.2847	0	7.2076	5.07461	8.75851	5.82797	5.19366	3.87014	
4.65237	11.6999	2.55675	4.7355	4.24914	3.23564	3.98401	3.43425	7.2076	0	7.38274	0.847296	4.83792	1.89063	5.23347	
7.59539	13.3735	3.88118	13.9232	1.78914	4.17023	4.57712	1.88948	5.07461	7.38274	0	5.19099	3.1623	3.43309	1.20447	
4.65386	16.6952	3.40405	12.135	3.40184	5.78294	3.98549	3.43573	8.75851	0.847296	5.19099	0	3.99062	1.89212	4.88837	
9.73171	10.4642	4.63454	5.9039	5.65953	7.53097	2.87155	8.08095	5.82797	4.83792	3.1623	3.99062	0	4.96493	1.95783	
2.76174	9.686	4.44738	5.12572	3.79105	7.74544	2.09338	1.54362	5.19366	1.89063	3.43309	1.89212	4.96493	0	6.78049	
9.76592	17.7805	2.67672	4.85546	2.99361	3.3556	4.82938	3.09394	3.87014	5.23347	1.20447	4.88837	1.95783	6.78049	0	

0	19.3518	9.89929	8.05605	3.16796	4.64169	3.73685	4.44908	5.96847	6.65934	13.1783	6.6178	1.855	8.44674	9.02764	
19.3518	0	11.6607	9.84975	5.8036	15.8478	9.15183	4.69155	10.1907	14.9439	10.5731	14.4324	7.28564	10.0714	13.0195	
9.89929	11.6607	0	5.21278	4.66626	2.05161	2.37208	7.71321	3.54777	7.53473	2.65619	5.75181	4.39076	1.45256	8.16165	
8.05605	9.84975	5.21278	0	6.27024	8.86301	4.67974	5.1582	3.93501	2.11569	10.3773	3.8986	6.20105	3.76022	4.97211	
3.16796	5.8036	4.66626	6.27024	0	2.61465	3.19482	1.11204	4.01466	4.66667	3.21924	2.88376	1.31297	7.3727	3.61478	
4.64169	15.8478	2.05161	8.86301	2.61465	0	4.56051	3.72669	6.90017	7.32607	0.604587	5.49841	2.78669	3.50416	6.22943	
3.73685	9.15183	2.37208	4.67974	3.19482	4.56051	0	4.47594	1.03886	2.85818	8.41412	6.12457	1.88185	0.919524	1.43874	
4.44908	4.69155	7.71321	5.1582	1.11204	3.72669	4.47594	0	6.70755	7.27389	5.88152	3.9958	2.42501	6.26066	4.72682	
5.96847	10.1907	3.54777	3.93501	4.01466	6.90017	1.03886	6.70755	0	1.81932	14.3913	2.80971	2.92071	1.95838	0.39988	
6.65934	14.9439	7.53473	2.11569	4.66667	7.32607	2.85818	7.27389	1.81932	0	7.93066	1.78292	5.14688	5.87591	2.2192	
13.1783	10.5731	2.65619	10.3773	3.21924	0.604587	8.41412	5.88152	14.3913	7.93066	0	11.3069	3.39128	9.55867	13.7167	
6.6178	14.4324	5.75181	3.8986	2.88376	5.49841	6.12457	3.9958	2.80971	1.78292	11.3069	0	4.19672	7.04409	2.40983	
1.855	7.28564	4.39076	6.20105	1.31297	2.78669	1.88185	2.42501	2.92071	5.14688	3.39128	4.19672	0	2.80138	4.51335	
8.44674	10.0714	1.45256	3.76022	7.3727	3.50416	0.919524	6.26066	1.95838	5.87591	9.55867	7.04409	2.80138	0	5.23246	
9.02764	13.0195	8.16165	4.97211	3.61478	6.22943	1.43874	4.72682	0.39988	2.2192	13.7167	2.40983	4.51335	5.23246	0	

-111