10
5
3
3
50

6	21
10	1
47	15
18	25
31	42

29	47
34	25
27	39
46	33
33	29
28	46
44	28
33	32
35	23
40	39

70

1.79769e+308
1.79769e+308
1.79769e+308
1.79769e+308
1.79769e+308

12
15
15
20
13
14
17
19
14
16

0
0
0
0
0

0

0	6.86503	10.9066	9.09251	4.98542	6.67199	10.2853	7.44861	8.24096	9.98496	8.776	6.77069	9.86664	10.0856	12.4621	
6.86503	0	10.7835	15.9575	11.8505	12.3193	8.5803	9.87525	9.27232	9.04458	11.5533	11.2897	10.0157	7.97479	13.4458	
10.9066	10.7835	0	10.9413	5.95916	5.94007	3.41426	3.49598	4.10629	3.87855	5.12819	4.1359	3.14066	2.80875	7.06651	
9.09251	15.9575	10.9413	0	8.1385	6.09678	1.19276	4.37387	4.43895	3.13896	10.6674	9.90701	4.02063	1.79828	6.9379	
4.98542	11.8505	5.95916	8.1385	0	1.68657	8.10028	2.46319	7.27502	3.6981	1.80381	5.80476	4.88122	6.06933	2.09862	
6.67199	12.3193	5.94007	6.09678	1.68657	0	8.08108	1.7953	9.69889	2.95782	0.117239	2.20037	2.10477	4.02761	0.412053	
10.2853	8.5803	3.41426	1.19276	8.10028	8.08108	0	6.49735	1.90305	1.67531	5.82725	3.92045	2.64637	0.60551	7.66903	
7.44861	9.87525	3.49598	4.37387	2.46319	1.7953	6.49735	0	10.6048	1.23491	1.67806	3.76119	2.11659	2.30471	2.85615	
8.24096	9.27232	4.10629	4.43895	7.27502	9.69889	1.90305	10.6048	0	2.36733	3.5534	1.47027	3.3384	1.29754	8.26251	
9.98496	9.04458	3.87855	3.13896	3.6981	2.95782	1.67531	1.23491	2.36733	0	2.86921	4.38474	0.881676	1.0698	3.36987	
8.776	11.5533	5.12819	10.6674	1.80381	0.117239	5.82725	1.67806	3.5534	2.86921	0	2.08313	1.98753	4.0284	0.529292	
6.77069	11.2897	4.1359	9.90701	5.80476	2.20037	3.92045	3.76119	1.47027	4.38474	2.08313	0	4.07066	2.7678	5.76925	
9.86664	10.0157	3.14066	4.02063	4.88122	2.10477	2.64637	2.11659	3.3384	0.881676	1.98753	4.07066	0	1.95147	4.68062	
10.0856	7.97479	2.80875	1.79828	6.06933	4.02761	0.60551	2.30471	1.29754	1.0698	4.0284	2.7678	1.95147	0	4.86874	
12.4621	13.4458	7.06651	6.9379	2.09862	0.412053	7.66903	2.85615	8.26251	3.36987	0.529292	5.76925	4.68062	4.86874	0	

0	6.38781	5.50018	2.65249	16.0055	6.91932	4.68455	7.94068	5.63934	4.86425	12.645	7.59592	2.32722	5.34223	7.83912	
6.38781	0	7.98127	5.13358	5.67511	6.30033	7.16564	6.89452	7.37272	6.59762	5.15055	9.39184	4.06059	11.0183	8.44705	
5.50018	7.98127	0	2.84769	10.3781	7.11451	1.95352	9.62183	6.672	1.4449	7.5308	2.52575	3.98193	1.61857	6.87656	
2.65249	5.13358	2.84769	0	10.3083	4.26682	2.03206	4.82433	11.1142	3.2361	5.4166	4.53971	4.97971	2.367	4.86389	
16.0055	5.67511	10.3781	10.3083	0	1.67434	3.30371	1.25261	10.8583	3.53158	0.524565	2.45073	6.86608	9.25587	0.471878	
6.91932	6.30033	7.11451	4.26682	1.67434	0	5.9899	0.557503	11.5097	4.48212	1.14978	3.40128	6.17097	7.40294	4.44628	
4.68455	7.16564	1.95352	2.03206	3.30371	5.9899	0	7.6255	5.38837	1.20404	6.12833	2.28489	3.74107	0.334943	2.83183	
7.94068	6.89452	9.62183	4.82433	1.25261	0.557503	7.6255	0	8.92559	7.57983	1.70728	3.70335	5.61346	8.00326	1.72449	
5.63934	7.37272	6.672	11.1142	10.8583	11.5097	5.38837	8.92559	0	5.84915	10.3599	8.64337	3.31212	5.05343	11.3302	
4.86425	6.59762	1.4449	3.2361	3.53158	4.48212	1.20404	7.57983	5.84915	0	6.08589	1.08085	2.53703	1.53898	4.03587	
12.645	5.15055	7.5308	5.4166	0.524565	1.14978	6.12833	1.70728	10.3599	6.08589	0	2.9753	7.35743	8.029	0.996444	
7.59592	9.39184	2.52575	4.53971	2.45073	3.40128	2.28489	3.70335	8.64337	1.08085	2.9753	0	3.61788	2.92357	2.92261	
2.32722	4.06059	3.98193	4.97971	6.86608	6.17097	3.74107	5.61346	3.31212	2.53703	7.35743	3.61788	0	4.48014	7.96869	
5.34223	11.0183	1.61857	2.367	9.25587	7.40294	0.334943	8.00326	5.05343	1.53898	8.029	2.92357	4.48014	0	3.16678	
7.83912	8.44705	6.87656	4.86389	0.471878	4.44628	2.83183	1.72449	11.3302	4.03587	0.996444	2.92261	7.96869	3.16678	0	

0	9.29442	9.05384	7.5923	6.8369	5.21074	4.16969	5.37753	4.59045	6.97594	5.7036	3.16841	5.69775	6.12065	7.20803	
9.29442	0	5.08166	8.35948	13.7988	14.1648	8.64118	14.3801	10.1445	11.0021	13.672	11.5666	14.9922	13.0531	12.4899	
9.05384	5.08166	0	3.27782	8.71716	12.5768	3.55953	6.74805	6.82063	5.92042	5.49879	4.56081	5.95705	4.18586	9.96818	
7.5923	8.35948	3.27782	0	4.78188	2.52525	1.65168	2.50708	5.35908	4.62466	2.22097	3.09926	2.79284	1.02534	5.15301	
6.8369	13.7988	8.71716	4.78188	0	6.41209	3.53667	3.72411	3.59637	2.41733	5.91923	6.3081	1.13915	2.90665	1.25102	
5.21074	14.1648	12.5768	2.52525	6.41209	0	2.12624	0.166793	4.10608	0.994423	0.492861	2.68404	2.75176	1.49991	4.14372	
4.16969	8.64118	3.55953	1.65168	3.53667	2.12624	0	2.10807	2.42331	2.52668	4.31896	1.00128	2.39383	0.626334	3.9078	
5.37753	14.3801	6.74805	2.50708	3.72411	0.166793	2.10807	0	4.58903	0.82763	0.659654	2.85084	2.10582	1.48173	3.97693	
4.59045	10.1445	6.82063	5.35908	3.59637	4.10608	2.42331	4.58903	0	3.7614	10.2184	1.42203	3.85562	3.88743	2.34535	
6.97594	11.0021	5.92042	4.62466	2.41733	0.994423	2.52668	0.82763	3.7614	0	4.09736	3.52796	1.27819	2.30936	2.78846	
5.7036	13.672	5.49879	2.22097	5.91923	0.492861	4.31896	0.659654	10.2184	4.09736	0	3.1769	4.80367	1.99277	6.31394	
3.16841	11.5666	4.56081	3.09926	6.3081	2.68404	1.00128	2.85084	1.42203	3.52796	3.1769	0	3.39881	1.62761	3.76738	
5.69775	14.9922	5.95705	2.79284	1.13915	2.75176	2.39383	2.10582	3.85562	1.27819	4.80367	3.39881	0	1.7675	1.51028	
6.12065	13.0531	4.18586	1.02534	2.90665	1.49991	0.626334	1.48173	3.88743	2.30936	1.99277	1.62761	1.7675	0	3.27778	
7.20803	12.4899	9.96818	5.15301	1.25102	4.14372	3.9078	3.97693	2.34535	2.78846	6.31394	3.76738	1.51028	3.27778	0	

0	2.92858	13.9972	2.75495	9.35708	14.3789	9.30135	14.541	8.57253	8.66485	9.14244	13.9311	10.4684	12.2261	14.3246	
2.92858	0	12.5209	0.922036	7.52417	15.963	7.46844	13.9368	5.64395	7.55806	7.30953	11.0026	9.3616	15.0499	9.28266	
13.9972	12.5209	0	7.94276	6.48556	7.52113	1.39635	6.10461	9.14891	5.00432	13.8755	4.48231	4.62009	2.32509	6.8734	
2.75495	0.922036	7.94276	0	6.60213	6.98222	6.5464	6.87716	6.56599	8.48009	6.3875	9.63236	10.5643	7.47514	12.0235	
9.35708	7.52417	6.48556	6.60213	0	2.03968	4.34993	0.275028	11.0347	2.87346	2.72613	8.17516	3.46595	2.6355	6.84955	
14.3789	15.963	7.52113	6.98222	2.03968	0	4.70573	1.76465	6.07453	7.28718	0.594728	4.96044	4.65295	3.77699	2.43583	
9.30135	7.46844	1.39635	6.5464	4.34993	4.70573	0	3.28921	9.11575	3.60797	7.81533	3.08596	1.80469	0.928736	5.47705	
14.541	13.9368	6.10461	6.87716	0.275028	1.76465	3.28921	0	11.885	3.14849	2.35938	6.72509	3.19092	2.36047	4.20048	
8.57253	5.64395	9.14891	6.56599	11.0347	6.07453	9.11575	11.885	0	8.16119	10.3557	9.20182	6.61317	10.8203	3.63871	
8.66485	7.55806	5.00432	8.48009	2.87346	7.28718	3.60797	3.14849	8.16119	0	5.59959	6.69392	1.80354	2.6795	4.77801	
9.14244	7.30953	13.8755	6.3875	2.72613	0.594728	7.81533	2.35938	10.3557	5.59959	0	5.55516	4.1768	4.37172	3.03056	
13.9311	11.0026	4.48231	9.63236	8.17516	4.96044	3.08596	6.72509	9.20182	6.69392	5.55516	0	11.8824	4.01469	7.39626	
10.4684	9.3616	4.62009	10.5643	3.46595	4.65295	1.80469	3.19092	6.61317	1.80354	4.1768	11.8824	0	0.875958	2.97447	
12.2261	15.0499	2.32509	7.47514	2.6355	3.77699	0.928736	2.36047	10.8203	2.6795	4.37172	4.01469	0.875958	0	3.85043	
14.3246	9.28266	6.8734	12.0235	6.84955	2.43583	5.47705	4.20048	3.63871	4.77801	3.03056	7.39626	2.97447	3.85043	0	

0	4.8177	5.6013	3.49019	14.5343	2.65153	7.98618	5.07317	8.18749	5.5396	2.06531	8.23929	9.0344	8.95484	8.42864	
4.8177	0	10.419	8.30789	7.9757	8.01058	3.16849	5.07756	6.04379	4.47499	6.88301	3.42159	4.41962	3.4232	3.97812	
5.6013	10.419	0	4.93811	10.6469	6.76447	8.09823	3.25059	2.58619	3.72902	6.25845	4.90656	5.14699	4.98966	9.87656	
3.49019	8.30789	4.93811	0	13.4287	10.3174	9.6264	6.03239	6.13913	7.28195	5.5555	7.68835	7.92879	8.54259	4.93845	
14.5343	7.9757	10.6469	13.4287	0	5.05774	4.83411	6.21008	4.67043	3.5276	6.50466	4.55411	5.55214	6.75596	7.81674	
2.65153	8.01058	6.76447	10.3174	5.05774	0	2.83665	3.59407	2.67296	1.53014	0.586219	4.58899	4.05004	4.70118	5.81927	
7.98618	3.16849	8.09823	9.6264	4.83411	2.83665	0	6.6506	2.44933	1.30651	4.78079	2.45656	3.82641	0.254714	5.59564	
5.07317	5.07756	3.25059	6.03239	6.21008	3.59407	6.6506	0	4.27816	4.41631	3.00785	1.65597	1.8964	3.85782	6.9945	
8.18749	6.04379	2.58619	6.13913	4.67043	2.67296	2.44933	4.27816	0	1.14283	4.61711	2.62219	3.62022	2.40347	5.43196	
5.5396	4.47499	3.72902	7.28195	3.5276	1.53014	1.30651	4.41631	1.14283	0	2.11636	3.3993	2.5199	1.56122	4.28913	
2.06531	6.88301	6.25845	5.5555	6.50466	0.586219	4.78079	3.00785	4.61711	2.11636	0	4.66382	4.90426	5.2874	7.06094	
8.23929	3.42159	4.90656	7.68835	4.55411	4.58899	2.45656	1.65597	2.62219	3.3993	4.66382	0	0.998031	2.20185	5.33853	
9.0344	4.41962	5.14699	7.92879	5.55214	4.05004	3.82641	1.8964	3.62022	2.5199	4.90426	0.998031	0	3.19988	6.33656	
8.95484	3.4232	4.98966	8.54259	6.75596	4.70118	0.254714	3.85782	2.40347	1.56122	5.2874	2.20185	3.19988	0	7.54038	
8.42864	3.97812	9.87656	4.93845	7.81674	5.81927	5.59564	6.9945	5.43196	4.28913	7.06094	5.33853	6.33656	7.54038	0	

0	2.23867	11.6739	13.6504	9.81077	11.2097	5.37867	8.58613	8.14852	10.9496	9.0817	14.9734	6.81334	13.2651	18.2597	
2.23867	0	7.42402	6.06424	9.23032	24.8179	3.14001	9.39318	5.90985	4.723	6.78516	10.2409	4.57468	4.55715	10.2958	
11.6739	7.42402	0	7.20825	5.41235	5.19762	3.00834	3.20726	3.587	2.105	2.71169	4.45663	9.99506	1.5912	6.58579	
13.6504	6.06424	7.20825	0	6.2889	7.68781	2.92423	5.06426	8.73085	6.29118	5.55983	6.99758	8.43982	4.34137	12.3469	
9.81077	9.23032	5.41235	6.2889	0	3.14639	5.36253	1.22464	3.32047	1.99558	1.72021	4.82025	2.1439	2.50938	4.39047	
11.2097	24.8179	5.19762	7.68781	3.14639	0	9.62499	2.62355	3.36122	4.98698	2.48592	1.67387	6.76116	6.93218	7.53686	
5.37867	3.14001	3.00834	2.92423	5.36253	9.62499	0	5.73038	9.03971	1.93094	6.99571	8.74064	3.51527	1.41714	9.42262	
8.58613	9.39318	3.20726	5.06426	1.22464	2.62355	5.73038	0	1.37087	2.36344	0.495566	4.29741	2.51176	2.87723	5.61511	
8.14852	5.90985	3.587	8.73085	3.32047	3.36122	9.03971	1.37087	0	5.31605	0.875302	4.33104	8.48509	7.17673	4.86533	
10.9496	4.723	2.105	6.29118	1.99558	4.98698	1.93094	2.36344	5.31605	0	2.859	8.2867	0.148325	0.513795	5.86946	
9.0817	6.78516	2.71169	5.55983	1.72021	2.48592	6.99571	0.495566	0.875302	2.859	0	4.15979	5.31407	4.3029	5.74063	
14.9734	10.2409	4.45663	6.99758	4.82025	1.67387	8.74064	4.29741	4.33104	8.2867	4.15979	0	9.87706	6.04783	9.19637	
6.81334	4.57468	9.99506	8.43982	2.1439	6.76116	3.51527	2.51176	8.48509	0.148325	5.31407	9.87706	0	0.66212	5.72114	
13.2651	4.55715	1.5912	4.34137	2.50938	6.93218	1.41714	2.87723	7.17673	0.513795	4.3029	6.04783	0.66212	0	8.17699	
18.2597	10.2958	6.58579	12.3469	4.39047	7.53686	9.42262	5.61511	4.86533	5.86946	5.74063	9.19637	5.72114	8.17699	0	

0	14.8385	20.5306	9.9499	7.11511	5.31355	10.7602	10.0303	13.9104	10.5788	5.94206	12.4988	11.5383	17.9341	17.115	
14.8385	0	8.46338	11.9672	8.30009	15.7799	9.5189	7.37514	7.89469	10.5146	15.1609	15.1127	9.47899	12.5312	5.21223	
20.5306	8.46338	0	6.16996	6.33901	9.98258	2.63394	5.41406	4.25815	3.42546	3.66357	5.71087	4.81949	3.85852	3.25115	
9.9499	11.9672	6.16996	0	6.43792	4.63635	2.24415	9.35308	6.0908	1.45264	5.26487	12.0244	5.20548	3.46926	9.34677	
7.11511	8.30009	6.33901	6.43792	0	1.80156	6.1738	2.9011	7.79801	6.19827	2.43008	5.24399	4.38518	7.39838	3.08786	
5.31355	15.7799	9.98258	4.63635	1.80156	0	1.65814	4.70266	11.0183	5.26525	0.628516	3.39671	6.20081	7.28188	4.88942	
10.7602	9.5189	2.63394	2.24415	6.1738	1.65814	0	3.66963	1.62421	0.791515	1.02963	3.79782	2.18555	1.22458	4.88019	
10.0303	7.37514	5.41406	9.35308	2.9011	4.70266	3.66963	0	8.67728	5.23693	5.34524	2.81243	1.48408	7.33522	2.16291	
13.9104	7.89469	4.25815	6.0908	7.79801	11.0183	1.62421	8.67728	0	2.41572	2.65383	9.15791	3.80976	2.84878	6.50439	
10.5788	10.5146	3.42546	1.45264	6.19827	5.26525	0.791515	5.23693	2.41572	0	1.82114	7.41446	2.97706	2.01609	5.6717	
5.94206	15.1609	3.66357	5.26487	2.43008	0.628516	1.02963	5.34524	2.65383	1.82114	0	2.7682	3.21517	2.2542	5.90981	
12.4988	15.1127	5.71087	12.0244	5.24399	3.39671	3.79782	2.81243	9.15791	7.41446	2.7682	0	4.29651	10.0892	4.97534	
11.5383	9.47899	4.81949	5.20548	4.38518	6.20081	2.18555	1.48408	3.80976	2.97706	3.21517	4.29651	0	3.41012	3.64699	
17.9341	12.5312	3.85852	3.46926	7.39838	7.28188	1.22458	7.33522	2.84878	2.01609	2.2542	10.0892	3.41012	0	6.10476	
17.115	5.21223	3.25115	9.34677	3.08786	4.88942	4.88019	2.16291	6.50439	5.6717	5.90981	4.97534	3.64699	6.10476	0	

0	17.5378	14.1333	1.15068	4.46343	7.49921	3.64571	14.808	16.699	2.32905	5.23898	9.34433	6.13847	6.2045	6.65377	
17.5378	0	22.8788	8.3158	11.477	10.3968	12.5245	13.0431	9.82238	7.13742	9.87123	7.26182	7.49877	12.8591	12.9696	
14.1333	22.8788	0	9.70743	10.0438	6.95889	5.36664	12.7553	13.0564	5.18832	16.6187	8.84112	4.82696	3.24382	8.06098	
1.15068	8.3158	9.70743	0	3.31276	5.91257	2.49503	6.4449	10.4572	1.17837	3.91218	7.75768	1.53972	4.61785	5.06713	
4.46343	11.477	10.0438	3.31276	0	5.27249	5.80778	5.24776	7.14441	4.33961	2.89116	10.0738	4.70096	6.79996	6.02821	
7.49921	10.3968	6.95889	5.91257	5.27249	0	3.41754	4.73793	6.06429	2.49328	2.38133	3.13494	2.13193	5.54036	5.36594	
3.64571	12.5245	5.36664	2.49503	5.80778	3.41754	0	10.1699	5.7193	2.41815	5.79887	5.26265	2.0568	2.12283	2.5721	
14.808	13.0431	12.7553	6.4449	5.24776	4.73793	10.1699	0	6.22672	5.0904	2.35659	9.15607	8.00879	9.51152	6.77845	
16.699	9.82238	13.0564	10.4572	7.14441	6.06429	5.7193	6.22672	0	9.21498	7.56906	2.92935	6.38121	8.52665	3.1472	
2.32905	7.13742	5.18832	1.17837	4.33961	2.49328	2.41815	5.0904	9.21498	0	2.73381	10.9265	0.361352	5.06891	3.59536	
5.23898	9.87123	16.6187	3.91218	2.89116	2.38133	5.79887	2.35659	7.56906	2.73381	0	5.51627	3.09516	9.69112	4.42186	
9.34433	7.26182	8.84112	7.75768	10.0738	3.13494	5.26265	9.15607	2.92935	10.9265	5.51627	0	5.26687	5.5973	6.07655	
6.13847	7.49877	4.82696	1.53972	4.70096	2.13193	2.0568	8.00879	6.38121	0.361352	3.09516	5.26687	0	4.17962	3.23401	
6.2045	12.8591	3.24382	4.61785	6.79996	5.54036	2.12283	9.51152	8.52665	5.06891	9.69112	5.5973	4.17962	0	4.69492	
6.65377	12.9696	8.06098	5.06713	6.02821	5.36594	2.5721	6.77845	3.1472	3.59536	4.42186	6.07655	3.23401	4.69492	0	

0	13.1784	4.64427	11.6127	2.63016	6.34141	7.54082	4.85751	7.39955	10.3974	4.76244	8.59294	5.47546	8.52689	6.13301	
13.1784	0	10.2507	2.3419	9.69479	7.84608	4.78413	7.9659	7.91838	5.5359	7.11694	9.02424	3.72139	6.19385	5.39007	
4.64427	10.2507	0	12.0833	2.01411	6.88284	5.46655	4.24146	3.60056	7.50702	7.80593	4.79396	6.48663	6.87628	5.51696	
11.6127	2.3419	12.0833	0	6.55101	5.50417	2.39957	2.94148	7.03156	3.84693	2.09251	3.99981	1.37949	5.14589	3.04816	
2.63016	9.69479	2.01411	6.55101	0	7.37079	4.91066	2.22735	5.24642	7.8683	2.90134	6.8534	3.78933	3.05941	3.50285	
6.34141	7.84608	6.88284	5.50417	7.37079	0	7.20658	2.25295	5.15201	3.44702	1.57896	3.95862	2.29198	5.21875	7.24783	
7.54082	4.78413	5.46655	2.39957	4.91066	7.20658	0	2.24179	3.13426	3.48751	1.73309	2.66985	1.02007	1.40973	3.31475	
4.85751	7.9659	4.24146	2.94148	2.22735	2.25295	2.24179	0	3.01907	3.96408	0.673991	2.09219	1.38701	0.832059	2.92978	
7.39955	7.91838	3.60056	7.03156	5.24642	5.15201	3.13426	3.01907	0	3.90645	3.69306	1.19339	3.81371	2.45352	3.9834	
10.3974	5.5359	7.50702	3.84693	7.8683	3.44702	3.48751	3.96408	3.90645	0	3.18046	3.81784	2.46743	3.13202	5.22974	
4.76244	7.11694	7.80593	2.09251	2.90134	1.57896	1.73309	0.673991	3.69306	3.18046	0	3.33334	0.71302	1.50605	4.3463	
8.59294	9.02424	4.79396	3.99981	6.8534	3.95862	2.66985	2.09219	1.19339	3.81784	3.33334	0	2.62032	1.26013	3.35785	
5.47546	3.72139	6.48663	1.37949	3.78933	2.29198	1.02007	1.38701	3.81371	2.46743	0.71302	2.62032	0	2.39404	3.63328	
8.52689	6.19385	6.87628	5.14589	3.05941	5.21875	1.40973	0.832059	2.45352	3.13202	1.50605	1.26013	2.39404	0	2.09772	
6.13301	5.39007	5.51696	3.04816	3.50285	7.24783	3.31475	2.92978	3.9834	5.22974	4.3463	3.35785	3.63328	2.09772	0	

0	12.4555	12.143	6.93992	10.2438	7.09648	7.0585	5.18967	5.88851	7.41634	8.43477	10.877	7.97644	8.64234	8.16501	
12.4555	0	10.5559	5.51554	4.99957	4.68916	5.63826	6.26181	5.02448	6.07114	2.47822	14.0841	7.49409	2.80913	5.3375	
12.143	10.5559	0	14.9328	10.0877	8.28668	13.7767	10.1935	7.28548	6.82976	8.07768	1.26605	13.0403	10.9475	9.55835	
6.93992	5.51554	14.9328	0	4.84516	13.2473	1.60072	3.46956	8.752	2.02568	7.99376	17.8169	4.39366	4.42985	10.5772	
10.2438	4.99957	10.0877	4.84516	0	9.29444	3.25244	5.64312	5.59648	2.82747	9.70569	8.39118	3.50855	2.19044	6.3406	
7.09648	4.68916	8.28668	13.2473	9.29444	0	3.77566	1.90682	4.75721	6.67601	2.21095	9.55273	6.58322	5.3595	5.07022	
7.0585	5.63826	13.7767	1.60072	3.25244	3.77566	0	1.86884	4.88088	0.424967	6.07787	5.98868	2.73922	2.82914	3.9381	
5.18967	6.26181	10.1935	3.46956	5.64312	1.90682	1.86884	0	4.5492	2.29381	4.11776	10.5686	4.66179	3.45268	5.70419	
5.88851	5.02448	7.28548	8.752	5.59648	4.75721	4.88088	4.5492	0	4.40219	2.54627	6.01943	2.08793	6.7729	2.2765	
7.41634	6.07114	6.82976	2.02568	2.82747	6.67601	0.424967	2.29381	4.40219	0	6.37241	5.56371	2.31426	3.2541	3.51313	
8.43477	2.47822	8.07768	7.99376	9.70569	2.21095	6.07787	4.11776	2.54627	6.37241	0	8.5657	4.6342	5.28735	2.85928	
10.877	14.0841	1.26605	17.8169	8.39118	9.55273	5.98868	10.5686	6.01943	5.56371	8.5657	0	7.87796	8.82572	8.29593	
7.97644	7.49409	13.0403	4.39366	3.50855	6.58322	2.73922	4.66179	2.08793	2.31426	4.6342	7.87796	0	4.68497	3.91312	
8.64234	2.80913	10.9475	4.42985	2.19044	5.3595	2.82914	3.45268	6.7729	3.2541	5.28735	8.82572	4.68497	0	6.00087	
8.16501	5.3375	9.55835	10.5772	6.3406	5.07022	3.9381	5.70419	2.2765	3.51313	2.85928	8.29593	3.91312	6.00087	0	

0	4.39207	10.6298	10.2298	3.14516	4.54331	4.36371	2.09432	4.63047	5.75295	5.91079	6.69889	5.09693	4.84328	2.61247	
4.39207	0	16.4255	6.43256	6.57661	9.28915	8.75578	6.48639	9.63488	4.18551	7.65066	11.0137	4.84485	9.46359	7.00454	
10.6298	16.4255	0	9.99296	9.58628	4.71727	3.32814	4.08913	7.92572	1.74586	12.3519	17.0653	1.08652	9.46241	4.38034	
10.2298	6.43256	9.99296	0	4.50178	6.28282	3.70548	5.55262	8.05119	2.60181	5.49926	9.42997	3.26116	3.03103	5.26184	
3.14516	6.57661	9.58628	4.50178	0	3.49982	4.12168	1.05084	3.81829	3.35373	1.07405	5.88671	4.01307	4.0311	1.80029	
4.54331	9.28915	4.71727	6.28282	3.49982	0	3.91062	2.44898	7.64158	4.29009	2.64047	8.66901	3.63075	3.25179	5.4826	
4.36371	8.75578	3.32814	3.70548	4.12168	3.91062	0	3.90361	5.26642	2.90096	4.0393	4.75839	2.24162	0.674448	2.90526	
2.09432	6.48639	4.08913	5.55262	1.05084	2.44898	3.90361	0	6.61154	3.65863	2.12489	8.53078	3.00261	4.57806	2.85113	
4.63047	9.63488	7.92572	8.05119	3.81829	7.64158	5.26642	6.61154	0	5.44937	6.63475	0.508029	5.31182	4.24881	2.018	
5.75295	4.18551	1.74586	2.60181	3.35373	4.29009	2.90096	3.65863	5.44937	0	4.42779	5.9574	0.659341	5.36685	3.95316	
5.91079	7.65066	12.3519	5.49926	1.07405	2.64047	4.0393	2.12489	6.63475	4.42779	0	8.79769	6.27122	4.71375	2.87434	
6.69889	11.0137	17.0653	9.42997	5.88671	8.66901	4.75839	8.53078	0.508029	5.9574	8.79769	0	7.00002	5.43284	2.52603	
5.09693	4.84485	1.08652	3.26116	4.01307	3.63075	2.24162	3.00261	5.31182	0.659341	6.27122	7.00002	0	2.91607	3.29382	
4.84328	9.46359	9.46241	3.03103	4.0311	3.25179	0.674448	4.57806	4.24881	5.36685	4.71375	5.43284	2.91607	0	2.23081	
2.61247	7.00454	4.38034	5.26184	1.80029	5.4826	2.90526	2.85113	2.018	3.95316	2.87434	2.52603	3.29382	2.23081	0	

0	10.0694	11.4136	4.97425	8.21469	11.7315	8.12449	14.2971	6.71636	11.7158	14.795	11.2668	6.69084	8.32129	8.97832	
10.0694	0	26.4032	15.0437	7.341	8.62861	15.94	15.5562	8.83932	16.0317	8.06361	16.6199	8.34853	13.444	8.63849	
11.4136	26.4032	0	12.464	6.19553	9.59001	6.10532	19.3996	4.6972	7.67977	11.1	9.05787	10.1994	6.30213	5.48938	
4.97425	15.0437	12.464	0	2.72412	10.0206	6.82216	8.33228	5.93104	5.29522	2.96912	8.0881	1.71659	4.32611	6.4266	
8.21469	7.341	6.19553	2.72412	0	1.12637	2.90645	3.8064	1.49833	4.58617	0.722614	3.22013	1.00753	3.10325	1.29749	
11.7315	8.62861	9.59001	10.0206	1.12637	0	6.42325	3.3469	2.78594	3.31062	0.403752	1.93252	1.65629	2.97427	2.5851	
8.12449	15.94	6.10532	6.82216	2.90645	6.42325	0	9.6743	1.40812	2.0938	5.06657	3.47191	5.67244	2.49605	3.67007	
14.2971	15.5562	19.3996	8.33228	3.8064	3.3469	9.6743	0	5.96477	2.79249	3.08378	1.41438	4.33632	5.6543	8.69441	
6.71636	8.83932	4.6972	5.93104	1.49833	2.78594	1.40812	5.96477	0	3.50192	2.22094	4.55039	2.50586	1.60492	2.26195	
11.7158	16.0317	7.67977	5.29522	4.58617	3.31062	2.0938	2.79249	3.50192	0	4.83117	1.37811	3.57864	2.58771	3.53347	
14.795	8.06361	11.1	2.96912	0.722614	0.403752	5.06657	3.08378	2.22094	4.83117	0	2.33627	1.25253	2.57052	2.0201	
11.2668	16.6199	9.05787	8.0881	3.22013	1.93252	3.47191	1.41438	4.55039	1.37811	2.33627	0	4.95674	3.96581	4.91157	
6.69084	8.34853	10.1994	1.71659	1.00753	1.65629	5.67244	4.33632	2.50586	3.57864	1.25253	4.95674	0	3.82305	2.30502	
8.32129	13.444	6.30213	4.32611	3.10325	2.97427	2.49605	5.6543	1.60492	2.58771	2.57052	3.96581	3.82305	0	3.86688	
8.97832	8.63849	5.48938	6.4266	1.29749	2.5851	3.67007	8.69441	2.26195	3.53347	2.0201	4.91157	2.30502	3.86688	0	

0	18.1451	12.4637	13.7339	9.80512	5.63482	7.96846	5.88104	9.68588	10.529	5.82741	5.69869	10.1847	5.33942	12.9514	
18.1451	0	2.42273	11.0725	15.1728	12.5103	12.5275	18.9253	10.8793	14.4878	12.7029	14.1165	11.6295	9.547	17.2224	
12.4637	2.42273	0	13.4952	11.8204	11.074	9.75331	13.5104	11.3159	13.3149	22.5021	7.48354	9.20678	7.12427	18.0789	
13.7339	11.0725	13.4952	0	8.52759	12.3832	1.45502	7.85283	3.26197	2.6021	8.90357	5.61247	5.02472	4.08406	6.47808	
9.80512	15.1728	11.8204	8.52759	0	4.1703	7.32518	3.9681	9.0426	9.36985	4.36288	5.05541	8.27172	4.69614	2.04951	
5.63482	12.5103	11.074	12.3832	4.1703	0	6.57879	1.55031	7.79438	6.22123	0.192586	4.30903	5.68525	3.94976	2.61808	
7.96846	12.5275	9.75331	1.45502	7.32518	6.57879	0	7.87332	1.80695	1.14708	7.17573	2.98831	3.5697	2.62904	7.93309	
5.88104	18.9253	13.5104	7.85283	3.9681	1.55031	7.87332	0	6.41275	7.38637	1.35773	7.04801	4.30362	7.80397	3.78323	
9.68588	10.8793	11.3159	3.26197	9.0426	7.79438	1.80695	6.41275	0	2.95403	9.63715	3.23715	2.10913	3.59642	11.2562	
10.529	14.4878	13.3149	2.6021	9.36985	6.22123	1.14708	7.38637	2.95403	0	6.02865	2.05471	4.71678	2.41399	8.45415	
5.82741	12.7029	22.5021	8.90357	4.36288	0.192586	7.17573	1.35773	9.63715	6.02865	0	8.08336	5.66135	4.14234	2.4255	
5.69869	14.1165	7.48354	5.61247	5.05541	4.30903	2.98831	7.04801	3.23715	2.05471	8.08336	0	2.74439	0.359271	11.3139	
10.1847	11.6295	9.20678	5.02472	8.27172	5.68525	3.5697	4.30362	2.10913	4.71678	5.66135	2.74439	0	3.10366	9.1471	
5.33942	9.547	7.12427	4.08406	4.69614	3.94976	2.62904	7.80397	3.59642	2.41399	4.14234	0.359271	3.10366	0	6.74565	
12.9514	17.2224	18.0789	6.47808	2.04951	2.61808	7.93309	3.78323	11.2562	8.45415	2.4255	11.3139	9.1471	6.74565	0	

0	17.2261	7.84667	1.33483	4.46287	3.96161	2.35074	4.26028	9.04321	4.1477	3.72311	5.88975	3.16432	1.71085	7.29732	
17.2261	0	21.0954	23.9202	7.90276	6.32226	14.1365	16.7575	13.2036	8.03652	6.56077	12.6807	7.20523	8.6587	9.95486	
7.84667	21.0954	0	13.1497	5.72983	8.39097	6.77571	4.66194	6.54459	8.57267	5.19911	7.08612	7.58929	6.13582	4.75838	
1.33483	23.9202	13.1497	0	6.83072	11.7627	3.99229	14.7588	5.33049	3.00423	5.05794	4.82802	3.83552	3.04568	10.3599	
4.46287	7.90276	5.72983	6.83072	0	0.978267	2.78964	1.06789	3.27923	2.55027	0.739764	3.82076	1.71898	3.17246	2.55723	
3.96161	6.32226	8.39097	11.7627	0.978267	0	4.37013	0.775671	4.85972	6.13929	0.238503	6.35841	3.29947	5.95477	3.6326	
2.35074	14.1365	6.77571	3.99229	2.78964	4.37013	0	3.85753	1.28942	0.988067	3.5294	1.83094	1.81936	0.639889	5.34687	
4.26028	16.7575	4.66194	14.7588	1.06789	0.775671	3.85753	0	4.34713	5.62669	0.537169	6.27784	2.78687	5.44217	3.62512	
9.04321	13.2036	6.54459	5.33049	3.27923	4.85972	1.28942	4.34713	0	2.27748	4.019	0.541526	3.83915	1.92931	5.83646	
4.1477	8.03652	8.57267	3.00423	2.55027	6.13929	0.988067	5.62669	2.27748	0	5.29856	1.82379	0.831293	1.62796	7.11603	
3.72311	6.56077	5.19911	5.05794	0.739764	0.238503	3.5294	0.537169	4.019	5.29856	0	6.59691	2.45874	5.11404	3.29699	
5.88975	12.6807	7.08612	4.82802	3.82076	6.35841	1.83094	6.27784	0.541526	1.82379	6.59691	0	2.65508	4.1789	9.17942	
3.16432	7.20523	7.58929	3.83552	1.71898	3.29947	1.81936	2.78687	3.83915	0.831293	2.45874	2.65508	0	1.45348	4.27621	
1.71085	8.6587	6.13582	3.04568	3.17246	5.95477	0.639889	5.44217	1.92931	1.62796	5.11404	4.1789	1.45348	0	6.93151	
7.29732	9.95486	4.75838	10.3599	2.55723	3.6326	5.34687	3.62512	5.83646	7.11603	3.29699	9.17942	4.27621	6.93151	0	

0	16.7635	11.4976	5.43337	6.80531	11.6841	6.28253	8.75306	9.53353	5.1927	9.43105	9.44877	10.6485	11.1065	6.53026	
16.7635	0	12.1012	13.0321	14.404	12.3653	12.0659	6.71989	14.9404	7.53306	12.224	3.277	13.1141	7.23253	18.9258	
11.4976	12.1012	0	6.06419	7.43613	8.73923	8.72914	5.51438	14.3508	9.07474	7.72175	8.82422	12.5245	7.26479	17.9319	
5.43337	13.0321	6.06419	0	1.37194	4.66927	4.91251	3.81437	10.791	4.95724	3.76573	9.2133	8.46431	8.36737	10.0205	
6.80531	14.404	7.43613	1.37194	0	3.06537	4.86054	2.44243	10.7979	4.96414	2.39378	5.88531	9.67369	4.83449	8.79739	
11.6841	12.3653	8.73923	4.66927	3.06537	0	3.96978	2.87896	8.15708	5.05961	0.671589	8.46644	9.27203	4.5109	5.15381	
6.28253	12.0659	8.72914	4.91251	4.86054	3.96978	0	3.21476	6.92359	1.08983	4.64137	5.34589	8.60761	4.21153	6.15305	
8.75306	6.71989	5.51438	3.81437	2.44243	2.87896	3.21476	0	9.39412	3.56036	2.20738	3.44289	7.65176	2.39206	8.62358	
9.53353	14.9404	14.3508	10.791	10.7979	8.15708	6.92359	9.39412	0	5.83376	11.4557	10.0898	5.6799	7.08604	3.00327	
5.1927	7.53306	9.07474	4.95724	4.96414	5.05961	1.08983	3.56036	5.83376	0	5.76774	4.25606	7.51778	5.30136	5.06322	
9.43105	12.224	7.72175	3.76573	2.39378	0.671589	4.64137	2.20738	11.4557	5.76774	0	5.65026	9.62939	4.36969	5.8254	
9.44877	3.277	8.82422	9.2133	5.88531	8.46644	5.34589	3.44289	10.0898	4.25606	5.65026	0	9.21524	3.95553	9.31929	
10.6485	13.1141	12.5245	8.46431	9.67369	9.27203	8.60761	7.65176	5.6799	7.51778	9.62939	9.21524	0	5.2597	4.11822	
11.1065	7.23253	7.26479	8.36737	4.83449	4.5109	4.21153	2.39206	7.08604	5.30136	4.36969	3.95553	5.2597	0	9.37792	
6.53026	18.9258	17.9319	10.0205	8.79739	5.15381	6.15305	8.62358	3.00327	5.06322	5.8254	9.31929	4.11822	9.37792	0	

0	9.70577	13.3033	1.56789	22.4377	14.4348	9.21	13.6185	10.7265	7.7168	10.9216	14.0485	17.6031	8.0237	15.5143	
9.70577	0	13.2415	11.2737	13.9592	11.6383	9.14821	11.4884	17.2299	7.77207	10.8598	7.62954	9.60875	7.96191	5.8085	
13.3033	13.2415	0	19.3947	7.84847	9.17312	6.46589	7.34407	5.46476	8.99326	8.1775	4.81893	9.22375	5.27959	6.63996	
1.56789	11.2737	19.3947	0	13.1119	10.8864	8.08379	10.8665	12.2944	6.14891	10.3197	13.4998	6.65458	9.27009	8.11247	
22.4377	13.9592	7.84847	13.1119	0	4.87362	5.02812	6.71428	8.58198	5.34027	5.44032	9.97175	4.8346	6.21441	8.15072	
14.4348	11.6383	9.17312	10.8864	4.87362	0	7.36248	2.99702	3.70836	2.53524	0.5667	7.03039	2.02957	3.46461	6.06626	
9.21	9.14821	6.46589	8.08379	5.02812	7.36248	0	2.78275	8.37983	3.76056	4.0842	5.41604	4.26623	1.18629	5.72412	
13.6185	11.4884	7.34407	10.8665	6.71428	2.99702	2.78275	0	5.59708	2.38535	2.43032	7.78795	1.87968	3.96904	5.96692	
10.7265	17.2299	5.46476	12.2944	8.58198	3.70836	8.37983	5.59708	0	12.4633	4.27506	3.32202	5.73793	9.26798	5.14306	
7.7168	7.77207	8.99326	6.14891	5.34027	2.53524	3.76056	2.38535	12.4633	0	6.61157	3.7846	0.505671	3.71367	1.96356	
10.9216	10.8598	8.1775	10.3197	5.44032	0.5667	4.0842	2.43032	4.27506	6.61157	0	7.3206	2.59627	2.89791	5.49956	
14.0485	7.62954	4.81893	13.4998	9.97175	7.03039	5.41604	7.78795	3.32202	3.7846	7.3206	0	10.7489	6.60233	1.82103	
17.6031	9.60875	9.22375	6.65458	4.8346	2.02957	4.26623	1.87968	5.73793	0.505671	2.59627	10.7489	0	4.21934	2.46924	
8.0237	7.96191	5.27959	9.27009	6.21441	3.46461	1.18629	3.96904	9.26798	3.71367	2.89791	6.60233	4.21934	0	5.67723	
15.5143	5.8085	6.63996	8.11247	8.15072	6.06626	5.72412	5.96692	5.14306	1.96356	5.49956	1.82103	2.46924	5.67723	0	

0	13.0244	11.052	7.21956	9.01902	10.1789	4.40487	10.7113	9.59099	6.94331	12.063	7.9959	7.55283	5.6118	8.28496	
13.0244	0	15.2475	16.2119	11.7944	8.84176	9.97859	8.30936	10.0254	11.1765	12.9478	12.4921	6.83063	10.7048	13.438	
11.052	15.2475	0	3.39507	6.45393	4.41201	3.68938	6.83024	8.07657	3.80797	8.18195	4.51567	6.35667	2.48246	2.32967	
7.21956	16.2119	3.39507	0	1.79946	3.14775	4.13995	4.61572	6.81231	4.25854	4.43243	3.2514	6.09445	2.93302	1.0654	
9.01902	11.7944	6.45393	1.79946	0	4.91093	6.2747	3.98467	3.57578	3.73626	2.63297	6.09975	4.96373	4.73249	2.86487	
10.1789	8.84176	4.41201	3.14775	4.91093	0	5.15909	1.52399	2.73844	3.29295	2.51304	2.35531	2.01113	5.88535	2.08235	
4.40487	9.97859	3.68938	4.13995	6.2747	5.15909	0	4.62668	3.09295	2.53244	6.12892	3.59103	3.14796	1.20693	5.77703	
10.7113	8.30936	6.83024	4.61572	3.98467	1.52399	4.62668	0	2.29451	5.79315	1.3517	3.42967	1.47873	5.35294	3.60634	
9.59099	10.0254	8.07657	6.81231	3.57578	2.73844	3.09295	2.29451	0	0.554512	0.942808	2.918	3.19482	1.88003	4.82079	
6.94331	11.1765	3.80797	4.25854	3.73626	3.29295	2.53244	5.79315	0.554512	0	1.49732	2.36349	3.74933	1.32552	4.54949	
12.063	12.9478	8.18195	4.43243	2.63297	2.51304	6.12892	1.3517	0.942808	1.49732	0	4.57582	2.83043	11.2557	4.59538	
7.9959	12.4921	4.51567	3.2514	6.09975	2.35531	3.59103	3.42967	2.918	2.36349	4.57582	0	4.36645	3.689	2.186	
7.55283	6.83063	6.35667	6.09445	4.96373	2.01113	3.14796	1.47873	3.19482	3.74933	2.83043	4.36645	0	3.87421	4.09348	
5.6118	10.7048	2.48246	2.93302	4.73249	5.88535	1.20693	5.35294	1.88003	1.32552	11.2557	3.689	3.87421	0	3.99843	
8.28496	13.438	2.32967	1.0654	2.86487	2.08235	5.77703	3.60634	4.82079	4.54949	4.59538	2.186	4.09348	3.99843	0	

0	8.97913	8.33067	2.57026	8.79431	12.5501	10.8838	8.26611	5.7482	4.17983	6.28536	10.321	5.51465	7.6184	5.21149	
8.97913	0	15.7295	11.5494	6.91393	15.8801	5.64404	7.93301	7.13419	12.2573	9.97607	4.27369	9.9702	7.06244	11.2256	
8.33067	15.7295	0	14.8143	8.7955	12.5211	10.6546	13.475	5.71922	4.15084	6.25638	11.4904	5.48566	7.58941	5.18251	
2.57026	11.5494	14.8143	0	6.22404	9.13661	8.71938	5.69585	8.91983	6.75009	8.44883	8.86428	7.46064	7.22297	7.62576	
8.79431	6.91393	8.7955	6.22404	0	4.42158	4.01058	2.26541	5.50074	3.3306	5.10937	2.64024	1.99578	5.42899	4.19531	
12.5501	15.8801	12.5211	9.13661	4.42158	0	1.90355	6.58439	2.39419	2.79332	0.687786	3.27389	5.61313	3.85649	2.91967	
10.8838	5.64404	10.6546	8.71938	4.01058	1.90355	0	5.02966	3.64979	5.39151	2.59133	1.37034	7.06685	1.95294	6.55803	
8.26611	7.93301	13.475	5.69585	2.26541	6.58439	5.02966	0	6.47017	2.96157	4.16179	3.65932	1.76479	4.77332	1.9299	
5.7482	7.13419	5.71922	8.91983	5.50074	2.39419	3.64979	6.47017	0	1.56837	3.08198	2.8605	2.90319	1.69685	2.60004	
4.17983	12.2573	4.15084	6.75009	3.3306	2.79332	5.39151	2.96157	1.56837	0	2.10553	4.42887	1.33482	3.26523	1.03166	
6.28536	9.97607	6.25638	8.44883	5.10937	0.687786	2.59133	4.16179	3.08198	2.10553	0	5.70238	3.44035	5.5441	2.23189	
10.321	4.27369	11.4904	8.86428	2.64024	3.27389	1.37034	3.65932	2.8605	4.42887	5.70238	0	4.63602	2.78875	5.58922	
5.51465	9.9702	5.48566	7.46064	1.99578	5.61313	7.06685	1.76479	2.90319	1.33482	3.44035	4.63602	0	4.77339	2.36649	
7.6184	7.06244	7.58941	7.22297	5.42899	3.85649	1.95294	4.77332	1.69685	3.26523	5.5441	2.78875	4.77339	0	4.47023	
5.21149	11.2256	5.18251	7.62576	4.19531	2.91967	6.55803	1.9299	2.60004	1.03166	2.23189	5.58922	2.36649	4.47023	0	

0	7.62758	9.94653	6.07033	8.77592	9.19598	7.41548	6.96312	9.31508	8.13659	11.9649	6.00989	6.12641	8.56367	10.2143	
7.62758	0	17.3426	11.6267	16.6707	10.7534	15.0431	8.74776	22.6961	17.2706	13.5223	13.6375	9.58447	18.7786	19.1918	
9.94653	17.3426	0	10.8412	2.8188	1.57033	6.67147	3.57602	10.2289	7.39259	4.23237	7.34846	8.04295	8.22229	6.27422	
6.07033	11.6267	10.8412	0	4.09104	4.88464	4.16972	2.87896	5.50089	4.89083	7.1636	6.85707	3.71567	5.72054	4.38859	
8.77592	16.6707	2.8188	4.09104	0	1.24847	7.58634	3.25416	3.30308	3.79848	3.07256	2.76603	6.27867	8.74569	2.19077	
9.19598	10.7534	1.57033	4.88464	1.24847	0	8.2418	2.00568	5.81619	6.31159	2.66204	4.01451	2.8424	7.49721	3.43925	
7.41548	15.0431	6.67147	4.16972	7.58634	8.2418	0	2.20819	6.88324	0.721116	8.60065	7.34935	1.37148	1.55082	2.32882	
6.96312	8.74776	3.57602	2.87896	3.25416	2.00568	2.20819	0	14.3614	3.22379	4.66772	9.74584	0.836713	3.27398	4.92461	
9.31508	22.6961	10.2289	5.50089	3.30308	5.81619	6.88324	14.3614	0	2.72001	7.46053	3.30519	5.20021	11.9599	1.11231	
8.13659	17.2706	7.39259	4.89083	3.79848	6.31159	0.721116	3.22379	2.72001	0	7.95593	8.07046	2.09259	2.27194	1.60771	
11.9649	13.5223	4.23237	7.1636	3.07256	2.66204	8.60065	4.66772	7.46053	7.95593	0	5.8386	5.61127	10.1515	5.26334	
6.00989	13.6375	7.34846	6.85707	2.76603	4.01451	7.34935	9.74584	3.30519	8.07046	5.8386	0	8.72082	8.90017	4.4175	
6.12641	9.58447	8.04295	3.71567	6.27867	2.8424	1.37148	0.836713	5.20021	2.09259	5.61127	8.72082	0	2.43727	3.99478	
8.56367	18.7786	8.22229	5.72054	8.74569	7.49721	1.55082	3.27398	11.9599	2.27194	10.1515	8.90017	2.43727	0	6.52516	
10.2143	19.1918	6.27422	4.38859	2.19077	3.43925	2.32882	4.92461	1.11231	1.60771	5.26334	4.4175	3.99478	6.52516	0	

0	15.9188	14.0152	16.0632	10.1687	11.2983	13.6001	4.70713	13.802	7.72686	9.91645	18.7863	9.90767	11.2682	7.78639	
15.9188	0	10.3056	14.1258	13.9297	19.5555	9.89049	11.2117	26.4705	14.2314	16.9341	24.862	23.7673	10.6846	17.2978	
14.0152	10.3056	0	3.66536	4.45438	1.70221	0.415127	11.4981	3.66115	5.67393	2.48042	5.18875	5.40964	1.20922	8.04135	
16.0632	14.1258	3.66536	0	7.49537	1.96315	2.92585	8.69288	16.1579	6.93543	2.74135	9.50857	5.67058	2.13176	11.9002	
10.1687	13.9297	4.45438	7.49537	0	9.24383	4.03926	5.46157	13.8595	8.4813	9.92905	15.6293	9.92028	4.83335	7.799	
11.2983	19.5555	1.70221	1.96315	9.24383	0	2.11734	6.50066	4.06016	4.19926	0.778209	10.2045	3.70743	4.09491	2.90826	
13.6001	9.89049	0.415127	2.92585	4.03926	2.11734	0	7.35521	4.07628	5.2588	6.32642	8.1709	4.76525	0.794095	8.55733	
4.70713	11.2117	11.4981	8.69288	5.46157	6.50066	7.35521	0	9.0044	3.01972	5.72245	13.9379	3.51155	6.56112	6.08611	
13.802	26.4705	3.66115	16.1579	13.8595	4.06016	4.07628	9.0044	0	9.24535	3.28195	1.5276	8.02465	8.90441	5.412	
7.72686	14.2314	5.67393	6.93543	8.4813	4.19926	5.2588	3.01972	9.24535	0	5.54112	6.98888	0.491826	4.46298	2.61311	
9.91645	16.9341	2.48042	2.74135	9.92905	0.778209	6.32642	5.72245	3.28195	5.54112	0	4.80954	4.25133	8.77538	2.13005	
18.7863	24.862	5.18875	9.50857	15.6293	10.2045	8.1709	13.9379	1.5276	6.98888	4.80954	0	6.49706	7.37681	8.61834	
9.90767	23.7673	5.40964	5.67058	9.92028	3.70743	4.76525	3.51155	8.02465	0.491826	4.25133	6.49706	0	3.97116	2.12128	
11.2682	10.6846	1.20922	2.13176	4.83335	4.09491	0.794095	6.56112	8.90441	4.46298	8.77538	7.37681	3.97116	0	6.09244	
7.78639	17.2978	8.04135	11.9002	7.799	2.90826	8.55733	6.08611	5.412	2.61311	2.13005	8.61834	2.12128	6.09244	0	

0	13.5901	22.3393	2.70083	3.50788	2.24348	9.95836	3.75445	17.0569	7.2297	3.52506	7.69562	5.63462	12.9416	3.94195	
13.5901	0	17.2238	19.3948	12.6111	11.3467	16.4196	12.8576	20.2142	14.866	12.6283	14.7538	14.7378	16.9036	13.0451	
22.3393	17.2238	0	8.09851	7.56794	5.236	5.82799	7.04628	2.99037	3.56965	4.98949	4.49213	5.07432	6.45408	3.53753	
2.70083	19.3948	8.09851	0	6.75302	4.94431	6.78721	10.9302	11.7709	4.52887	4.59493	8.03206	6.03354	15.2899	10.8952	
3.50788	12.6111	7.56794	6.75302	0	1.2644	6.76435	0.521659	6.026	3.57793	2.15809	6.71654	4.65554	9.74758	2.96287	
2.24348	11.3467	5.236	4.94431	1.2644	0	7.24186	1.51097	3.10516	2.70142	1.28158	3.84096	3.39114	4.61502	1.69847	
9.95836	16.4196	5.82799	6.78721	6.76435	7.24186	0	7.28601	7.09852	2.25834	3.67818	5.76154	3.76302	2.98324	5.89978	
3.75445	12.8576	7.04628	10.9302	0.521659	1.51097	7.28601	0	5.50434	6.27361	2.67975	6.96311	4.76894	6.71056	3.20944	
17.0569	20.2142	2.99037	11.7709	6.026	3.10516	7.09852	5.50434	0	5.10981	7.70694	3.54918	3.60514	4.32324	1.40669	
7.2297	14.866	3.56965	4.52887	3.57793	2.70142	2.25834	6.27361	5.10981	0	1.41984	3.5032	1.50467	3.44629	5.64569	
3.52506	12.6283	4.98949	4.59493	2.15809	1.28158	3.67818	2.67975	7.70694	1.41984	0	4.92304	2.92451	9.2168	2.98005	
7.69562	14.7538	4.49213	8.03206	6.71654	3.84096	5.76154	6.96311	3.54918	3.5032	4.92304	0	5.00787	5.05904	2.14249	
5.63462	14.7378	5.07432	6.03354	4.65554	3.39114	3.76302	4.76894	3.60514	1.50467	2.92451	5.00787	0	1.94162	4.85817	
12.9416	16.9036	6.45408	15.2899	9.74758	4.61502	2.98324	6.71056	4.32324	3.44629	9.2168	5.05904	1.94162	0	2.91655	
3.94195	13.0451	3.53753	10.8952	2.96287	1.69847	5.89978	3.20944	1.40669	5.64569	2.98005	2.14249	4.85817	2.91655	0	

0	11.5834	6.5035	2.28803	3.49211	5.25539	1.32376	7.25683	5.17549	5.36055	3.27947	6.50406	2.36591	1.74893	6.24411	
11.5834	0	5.07992	16.7655	9.65575	10.2626	11.2787	4.63006	4.95176	6.52634	6.38647	3.62318	7.53616	11.8904	7.37692	
6.5035	5.07992	0	6.57134	4.77535	6.62651	3.49839	6.53785	9.00768	3.60724	4.51959	8.7031	2.45624	4.1332	4.28523	
2.28803	16.7655	6.57134	0	3.13261	4.89589	0.964265	2.93236	5.1517	1.03608	2.91998	17.8843	2.00642	1.38943	5.94409	
3.49211	9.65575	4.77535	3.13261	0	1.57728	2.16834	6.40072	7.36114	3.47011	1.91832	6.03256	2.31911	2.59351	4.1481	
5.25539	10.2626	6.62651	4.89589	1.57728	0	2.29674	2.09744	5.34726	7.79662	0.341033	7.60985	2.40438	4.3568	4.27864	
1.32376	11.2787	3.49839	0.964265	2.16834	2.29674	0	3.71212	5.23758	2.00034	1.95571	8.20091	1.04215	0.42517	2.87114	
7.25683	4.63006	6.53785	2.93236	6.40072	2.09744	3.71212	0	4.03919	1.89628	1.75641	2.71061	3.04728	4.46968	5.71773	
5.17549	4.95176	9.00768	5.1517	7.36114	5.34726	5.23758	4.03919	0	4.11562	6.40552	1.32858	2.89761	4.81241	1.06862	
5.36055	6.52634	3.60724	1.03608	3.47011	7.79662	2.00034	1.89628	4.11562	0	3.21435	4.60689	1.151	2.5734	2.97999	
3.27947	6.38647	4.51959	2.91998	1.91832	0.341033	1.95571	1.75641	6.40552	3.21435	0	4.46702	2.06335	2.38088	3.89234	
6.50406	3.62318	8.7031	17.8843	6.03256	7.60985	8.20091	2.71061	1.32858	4.60689	4.46702	0	5.58272	6.14098	2.3972	
2.36591	7.53616	2.45624	2.00642	2.31911	2.40438	1.04215	3.04728	2.89761	1.151	2.06335	5.58272	0	1.46732	1.82899	
1.74893	11.8904	4.1332	1.38943	2.59351	4.3568	0.42517	4.46968	4.81241	2.5734	2.38088	6.14098	1.46732	0	3.50595	
6.24411	7.37692	4.28523	5.94409	4.1481	4.27864	2.87114	5.71773	1.06862	2.97999	3.89234	2.3972	1.82899	3.50595	0	

0	4.89497	8.69042	14.2231	5.08561	8.27013	5.56017	9.6483	7.02956	4.32099	6.84062	7.51806	5.44498	4.94208	7.88566	
4.89497	0	5.77898	10.8632	8.12104	8.75092	5.93086	5.82971	7.43984	7.17005	11.2032	7.54818	6.74573	8.47514	8.39629	
8.69042	5.77898	0	5.08418	7.03096	7.72457	4.53253	11.6087	1.66086	6.07997	7.12027	6.37355	7.42051	7.38506	2.51696	
14.2231	10.8632	5.08418	0	9.13753	8.76348	9.38053	6.56759	6.74504	7.9248	10.1036	12.2754	6.8008	12.1184	8.2846	
5.08561	8.12104	7.03096	9.13753	0	5.07397	2.19018	5.99894	4.28845	1.61439	1.75501	3.80749	2.73838	4.73445	3.43235	
8.27013	8.75092	7.72457	8.76348	5.07397	0	2.88379	4.8732	3.16271	3.12918	4.12558	4.5011	2.00518	5.42806	2.30661	
5.56017	5.93086	4.53253	9.38053	2.19018	2.88379	0	5.95544	2.87167	1.23919	3.94519	1.61732	2.36318	2.54428	3.72777	
9.6483	5.82971	11.6087	6.56759	5.99894	4.8732	5.95544	0	3.42269	4.49971	4.38555	6.5574	3.37571	8.6933	2.56659	
7.02956	7.43984	1.66086	6.74504	4.28845	3.16271	2.87167	3.42269	0	4.11086	2.67507	4.48898	5.45139	5.41594	0.8561	
4.32099	7.17005	6.07997	7.9248	1.61439	3.12918	1.23919	4.49971	4.11086	0	3.3694	2.85651	1.12399	3.78346	4.44824	
6.84062	11.2032	7.12027	10.1036	1.75501	4.12558	3.94519	4.38555	2.67507	3.3694	0	5.80979	4.45749	3.3523	1.81897	
7.51806	7.54818	6.37355	12.2754	3.80749	4.5011	1.61732	6.5574	4.48898	2.85651	5.80979	0	4.19704	2.57598	3.99082	
5.44498	6.74573	7.42051	6.8008	2.73838	2.00518	2.36318	3.37571	5.45139	1.12399	4.45749	4.19704	0	5.124	4.31179	
4.94208	8.47514	7.38506	12.1184	4.73445	5.42806	2.54428	8.6933	5.41594	3.78346	3.3523	2.57598	5.124	0	5.17127	
7.88566	8.39629	2.51696	8.2846	3.43235	2.30661	3.72777	2.56659	0.8561	4.44824	1.81897	3.99082	4.31179	5.17127	0	

0	14.9257	5.93023	16.4642	6.06367	6.24226	4.87412	10.87	15.6002	6.12994	5.93339	8.39621	6.46489	6.28901	6.06183	
14.9257	0	20.8559	4.2593	14.2649	13.8005	13.0036	7.38252	17.5239	5.44655	20.8397	23.648	11.4128	8.91382	21.9484	
5.93023	20.8559	0	10.8092	8.60913	8.63017	6.956	9.53364	7.43681	8.75855	8.32131	3.43391	8.55635	7.63925	9.42992	
16.4642	4.2593	10.8092	0	5.21353	8.8561	2.44306	3.12321	4.90324	1.18724	4.28108	9.22295	3.12758	2.30654	9.46131	
6.06367	14.2649	8.60913	5.21353	0	0.596696	1.18955	2.51485	5.41259	2.44536	0.287826	4.71164	2.78032	2.60444	1.39644	
6.24226	13.8005	8.63017	8.8561	0.596696	0	2.01498	3.34029	4.69212	3.40271	0.308869	7.16237	2.38776	3.30486	1.41748	
4.87412	13.0036	6.956	2.44306	1.18955	2.01498	0	3.7044	3.47243	1.25582	1.47737	3.52209	1.59077	1.41489	1.18771	
10.87	7.38252	9.53364	3.12321	2.51485	3.34029	3.7044	0	2.89773	4.31046	2.80268	6.09973	5.36697	6.6401	5.18245	
15.6002	17.5239	7.43681	4.90324	5.41259	4.69212	3.47243	2.89773	0	3.716	3.39334	4.0029	4.70758	3.79048	2.28472	
6.12994	5.44655	8.75855	1.18724	2.44536	3.40271	1.25582	4.31046	3.716	0	3.09384	4.77791	1.94034	1.1193	2.44352	
5.93339	20.8397	8.32131	4.28108	0.287826	0.308869	1.47737	2.80268	3.39334	3.09384	0	7.08317	2.69663	4.21314	1.10861	
8.39621	23.648	3.43391	9.22295	4.71164	7.16237	3.52209	6.09973	4.0029	4.77791	7.08317	0	5.11287	4.93698	4.7098	
6.46489	11.4128	8.55635	3.12758	2.78032	2.38776	1.59077	5.36697	4.70758	1.94034	2.69663	5.11287	0	0.917102	2.77848	
6.28901	8.91382	7.63925	2.30654	2.60444	3.30486	1.41489	6.6401	3.79048	1.1193	4.21314	4.93698	0.917102	0	2.6026	
6.06183	21.9484	9.42992	9.46131	1.39644	1.41748	1.18771	5.18245	2.28472	2.44352	1.10861	4.7098	2.77848	2.6026	0	

0	17.1014	8.72294	4.15524	9.35121	10.6822	7.28712	8.11987	11.0432	7.88164	7.39216	12.0078	4.97902	6.57128	13.2619	
17.1014	0	5.30478	13.4484	11.6683	12.9993	13.8746	9.44751	7.73012	6.50451	9.70925	2.13342	6.84594	6.67765	16.1176	
8.72294	5.30478	0	2.97896	8.33448	6.40674	1.38248	5.07942	5.78068	3.62195	10.4155	3.17136	4.22576	0.562918	6.79465	
4.15524	13.4484	2.97896	0	3.6515	7.02917	3.23561	3.88237	6.88799	1.42759	3.73912	5.5363	0.823783	2.41605	5.45031	
9.35121	11.6683	8.33448	3.6515	0	2.58121	5.84795	1.36663	2.5538	3.43153	1.95905	7.54023	2.82772	5.88314	3.56776	
10.6822	12.9993	6.40674	7.02917	2.58121	0	3.37931	3.94784	5.13501	2.78479	3.29004	7.15588	3.3886	14.9134	10.4068	
7.28712	13.8746	1.38248	3.23561	5.84795	3.37931	0	5.33607	7.00753	0.594519	7.38802	4.96561	1.19833	0.819565	8.14092	
8.11987	9.44751	5.07942	3.88237	1.36663	3.94784	5.33607	0	3.92043	3.66239	3.32569	7.31408	3.05859	4.5165	5.14208	
11.0432	7.73012	5.78068	6.88799	2.5538	5.13501	7.00753	3.92043	0	6.41301	4.51285	5.59669	5.38151	6.3436	1.01396	
7.88164	6.50451	3.62195	1.42759	3.43153	2.78479	0.594519	3.66239	6.41301	0	6.07484	4.37109	0.603807	1.41408	5.23034	
7.39216	9.70925	10.4155	3.73912	1.95905	3.29004	7.38802	3.32569	4.51285	6.07484	0	11.1646	4.56291	6.15517	14.2185	
12.0078	2.13342	3.17136	5.5363	7.54023	7.15588	4.96561	7.31408	5.59669	4.37109	11.1646	0	4.71252	3.73428	6.61066	
4.97902	6.84594	4.22576	0.823783	2.82772	3.3886	1.19833	3.05859	5.38151	0.603807	4.56291	4.71252	0	3.23983	4.62653	
6.57128	6.67765	0.562918	2.41605	5.88314	14.9134	0.819565	4.5165	6.3436	1.41408	6.15517	3.73428	3.23983	0	8.30677	
13.2619	16.1176	6.79465	5.45031	3.56776	10.4068	8.14092	5.14208	1.01396	5.23034	14.2185	6.61066	4.62653	8.30677	0	

0	6.70526	15.136	9.80518	5.84368	10.0036	11.6519	8.59253	13.5412	9.00119	8.78199	10.7212	11.1941	13.0871	4.23387	
6.70526	0	9.10639	9.4648	2.58451	4.42275	8.19536	3.01165	10.643	5.01815	3.20111	13.4825	5.61323	13.3756	4.19432	
15.136	9.10639	0	4.60183	4.55535	5.32492	3.33239	5.33746	2.1312	2.12171	7.58723	5.17982	4.58699	8.14359	6.88903	
9.80518	9.4648	4.60183	0	4.91376	10.0739	2.10882	10.0864	6.88016	2.48012	10.1375	9.92878	3.28778	3.44493	5.57131	
5.84368	2.58451	4.55535	4.91376	0	1.34143	3.64432	0.427143	3.6334	2.43364	0.616607	8.0971	3.02873	7.27101	1.60981	
10.0036	4.42275	5.32492	10.0739	1.34143	0	7.77314	2.26539	3.19372	4.27189	0.724824	6.24234	4.86697	10.7694	3.44806	
11.6519	8.19536	3.33239	2.10882	3.64432	7.77314	0	5.69911	3.63475	1.21068	6.5515	7.48916	1.17896	1.33612	5.978	
8.59253	3.01165	5.33746	10.0864	0.427143	2.26539	5.69911	0	3.20626	2.86078	1.04375	6.25488	3.45587	9.15216	2.03695	
13.5412	10.643	2.1312	6.88016	3.6334	3.19372	3.63475	3.20626	0	4.25291	3.91855	3.04862	2.45579	7.0878	9.30736	
9.00119	5.01815	2.12171	2.48012	2.43364	4.27189	1.21068	2.86078	4.25291	0	3.05025	11.2546	2.38964	2.54679	4.04345	
8.78199	3.20111	7.58723	10.1375	0.616607	0.724824	6.5515	1.04375	3.91855	3.05025	0	11.2849	3.64534	11.6679	2.22642	
10.7212	13.4825	5.17982	9.92878	8.0971	6.24234	7.48916	6.25488	3.04862	11.2546	11.2849	0	5.50441	6.15304	6.48729	
11.1941	5.61323	4.58699	3.28778	3.02873	4.86697	1.17896	3.45587	2.45579	2.38964	3.64534	5.50441	0	2.51508	4.63854	
13.0871	13.3756	8.14359	3.44493	7.27101	10.7694	1.33612	9.15216	7.0878	2.54679	11.6679	6.15304	2.51508	0	8.75416	
4.23387	4.19432	6.88903	5.57131	1.60981	3.44806	5.978	2.03695	9.30736	4.04345	2.22642	6.48729	4.63854	8.75416	0	

0	7.25676	13.8586	1.66491	3.41044	4.19228	6.39807	2.42642	6.88163	4.20402	4.80726	7.22708	6.05693	7.17871	8.21664	
7.25676	0	6.42699	5.59184	10.4371	8.68093	8.29656	9.99959	10.8086	9.14067	15.3088	8.68967	13.6301	9.0772	14.5724	
13.8586	6.42699	0	12.0188	7.79533	6.03921	7.46049	7.80507	11.3369	10.1184	12.8849	11.503	13.0807	8.24113	13.7364	
1.66491	5.59184	12.0188	0	5.22815	7.54619	6.20676	4.09134	5.21672	3.54883	10.4378	7.60296	7.71701	9.92332	6.48023	
3.41044	10.4371	7.79533	5.22815	0	1.75612	4.62546	0.984019	5.90407	2.3984	1.24403	3.66385	4.89844	3.33861	1.97481	
4.19228	8.68093	6.03921	7.54619	1.75612	0	6.09006	1.76586	5.2977	3.54346	3.00015	5.41997	9.94205	9.1068	7.72498	
6.39807	8.29656	7.46049	6.20676	4.62546	6.09006	0	4.3242	6.11806	2.65793	2.87522	3.71329	3.07101	0.780639	5.58933	
2.42642	9.99959	7.80507	4.09134	0.984019	1.76586	4.3242	0	6.88809	1.7776	2.22804	4.64787	5.94577	5.10484	4.709	
6.88163	10.8086	11.3369	5.21672	5.90407	5.2977	6.11806	6.88809	0	7.30344	5.10283	5.81475	6.53175	5.33742	4.37204	
4.20402	9.14067	10.1184	3.54883	2.3984	3.54346	2.65793	1.7776	7.30344	0	3.64243	4.05413	4.16818	3.43857	2.9314	
4.80726	15.3088	12.8849	10.4378	1.24403	3.00015	2.87522	2.22804	5.10283	3.64243	0	4.90787	2.8905	2.09458	0.730787	
7.22708	8.68967	11.503	7.60296	3.66385	5.41997	3.71329	4.64787	5.81475	4.05413	4.90787	0	5.22302	2.93265	6.98553	
6.05693	13.6301	13.0807	7.71701	4.89844	9.94205	3.07101	5.94577	6.53175	4.16818	2.8905	5.22302	0	2.29037	2.15971	
7.17871	9.0772	8.24113	9.92332	3.33861	9.1068	0.780639	5.10484	5.33742	3.43857	2.09458	2.93265	2.29037	0	2.82537	
8.21664	14.5724	13.7364	6.48023	1.97481	7.72498	5.58933	4.709	4.37204	2.9314	0.730787	6.98553	2.15971	2.82537	0	

0	10.198	19.9497	3.36173	16.1896	8.19509	17.0035	6.62806	9.12677	16.9383	13.4173	15.2255	10.8513	15.3149	11.0777	
10.198	0	12.3662	6.83628	16.6249	11.6696	16.0123	10.1026	12.6013	19.935	23.6431	12.3793	14.3259	14.7614	11.2173	
19.9497	12.3662	0	8.86499	7.34943	5.6082	5.94397	7.26161	3.38137	9.86676	5.93145	6.49226	13.1153	4.69695	1.14898	
3.36173	6.83628	8.86499	0	6.68153	4.83337	5.77132	3.26634	5.76504	8.51144	5.15662	5.71743	7.4896	5.77139	7.71601	
16.1896	16.6249	7.34943	6.68153	0	1.84816	3.73634	3.50157	2.90521	2.80369	2.17141	2.73222	1.78185	2.82159	6.20045	
8.19509	11.6696	5.6082	4.83337	1.84816	0	1.61664	1.6534	1.05704	7.88266	0.323249	0.884059	3.63002	0.973432	3.28944	
17.0035	16.0123	5.94397	5.77132	3.73634	1.61664	0	2.50498	5.94263	1.99112	3.57252	3.02539	1.95449	0.643212	4.19118	
6.62806	10.1026	7.26161	3.26634	3.50157	1.6534	2.50498	0	2.71045	4.4961	1.97665	2.53746	4.45947	2.50506	6.05303	
9.12677	12.6013	3.38137	5.76504	2.90521	1.05704	5.94263	2.71045	0	6.82562	1.38029	1.9411	7.45241	2.03048	2.23239	
16.9383	19.935	9.86676	8.51144	2.80369	7.88266	1.99112	4.4961	6.82562	0	5.57727	5.94422	1.02184	2.63433	6.78611	
13.4173	23.6431	5.93145	5.15662	2.17141	0.323249	3.57252	1.97665	1.38029	5.57727	0	1.20731	4.66428	1.29668	6.47728	
15.2255	12.3793	6.49226	5.71743	2.73222	0.884059	3.02539	2.53746	1.9411	5.94422	1.20731	0	5.9076	1.85749	4.22191	
10.8513	14.3259	13.1153	7.4896	1.78185	3.63002	1.95449	4.45947	7.45241	1.02184	4.66428	5.9076	0	2.5977	6.74949	
15.3149	14.7614	4.69695	5.77139	2.82159	0.973432	0.643212	2.50506	2.03048	2.63433	1.29668	1.85749	2.5977	0	3.54797	
11.0777	11.2173	1.14898	7.71601	6.20045	3.28944	4.19118	6.05303	2.23239	6.78611	6.47728	4.22191	6.74949	3.54797	0	

0	10.9957	4.40373	6.82289	2.02595	7.02295	6.44345	5.23439	13.8347	5.49623	3.27254	5.04224	3.56998	5.20889	12.633	
10.9957	0	9.87619	7.67665	9.52094	24.4007	5.7456	9.644	14.7475	5.09352	6.06388	10.8735	7.42572	8.72037	1.64693	
4.40373	9.87619	0	11.2266	5.99884	12.0005	6.7771	4.41593	3.23365	5.82988	8.75597	0.638501	3.90363	3.70644	8.22926	
6.82289	7.67665	11.2266	0	4.45081	4.0602	4.85359	6.33767	4.85491	2.94887	3.20423	9.55389	4.87513	7.82836	6.39546	
2.02595	9.52094	5.99884	4.45081	0	2.10256	4.83866	3.20844	9.47763	4.02147	1.24659	5.54298	2.09522	3.18294	5.66353	
7.02295	24.4007	12.0005	4.0602	2.10256	0	6.78544	3.98942	4.48063	6.38667	0.855975	7.07578	7.09221	8.17993	5.27292	
6.44345	5.7456	6.7771	4.85359	4.83866	6.78544	0	8.0471	5.03111	3.12508	5.92947	6.0427	2.87347	2.97477	6.57167	
5.23439	9.644	4.41593	6.33767	3.20844	3.98942	8.0471	0	6.37258	10.3824	3.13344	3.77743	5.30366	6.39138	7.55039	
13.8347	14.7475	3.23365	4.85491	9.47763	4.48063	5.03111	6.37258	0	1.90604	5.33661	2.59515	3.83229	5.66308	5.35263	
5.49623	5.09352	5.82988	2.94887	4.02147	6.38667	3.12508	10.3824	1.90604	0	6.1531	4.50119	1.92625	6.09984	3.44659	
3.27254	6.06388	8.75597	3.20423	1.24659	0.855975	5.92947	3.13344	5.33661	6.1531	0	6.91087	3.3418	4.42952	4.41695	
5.04224	10.8735	0.638501	9.55389	5.54298	7.07578	6.0427	3.77743	2.59515	4.50119	6.91087	0	3.44776	3.06793	8.86776	
3.56998	7.42572	3.90363	4.87513	2.09522	7.09221	2.87347	5.30366	3.83229	1.92625	3.3418	3.44776	0	5.27816	5.37285	
5.20889	8.72037	3.70644	7.82836	3.18294	8.17993	2.97477	6.39138	5.66308	6.09984	4.42952	3.06793	5.27816	0	13.7475	
12.633	1.64693	8.22926	6.39546	5.66353	5.27292	6.57167	7.55039	5.35263	3.44659	4.41695	8.86776	5.37285	13.7475	0	

0	11.0179	14.6991	4.37548	5.18025	7.08382	5.74836	4.84676	10.4529	9.28493	7.73369	14.8518	11.4478	2.67561	12.8019	
11.0179	0	20.1478	9.8242	10.8469	19.3471	11.415	10.2955	11.1629	8.75186	19.997	18.8148	14.4332	8.34228	9.91453	
14.6991	20.1478	0	2.0365	4.79717	5.35596	6.91375	1.56521	3.88944	11.6146	5.32555	3.22413	2.17517	11.409	3.86637	
4.37548	9.8242	2.0365	0	3.70325	4.26204	5.81982	0.471287	6.07744	8.4885	4.23162	6.74274	1.08124	7.05108	2.77244	
5.18025	10.8469	4.79717	3.70325	0	2.12522	5.4694	3.23196	9.62287	7.5155	2.77508	10.4122	3.84192	2.50464	5.53312	
7.08382	19.3471	5.35596	4.26204	2.12522	0	5.96968	3.79075	9.42792	10.0452	0.649867	8.76261	4.36394	4.62985	6.09191	
5.74836	11.415	6.91375	5.81982	5.4694	5.96968	0	2.2157	6.95456	4.5435	8.01419	7.34311	1.60574	3.07275	3.93252	
4.84676	10.2955	1.56521	0.471287	3.23196	3.79075	2.2157	0	5.57119	3.46382	3.76033	4.78934	0.609955	5.7366	2.30116	
10.4529	11.1629	3.88944	6.07744	9.62287	9.42792	6.95456	5.57119	0	2.41106	11.0912	0.665308	5.59682	9.02039	3.27003	
9.28493	8.75186	11.6146	8.4885	7.5155	10.0452	4.5435	3.46382	2.41106	0	8.98385	3.07637	3.48944	6.60933	1.16266	
7.73369	19.997	5.32555	4.23162	2.77508	0.649867	8.01419	3.76033	11.0912	8.98385	0	9.41247	4.37029	6.31755	6.06149	
14.8518	18.8148	3.22413	6.74274	10.4122	8.76261	7.34311	4.78934	0.665308	3.07637	9.41247	0	7.45248	10.4159	3.93534	
11.4478	14.4332	2.17517	1.08124	3.84192	4.36394	1.60574	0.609955	5.59682	3.48944	4.37029	7.45248	0	4.67849	2.32678	
2.67561	8.34228	11.409	7.05108	2.50464	4.62985	3.07275	5.7366	9.02039	6.60933	6.31755	10.4159	4.67849	0	7.77199	
12.8019	9.91453	3.86637	2.77244	5.53312	6.09191	3.93252	2.30116	3.27003	1.16266	6.06149	3.93534	2.32678	7.77199	0	

0	11.3446	4.99401	8.11114	4.22319	10.401	6.60725	6.18543	9.51994	5.00754	8.26961	5.27558	6.4703	6.60641	6.20115	
11.3446	0	6.3506	3.75885	12.6727	8.1994	9.9625	7.64783	10.8765	6.86245	8.46286	6.63217	9.61582	8.264	11.0291	
4.99401	6.3506	0	9.56688	9.2172	6.36909	10.2781	9.44273	4.52593	8.48663	7.24845	0.281572	10.0534	10.4607	7.55402	
8.11114	3.75885	9.56688	0	6.08614	4.44056	4.70332	3.88898	6.28372	3.1036	4.70402	9.28531	4.56637	4.50515	4.29721	
4.22319	12.6727	9.2172	6.08614	0	6.17781	3.6497	2.19716	8.02097	3.37505	4.04642	12.737	5.99469	3.17994	4.68265	
10.401	8.1994	6.36909	4.44056	6.17781	0	10.1586	4.36319	1.84316	5.54598	2.16892	7.66483	6.45128	6.82267	6.44804	
6.60725	9.9625	10.2781	4.70332	3.6497	10.1586	0	2.7776	6.40452	1.59971	5.1235	9.80477	1.19174	0.469752	2.79332	
6.18543	7.64783	9.44273	3.88898	2.19716	4.36319	2.7776	0	6.21125	1.17789	2.19427	9.38294	2.64065	2.77676	2.37149	
9.51994	10.8765	4.52593	6.28372	8.02097	1.84316	6.40452	6.21125	0	5.79849	4.01208	4.8075	7.53741	5.93477	4.60488	
5.00754	6.86245	8.48663	3.1036	3.37505	5.54598	1.59971	1.17789	5.79849	0	3.37216	8.20505	1.46276	1.59887	1.19361	
8.26961	8.46286	7.24845	4.70402	4.04642	2.16892	5.1235	2.19427	4.01208	3.37216	0	7.53003	4.28236	4.65375	4.67976	
5.27558	6.63217	0.281572	9.28531	12.737	7.66483	9.80477	9.38294	4.8075	8.20505	7.53003	0	9.66781	9.80393	7.27245	
6.4703	9.61582	10.0534	4.56637	5.99469	6.45128	1.19174	2.64065	7.53741	1.46276	4.28236	9.66781	0	1.66149	2.65637	
6.60641	8.264	10.4607	4.50515	3.17994	6.82267	0.469752	2.77676	5.93477	1.59887	4.65375	9.80393	1.66149	0	2.79248	
6.20115	11.0291	7.55402	4.29721	4.68265	6.44804	2.79332	2.37149	4.60488	1.19361	4.67976	7.27245	2.65637	2.79248	0	

0	2.73174	14.5305	9.78552	12.3961	10.1568	17.2507	10.9785	10.0004	13.0705	14.0598	5.63192	9.29724	16.4218	8.15716	
2.73174	0	4.97248	7.05379	16.7445	12.7931	11.0315	3.30703	8.73849	7.71078	11.0404	2.90019	10.7455	7.57244	10.5818	
14.5305	4.97248	0	7.48079	4.99975	7.71434	1.523	2.47913	5.87545	5.83179	7.20288	2.07229	4.06827	1.97577	5.20834	
9.78552	7.05379	7.48079	0	5.6614	7.10553	3.88875	9.88744	8.48026	10.5849	6.59407	8.10824	8.56144	3.43599	7.42137	
12.3961	16.7445	4.99975	5.6614	0	5.89495	2.67818	0.19672	3.58443	7.42953	5.38349	0.603564	1.24156	2.22541	3.01808	
10.1568	12.7931	7.71434	7.10553	5.89495	0	4.12231	4.821	2.65014	7.61138	0.348263	8.17061	3.13971	3.50634	1.99964	
17.2507	11.0315	1.523	3.88875	2.67818	4.12231	0	3.67347	4.89182	4.30879	3.61085	3.59529	5.59127	0.452767	6.73509	
10.9785	3.30703	2.47913	9.88744	0.19672	4.821	3.67347	0	3.38771	3.73602	5.59102	0.406844	1.04484	2.42213	2.18491	
10.0004	8.73849	5.87545	8.48026	3.58443	2.65014	4.89182	3.38771	0	2.98886	2.30188	3.79455	2.98334	5.04427	1.84327	
13.0705	7.71078	5.83179	10.5849	7.42953	7.61138	4.30879	3.73602	2.98886	0	5.29074	4.81059	2.69118	4.76156	3.83126	
14.0598	11.0404	7.20288	6.59407	5.38349	0.348263	3.61085	5.59102	2.30188	5.29074	0	7.83033	4.54618	3.15808	2.3479	
5.63192	2.90019	2.07229	8.10824	0.603564	8.17061	3.59529	0.406844	3.79455	4.81059	7.83033	0	1.45168	4.67225	3.22821	
9.29724	10.7455	4.06827	8.56144	1.24156	3.13971	5.59127	1.04484	2.98334	2.69118	4.54618	1.45168	0	7.70426	1.14007	
16.4218	7.57244	1.97577	3.43599	2.22541	3.50634	0.452767	2.42213	5.04427	4.76156	3.15808	4.67225	7.70426	0	5.66918	
8.15716	10.5818	5.20834	7.42137	3.01808	1.99964	6.73509	2.18491	1.84327	3.83126	2.3479	3.22821	1.14007	5.66918	0	

0	11.7074	6.87462	9.63403	8.77025	10.7436	9.31299	11.5295	9.1715	7.8596	11.0139	7.77526	10.2852	10.1035	15.5213	
11.7074	0	5.91761	8.73908	5.1277	9.38412	3.34308	7.66913	11.7238	6.96466	9.65443	14.3483	9.7332	2.68874	8.92712	
6.87462	5.91761	0	11.9955	5.53512	11.3782	3.88321	4.80065	3.0643	11.3466	13.2843	4.46054	9.8853	3.22887	14.7905	
9.63403	8.73908	11.9955	0	2.68508	2.18916	5.43842	1.40323	3.13958	1.77443	4.23201	4.65033	4.54296	6.38362	8.22823	
8.77025	5.1277	5.53512	2.68508	0	7.29944	3.0933	4.20718	2.47082	0.910653	5.44732	3.86706	2.77992	2.43896	9.33885	
10.7436	9.38412	11.3782	2.18916	7.29944	0	6.6076	0.785934	2.52229	7.28806	0.270308	7.02944	2.9377	5.76633	4.77777	
9.31299	3.34308	3.88321	5.43842	3.0933	6.6076	0	5.49875	2.93397	3.66399	4.75548	1.53773	2.08808	0.65434	12.0922	
11.5295	7.66913	4.80065	1.40323	4.20718	0.785934	5.49875	0	1.73635	3.17765	1.05624	3.1326	3.41067	4.98039	5.56371	
9.1715	11.7238	3.0643	3.13958	2.47082	2.52229	2.93397	1.73635	0	3.38147	4.56514	1.39624	3.90617	4.90979	8.56136	
7.8596	6.96466	11.3466	1.77443	0.910653	7.28806	3.66399	3.17765	3.38147	0	5.43593	5.20172	2.76854	3.34962	8.4282	
11.0139	9.65443	13.2843	4.23201	5.44732	0.270308	4.75548	1.05624	4.56514	5.43593	0	5.17732	2.6674	7.80918	5.04808	
7.77526	14.3483	4.46054	4.65033	3.86706	7.02944	1.53773	3.1326	1.39624	5.20172	5.17732	0	2.50992	2.19207	13.0208	
10.2852	9.7332	9.8853	4.54296	2.77992	2.9377	2.08808	3.41067	3.90617	2.76854	2.6674	2.50992	0	2.74242	9.29729	
10.1035	2.68874	3.22887	6.38362	2.43896	5.76633	0.65434	4.98039	4.90979	3.34962	7.80918	2.19207	2.74242	0	11.5616	
15.5213	8.92712	14.7905	8.22823	9.33885	4.77777	12.0922	5.56371	8.56136	8.4282	5.04808	13.0208	9.29729	11.5616	0	

0	24.7801	6.23237	2.8129	6.29349	4.95881	6.95442	7.83452	5.7969	5.24368	3.65182	5.4251	4.92159	5.1656	4.5817	
24.7801	0	8.67148	8.47206	12.3657	9.63805	6.5739	9.29474	10.1381	7.93795	13.9096	11.1752	11.4341	6.04286	6.62675	
6.23237	8.67148	0	5.70631	5.8266	3.38381	1.20862	6.52899	5.23573	0.988689	4.82527	5.10829	3.14918	1.73966	1.76071	
2.8129	8.47206	5.70631	0	6.24685	7.3666	2.96024	5.02162	5.04399	4.3243	6.46471	2.6122	5.97703	2.4292	3.0131	
6.29349	12.3657	5.8266	6.24685	0	2.19879	4.37398	6.64407	3.52838	3.64831	2.64167	5.25607	3.91145	3.46018	2.87629	
4.95881	9.63805	3.38381	7.3666	2.19879	0	2.17519	8.84286	5.72717	3.88593	1.30699	6.07486	2.57677	2.70623	5.07508	
6.95442	6.5739	1.20862	2.96024	4.37398	2.17519	0	3.78292	4.62628	1.71073	3.48219	3.89967	3.87122	0.531037	1.11493	
7.83452	9.29474	6.52899	5.02162	6.64407	8.84286	3.78292	0	7.34713	5.14697	9.28574	5.47059	8.64309	3.25188	3.83578	
5.7969	10.1381	5.23573	5.04399	3.52838	5.72717	4.62628	7.34713	0	1.98722	6.17005	2.43179	5.06801	1.79909	1.2152	
5.24368	7.93795	0.988689	4.3243	3.64831	3.88593	1.71073	5.14697	1.98722	0	3.43027	3.1518	2.16049	1.35592	0.77202	
3.65182	13.9096	4.82527	6.46471	2.64167	1.30699	3.48219	9.28574	6.17005	3.43027	0	9.32349	1.26978	6.66099	5.12259	
5.4251	11.1752	5.10829	2.6122	5.25607	6.07486	3.89967	5.47059	2.43179	3.1518	9.32349	0	6.2326	2.96367	2.37978	
4.92159	11.4341	3.14918	5.97703	3.91145	2.57677	3.87122	8.64309	5.06801	2.16049	1.26978	6.2326	0	4.05558	2.93251	
5.1656	6.04286	1.73966	2.4292	3.46018	2.70623	0.531037	3.25188	1.79909	1.35592	6.66099	2.96367	4.05558	0	0.583895	
4.5817	6.62675	1.76071	3.0131	2.87629	5.07508	1.11493	3.83578	1.2152	0.77202	5.12259	2.37978	2.93251	0.583895	0	

0	1.9807	9.69629	3.267	19.247	13.0208	11.5224	7.45529	9.15399	5.69032	17.1342	5.75853	8.61533	10.8715	10.1309	
1.9807	0	11.4187	5.24769	23.3924	23.8438	13.5031	12.6224	11.3817	10.5445	22.672	7.73923	15.002	16.1726	13.1337	
9.69629	11.4187	0	5.39198	2.77136	10.2719	7.83626	1.20369	7.45809	3.57422	4.48376	3.93775	6.71918	6.39767	4.72334	
3.267	5.24769	5.39198	0	5.75596	8.03619	9.69482	4.18829	3.01355	2.42333	7.46836	9.02553	3.56037	4.73103	6.44531	
19.247	23.3924	2.77136	5.75596	0	1.89217	6.33218	1.56767	9.86883	3.57973	0.720391	9.94567	2.44269	2.7642	3.53967	
13.0208	23.8438	10.2719	8.03619	1.89217	0	6.05186	4.45186	4.3104	7.35423	1.17178	6.4446	2.26925	8.60894	1.17227	
11.5224	13.5031	7.83626	9.69482	6.33218	6.05186	0	6.63257	7.86172	6.22621	5.61179	10.1519	4.24002	3.91851	4.87959	
7.45529	12.6224	1.20369	4.18829	1.56767	4.45186	6.63257	0	2.96076	2.37053	2.28806	5.14144	3.50757	4.67823	3.51966	
9.15399	11.3817	7.45809	3.01355	9.86883	4.3104	7.86172	2.96076	0	0.590226	7.93579	3.52034	1.72727	2.89793	3.13812	
5.69032	10.5445	3.57422	2.42333	3.57973	7.35423	6.22621	2.37053	0.590226	0	5.6506	4.11056	1.13704	1.45855	2.23402	
17.1342	22.672	4.48376	7.46836	0.720391	1.17178	5.61179	2.28806	7.93579	5.6506	0	11.6581	3.16308	7.86106	2.34406	
5.75853	7.73923	3.93775	9.02553	9.94567	6.4446	10.1519	5.14144	3.52034	4.11056	11.6581	0	6.36931	9.06155	5.27233	
8.61533	15.002	6.71918	3.56037	2.44269	2.26925	4.24002	3.50757	1.72727	1.13704	3.16308	6.36931	0	0.321511	1.09698	
10.8715	16.1726	6.39767	4.73103	2.7642	8.60894	3.91851	4.67823	2.89793	1.45855	7.86106	9.06155	0.321511	0	1.41849	
10.1309	13.1337	4.72334	6.44531	3.53967	1.17227	4.87959	3.51966	3.13812	2.23402	2.34406	5.27233	1.09698	1.41849	0	

0	4.57772	6.57331	1.46236	13.0203	11.347	7.75022	11.4375	6.00077	11.0545	10.8209	7.59757	16.6056	7.63394	13.7266	
4.57772	0	2.79123	3.11536	6.77171	14.4801	9.40322	9.16612	3.57933	3.04948	8.74389	1.76698	5.75457	6.73246	4.90402	
6.57331	2.79123	0	8.03567	6.02899	13.7374	2.08683	4.86422	2.83661	2.30676	5.66482	1.02426	5.01185	1.06064	4.16131	
1.46236	3.11536	8.03567	0	11.5579	19.1672	6.15219	7.05168	4.53841	9.06257	9.33168	4.88234	7.77593	7.24006	11.7347	
13.0203	6.77171	6.02899	11.5579	0	6.88446	10.9728	1.73399	4.24726	2.98115	2.53458	5.00473	8.99233	8.32278	4.44786	
11.347	14.4801	13.7374	19.1672	6.88446	0	6.07941	1.32672	5.31938	13.847	0.526117	7.50303	8.64642	16.7858	15.8502	
7.75022	9.40322	2.08683	6.15219	10.9728	6.07941	0	4.12705	1.61378	2.84871	5.5533	3.42613	1.48807	1.0262	5.52082	
11.4375	9.16612	4.86422	7.05168	1.73399	1.32672	4.12705	0	2.51327	1.24716	0.800598	2.52966	6.18789	3.06967	2.71387	
6.00077	3.57933	2.83661	4.53841	4.24726	5.31938	1.61378	2.51327	0	3.09486	3.31387	1.81235	3.10185	2.63998	4.9494	
11.0545	3.04948	2.30676	9.06257	2.98115	13.847	2.84871	1.24716	3.09486	0	2.04776	1.2825	5.2006	1.82251	3.96103	
10.8209	8.74389	5.66482	9.33168	2.53458	0.526117	5.5533	0.800598	3.31387	2.04776	0	6.60562	7.04137	6.57949	3.51447	
7.59757	1.76698	1.02426	4.88234	5.00473	7.50303	3.42613	2.52966	1.81235	1.2825	6.60562	0	3.9876	2.08489	3.13705	
16.6056	5.75457	5.01185	7.77593	8.99233	8.64642	1.48807	6.18789	3.10185	5.2006	7.04137	3.9876	0	2.51427	7.12464	
7.63394	6.73246	1.06064	7.24006	8.32278	16.7858	1.0262	3.06967	2.63998	1.82251	6.57949	2.08489	2.51427	0	4.49462	
13.7266	4.90402	4.16131	11.7347	4.44786	15.8502	5.52082	2.71387	4.9494	3.96103	3.51447	3.13705	7.12464	4.49462	0	

0	11.4219	7.42985	4.94601	4.62875	6.65401	6.65133	11.2597	2.00718	8.848	12.0801	6.26912	5.69499	3.535	3.78385	
11.4219	0	6.63455	12.9099	6.69271	4.11563	15.4056	16.9386	9.41477	11.5603	2.46445	13.6767	8.84952	10.9426	11.5152	
7.42985	6.63455	0	4.15968	3.41653	5.82128	2.6912	2.98483	10.2481	4.89336	4.17011	9.19905	1.73486	4.63701	7.18095	
4.94601	12.9099	4.15968	0	12.0211	1.708	2.49575	5.82098	6.95319	5.9047	3.35918	12.184	3.45209	3.23074	8.72986	
4.62875	6.69271	3.41653	12.0211	0	4.54469	9.52533	0.431701	2.94534	5.90905	4.22826	5.17991	5.99644	2.90887	0.844901	
6.65401	4.11563	5.82128	1.708	4.54469	0	4.20374	4.11299	12.208	9.27089	1.65118	13.892	6.81827	6.59692	12.305	
6.65133	15.4056	2.6912	2.49575	9.52533	4.20374	0	6.52108	2.26282	3.40895	7.34141	7.71464	0.956342	0.734993	2.79896	
11.2597	16.9386	2.98483	5.82098	0.431701	4.11299	6.52108	0	6.02474	7.59026	4.65996	5.61161	4.71968	11.09	1.2766	
2.00718	9.41477	10.2481	6.95319	2.94534	12.208	2.26282	6.02474	0	7.16459	9.8213	4.26195	7.30242	1.52783	2.10044	
8.848	11.5603	4.89336	5.9047	5.90905	9.27089	3.40895	7.59026	7.16459	0	9.06347	4.30568	4.3653	4.14395	5.06415	
12.0801	2.46445	4.17011	3.35918	4.22826	1.65118	7.34141	4.65996	9.8213	9.06347	0	9.40817	5.90496	16.6572	5.07316	
6.26912	13.6767	9.19905	12.184	5.17991	13.892	7.71464	5.61161	4.26195	4.30568	9.40817	0	10.3912	5.78977	6.02481	
5.69499	8.84952	1.73486	3.45209	5.99644	6.81827	0.956342	4.71968	7.30242	4.3653	5.90496	10.3912	0	1.69133	5.4461	
3.535	10.9426	4.63701	3.23074	2.90887	6.59692	0.734993	11.09	1.52783	4.14395	16.6572	5.78977	1.69133	0	2.06397	
3.78385	11.5152	7.18095	8.72986	0.844901	12.305	2.79896	1.2766	2.10044	5.06415	5.07316	6.02481	5.4461	2.06397	0	

0	9.65503	17.1254	13.9715	18.6315	11.5236	11.377	14.7425	13.4152	10.3095	11.8355	21.0966	20.1705	9.03328	20.2006	
9.65503	0	20.2782	8.18856	10.9927	10.6365	12.0905	12.0272	15.8534	13.723	17.7782	12.5256	14.7335	17.4563	10.5456	
17.1254	20.2782	0	8.0497	8.57841	5.60178	3.01052	8.76506	6.37728	1.81682	3.39318	7.33561	3.13709	3.09306	4.99419	
13.9715	8.18856	8.0497	0	2.80415	2.44792	5.40305	3.83862	4.66082	6.59675	2.75977	5.26924	5.39658	7.74675	5.17985	
18.6315	10.9927	8.57841	2.80415	0	4.89934	3.92066	4.92484	2.68643	3.9127	5.3146	4.35572	2.59243	7.06838	2.3757	
11.5236	10.6365	5.60178	2.44792	4.89934	0	7.85097	3.61455	2.21291	1.88821	0.311855	4.60046	7.58766	6.59486	9.83178	
11.377	12.0905	3.01052	5.40305	3.92066	7.85097	0	4.98795	6.72565	1.1937	2.77005	3.52497	2.51397	2.3437	1.54496	
14.7425	12.0272	8.76506	3.83862	4.92484	3.61455	4.98795	0	5.82746	6.18165	3.92641	9.10786	7.51727	7.17753	6.53291	
13.4152	15.8534	6.37728	4.66082	2.68643	2.21291	6.72565	5.82746	0	5.65819	2.52476	2.38755	5.27886	4.38195	4.36757	
10.3095	13.723	1.81682	6.59675	3.9127	1.88821	1.1937	6.18165	5.65819	0	1.57635	5.15738	1.32027	1.27624	2.73866	
11.8355	17.7782	3.39318	2.75977	5.3146	0.311855	2.77005	3.92641	2.52476	1.57635	0	7.09514	2.89662	2.85259	4.75372	
21.0966	12.5256	7.33561	5.26924	4.35572	4.60046	3.52497	9.10786	2.38755	5.15738	7.09514	0	4.59728	6.7695	1.98001	
20.1705	14.7335	3.13709	5.39658	2.59243	7.58766	2.51397	7.51727	5.27886	1.32027	2.89662	4.59728	0	2.59651	4.18789	
9.03328	17.4563	3.09306	7.74675	7.06838	6.59486	2.3437	7.17753	4.38195	1.27624	2.85259	6.7695	2.59651	0	3.88865	
20.2006	10.5456	4.99419	5.17985	2.3757	9.83178	1.54496	6.53291	4.36757	2.73866	4.75372	1.98001	4.18789	3.88865	0	

0	15.4712	3.95518	16.3461	10.3559	6.38013	9.34955	7.03574	9.34618	13.5066	8.01674	6.95803	5.1155	9.57455	11.8486	
15.4712	0	11.1526	9.70342	9.26244	10.9514	4.59679	8.4793	6.98207	5.9578	10.6491	6.00679	7.84931	3.96118	6.99543	
3.95518	11.1526	0	8.84244	6.82524	4.43095	6.97266	5.08657	5.391	9.07754	6.06757	5.00885	3.16633	7.62538	6.13445	
16.3461	9.70342	8.84244	0	7.89953	8.64122	2.47346	4.70733	4.67191	1.5889	5.58755	3.69663	5.53916	3.58552	4.68528	
10.3559	9.26244	6.82524	7.89953	0	3.39105	2.59078	1.19208	1.43424	5.12078	2.97597	2.40952	3.11232	5.22651	2.78742	
6.38013	10.9514	4.43095	8.64122	3.39105	0	2.69399	2.58489	5.91987	5.3064	0.415073	3.10715	1.26463	5.72368	4.71128	
9.34955	4.59679	6.97266	2.47346	2.59078	2.69399	0	1.39869	1.58166	0.884561	2.27892	2.01177	3.31894	0.635613	2.93483	
7.03574	8.4793	5.08657	4.70733	1.19208	2.58489	1.39869	0	2.62632	2.28326	2.16982	3.41046	1.92024	2.03431	6.30014	
9.34618	6.98207	5.391	4.67191	1.43424	5.91987	1.58166	2.62632	0	2.46622	3.86057	0.975281	2.8178	2.21727	1.35317	
13.5066	5.9578	9.07754	1.5889	5.12078	5.3064	0.884561	2.28326	2.46622	0	3.16348	2.89633	5.11861	1.52017	5.03971	
8.01674	10.6491	6.06757	5.58755	2.97597	0.415073	2.27892	2.16982	3.86057	3.16348	0	4.29068	1.6797	2.91453	4.29621	
6.95803	6.00679	5.00885	3.69663	2.40952	3.10715	2.01177	3.41046	0.975281	2.89633	4.29068	0	1.84252	2.64738	0.988644	
5.1155	7.84931	3.16633	5.53916	3.11232	1.26463	3.31894	1.92024	2.8178	5.11861	1.6797	1.84252	0	4.45905	2.83117	
9.57455	3.96118	7.62538	3.58552	5.22651	5.72368	0.635613	2.03431	2.21727	1.52017	2.91453	2.64738	4.45905	0	8.10571	
11.8486	6.99543	6.13445	4.68528	2.78742	4.71128	2.93483	6.30014	1.35317	5.03971	4.29621	0.988644	2.83117	8.10571	0	

0	15.6308	22.4335	1.38388	2.30486	12.8457	7.48488	5.4279	14.6293	15.5014	15.7348	10.5298	12.0574	7.4218	16.9729	
15.6308	0	15.4729	14.677	17.2016	14.0743	9.46489	9.36661	11.9323	8.63937	16.0894	5.10103	7.80891	9.99524	10.6129	
22.4335	15.4729	0	11.5156	5.63886	9.55671	7.1464	11.1524	2.91685	6.20981	16.5319	11.9037	4.99578	5.47767	5.9873	
1.38388	14.677	11.5156	0	0.920974	6.73865	4.89798	4.04401	3.64298	6.75911	2.03324	8.30959	2.34285	6.03791	3.27141	
2.30486	17.2016	5.63886	0.920974	0	2.88033	3.50953	4.96499	2.72201	2.80167	1.11226	4.12975	1.42188	6.95889	2.35044	
12.8457	14.0743	9.55671	6.73865	2.88033	0	6.48136	8.56809	8.53969	9.95459	1.76807	11.2827	3.16061	4.07904	8.16812	
7.48488	9.46489	7.1464	4.89798	3.50953	6.48136	0	0.853967	4.11847	0.825519	4.15743	5.11954	2.20531	2.40232	1.15909	
5.4279	9.36661	11.1524	4.04401	4.96499	8.56809	0.853967	0	6.00805	1.67949	7.16318	4.26558	3.61885	3.25629	2.01306	
14.6293	11.9323	2.91685	3.64298	2.72201	8.53969	4.11847	6.00805	0	3.29295	3.47147	4.7868	2.07893	7.30362	5.07244	
15.5014	8.63937	6.20981	6.75911	2.80167	9.95459	0.825519	1.67949	3.29295	0	2.77233	4.08766	1.37979	3.22784	1.97348	
15.7348	16.0894	16.5319	2.03324	1.11226	1.76807	4.15743	7.16318	3.47147	2.77233	0	4.10041	1.39254	5.84711	3.4627	
10.5298	5.10103	11.9037	8.30959	4.12975	11.2827	5.11954	4.26558	4.7868	4.08766	4.10041	0	2.70787	9.09713	6.9451	
12.0574	7.80891	4.99578	2.34285	1.42188	3.16061	2.20531	3.61885	2.07893	1.37979	1.39254	2.70787	0	5.16721	3.35327	
7.4218	9.99524	5.47767	6.03791	6.95889	4.07904	2.40232	3.25629	7.30362	3.22784	5.84711	9.09713	5.16721	0	3.56142	
16.9729	10.6129	5.9873	3.27141	2.35044	8.16812	1.15909	2.01306	5.07244	1.97348	3.4627	6.9451	3.35327	3.56142	0	

0	4.48216	19.8569	20.5809	13.6432	11.5055	10.7682	8.2156	16.5813	15.2538	11.0102	11.7834	9.1328	8.03266	18.7311	
4.48216	0	22.5473	11.9289	7.08696	23.4214	4.23417	10.821	10.1894	10.3698	11.2956	19.4422	5.76896	3.5505	6.02714	
19.8569	22.5473	0	19.1577	19.1147	12.5623	13.7354	13.8038	14.4177	5.94537	8.84669	13.5368	6.41137	17.6218	11.63	
20.5809	11.9289	19.1577	0	5.64619	12.3723	12.1709	2.94231	6.02352	2.49112	3.41696	5.62089	2.02511	4.24358	9.39195	
13.6432	7.08696	19.1147	5.64619	0	2.97731	4.22012	4.53828	10.1753	4.08708	5.01292	5.85397	3.62108	3.53646	3.03323	
11.5055	23.4214	12.5623	12.3723	2.97731	0	8.43745	3.28986	9.28666	7.95922	3.7156	6.8577	4.20706	6.38585	3.90922	
10.7682	4.23417	13.7354	12.1709	4.22012	8.43745	0	5.14759	6.1474	9.13233	4.88871	8.71543	2.90213	0.683665	3.1603	
8.2156	10.821	13.8038	2.94231	4.53828	3.28986	5.14759	0	7.91364	1.3832	2.30904	3.56784	0.917202	3.13566	7.19908	
16.5813	10.1894	14.4177	6.02352	10.1753	9.28666	6.1474	7.91364	0	9.81467	5.57106	4.34579	6.9629	6.63885	8.11685	
15.2538	10.3698	5.94537	2.49112	4.08708	7.95922	9.13233	1.3832	9.81467	0	1.85784	9.45573	0.466002	2.68446	5.68468	
11.0102	11.2956	8.84669	3.41696	5.01292	3.7156	4.88871	2.30904	5.57106	1.85784	0	8.52498	1.39184	3.6103	7.62482	
11.7834	19.4422	13.5368	5.62089	5.85397	6.8577	8.71543	3.56784	4.34579	9.45573	8.52498	0	4.48505	6.24769	3.77105	
9.1328	5.76896	6.41137	2.02511	3.62108	4.20706	2.90213	0.917202	6.9629	0.466002	1.39184	4.48505	0	2.21846	4.6951	
8.03266	3.5505	17.6218	4.24358	3.53646	6.38585	0.683665	3.13566	6.63885	2.68446	3.6103	6.24769	2.21846	0	2.47664	
18.7311	6.02714	11.63	9.39195	3.03323	3.90922	3.1603	7.19908	8.11685	5.68468	7.62482	3.77105	4.6951	2.47664	0	

0	9.88704	7.6027	9.48999	7.42323	5.4438	7.7738	7.14135	10.7787	12.082	6.40007	8.79479	12.2892	13.5269	5.9532	
9.88704	0	6.49908	5.40302	13.8105	8.13024	2.11323	11.8616	5.11813	5.0389	6.63478	3.13422	6.93054	3.59405	7.98212	
7.6027	6.49908	0	9.18249	4.13832	2.1589	3.20276	7.23956	3.83712	1.24631	3.11517	2.18177	1.45345	2.69116	2.6683	
9.48999	5.40302	9.18249	0	11.602	7.8995	3.28979	3.8354	6.29468	8.95467	7.81134	4.31077	8.1071	9.6414	4.9713	
7.42323	13.8105	4.13832	11.602	0	1.97942	5.56942	9.3486	2.7972	7.87447	1.04787	4.45255	7.66732	10.7562	2.48882	
5.4438	8.13024	2.1589	7.8995	1.97942	0	5.47782	1.6453	4.77662	3.40521	0.956271	4.34067	9.64675	5.06393	0.509398	
7.7738	2.11323	3.20276	3.28979	5.56942	5.47782	0	6.07877	2.67633	5.02446	4.52155	1.02098	4.81731	5.70728	5.86889	
7.14135	11.8616	7.23956	3.8354	9.3486	1.6453	6.07877	0	6.71314	10.4081	8.30073	5.05779	12.7245	9.55869	1.1359	
10.7787	5.11813	3.83712	6.29468	2.7972	4.77662	2.67633	6.71314	0	6.95932	3.84507	1.65535	7.16646	8.40417	7.33055	
12.082	5.0389	1.24631	8.95467	7.87447	3.40521	5.02446	10.4081	6.95932	0	8.81679	3.42808	0.207146	1.44485	9.27216	
6.40007	6.63478	3.11517	7.81134	1.04787	0.956271	4.52155	8.30073	3.84507	8.81679	0	5.54253	8.7152	9.70831	1.46567	
8.79479	3.13422	2.18177	4.31077	4.45255	4.34067	1.02098	5.05779	1.65535	3.42808	5.54253	0	5.83829	5.0868	5.6752	
12.2892	6.93054	1.45345	8.1071	7.66732	9.64675	4.81731	12.7245	7.16646	0.207146	8.7152	5.83829	0	1.652	9.4793	
13.5269	3.59405	2.69116	9.6414	10.7562	5.06393	5.70728	9.55869	8.40417	1.44485	9.70831	5.0868	1.652	0	10.6946	
5.9532	7.98212	2.6683	4.9713	2.48882	0.509398	5.86889	1.1359	7.33055	9.27216	1.46567	5.6752	9.4793	10.6946	0	

0	4.8143	2.53112	11.1421	4.84964	3.98322	2.65286	2.49988	5.74384	3.68718	4.77618	2.00137	4.16216	0.842059	8.69575	
4.8143	0	5.6613	17.189	10.8966	19.3993	5.78304	8.5468	8.87402	8.97047	16.6881	5.13156	18.1694	3.97224	14.4914	
2.53112	5.6613	0	5.68744	2.60996	5.75925	3.49986	3.76121	1.55911	1.83467	11.8709	2.1506	2.09893	1.68906	3.00584	
11.1421	17.189	5.68744	0	5.17918	6.28684	8.78824	7.83357	4.12833	4.40389	5.55727	4.71982	8.27333	9.0301	7.1688	
4.84964	10.8966	2.60996	5.17918	0	4.18057	5.71076	3.45913	1.05085	1.32641	3.45101	1.64234	5.12141	5.6917	5.06254	
3.98322	19.3993	5.75925	6.28684	4.18057	0	5.37942	1.48334	4.20014	2.67064	0.729564	4.79163	3.14562	7.19022	2.3411	
2.65286	5.78304	3.49986	8.78824	5.71076	5.37942	0	6.36135	2.40792	4.93547	6.10899	1.81643	8.18862	1.8108	9.36663	
2.49988	8.5468	3.76121	7.83357	3.45913	1.48334	6.36135	0	1.46286	1.1873	2.21291	8.39323	1.66228	3.34194	2.56918	
5.74384	8.87402	1.55911	4.12833	1.05085	4.20014	2.40792	1.46286	0	0.275562	4.50186	0.591487	3.29013	1.7508	6.83844	
3.68718	8.97047	1.83467	4.40389	1.32641	2.67064	4.93547	1.1873	0.275562	0	3.46359	0.867049	2.84957	4.99823	3.92147	
4.77618	16.6881	11.8709	5.55727	3.45101	0.729564	6.10899	2.21291	4.50186	3.46359	0	7.63946	2.51844	10.1235	1.61153	
2.00137	5.13156	2.1506	4.71982	1.64234	4.79163	1.81643	8.39323	0.591487	0.867049	7.63946	0	6.52302	1.15931	7.5552	
4.16216	18.1694	2.09893	8.27333	5.12141	3.14562	8.18862	1.66228	3.29013	2.84957	2.51844	6.52302	0	3.78799	0.906905	
0.842059	3.97224	1.68906	9.0301	5.6917	7.19022	1.8108	3.34194	1.7508	4.99823	10.1235	1.15931	3.78799	0	10.5191	
8.69575	14.4914	3.00584	7.1688	5.06254	2.3411	9.36663	2.56918	6.83844	3.92147	1.61153	7.5552	0.906905	10.5191	0	

0	2.13484	9.75588	7.93303	11.7045	7.24894	5.67902	9.84131	7.43428	6.57063	7.7786	10.0199	13.5667	7.3873	14.1769	
2.13484	0	7.62104	5.79819	10.4773	9.38378	7.81386	11.9762	5.29944	11.069	7.1908	5.66403	9.86921	6.6815	9.76566	
9.75588	7.62104	0	13.4192	7.65212	7.66246	6.63158	7.01943	5.2167	6.87054	5.19811	5.58129	4.80756	5.92258	2.1993	
7.93303	5.79819	13.4192	0	9.58475	14.4554	6.16241	9.81141	4.34037	5.2708	12.2659	3.97578	6.29177	5.99434	8.90003	
11.7045	10.4773	7.65212	9.58475	0	1.47984	6.02543	4.3821	2.84155	6.7591	0.950184	8.69162	3.29298	5.63814	3.94899	
7.24894	9.38378	7.66246	14.4554	1.47984	0	10.7403	4.11784	2.42102	8.65845	0.529658	10.4796	6.50376	11.9276	3.52847	
5.67902	7.81386	6.63158	6.16241	6.02543	10.7403	0	5.43222	3.09033	0.891607	6.97562	4.34092	6.02642	1.70827	5.43156	
9.84131	11.9762	7.01943	9.81141	4.3821	4.11784	5.43222	0	6.98962	4.54061	4.6475	6.62503	7.67508	5.66157	6.25152	
7.43428	5.29944	5.2167	4.34037	2.84155	2.42102	3.09033	6.98962	0	2.50302	1.89136	0.364589	4.56977	1.38206	4.46622	
6.57063	11.069	6.87054	5.2708	6.7591	8.65845	0.891607	4.54061	2.50302	0	7.67005	4.24304	5.13482	1.12096	4.67124	
7.7786	7.1908	5.19811	12.2659	0.950184	0.529658	6.97562	4.6475	1.89136	7.67005	0	2.25595	4.24317	3.27342	2.99881	
10.0199	5.66403	5.58129	3.97578	8.69162	10.4796	4.34092	6.62503	0.364589	4.24304	2.25595	0	4.93436	1.74665	4.83081	
13.5667	9.86921	4.80756	6.29177	3.29298	6.50376	6.02642	7.67508	4.56977	5.13482	4.24317	4.93436	0	5.65918	2.60827	
7.3873	6.6815	5.92258	5.99434	5.63814	11.9276	1.70827	5.66157	1.38206	1.12096	3.27342	1.74665	5.65918	0	3.72328	
14.1769	9.76566	2.1993	8.90003	3.94899	3.52847	5.43156	6.25152	4.46622	4.67124	2.99881	4.83081	2.60827	3.72328	0	

0	4.52846	7.86303	6.78471	12.0258	4.9405	8.90122	5.83876	10.4927	8.0922	4.74328	7.34417	11.1673	6.68854	8.53196	
4.52846	0	10.1467	11.3132	16.1273	6.30915	9.53564	10.3464	14.4528	11.4831	6.50637	11.6349	6.87714	10.6487	15.0799	
7.86303	10.1467	0	1.07832	12.0078	13.0755	4.63096	5.14547	2.37541	2.3858	9.45649	3.08101	3.26958	2.41828	7.06179	
6.78471	11.3132	1.07832	0	13.5855	11.9972	3.2549	8.14609	3.45373	1.30749	10.6628	3.23067	4.3479	3.4966	3.36545	
12.0258	16.1273	12.0078	13.5855	0	7.47977	14.2549	8.37802	9.63235	7.80214	7.28254	9.21681	9.25017	12.0422	5.74418	
4.9405	6.30915	13.0755	11.9972	7.47977	0	11.5529	1.2927	8.51155	11.8002	0.197222	2.79811	12.7374	7.23543	3.9859	
8.90122	9.53564	4.63096	3.2549	14.2549	11.5529	0	2.28473	2.8049	1.94741	3.38021	2.09931	5.75395	2.21268	4.00537	
5.83876	10.3464	5.14547	8.14609	8.37802	1.2927	2.28473	0	2.77005	4.23214	1.09548	3.47565	3.46922	4.49741	4.88416	
10.4927	14.4528	2.37541	3.45373	9.63235	8.51155	2.8049	2.77005	0	2.62878	3.30649	0.705595	5.64499	3.80414	4.17823	
8.0922	11.4831	2.3858	1.30749	7.80214	11.8002	1.94741	4.23214	2.62878	0	4.52408	1.92318	7.21543	4.1601	2.05796	
4.74328	6.50637	9.45649	10.6628	7.28254	0.197222	3.38021	1.09548	3.30649	4.52408	0	2.60089	4.5647	5.61694	3.78868	
7.34417	11.6349	3.08101	3.23067	9.21681	2.79811	2.09931	3.47565	0.705595	1.92318	2.60089	0	7.43682	4.31199	3.47264	
11.1673	6.87714	3.26958	4.3479	9.25017	12.7374	5.75395	3.46922	5.64499	7.21543	4.5647	7.43682	0	5.68786	9.27339	
6.68854	10.6487	2.41828	3.4966	12.0422	7.23543	2.21268	4.49741	3.80414	4.1601	5.61694	4.31199	5.68786	0	9.48007	
8.53196	15.0799	7.06179	3.36545	5.74418	3.9859	4.00537	4.88416	4.17823	2.05796	3.78868	3.47264	9.27339	9.48007	0	

0	22.9751	17.5823	10.3375	4.13567	5.85532	8.07832	3.76754	20.2861	7.99778	5.96437	10.4242	13.4424	7.1884	13.0569	
22.9751	0	12.2807	12.6376	15.1616	7.10232	6.21383	9.96168	9.39293	4.66865	17.4399	15.0183	7.24863	5.47803	14.4427	
17.5823	12.2807	0	8.30455	9.44561	7.3642	5.2112	12.9051	5.6259	4.54477	4.7233	3.15706	1.96479	8.42147	5.1137	
10.3375	12.6376	8.30455	0	7.0049	5.28525	2.89171	12.4477	7.76867	4.4369	6.14335	5.03026	6.13813	3.78164	5.39845	
4.13567	15.1616	9.44561	7.0049	0	1.71965	4.9528	3.88831	6.7191	4.15333	1.8287	5.9268	4.58721	4.06288	3.01619	
5.85532	7.10232	7.3642	5.28525	1.71965	0	3.80327	5.60796	3.18983	2.43368	0.858107	3.25318	3.61662	3.24306	1.29654	
8.07832	6.21383	5.2112	2.89171	4.9528	3.80327	0	6.83821	4.40003	1.54518	6.00493	2.13854	3.24641	0.889924	2.50674	
3.76754	9.96168	12.9051	12.4477	3.88831	5.60796	6.83821	0	10.0173	5.29303	5.65133	10.1769	7.87302	6.10242	8.45897	
20.2861	9.39293	5.6259	7.76867	6.7191	3.18983	4.40003	10.0173	0	4.72429	4.8904	2.46884	7.30427	5.53367	1.89329	
7.99778	4.66865	4.54477	4.4369	4.15333	2.43368	1.54518	5.29303	4.72429	0	3.29178	3.68373	2.57999	0.809387	3.73021	
5.96437	17.4399	4.7233	6.14335	1.8287	0.858107	6.00493	5.65133	4.8904	3.29178	0	5.06525	2.75851	5.89158	2.15464	
10.4242	15.0183	3.15706	5.03026	5.9268	3.25318	2.13854	10.1769	2.46884	3.68373	5.06525	0	5.12184	3.02847	1.95665	
13.4424	7.24863	1.96479	6.13813	4.58721	3.61662	3.24641	7.87302	7.30427	2.57999	2.75851	5.12184	0	3.38937	5.75315	
7.1884	5.47803	8.42147	3.78164	4.06288	3.24306	0.889924	6.10242	5.53367	0.809387	5.89158	3.02847	3.38937	0	3.39666	
13.0569	14.4427	5.1137	5.39845	3.01619	1.29654	2.50674	8.45897	1.89329	3.73021	2.15464	1.95665	5.75315	3.39666	0	

0	7.35509	21.775	1.1843	4.38055	8.91699	12.5649	6.30681	11.8801	9.64045	7.41483	7.21969	8.63739	11.3444	12.6317	
7.35509	0	19.1582	8.33688	4.41784	2.78053	9.19933	7.1986	5.30597	7.88968	2.28394	7.08691	8.47374	7.97884	6.03242	
21.775	19.1582	0	15.7283	4.27091	14.3018	2.32629	11.79	8.44162	7.67425	10.361	5.79296	4.47705	1.43269	9.8469	
1.1843	8.33688	15.7283	0	3.19626	3.60711	7.25497	7.4911	9.25257	8.45616	5.33016	6.0354	8.75373	6.03448	9.97902	
4.38055	4.41784	4.27091	3.19626	0	0.410848	3.73182	4.48782	5.15594	6.50014	0.907439	5.68824	5.55747	2.83822	4.32078	
8.91699	2.78053	14.3018	3.60711	0.410848	0	4.46956	4.89866	3.51863	6.08259	0.496591	5.29957	5.96832	3.24907	3.90993	
12.5649	9.19933	2.32629	7.25497	3.73182	4.46956	0	6.32186	5.72388	3.60292	5.35168	1.62953	3.93796	0.8936	1.6032	
6.30681	7.1986	11.79	7.4911	4.48782	4.89866	6.32186	0	6.23675	3.27326	4.939	4.69234	2.33059	5.37494	4.76786	
11.8801	5.30597	8.44162	9.25257	5.15594	3.51863	5.72388	6.23675	0	2.12096	3.02203	7.02997	3.06363	7.00892	4.29361	
9.64045	7.88968	7.67425	8.45616	6.50014	6.08259	3.60292	3.27326	2.12096	0	5.14299	5.23245	0.942674	3.98703	2.17266	
7.41483	2.28394	10.361	5.33016	0.907439	0.496591	5.35168	4.939	3.02203	5.14299	0	4.80298	6.18576	4.97213	3.74848	
7.21969	7.08691	5.79296	6.0354	5.68824	5.29957	1.62953	4.69234	7.02997	5.23245	4.80298	0	5.48377	2.52313	3.23273	
8.63739	8.47374	4.47705	8.75373	5.55747	5.96832	3.93796	2.33059	3.06363	0.942674	6.18576	5.48377	0	3.04436	2.43728	
11.3444	7.97884	1.43269	6.03448	2.83822	3.24907	0.8936	5.37494	7.00892	3.98703	4.97213	2.52313	3.04436	0	2.4968	
12.6317	6.03242	9.8469	9.97902	4.32078	3.90993	1.6032	4.76786	4.29361	2.17266	3.74848	3.23273	2.43728	2.4968	0	

0	4.6429	9.0106	5.14832	13.5862	7.62035	5.54195	3.99957	6.5726	10.7738	9.60177	7.96568	6.74008	6.43632	5.63604	
4.6429	0	5.83535	9.69763	21.1359	20.5967	8.412	8.64247	11.2155	10.8021	17.1791	11.2175	7.55562	13.9879	17.0358	
9.0106	5.83535	0	3.31204	4.39227	6.8449	2.57664	4.11903	6.57965	2.73539	8.46172	4.47927	1.72027	5.15028	6.05907	
5.14832	9.69763	3.31204	0	4.26376	7.89679	5.13608	6.67846	3.85781	2.60688	8.07399	6.90731	1.59176	1.288	5.93056	
13.5862	21.1359	4.39227	4.26376	0	1.82608	10.616	4.51015	6.78559	2.58441	2.00328	5.80993	2.67199	6.15139	2.87367	
7.62035	20.5967	6.8449	7.89679	1.82608	0	5.16317	3.44302	5.37609	1.87819	0.177205	3.25675	2.89331	5.44516	1.54254	
5.54195	8.412	2.57664	5.13608	10.616	5.16317	0	1.54238	3.2957	7.54335	4.98217	1.90262	4.29692	6.31462	3.17885	
3.99957	8.64247	4.11903	6.67846	4.51015	3.44302	1.54238	0	4.21408	4.43063	3.0018	3.44501	5.97527	6.41032	1.63647	
6.5726	11.2155	6.57965	3.85781	6.78559	5.37609	3.2957	4.21408	0	4.20117	4.47262	1.39308	5.21629	2.56981	4.32933	
10.7738	10.8021	2.73539	2.60688	2.58441	1.87819	7.54335	4.43063	4.20117	0	2.0554	5.59425	1.01512	3.56697	2.79416	
9.60177	17.1791	8.46172	8.07399	2.00328	0.177205	4.98217	3.0018	4.47262	2.0554	0	3.07955	5.70413	12.0125	1.36533	
7.96568	11.2175	4.47927	6.90731	5.80993	3.25675	1.90262	3.44501	1.39308	5.59425	3.07955	0	5.31555	3.96289	2.93625	
6.74008	7.55562	1.72027	1.59176	2.67199	2.89331	4.29692	5.97527	5.21629	1.01512	5.70413	5.31555	0	2.87976	3.80928	
6.43632	13.9879	5.15028	1.288	6.15139	5.44516	6.31462	6.41032	2.56981	3.56697	12.0125	3.96289	2.87976	0	6.36113	
5.63604	17.0358	6.05907	5.93056	2.87367	1.54254	3.17885	1.63647	4.32933	2.79416	1.36533	2.93625	3.80928	6.36113	0	

0	13.8029	7.83663	19.5982	2.79922	7.47172	8.30425	3.11948	12.0849	5.65717	6.84265	9.07292	6.21962	11.6424	7.65278	
13.8029	0	12.8054	18.6589	11.8738	8.05828	4.18405	10.7209	6.65012	7.43222	7.83035	14.0417	6.26868	9.41955	11.5705	
7.83663	12.8054	0	11.2525	8.15226	2.86911	3.70165	7.832	3.85569	2.98663	6.12224	1.2317	1.61701	7.03981	5.29952	
19.5982	18.6589	11.2525	0	6.88575	13.1987	8.30189	7.98376	6.71294	5.05372	12.9708	7.29145	5.7147	11.2354	2.03219	
2.79922	11.8738	8.15226	6.88575	0	4.27136	6.10613	0.320264	9.53431	2.85796	4.04343	8.96171	4.22757	5.63263	4.85356	
7.47172	8.05828	2.86911	13.1987	4.27136	0	3.33673	5.02964	12.105	2.62171	0.227929	4.1054	1.2521	1.81713	4.93461	
8.30425	4.18405	3.70165	8.30189	6.10613	3.33673	0	6.17823	2.46607	3.24818	12.0144	4.93794	2.08464	7.50744	5.76715	
3.11948	10.7209	7.832	7.98376	0.320264	5.02964	6.17823	0	9.00295	2.93005	4.3637	8.64144	4.29966	9.11171	5.17383	
12.0849	6.65012	3.85569	6.71294	9.53431	12.105	2.46607	9.00295	0	5.71425	10.3242	2.62399	4.5507	8.73497	4.68075	
5.65717	7.43222	2.98663	5.05372	2.85796	2.62171	3.24818	2.93005	5.71425	0	6.90139	4.22292	1.36961	6.18166	5.05213	
6.84265	7.83035	6.12224	12.9708	4.04343	0.227929	12.0144	4.3637	10.3242	6.90139	0	11.4937	1.48003	1.5892	8.89699	
9.07292	14.0417	1.2317	7.29145	8.96171	4.1054	4.93794	8.64144	2.62399	4.22292	11.4937	0	2.84871	8.27611	5.25926	
6.21962	6.26868	1.61701	5.7147	4.22757	1.2521	2.08464	4.29966	4.5507	1.36961	1.48003	2.84871	0	5.4228	3.68251	
11.6424	9.41955	7.03981	11.2354	5.63263	1.81713	7.50744	9.11171	8.73497	6.18166	1.5892	8.27611	5.4228	0	9.10531	
7.65278	11.5705	5.29952	2.03219	4.85356	4.93461	5.76715	5.17383	4.68075	5.05213	8.89699	5.25926	3.68251	9.10531	0	

0	1.86175	14.2223	7.76753	3.14288	4.96553	4.10454	11.046	7.15444	9.92029	11.1568	6.90925	9.55535	5.5688	13.7823	
1.86175	0	8.46423	5.72188	5.00464	8.58472	2.24278	8.07275	11.548	3.12717	11.2617	5.0475	3.4441	3.80326	8.58102	
14.2223	8.46423	0	10.4256	10.8444	5.59195	8.16729	5.29626	5.77895	7.28291	6.4365	3.41673	7.92213	7.36459	6.95025	
7.76753	5.72188	10.4256	0	8.02414	8.246	3.47909	9.30906	6.09029	3.14267	8.35036	13.3399	4.68041	5.03957	5.73524	
3.14288	5.00464	10.8444	8.02414	0	1.82265	4.54504	2.11834	5.06548	5.42943	5.00837	5.35988	5.74636	6.10552	7.22562	
4.96553	8.58472	5.59195	8.246	1.82265	0	5.98772	0.29569	6.88813	5.10333	1.43594	3.53723	2.92157	9.45482	7.07075	
4.10454	2.24278	8.16729	3.47909	4.54504	5.98772	0	3.82719	3.14612	0.884386	3.82343	7.29028	1.20132	1.56048	2.01447	
11.046	8.07275	5.29626	9.30906	2.11834	0.29569	3.82719	0	5.938	4.55398	1.14025	3.83292	2.62588	7.39044	3.43903	
7.15444	11.548	5.77895	6.09029	5.06548	6.88813	3.14612	5.938	0	2.94762	5.93424	9.19568	3.31213	1.58564	4.12528	
9.92029	3.12717	7.28291	3.14267	5.42943	5.10333	0.884386	4.55398	2.94762	0	4.55021	6.12609	1.9281	2.44486	2.59257	
11.1568	11.2617	6.4365	8.35036	5.00837	1.43594	3.82343	1.14025	5.93424	4.55021	0	6.21417	2.62211	10.3222	3.43526	
6.90925	5.0475	3.41673	13.3399	5.35988	3.53723	7.29028	3.83292	9.19568	6.12609	6.21417	0	4.34668	10.167	3.53352	
9.55535	3.4441	7.92213	4.68041	5.74636	2.92157	1.20132	2.62588	3.31213	1.9281	2.62211	4.34668	0	2.7618	0.813153	
5.5688	3.80326	7.36459	5.03957	6.10552	9.45482	1.56048	7.39044	1.58564	2.44486	10.3222	10.167	2.7618	0	6.94405	
13.7823	8.58102	6.95025	5.73524	7.22562	7.07075	2.01447	3.43903	4.12528	2.59257	3.43526	3.53352	0.813153	6.94405	0	

-111