10
5
2
2
50

6	11
10	43
1	33
14	23
27	48

12	21
1	2
11	28
2	10
14	5
10	12
23	24
24	11
8	30
11	27

150

1.79769e+308
1.79769e+308
1.79769e+308
1.79769e+308
1.79769e+308

11
15
11
14
17
13
14
15
13
17

0
0
0
0
0

0

0	21.9293	20.6247	7.07193	20.3961	14.3402	5.25077	6.20202	3.95818	5.02727	3.09233	13.8843	10.8	10.2763	6.96202
21.9293	0	5.11238	11.3092	8.86002	8.39447	19.1522	7.36251	11.6405	16.9145	15.4225	15.885	13.9692	3.28824	5.3247
20.6247	5.11238	0	7.70857	13.2073	4.72086	15.4786	11.8388	18.7859	14.2005	11.6882	10.9341	11.9063	8.40061	10.1953
7.07193	11.3092	7.70857	0	13.0562	3.0547	13.8124	6.16	10.9064	5.91454	3.9796	10.8425	7.81025	7.43647	5.4
20.3961	8.86002	13.2073	13.0562	0	13.1307	26.7609	8.41622	24.7757	16.6212	18.4779	13.0987	22.802	9.69269	7.65622
14.3402	8.39447	4.72086	3.0547	13.1307	0	10.7577	6.23449	14.36	13.1828	7.0343	8.89337	7.18543	6.0078	5.47449
5.25077	19.1522	15.4786	13.8124	26.7609	10.7577	0	11.4528	9.20895	10.1397	8.3431	14.3118	16.0508	16.7655	16.2322
6.20202	7.36251	11.8388	6.16	8.41622	6.23449	11.4528	0	10.1602	5.3015	3.36656	6.2025	9.41641	2.79647	0.76
3.95818	11.6405	18.7859	10.9064	24.7757	14.36	9.20895	10.1602	0	8.86176	6.92682	17.7188	9.46977	8.35225	10.3887
5.02727	16.9145	14.2005	5.91454	16.6212	13.1828	10.1397	5.3015	8.86176	0	1.93494	12.7269	6.18081	13.6263	15.6627
3.09233	15.4225	11.6882	3.9796	18.4779	7.0343	8.3431	3.36656	6.92682	1.93494	0	10.792	8.11575	7.44083	4.12656
13.8843	15.885	10.9341	10.8425	13.0987	8.89337	14.3118	6.2025	17.7188	12.7269	10.792	0	13.9511	7.47897	5.4425
10.8	13.9692	11.9063	7.81025	22.802	7.18543	16.0508	9.41641	9.46977	6.18081	8.11575	13.9511	0	10.681	10.1764
10.2763	3.28824	8.40061	7.43647	9.69269	6.0078	16.7655	2.79647	8.35225	13.6263	7.44083	7.47897	10.681	0	2.03647
6.96202	5.3247	10.1953	5.4	7.65622	5.47449	16.2322	0.76	10.3887	15.6627	4.12656	5.4425	10.1764	2.03647	0
														
0	14.4029	5.83983	8.16298	22.3185	9.32952	2.88278	4.94949	3.91695	12.4522	7.05051	13.5482	15.7289	4.01204	6.89704
14.4029	0	2.82526	5.50694	11.518	9.01419	18.4721	9.64527	9.75297	18.4217	13.02	17.46	21.6557	4.65305	11.2569
5.83983	2.82526	0	8.3322	14.3433	12.9011	9.90907	2.76523	19.0071	18.6494	7.44212	21.1578	16.8784	1.82779	4.71278
8.16298	5.50694	8.3322	0	16.9068	3.50725	15.6944	7.11376	4.24603	12.96	7.87437	7.7259	10.9039	8.0512	5.75
22.3185	11.518	14.3433	16.9068	0	15.6943	35.6417	14.9204	21.1528	24.5115	19.1098	18.1481	18.3543	16.0854	13.2004
9.32952	9.01419	12.9011	3.50725	15.6943	0	12.2123	4.21393	5.64911	16.4672	9.27744	4.21865	7.64781	5.37893	2.49393
2.88278	18.4721	9.90907	15.6944	35.6417	12.2123	0	8.55319	6.79973	16.4828	9.93329	24.825	23.2228	6.89482	10.9663
4.94949	9.64527	2.76523	7.11376	14.9204	4.21393	8.55319	0	9.58736	11.8294	6.55178	6.66773	6.87388	0.937443	1.72
3.91695	9.75297	19.0071	4.24603	21.1528	5.64911	6.79973	9.58736	0	9.03005	3.62833	9.86776	19.3743	7.92899	8.14304
12.4522	18.4217	18.6494	12.96	24.5115	16.4672	16.4828	11.8294	9.03005	0	5.40171	22.6006	18.7757	11.0161	13.5494
7.05051	13.02	7.44212	7.87437	19.1098	9.27744	9.93329	6.55178	3.62833	5.40171	0	17.0049	21.2632	5.61434	8.49933
13.5482	17.46	21.1578	7.7259	18.1481	4.21865	24.825	6.66773	9.86776	22.6006	17.0049	0	5.99767	7.83272	4.94773
15.7289	21.6557	16.8784	10.9039	18.3543	7.64781	23.2228	6.87388	19.3743	18.7757	21.2632	5.99767	0	8.03888	5.15388
4.01204	4.65305	1.82779	8.0512	16.0854	5.37893	6.89482	0.937443	7.92899	11.0161	5.61434	7.83272	8.03888	0	2.65744
6.89704	11.2569	4.71278	5.75	13.2004	2.49393	10.9663	1.72	8.14304	13.5494	8.49933	4.94773	5.15388	2.65744	0
														
0	23.2331	14.5712	7.93221	29.6866	8.61104	5.97147	11.518	6.30835	14.7	6.80312	11.2827	6.3	11.1497	9.08221
23.2331	0	17.1692	23.908	31.3645	11.2397	21.2733	13.0497	22.0374	26.4272	11.8438	32.0535	24.6364	7.49718	9.15181
14.5712	17.1692	0	5.4649	24.2263	9.34078	12.6114	5.0649	11.5109	9.64377	7.76809	10.1285	17.5931	5.96953	4.3149
7.93221	23.908	5.4649	0	12.8396	0.678823	13.9037	1.9	14.2406	6.47886	13.3096	3.35049	5.20877	2.80463	1.15
29.6866	31.3645	24.2263	12.8396	0	18.841	25.3629	20.4673	33.1124	28.3545	26.8271	9.48911	23.3709	22.5836	15.3027
8.61104	11.2397	9.34078	0.678823	18.841	0	16.817	1.62635	14.2714	9.51346	8.08915	4.02932	4.52994	3.74257	1.82882
5.97147	21.2733	12.6114	13.9037	25.3629	16.817	0	17.4895	10.4003	14.8405	4.8433	22.1813	12.2715	9.18989	19.7172
11.518	13.0497	5.0649	1.9	20.4673	1.62635	17.4895	0	15.8978	6.07886	9.89913	6.56358	6.15629	2.40463	0.75
6.30835	22.0374	11.5109	14.2406	33.1124	14.2714	10.4003	15.8978	0	15.6046	5.60742	19.9808	12.6084	9.95401	15.8258
14.7	26.4272	9.64377	6.47886	28.3545	9.51346	14.8405	6.07886	15.6046	0	9.9972	11.1424	8.97967	6.98349	5.32886
6.80312	11.8438	7.76809	13.3096	26.8271	8.08915	4.8433	9.89913	5.60742	9.9972	0	17.338	9.82497	4.34658	6.00121
11.2827	32.0535	10.1285	3.35049	9.48911	4.02932	22.1813	6.56358	19.9808	11.1424	17.338	0	15.3616	7.46821	4.50049
6.3	24.6364	17.5931	5.20877	23.3709	4.52994	12.2715	6.15629	12.6084	8.97967	9.82497	15.3616	0	8.27251	10.4302
11.1497	7.49718	5.96953	2.80463	22.5836	3.74257	9.18989	2.40463	9.95401	6.98349	4.34658	7.46821	8.27251	0	1.65463
9.08221	9.15181	4.3149	1.15	15.3027	1.82882	19.7172	0.75	15.8258	5.32886	6.00121	4.50049	10.4302	1.65463	0
														
0	22.1171	10.5901	10.4719	15.6518	7.93009	16.3843	8.38811	6.22589	9.06424	6.96805	16.9375	14.9684	8.65061	7.20811
22.1171	0	8.59815	12.5277	18.0783	9.95749	24.9204	8.94547	18.1154	20.8893	10.4789	17.6726	7.68427	6.31341	7.75591
10.5901	8.59815	0	4.42833	12.9072	5.92881	23.4822	4.56195	8.67436	11.4483	6.45021	8.23159	17.7058	2.28473	3.38195
10.4719	12.5277	4.42833	0	12.728	5.00632	14.4045	3.20702	4.24603	7.02	7.04975	3.80326	13.2774	5.0925	3.65
15.6518	18.0783	12.9072	12.728	0	7.72172	20.5869	13.0957	12.3586	11.6511	9.55489	16.7291	10.394	11.3658	15.021
7.93009	9.95749	5.92881	5.00632	7.72172	0	13.3922	5.37401	7.32129	6.61376	4.51758	8.80958	12.5179	3.64408	5.08658
16.3843	24.9204	23.4822	14.4045	20.5869	13.3922	0	15.5998	10.1584	7.73817	9.83435	21.0112	19.0323	15.1974	16.7798
8.38811	8.94547	4.56195	3.20702	13.0957	5.37401	15.5998	0	7.45306	7.5468	5.45061	7.01029	13.4509	2.6225	1.18
6.22589	18.1154	8.67436	4.24603	12.3586	7.32129	10.1584	7.45306	0	4.8999	2.80371	8.0493	10.804	6.96919	7.89603
9.06424	20.8893	11.4483	7.02	11.6511	6.61376	7.73817	7.5468	4.8999	0	2.09619	10.8233	10.0965	6.26166	10.67
6.96805	10.4789	6.45021	7.04975	9.55489	4.51758	9.83435	5.45061	2.80371	2.09619	0	10.4382	8.00033	4.16548	5.60797
16.9375	17.6726	8.23159	3.80326	16.7291	8.80958	21.0112	7.01029	8.0493	10.8233	10.4382	0	17.0807	11.8327	7.45326
14.9684	7.68427	17.7058	13.2774	10.394	12.5179	19.0323	13.4509	10.804	10.0965	8.00033	17.0807	0	12.1658	16.9274
8.65061	6.31341	2.28473	5.0925	11.3658	3.64408	15.1974	2.6225	6.96919	6.26166	4.16548	11.8327	12.1658	0	1.4425
7.20811	7.75591	3.38195	3.65	15.021	5.08658	16.7798	1.18	7.89603	10.67	5.60797	7.45326	16.9274	1.4425	0
														
0	22.0581	15.5671	8.17318	16.3228	7.23038	12.9478	5.31601	5.77235	12.6754	2.59756	12.1331	6.3	6.39768	6.16601
22.0581	0	5.04685	16.0383	9.04352	5.91375	29.5839	3.84378	9.44391	35.0947	29.385	9.54743	17.169	2.76212	7.72601
15.5671	5.04685	0	10.4643	8.56613	5.43637	30.0839	3.3664	8.96653	22.0173	18.1647	9.07004	16.6916	2.28473	5.71433
8.17318	16.0383	10.4643	0	16.5691	4.21436	12.6298	2.85717	18.4072	7.56	8.42738	8.05929	19.6559	3.93883	3.70717
16.3228	9.04352	8.56613	16.5691	0	9.43304	20.396	7.36307	12.9632	24.4668	21.2513	13.0667	10.0228	6.2814	11.2453
7.23038	5.91375	5.43637	4.21436	9.43304	0	17.8082	4.2333	9.83343	11.7744	9.82794	4.90275	13.5304	3.15163	6.32607
12.9478	29.5839	30.0839	12.6298	20.396	17.8082	0	19.8329	7.17541	5.06983	15.1477	17.5233	10.3732	13.8572	22.3886
5.31601	3.84378	3.3664	2.85717	7.36307	4.2333	19.8329	0	7.76346	10.4172	7.91357	7.86697	11.616	1.08167	0.85
5.77235	9.44391	8.96653	18.4072	12.9632	9.83343	7.17541	7.76346	0	12.2452	8.3699	10.3479	9.91022	6.6818	11.6457
12.6754	35.0947	22.0173	7.56	24.4668	11.7744	5.06983	10.4172	12.2452	0	10.0778	15.6193	15.4431	15.89	12.31
2.59756	29.385	18.1647	8.42738	21.2513	9.82794	15.1477	7.91357	8.3699	10.0778	0	16.4867	8.89756	12.6241	12.3925
12.1331	9.54743	9.07004	8.05929	13.0667	4.90275	17.5233	7.86697	10.3479	15.6193	16.4867	0	20.2582	6.78531	11.2288
6.3	17.169	16.6916	19.6559	10.0228	13.5304	10.3732	11.616	9.91022	15.4431	8.89756	20.2582	0	14.4069	19.3708
6.39768	2.76212	2.28473	3.93883	6.2814	3.15163	13.8572	1.08167	6.6818	15.89	12.6241	6.78531	14.4069	0	1.93167
6.16601	7.72601	5.71433	3.70717	11.2453	6.32607	22.3886	0.85	11.6457	12.31	12.3925	11.2288	19.3708	1.93167	0
														
0	8.38475	11.21	12.0596	14.1075	7.93009	10.479	10.4765	6.96805	6.1	6.30835	14.5095	14.449	17.0034	13.952
8.38475	0	2.82526	10.8099	13.29	14.9394	15.3306	9.92198	11.545	13.9387	11.16	9.89934	13.0286	9.86471	10.302
11.21	2.82526	0	13.6352	16.1153	19.0833	20.8698	10.0083	14.3703	11.1135	13.9853	12.7246	26.3905	9.21509	12.7902
12.0596	10.8099	13.6352	0	10.3069	4.1295	13.54	3.79012	11.2652	11.8506	7.95824	3.44105	6.57026	4.58334	4.17012
14.1075	13.29	16.1153	10.3069	0	6.17738	27.0342	10.477	13.3131	24.394	19.7301	14.3689	15.2373	9.68383	12.1993
7.93009	14.9394	19.0833	4.1295	6.17738	0	13.8304	6.40193	7.13571	14.0301	8.94988	7.57055	9.05989	11.3998	6.02193
10.479	15.3306	20.8698	13.54	27.0342	13.8304	0	8.18849	5.98479	8.28237	4.17062	18.0983	12.3113	10.5431	7.80849
10.4765	9.92198	10.0083	3.79012	10.477	6.40193	8.18849	0	5.98228	8.27987	4.16812	5.47831	11.4776	0.793221	0.38
6.96805	11.545	14.3703	11.2652	13.3131	7.13571	5.98479	5.98228	0	5.92592	1.81417	15.3342	9.95485	10.6491	10.7718
6.1	13.9387	11.1135	11.8506	24.394	14.0301	8.28237	8.27987	5.92592	0	4.11175	8.40952	11.5387	13.0946	8.21533
6.30835	11.16	13.9853	7.95824	19.7301	8.94988	4.17062	4.16812	1.81417	4.11175	0	11.2699	8.14069	4.96134	4.54812
14.5095	9.89934	12.7246	3.44105	14.3689	7.57055	18.0983	5.47831	15.3342	8.40952	11.2699	0	3.12922	4.68509	8.72841
14.449	13.0286	26.3905	6.57026	15.2373	9.05989	12.3113	11.4776	9.95485	11.5387	8.14069	3.12922	0	7.81431	15.0818
17.0034	9.86471	9.21509	4.58334	9.68383	11.3998	10.5431	0.793221	10.6491	13.0946	4.96134	4.68509	7.81431	0	1.17322
13.952	10.302	12.7902	4.17012	12.1993	6.02193	7.80849	0.38	10.7718	8.21533	4.54812	8.72841	15.0818	1.17322	0
														
0	15.0115	12.8955	9.63411	15.7352	8.16333	8.13355	10.1004	3.25725	6.6	5.40127	8.30503	14.5946	16.1578	10.7304
15.0115	0	8.47578	8.31891	15.7071	6.84812	19.0647	10.0723	13.5823	13.1367	12.7486	13.6141	14.5665	6.31341	10.7023
12.8955	8.47578	0	4.36944	8.42983	6.40133	20.706	2.79508	11.2279	13.5831	13.3757	6.18013	7.28928	8.85241	3.42508
9.63411	8.31891	4.36944	0	7.20911	1.47078	10.3732	1.57436	8.69865	7.75934	6.55463	5.11611	6.06855	7.63168	2.20436
15.7352	15.7071	8.42983	7.20911	0	9.24099	16.3802	5.63475	21.8625	24.2388	16.2154	9.1765	7.7955	11.6921	6.26475
8.16333	6.84812	6.40133	1.47078	9.24099	0	11.844	3.04514	8.04452	6.28856	5.90051	7.148	8.10044	9.66357	4.23624
8.13355	19.0647	20.706	10.3732	16.3802	11.844	0	11.9476	5.48234	14.7335	7.62635	10.5301	24.1757	12.9878	13.4732
10.1004	10.0723	2.79508	1.57436	5.63475	3.04514	11.9476	0	8.58952	9.89481	5.74132	3.54175	4.4942	5.46661	0.63
3.25725	13.5823	11.2279	8.69865	21.8625	8.04452	5.48234	8.58952	0	8.11009	2.14401	5.04777	19.4573	16.1855	7.25534
6.6	13.1367	13.5831	7.75934	24.2388	6.28856	14.7335	9.89481	8.11009	0	5.96607	17.9178	16.4433	23.3313	11.0774
5.40127	12.7486	13.3757	6.55463	16.2154	5.90051	7.62635	5.74132	2.14401	5.96607	0	7.19179	15.0748	9.94793	5.11132
8.30503	13.6141	6.18013	5.11611	9.1765	7.148	10.5301	3.54175	5.04777	17.9178	7.19179	0	8.03595	9.59908	4.17175
14.5946	14.5665	7.28928	6.06855	7.7955	8.10044	24.1757	4.4942	19.4573	16.4433	15.0748	8.03595	0	10.5515	5.1242
16.1578	6.31341	8.85241	7.63168	11.6921	9.66357	12.9878	5.46661	16.1855	23.3313	9.94793	9.59908	10.5515	0	4.83661
10.7304	10.7023	3.42508	2.20436	6.26475	4.23624	13.4732	0.63	7.25534	11.0774	5.11132	4.17175	5.1242	4.83661	0
														
0	11.9547	19.3873	8.39829	15.4069	4.66476	11.6341	8.62456	5.85481	12.0948	6.18466	14.8123	9.81953	12.6093	7.402
11.9547	0	14.799	7.61587	18.3501	7.28994	17.7817	4.05899	12.1957	7.64199	13.6777	17.1027	12.4234	8.0251	5.61899
19.3873	14.799	0	9.68095	12.9592	8.5682	12.5624	7.39095	16.8007	11.6039	19.1499	16.5923	12.2218	6.77804	5.83095
8.39829	7.61587	9.68095	0	10.9782	3.73352	10.5815	3.55688	8.63933	9.62294	10.9248	7.15375	5.93579	6.31073	3.85
15.4069	18.3501	12.9592	10.9782	0	9.86545	13.8597	8.6882	9.55211	12.9011	10.7493	9.00249	13.519	9.58894	7.1282
4.66476	7.28994	8.5682	3.73352	9.86545	0	9.4687	3.9598	4.9058	8.51018	7.19124	10.1476	5.15476	5.19797	2.73724
11.6341	17.7817	12.5624	10.5815	13.8597	9.4687	0	8.29146	13.3833	10.1397	17.8187	17.4928	13.1223	9.19219	6.73146
8.62456	4.05899	7.39095	3.55688	8.6882	3.9598	8.29146	0	8.8656	7.33294	9.61873	10.7106	7.95081	3.96611	1.56
5.85481	12.1957	16.8007	8.63933	9.55211	4.9058	13.3833	8.8656	0	6.24	4.53542	14.9736	10.0606	10.0227	7.64305
12.0948	7.64199	11.6039	9.62294	12.9011	8.51018	10.1397	7.33294	6.24	0	7.73977	9.46071	4.78138	8.23367	5.77294
6.18466	13.6777	19.1499	10.9248	10.7493	7.19124	17.8187	9.61873	4.53542	7.73977	0	10.4382	6.73712	13.5848	9.92849
14.8123	17.1027	16.5923	7.15375	9.00249	10.1476	17.4928	10.7106	14.9736	9.46071	10.4382	0	13.0895	13.222	10.7613
9.81953	12.4234	12.2218	5.93579	13.519	5.15476	13.1223	7.95081	10.0606	4.78138	6.73712	13.0895	0	8.85155	6.39081
12.6093	8.0251	6.77804	6.31073	9.58894	5.19797	9.19219	3.96611	10.0227	8.23367	13.5848	13.222	8.85155	0	2.46073
7.402	5.61899	5.83095	3.85	7.1282	2.73724	6.73146	1.56	7.64305	5.77294	9.92849	10.7613	6.39081	2.46073	0
														
0	20.3166	16.4458	9.2957	15.7545	17.282	13.2723	10.632	6.67943	4.2	6.72066	7.70434	7.81519	13.3612	11.212
20.3166	0	10.0939	8.15843	15.6343	9.3958	29.4391	9.87811	10.7592	18.4184	10.7335	15.9775	18.5751	4.07741	9.29811
16.4458	10.0939	0	8.91548	9.25166	10.3973	21.7	3.49548	12.6983	12.5403	10.3025	8.7948	12.1925	6.01646	2.91548
9.2957	8.15843	8.91548	0	12.3362	4.15779	12.7718	6.58	5.8383	10.26	2.57503	12.6794	9.59287	9.47617	6
15.7545	15.6343	9.25166	12.3362	0	13.818	30.635	5.1225	21.8618	11.849	9.61124	13.0156	15.6132	11.1077	5.7025
17.282	9.3958	10.3973	4.15779	13.818	0	23.1376	8.0618	9.99608	14.4178	6.73282	11.9718	16.7588	5.31838	7.4818
13.2723	29.4391	21.7	12.7718	30.635	23.1376	0	15.7988	6.93354	9.07233	10.8917	21.0887	12.6875	13.6153	24.6155
10.632	9.87811	3.49548	6.58	5.1225	8.0618	15.7988	0	8.44692	6.7265	4.48874	7.25943	9.85699	5.84087	0.58
6.67943	10.7592	12.6983	5.8383	21.8618	9.99608	6.93354	8.44692	0	10.8794	3.95818	14.3838	10.976	6.6818	11.8383
4.2	18.4184	12.5403	10.26	11.849	14.4178	9.07233	6.7265	10.8794	0	10.633	11.9043	3.61519	12.7117	7.3065
6.72066	10.7335	10.3025	2.57503	9.61124	6.73282	10.8917	4.48874	3.95818	10.633	0	14.425	7.01783	10.474	5.06874
7.70434	15.9775	8.7948	12.6794	13.0156	11.9718	21.0887	7.25943	14.3838	11.9043	14.425	0	14.4726	11.9403	6.67943
7.81519	18.5751	12.1925	9.59287	15.6132	16.7588	12.6875	9.85699	10.976	3.61519	7.01783	14.4726	0	14.5379	9.27699
13.3612	4.07741	6.01646	9.47617	11.1077	5.31838	13.6153	5.84087	6.6818	12.7117	10.474	11.9403	14.5379	0	5.26087
11.212	9.29811	2.91548	6	5.7025	7.4818	24.6155	0.58	11.8383	7.3065	5.06874	6.67943	9.27699	5.26087	0
														
0	12.245	7.67075	11.2493	20.0196	9.67938	10.6045	16.6721	6.18466	2.5	2.68002	10.2788	8.575	11.7354	6.13768
12.245	0	4.57423	14.579	22.1501	21.7669	18.0498	13.8306	23.09	27.4185	25.8912	10.279	17.6236	9.29601	10.1719
7.67075	4.57423	0	8.77838	22.5125	10.4639	11.9273	7.15771	13.8554	10.1707	9.05537	5.70473	13.0493	4.72178	5.59771
11.2493	14.579	8.77838	0	32.5172	3.81838	18.6284	5.42279	15.3448	11.2357	8.60766	8.74169	7.87971	4.0566	5.15
20.0196	22.1501	22.5125	32.5172	0	18.5387	26.9039	33.5524	27.9196	17.5196	20.3723	20.6814	14.4774	25.3665	26.4011
9.67938	21.7669	10.4639	3.81838	18.5387	0	20.2839	6.42621	15.061	7.41728	8.32387	15.0503	4.06133	7.87498	4.86621
10.6045	18.0498	11.9273	18.6284	26.9039	20.2839	0	16.7141	11.2872	13.1045	10.6284	6.22254	16.5233	10.9076	14.086
16.6721	13.8306	7.15771	5.42279	33.5524	6.42621	16.7141	0	11.7548	10.4414	5.01766	9.9492	14.8801	5.2641	1.56
6.18466	23.09	13.8554	15.3448	27.9196	15.061	11.2872	11.7548	0	8.68466	8.86468	17.5097	18.3468	15.8693	10.1948
2.5	27.4185	10.1707	11.2357	17.5196	7.41728	13.1045	10.4414	8.68466	0	5.18002	7.7788	11.4786	12.4639	8.88144
2.68002	25.8912	9.05537	8.60766	20.3723	8.32387	10.6284	5.01766	8.86468	5.18002	0	13.7405	5.89498	9.05539	3.45766
10.2788	10.279	5.70473	8.74169	20.6814	15.0503	6.22254	9.9492	17.5097	7.7788	13.7405	0	16.8564	4.68509	11.3024
8.575	17.6236	13.0493	7.87971	14.4774	4.06133	16.5233	14.8801	18.3468	11.4786	5.89498	16.8564	0	12.1713	8.92754
11.7354	9.29601	4.72178	4.0566	25.3665	7.87498	10.9076	5.2641	15.8693	12.4639	9.05539	4.68509	12.1713	0	6.7458
6.13768	10.1719	5.59771	5.15	26.4011	4.86621	14.086	1.56	10.1948	8.88144	3.45766	11.3024	8.92754	6.7458	0
														
0	9.9972	5.74625	6.0433	13.7184	5.36448	6.21009	7.76864	3.7108	6.91439	0.948314	8.34636	3.8958	12.6895	8.52751
9.9972	0	9.55207	14.2076	3.72121	7.51548	15.7521	5.11132	13.708	25.0972	10.9455	11.3094	21.59	10.0509	6.76132
5.74625	9.55207	0	9.51271	13.2733	10.1915	6.2	14.6462	8.6993	10.764	4.79794	16.3042	7.74543	13.5561	15.6219
6.0433	14.2076	9.51271	0	12.107	0.678823	4.93964	3.08299	7.43894	17.1	7.59348	6.26568	12.184	10.6025	3.84186
13.7184	3.72121	13.2733	12.107	0	11.4281	17.338	8.83253	21.3785	28.1976	18.3428	17.015	19.3031	22.9245	12.6987
5.36448	7.51548	10.1915	0.678823	11.4281	0	5.61846	2.40416	9.07527	12.8807	6.31279	5.58686	9.86215	7.34377	3.16304
6.21009	15.7521	6.2	4.93964	17.338	5.61846	0	14.0359	2.4993	12.6929	6.72681	11.7312	9.6743	11.478	12.6896
7.76864	5.11132	14.6462	3.08299	8.83253	2.40416	14.0359	0	13.886	19.1737	9.31882	6.19806	16.4787	4.93961	1.65
3.7108	13.708	8.6993	7.43894	21.3785	9.07527	2.4993	13.886	0	14.56	4.65911	12.0572	16.3888	8.97866	15.536
6.91439	25.0972	10.764	17.1	28.1976	12.8807	12.6929	19.1737	14.56	0	5.96607	17.8702	8.91356	23.5387	16.79
0.948314	10.9455	4.79794	7.59348	18.3428	6.31279	6.72681	9.31882	4.65911	5.96607	0	9.29468	2.94749	17.9516	10.0777
8.34636	11.3094	16.3042	6.26568	17.015	5.58686	11.7312	6.19806	12.0572	17.8702	9.29468	0	18.9755	11.1377	7.84806
3.8958	21.59	7.74543	12.184	19.3031	9.86215	9.6743	16.4787	16.3888	8.91356	2.94749	18.9755	0	21.4183	13.7715
12.6895	10.0509	13.5561	10.6025	22.9245	7.34377	11.478	4.93961	8.97866	23.5387	17.9516	11.1377	21.4183	0	6.58961
8.52751	6.76132	15.6219	3.84186	12.6987	3.16304	12.6896	1.65	15.536	16.79	10.0777	7.84806	13.7715	6.58961	0
														
0	20.28	12.1541	5.64427	19.495	4.3149	9.05548	8.66864	1.15447	15.5524	5.07142	10.4762	9.70319	10.9758	7.87864
20.28	0	4.03609	11.1875	21.0869	18.9517	18.8893	9.65793	22.5691	20.0533	11.1188	13.0686	17.3303	5.65577	8.75289
12.1541	4.03609	0	11.5482	25.1229	11.6002	21.5106	9.39149	17.3984	17.5636	7.08267	9.0325	11.7144	6.01646	9.11359
5.64427	11.1875	11.5482	0	20.1163	1.32936	6.42153	3.20702	14.3225	17.82	5.84694	3.5316	12.0057	5.53173	3.99702
19.495	21.0869	25.1229	20.1163	0	21.0446	29.1338	12.4063	37.9688	24.0504	24.545	14.2139	29.7134	14.7135	11.6163
4.3149	18.9517	11.6002	1.32936	21.0446	0	6.58635	4.53638	5.46937	14.9985	4.51758	4.86096	9.14935	6.86109	9.42828
9.05548	18.8893	21.5106	6.42153	29.1338	6.58635	0	9.62855	7.90101	13.2082	11.1039	9.95313	20.9107	11.9533	14.9215
8.66864	9.65793	9.39149	3.20702	12.4063	4.53638	9.62855	0	16.7034	13.224	8.97748	3.38756	13.6093	3.88713	0.79
1.15447	22.5691	17.3984	14.3225	37.9688	5.46937	7.90101	16.7034	0	14.95	6.22589	11.6409	16.0766	16.9133	9.03311
15.5524	20.0533	17.5636	17.82	24.0504	14.9985	13.2082	13.224	14.95	0	10.4809	15.0316	15.1127	14.3976	12.434
5.07142	11.1188	7.08267	5.84694	24.545	4.51758	11.1039	8.97748	6.22589	10.4809	0	10.9056	4.63177	12.9057	9.76748
10.4762	13.0686	9.0325	3.5316	14.2139	4.86096	9.95313	3.38756	11.6409	15.0316	10.9056	0	10.6915	5.69468	2.59756
9.70319	17.3303	11.7144	12.0057	29.7134	9.14935	20.9107	13.6093	16.0766	15.1127	4.63177	10.6915	0	11.6746	13.289
10.9758	5.65577	6.01646	5.53173	14.7135	6.86109	11.9533	3.88713	16.9133	14.3976	12.9057	5.69468	11.6746	0	3.09713
7.87864	8.75289	9.11359	3.99702	11.6163	9.42828	14.9215	0.79	9.03311	12.434	9.76748	2.59756	13.289	3.09713	0
														
0	20.9619	12.301	17.8835	10.2106	13.7086	9.70338	12.9356	3.09233	10	4.32926	14.4498	14.9846	13.8731	13.1456
20.9619	0	13.5882	10.4578	28.0011	6.98836	27.1126	4.2178	22.7969	16.3349	18.8908	11.7411	17.2017	9.82022	4.0078
12.301	13.5882	0	6.06845	17.6214	10.7636	15.8197	8.55322	9.20869	15.3287	13.0844	11.7733	21.101	7.61577	10.1605
17.8835	10.4578	6.06845	0	11.553	4.69519	25.2077	6.66	15.2771	8.40383	16.2695	5.70489	19.6439	7.75966	6.45
10.2106	28.0011	17.6214	11.553	0	16.2482	24.3061	17.9287	13.3029	20.2106	14.5398	17.2579	34.1935	18.8662	18.003
13.7086	6.98836	10.7636	4.69519	16.2482	0	12.781	3.19055	12.1902	3.70864	11.529	10.4001	11.872	3.25012	2.98055
9.70338	27.1126	15.8197	25.2077	24.3061	12.781	0	14.5025	6.61105	9.07233	10.4868	17.9685	17.2357	13.565	18.5955
12.9356	4.2178	8.55322	6.66	17.9287	3.19055	14.5025	0	16.028	6.2626	14.083	8.00267	13.4039	0.937443	0.21
3.09233	22.7969	9.20869	15.2771	13.3029	12.1902	6.61105	16.028	0	10.01	3.87572	11.3575	11.8923	15.4403	15.1707
10	16.3349	15.3287	8.40383	20.2106	3.70864	9.07233	6.2626	10.01	0	7.82039	14.1983	8.16333	6.95876	6.4726
4.32926	18.8908	13.0844	16.2695	14.5398	11.529	10.4868	14.083	3.87572	7.82039	0	15.2332	15.768	15.5334	14.883
14.4498	11.7411	11.7733	5.70489	17.2579	10.4001	17.9685	8.00267	11.3575	14.1983	15.2332	0	17.4715	10.5011	7.79267
14.9846	17.2017	21.101	19.6439	34.1935	11.872	17.2357	13.4039	11.8923	8.16333	15.768	17.4715	0	15.8763	13.1939
13.8731	9.82022	7.61577	7.75966	18.8662	3.25012	13.565	0.937443	15.4403	6.95876	15.5334	10.5011	15.8763	0	1.14744
13.1456	4.0078	10.1605	6.45	18.003	2.98055	18.5955	0.21	15.1707	6.4726	14.883	7.79267	13.1939	1.14744	0
														
0	18.0328	15.1584	6.77844	27.6537	6.53067	7.02736	8.81927	4.20557	7.9	6.01973	9.95119	13.6143	7.64199	9.32706
18.0328	0	7.66857	12.7879	10.9864	16.2963	16.7437	11.6935	13.9219	17.9393	18.2164	16.7884	12.225	10.3908	14.909
15.1584	7.66857	0	6.06576	18.655	8.62777	12.1034	4.02492	20.3488	13.0347	17.7551	11.8674	7.32036	7.19781	5.15492
6.77844	12.7879	6.06576	0	22.5424	1.38593	9.72159	2.04083	6.8998	9.77068	6.95733	4.80646	12.7889	2.39708	3.17083
27.6537	10.9864	18.655	22.5424	0	23.9283	23.7777	24.5832	24.9083	23.3595	33.3546	28.224	23.2114	21.3773	25.8955
6.53067	16.2963	8.62777	1.38593	23.9283	0	13.8313	3.42676	8.28573	8.38475	8.55115	3.42053	7.98397	3.78301	5.03593
7.02736	16.7437	12.1034	9.72159	23.7777	13.8313	0	8.07847	2.82179	9.45179	11.4803	15.9209	13.831	11.2514	9.20847
8.81927	11.6935	4.02492	2.04083	24.5832	3.42676	8.07847	0	8.94064	8.01312	4.43733	3.60386	11.3453	3.17289	1.13
4.20557	13.9219	20.3488	6.8998	24.9083	8.28573	2.82179	8.94064	0	6.63	8.65852	13.7891	12.3443	9.29689	10.5498
7.9	17.9393	13.0347	9.77068	23.3595	8.38475	9.45179	8.01312	6.63	0	10.1904	9.35698	5.71433	13.2047	6.88312
6.01973	18.2164	17.7551	6.95733	33.3546	8.55115	11.4803	4.43733	8.65852	10.1904	0	5.13062	9.69407	9.62886	3.30733
9.95119	16.7884	11.8674	4.80646	28.224	3.42053	15.9209	3.60386	13.7891	9.35698	5.13062	0	4.56344	8.7954	2.47386
13.6143	12.225	7.32036	12.7889	23.2114	7.98397	13.831	11.3453	12.3443	5.71433	9.69407	4.56344	0	18.744	7.03731
7.64199	10.3908	7.19781	2.39708	21.3773	3.78301	11.2514	3.17289	9.29689	13.2047	9.62886	8.7954	18.744	0	4.30289
9.32706	14.909	5.15492	3.17083	25.8955	5.03593	9.20847	1.13	10.5498	6.88312	3.30733	2.47386	7.03731	4.30289	0
														
0	18.4167	14.8911	5.48238	16.9623	2.68224	9.96732	11.8724	4.08187	8.00333	6.73884	9.84443	13.1112	11.5989	7.79176
18.4167	0	6.18867	16.2925	17.6853	15.6378	18.6109	9.20736	25.142	10.3167	16.0409	9.89934	16.0274	11.672	11.5425
14.8911	6.18867	0	11.357	19.1546	12.6353	18.4711	3.01869	13.0004	16.5054	15.0792	7.1929	23.9916	5.48336	3.74869
5.48238	16.2925	11.357	0	12.3983	2.80014	10.3732	5.48	12.7782	8.12123	6.85674	7.60652	3.74892	8.4411	4.75
16.9623	17.6853	19.1546	12.3983	0	14.0096	16.4975	11.9601	16.7974	13.0419	9.95301	7.78594	13.914	19.3448	16.8659
2.68224	15.6378	12.6353	2.80014	14.0096	0	13.1734	5.83952	6.76411	5.32109	4.0566	10.4067	6.54906	8.80062	5.10952
9.96732	18.6109	18.4711	10.3732	16.4975	13.1734	0	12.8858	5.88545	10.5399	12.7298	8.71156	14.078	12.9878	15.1232
11.8724	9.20736	3.01869	5.48	11.9601	5.83952	12.8858	0	10.726	9.43016	10.652	4.17421	10.3023	3.20894	0.73
4.08187	25.142	13.0004	12.7782	16.7974	6.76411	5.88545	10.726	0	12.1819	6.84436	13.9263	9.02931	7.51702	11.2081
8.00333	10.3167	16.5054	8.12123	13.0419	5.32109	10.5399	9.43016	12.1819	0	5.7242	5.25595	11.384	19.5034	10.4306
6.73884	16.0409	15.0792	6.85674	9.95301	4.0566	12.7298	10.652	6.84436	5.7242	0	10.9802	15.8737	13.6131	9.16612
9.84443	9.89934	7.1929	7.60652	7.78594	10.4067	8.71156	4.17421	13.9263	5.25595	10.9802	0	6.12805	7.38315	4.90421
13.1112	16.0274	23.9916	3.74892	13.914	6.54906	14.078	10.3023	9.02931	11.384	15.8737	6.12805	0	16.5463	8.49892
11.5989	11.672	5.48336	8.4411	19.3448	8.80062	12.9878	3.20894	7.51702	19.5034	13.6131	7.38315	16.5463	0	3.6911
7.79176	11.5425	3.74869	4.75	16.8659	5.10952	15.1232	0.73	11.2081	10.4306	9.16612	4.90421	8.49892	3.6911	0
														
0	14.0508	17.6252	5.12742	23.6856	5.95847	6.15859	7.75996	1.40186	11.7536	1.03078	13.2144	9.45218	5.99559	6.36996
14.0508	0	4.03609	8.20532	20.2116	13.3785	22.8411	3.30733	12.9671	19.4871	13.02	17.9569	17.9742	9.58098	4.69733
17.6252	4.03609	0	13.4825	22.2059	10.9289	22.32	7.34341	12.6665	18.8311	16.5848	19.7289	15.5246	8.07272	10.491
5.12742	8.20532	13.4825	0	21.8022	0.622254	9.13833	3.59	5.91081	14.76	4.09664	7.87819	12.518	3.47842	2.2
23.6856	20.2116	22.2059	21.8022	0	16.9893	30.0033	16.9042	18.7269	25.1884	22.6452	18.4916	21.585	14.1332	16.5515
5.95847	13.3785	10.9289	0.622254	16.9893	0	9.76058	3.57979	7.4499	13.9114	4.7189	8.50044	10.308	2.85617	2.18979
6.15859	22.8411	22.32	9.13833	30.0033	9.76058	0	14.0363	4.75673	15.2095	6.5709	11.5117	18.2425	9.35047	11.1044
7.75996	3.30733	7.34341	3.59	16.9042	3.57979	14.0363	0	7.73768	17.3289	8.99464	11.7802	13.7255	3.80831	1.39
1.40186	12.9671	12.6665	5.91081	18.7269	7.4499	4.75673	7.73768	0	11.83	1.81417	16.1445	10.2356	4.59373	6.34768
11.7536	19.4871	18.8311	14.76	25.1884	13.9114	15.2095	17.3289	11.83	0	10.7228	22.6382	18.5071	11.0553	13.4736
1.03078	13.02	16.5848	4.09664	22.6452	4.7189	6.5709	8.99464	1.81417	10.7228	0	11.9748	8.4214	6.4079	6.29664
13.2144	17.9569	19.7289	7.87819	18.4916	8.50044	11.5117	11.7802	16.1445	22.6382	11.9748	0	8.2142	12.0916	10.0782
9.45218	17.9742	15.5246	12.518	21.585	10.308	18.2425	13.7255	10.2356	18.5071	8.4214	8.2142	0	7.45185	9.87015
5.99559	9.58098	8.07272	3.47842	14.1332	2.85617	9.35047	3.80831	4.59373	11.0553	6.4079	12.0916	7.45185	0	2.41831
6.36996	4.69733	10.491	2.2	16.5515	2.18979	11.1044	1.39	6.34768	13.4736	6.29664	10.0782	9.87015	2.41831	0
														
0	19.0463	5.18904	12.9815	20.9563	8.53185	13.0115	8.54314	5.11265	8.6582	5.03019	4.92221	16.0049	15.775	16.4257
19.0463	0	13.8572	14.0714	17.1884	20.4297	12.5929	11.3505	19.6228	12.7349	15.5	20.6822	24.201	6.05036	10.7597
5.18904	13.8572	0	6.85267	16.209	11.4151	18.6763	3.3541	10.3017	14.9515	10.2192	10.1113	25.1831	8.65426	4.4641
12.9815	14.0714	6.85267	0	14.0631	3.25269	5.68058	3.49857	6.67189	14.6304	8.96881	8.05929	15.2805	8.021	3.75
20.9563	17.1884	16.209	14.0631	0	10.8104	22.1925	18.8714	14.2296	31.2081	16.5265	27.913	17.4471	23.2388	18.0489
8.53185	20.4297	11.4151	3.25269	10.8104	0	8.93327	6.75126	3.4192	9.34413	5.71612	11.312	12.0278	11.2737	7.00269
13.0115	12.5929	18.6763	5.68058	22.1925	8.93327	0	9.17915	9.75533	23.2703	16.683	8.0893	11.6081	13.7016	9.43058
8.54314	11.3505	3.3541	3.49857	18.8714	6.75126	9.17915	0	7.64735	11.5974	13.7771	11.5579	20.0888	5.30016	1.11
5.11265	19.6228	10.3017	6.67189	14.2296	3.4192	9.75533	7.64735	0	15.7499	9.13531	9.33838	15.447	12.9475	8.75735
8.6582	12.7349	14.9515	14.6304	31.2081	9.34413	23.2703	11.5974	15.7499	0	3.62802	21.7222	13.761	6.68458	11.3939
5.03019	15.5	10.2192	8.96881	16.5265	5.71612	16.683	13.7771	9.13531	3.62802	0	9.9524	17.3891	10.3126	12.9546
4.92221	20.6822	10.1113	8.05929	27.913	11.312	8.0893	11.5579	9.33838	21.7222	9.9524	0	11.0826	16.0803	11.5035
16.0049	24.201	25.1831	15.2805	17.4471	12.0278	11.6081	20.0888	15.447	13.761	17.3891	11.0826	0	20.4456	19.2663
15.775	6.05036	8.65426	8.021	23.2388	11.2737	13.7016	5.30016	12.9475	6.68458	10.3126	16.0803	20.4456	0	4.70933
16.4257	10.7597	4.4641	3.75	18.0489	7.00269	9.43058	1.11	8.75735	11.3939	12.9546	11.5035	19.2663	4.70933	0
														
0	20.0789	17.372	5.62686	26.5881	3.73181	4.53008	6.84308	5.4425	8.5625	7.33913	15.4195	20.3369	18.6036	4.94836
20.0789	0	14.2166	12.4904	12.7584	14.0856	17.1053	10.9743	22.4109	12.7332	15.0618	6.21587	14.5604	13.2097	11.6743
17.372	14.2166	0	4.75835	19.2107	6.35357	17.5694	3.2423	13.813	15.4353	12.5404	13.1204	29.7795	3.4271	3.9423
5.62686	12.4904	4.75835	0	18.1642	1.89505	11.8984	1.51605	6.76202	10.0198	3.62846	7.24431	15.5889	3.75149	2.21605
26.5881	12.7584	19.2107	18.1642	0	19.7594	38.3764	16.6481	24.6321	34.646	21.4985	18.9743	24.5001	18.8836	17.3481
3.73181	14.0856	6.35357	1.89505	19.7594	0	7.14023	1.91655	7.19016	9.87596	4.0566	9.13935	17.709	3.25302	1.21655
4.53008	17.1053	17.5694	11.8984	38.3764	7.14023	0	6.62368	4.9986	8.1186	8.13216	10.8894	15.8068	7.96015	5.92368
6.84308	10.9743	3.2423	1.51605	16.6481	1.91655	6.62368	0	8.41585	9.35941	5.1445	8.76036	17.1924	2.23544	0.7
5.4425	22.4109	13.813	6.76202	24.6321	7.19016	4.9986	8.41585	0	3.12	3.13356	9.63738	17.7307	15.9202	10.9223
8.5625	12.7332	15.4353	10.0198	34.646	9.87596	8.1186	9.35941	3.12	0	6.25356	6.51738	14.862	10.6959	8.65941
7.33913	15.0618	12.5404	3.62846	21.4985	4.0566	8.13216	5.1445	3.13356	6.25356	0	8.8459	14.5971	11.5335	5.27315
15.4195	6.21587	13.1204	7.24431	18.9743	9.13935	10.8894	8.76036	9.63738	6.51738	8.8459	0	8.34458	9.6933	11.7298
20.3369	14.5604	29.7795	15.5889	24.5001	17.709	15.8068	17.1924	17.7307	14.862	14.5971	8.34458	0	18.0379	16.4924
18.6036	13.2097	3.4271	3.75149	18.8836	3.25302	7.96015	2.23544	15.9202	10.6959	11.5335	9.6933	18.0379	0	2.03647
4.94836	11.6743	3.9423	2.21605	17.3481	1.21655	5.92368	0.7	10.9223	8.65941	5.27315	11.7298	16.4924	2.03647	0
														
0	8.50898	5.41465	5.28787	11.9123	2.79886	7.83834	8.21574	6.22589	12.9	6.30835	12.8182	9.82808	7.32933	6.57017
8.50898	0	3.09433	8.50674	8.86002	16.568	39.8953	7.45467	22.893	16.06	22.0576	13.3526	19.4807	7.73996	7.64248
5.41465	3.09433	0	5.4124	11.9544	7.90142	19.2363	4.36033	11.6405	12.9657	11.723	7.90208	22.5511	4.64562	4.54814
5.28787	8.50674	5.4124	0	25.5422	2.48902	16.4736	6.45683	10.5167	12.42	9.77246	10.1307	9.51824	4.97855	6.26033
11.9123	8.86002	11.9544	25.5422	0	14.7112	27.9735	18.9532	18.1382	24.8123	18.2207	22.2126	21.9016	20.4315	19.2881
2.79886	16.568	7.90142	2.48902	14.7112	0	9.64013	4.61131	8.02768	14.909	7.28344	9.21381	7.02922	4.53047	3.77131
7.83834	39.8953	19.2363	16.4736	27.9735	9.64013	0	28.3043	1.61245	6.27058	11.1781	23.5703	20.7313	20.6681	21.8096
8.21574	7.45467	4.36033	6.45683	18.9532	4.61131	28.3043	0	18.7757	15.8758	11.9825	3.54175	9.6698	1.47828	0.84
6.22589	22.893	11.6405	10.5167	18.1382	8.02768	1.61245	18.7757	0	7.88303	9.56561	21.9578	15.0569	12.5582	11.799
12.9	16.06	12.9657	12.42	24.8123	14.909	6.27058	15.8758	7.88303	0	13.5446	20.5888	14.4608	14.3976	17.5138
6.30835	22.0576	11.723	9.77246	18.2207	7.28344	11.1781	11.9825	9.56561	13.5446	0	13.4266	7.29855	10.5042	11.0548
12.8182	13.3526	7.90208	10.1307	22.2126	9.21381	23.5703	3.54175	21.9578	20.5888	13.4266	0	6.12805	5.02003	4.38175
9.82808	19.4807	22.5511	9.51824	21.9016	7.02922	20.7313	9.6698	15.0569	14.4608	7.29855	6.12805	0	11.5597	10.8005
7.32933	7.73996	4.64562	4.97855	20.4315	4.53047	20.6681	1.47828	12.5582	14.3976	10.5042	5.02003	11.5597	0	2.31828
6.57017	7.64248	4.54814	6.26033	19.2881	3.77131	21.8096	0.84	11.799	17.5138	11.0548	4.38175	10.8005	2.31828	0
														
0	16.007	12.142	6.93181	14.8904	9.44614	9.47198	6.94181	4.65911	8.6	3.91695	7.06231	13.9645	10.7503	5.53181
16.007	0	5.11238	16.6548	10.4548	15.2426	22.4287	15.0629	17.657	15.6661	12.09	23.4519	15.0193	10.5196	19.7184
12.142	5.11238	0	12.7899	15.5672	11.8835	20.0067	9.9505	15.7866	13.1202	8.22503	18.4931	20.1316	5.4072	10.6256
6.93181	16.6548	12.7899	0	23.3126	4.75176	12.8749	2.81	12.1513	11.7	4.56483	7.21358	17.0645	6.61845	1.4
14.8904	10.4548	15.5672	23.3126	0	24.3366	17.3894	17.6626	11.8264	23.4904	18.8074	21.9527	25.4741	25.8438	20.4222
9.44614	15.2426	11.8835	4.75176	24.3366	0	8.12316	4.87904	10.7152	15.2064	5.53173	8.20926	15.5326	9.78259	6.15176
9.47198	22.4287	20.0067	12.8749	17.3894	8.12316	0	11.3991	5.56296	12.7739	13.1495	16.3324	7.40945	18.169	15.0038
6.94181	15.0629	9.9505	2.81	17.6626	4.87904	11.3991	0	5.83614	12.6165	10.4108	7.22358	21.546	4.90355	1.41
4.65911	17.657	15.7866	12.1513	11.8264	10.7152	5.56296	5.83614	0	13.13	7.58651	11.7214	12.9724	10.7397	7.24614
8.6	15.6661	13.1202	11.7	23.4904	15.2064	12.7739	12.6165	13.13	0	9.67471	13.8757	5.36448	7.71298	12.9314
3.91695	12.09	8.22503	4.56483	18.8074	5.53173	13.1495	10.4108	7.58651	9.67471	0	10.9793	15.0392	13.6322	5.96483
7.06231	23.4519	18.4931	7.21358	21.9527	8.20926	16.3324	7.22358	11.7214	13.8757	10.9793	0	11.3434	11.032	5.81358
13.9645	15.0193	20.1316	17.0645	25.4741	15.5326	7.40945	21.546	12.9724	5.36448	15.0392	11.3434	0	13.0775	17.157
10.7503	10.5196	5.4072	6.61845	25.8438	9.78259	18.169	4.90355	10.7397	7.71298	13.6322	11.032	13.0775	0	5.21845
5.53181	19.7184	10.6256	1.4	20.4222	6.15176	15.0038	1.41	7.24614	12.9314	5.96483	5.81358	17.157	5.21845	0
														
0	13.5986	10.5589	9.96815	26.5058	9.2317	6.48625	7.62522	3.42218	9	6.39081	12.0574	15.7693	11.148	6.70522
13.5986	0	18.3187	14.5434	7.97402	14.0856	15.5097	7.81342	13.2501	20.1789	16.5852	14.0101	16.702	5.52424	6.89342
10.5589	18.3187	0	8.66113	23.1128	6.51153	10.281	9.6228	7.13674	21.0467	8.81641	16.564	16.2321	12.7945	14.4482
9.96815	14.5434	8.66113	0	20.6611	2.1496	9.17504	5.26087	6.54597	15.9797	4.45449	9.04167	7.02922	8.49371	6.92588
26.5058	7.97402	23.1128	20.6611	0	21.4915	28.4168	13.0115	28.0718	36.4533	15.1064	9.97573	21.7103	13.4983	14.8674
9.2317	14.0856	6.51153	2.1496	21.4915	0	7.02544	3.11127	5.27352	10.3671	2.30489	6.14706	9.17883	5.5991	4.03127
6.48625	15.5097	10.281	9.17504	28.4168	7.02544	0	9.53626	3.14428	15.4862	6.11292	13.8755	15.8068	10.8701	8.61626
7.62522	7.81342	9.6228	5.26087	13.0115	3.11127	9.53626	0	8.57956	9.97378	5.41616	3.03579	13.0351	2.48783	0.92
3.42218	13.2501	7.13674	6.54597	28.0718	5.27352	3.14428	8.57956	0	11.0309	2.96864	8.09926	11.8111	7.72583	8.27122
9	20.1789	21.0467	15.9797	36.4533	10.3671	15.4862	9.97378	11.0309	0	8.06226	13.0096	12.7115	12.4616	10.8938
6.39081	16.5852	8.81641	4.45449	15.1064	2.30489	6.11292	5.41616	2.96864	8.06226	0	5.13062	8.84247	8.09876	6.53093
12.0574	14.0101	16.564	9.04167	9.97573	6.14706	13.8755	3.03579	8.09926	13.0096	5.13062	0	11.7346	5.52362	3.95579
15.7693	16.702	16.2321	7.02922	21.7103	9.17883	15.8068	13.0351	11.8111	12.7115	8.84247	11.7346	0	11.1778	14.6792
11.148	5.52424	12.7945	8.49371	13.4983	5.5991	10.8701	2.48783	7.72583	12.4616	8.09876	5.52362	11.1778	0	3.40783
6.70522	6.89342	14.4482	6.92588	14.8674	4.03127	8.61626	0.92	8.27122	10.8938	6.53093	3.95579	14.6792	3.40783	0
														
0	10.2826	7.92257	7.78799	8.50882	6.06419	7.41285	5.74076	3.13356	8.1	6.76189	10.7465	17.4483	8.64554	4.19076
10.2826	0	9.82367	10.1419	4.60721	8.52497	24.7659	7.64186	19.9413	29.6277	24.7332	12.6476	21.3474	7.76024	6.09186
7.92257	9.82367	0	7.78181	13.5075	6.16491	6.51	5.28181	11.428	21.062	13.2514	10.2875	9.86657	5.9403	3.73181
7.78799	10.1419	7.78181	0	13.5254	3.76181	6.42153	5.6	10.792	15.888	6.90577	4.16548	13.6835	8.43005	4.05
8.50882	4.60721	13.5075	13.5254	0	13.5214	15.9217	12.6383	11.6424	16.6088	15.2707	17.6441	23.3741	12.3675	10.6991
6.06419	8.52497	6.16491	3.76181	13.5214	0	10.1833	3.98311	9.19775	14.1642	10.6676	7.92729	17.6886	6.88788	2.43311
7.41285	24.7659	6.51	6.42153	15.9217	10.1833	0	6.40706	4.91798	12.718	11.6974	10.587	16.3766	8.71461	7.95706
5.74076	7.64186	5.28181	5.6	12.6383	3.98311	6.40706	0	11.325	14.6425	5.2903	6.57754	16.0956	2.30755	1.55
3.13356	19.9413	11.428	10.792	11.6424	9.19775	4.91798	11.325	0	7.8	9.89545	14.9575	14.3148	15.1697	7.32432
8.1	29.6277	21.062	15.888	16.6088	14.1642	12.718	14.6425	7.8	0	9.35222	20.7135	11.1954	20.1361	12.2908
6.76189	24.7332	13.2514	6.90577	15.2707	10.6676	11.6974	5.2903	9.89545	9.35222	0	11.0713	17.9657	7.59786	6.8403
10.7465	12.6476	10.2875	4.16548	17.6441	7.92729	10.587	6.57754	14.9575	20.7135	11.0713	0	9.51804	8.88509	6.55574
17.4483	21.3474	9.86657	13.6835	23.3741	17.6886	16.3766	16.0956	14.3148	11.1954	17.9657	9.51804	0	15.8069	13.5984
8.64554	7.76024	5.9403	8.43005	12.3675	6.88788	8.71461	2.30755	15.1697	20.1361	7.59786	8.88509	15.8069	0	3.85755
4.19076	6.09186	3.73181	4.05	10.6991	2.43311	7.95706	1.55	7.32432	12.2908	6.8403	6.55574	13.5984	3.85755	0
														
0	14.5455	9.22071	7.06688	20.6353	3.46165	12.3548	6.20202	6.43204	7.3	1.52555	17.596	16.6295	8.4014	4.68254
14.5455	0	18.1624	13.2575	17.72	14.9561	24.4556	17.589	23.8276	21.7272	13.02	17.6269	15.0193	19.7883	16.177
9.22071	18.1624	0	10.6139	28.4772	7.32547	18.8969	3.01869	5.75543	14.2005	9.26157	13.0263	10.5031	5.21808	4.28869
7.06688	13.2575	10.6139	0	25.0784	3.50725	18.2243	5.12	13.4989	11.34	5.44335	9.20813	18.5452	6.735	3.85
20.6353	17.72	28.4772	25.0784	0	16.4065	30.5454	23.6078	29.8313	21.4278	19.1098	10.7057	13.3133	33.7028	20.6011
3.46165	14.9561	7.32547	3.50725	16.4065	0	13.3717	5.28462	11.6834	10.6433	1.9361	5.70088	8.30856	4.92443	4.01462
12.3548	24.4556	18.8969	18.2243	30.5454	13.3717	0	18.5568	13.1415	19.6548	11.4356	24.579	27.1867	25.3421	14.5926
6.20202	17.589	3.01869	5.12	23.6078	5.28462	18.5568	0	6.23863	9.91236	4.42699	11.1456	13.5218	2.19939	1.27
6.43204	23.8276	5.75543	13.4989	29.8313	11.6834	13.1415	6.23863	0	13.732	7.95759	19.1407	16.2586	8.43802	7.50863
7.3	21.7272	14.2005	11.34	21.4278	10.6433	19.6548	9.91236	13.732	0	8.70724	10.7221	9.32952	7.71298	10.598
1.52555	13.02	9.26157	5.44335	19.1098	1.9361	11.4356	4.42699	7.95759	8.70724	0	7.63698	18.0368	6.04199	3.15699
17.596	17.6269	13.0263	9.20813	10.7057	5.70088	24.579	11.1456	19.1407	10.7221	7.63698	0	2.60768	10.6253	9.7155
16.6295	15.0193	10.5031	18.5452	13.3133	8.30856	27.1867	13.5218	16.2586	9.32952	18.0368	2.60768	0	17.0425	12.5031
8.4014	19.7883	5.21808	6.735	33.7028	4.92443	25.3421	2.19939	8.43802	7.71298	6.04199	10.6253	17.0425	0	2.885
4.68254	16.177	4.28869	3.85	20.6011	4.01462	14.5926	1.27	7.50863	10.598	3.15699	9.7155	12.5031	2.885	0
														
0	14.1896	14.4249	9.08599	21.7661	9.43786	10.1444	11.518	6.59697	7.2	7.13297	13.4884	10.62	13.465	11.958
14.1896	0	17.2206	19.2206	22.8589	10.0549	19.9928	14.4831	18.3876	19.6821	7.75	15.7113	21.2242	19.7031	21.3363
14.4249	17.2206	0	9.0877	24.3135	9.6244	23.8949	2.90689	16.9941	22.2162	9.64	10.4964	25.1264	4.85389	3.34689
9.08599	19.2206	9.0877	0	12.6801	1.32936	12.7457	5.24	12.1094	10.5729	3.63425	7.0632	9.93165	8.12781	4.8
21.7661	22.8589	24.3135	12.6801	0	14.0095	34.3456	18.8609	32.318	36.4401	24.1507	19.7433	36.379	19.1059	17.4801
9.43786	10.0549	9.6244	1.32936	14.0095	0	11.4163	6.71751	12.9425	12.7681	2.30489	8.39256	15.7791	8.17455	6.12936
10.1444	19.9928	23.8949	12.7457	34.3456	11.4163	0	17.6346	3.54739	20.3174	12.2428	20.2041	9.93398	19.5909	10.8568
11.518	14.4831	2.90689	5.24	18.8609	6.71751	17.6346	0	7.74945	6.21294	6.73311	7.58947	10.4579	1.947	0.44
6.59697	18.3876	16.9941	12.1094	32.318	12.9425	3.54739	7.74945	0	13.0824	10.6376	9.25504	6.38659	13.2491	7.30945
7.2	19.6821	22.2162	10.5729	36.4401	12.7681	20.3174	6.21294	13.0824	0	11.9321	19.8935	17.82	11.7126	5.77294
7.13297	7.75	9.64	3.63425	24.1507	2.30489	12.2428	6.73311	10.6376	11.9321	0	7.96131	10.8298	8.68011	7.17311
13.4884	15.7113	10.4964	7.0632	19.7433	8.39256	20.2041	7.58947	9.25504	19.8935	7.96131	0	2.86845	9.53646	8.02947
10.62	21.2242	25.1264	9.93165	36.379	15.7791	9.93398	10.4579	6.38659	17.82	10.8298	2.86845	0	20.1644	13.696
13.465	19.7031	4.85389	8.12781	19.1059	8.17455	19.5909	1.947	13.2491	11.7126	8.68011	9.53646	20.1644	0	2.387
11.958	21.3363	3.34689	4.8	17.4801	6.12936	10.8568	0.44	7.30945	5.77294	7.17311	8.02947	13.696	2.387	0
														
0	9.38588	11.5061	8.36488	33.4418	9.34621	9.98676	6.37922	3.87572	8.06549	5.56619	9.08309	13.1253	10.129	5.86707
9.38588	0	6.72681	5.86383	24.9853	9.95668	11.7042	3.00666	13.6445	9.6293	7.13	15.7823	15.8732	6.75643	4.12666
11.5061	6.72681	0	12.6959	26.4947	9.32558	6.82	9.73347	8.97847	17.1216	11.3942	11.4095	13.1203	7.15883	10.9587
8.36488	5.86383	12.6959	0	24.5029	2.20617	18.3516	2.85717	12.0178	11.2073	5.98619	9.4176	8.12266	4.37292	3.97717
33.4418	24.9853	26.4947	24.5029	0	30.2692	41.4117	27.8609	29.5661	22.2333	30.7035	15.0853	21.1592	27.1207	18.3013
9.34621	9.95668	9.32558	2.20617	30.2692	0	8.35425	5.06334	9.81161	6.27931	3.78001	7.59561	8.12823	2.16675	4.37959
9.98676	11.7042	6.82	18.3516	41.4117	8.35425	0	16.366	11.0887	7.07353	4.57423	18.2295	14.1185	13.9788	13.8949
6.37922	3.00666	9.73347	2.85717	27.8609	5.06334	16.366	0	10.2549	8.35014	10.1367	4.33602	9.71125	3.74977	1.12
3.87572	13.6445	8.97847	12.0178	29.5661	9.81161	11.0887	10.2549	0	9.01381	6.51451	15.3957	9.24954	11.9784	9.74279
8.06549	9.6293	17.1216	11.2073	22.2333	6.27931	7.07353	8.35014	9.01381	0	2.4993	7.14809	12.0436	12.0999	9.47014
5.56619	7.13	11.3942	5.98619	30.7035	3.78001	4.57423	10.1367	6.51451	2.4993	0	9.64739	9.54425	5.94676	8.1596
9.08309	15.7823	11.4095	9.4176	15.0853	7.59561	18.2295	4.33602	15.3957	7.14809	9.64739	0	7.56227	8.17991	3.21602
13.1253	15.8732	13.1203	8.12266	21.1592	8.12823	14.1185	9.71125	9.24954	12.0436	9.54425	7.56227	0	5.96148	10.7783
10.129	6.75643	7.15883	4.37292	27.1207	2.16675	13.9788	3.74977	11.9784	12.0999	5.94676	8.17991	5.96148	0	4.86977
5.86707	4.12666	10.9587	3.97717	18.3013	4.37959	13.8949	1.12	9.74279	9.47014	8.1596	3.21602	10.7783	4.86977	0
														
0	26.5473	11.1017	8.11464	11.5005	13.4753	10.9432	17.9394	6.26712	11.0771	5.07142	6.63429	12.37	14.5198	10.4989
26.5473	0	11.4356	7.95447	7.26522	11.688	10.0743	11.1615	14.7504	29.4197	10.9977	12.1314	16.0018	12.8408	11.5425
11.1017	11.4356	0	8.20061	18.7008	10.9068	9.51067	5.47837	4.83456	9.64456	6.16878	17.7479	9.23002	3.65557	5.9466
8.11464	7.95447	8.20061	0	15.2197	3.73352	11.0069	3.20702	9.28178	13.5242	3.04322	10.5746	10.3418	4.88636	4.19702
11.5005	7.26522	18.7008	15.2197	0	11.7073	17.3395	25.4843	24.1077	17.4805	19.906	4.86621	25.5973	20.2139	15.7512
13.4753	11.688	10.9068	3.73352	11.7073	0	15.5074	6.94055	13.2951	19.4553	6.77675	6.84105	14.8395	8.61988	8.69746
10.9432	10.0743	9.51067	11.0069	17.3395	15.5074	0	7.7999	4.67611	9.48611	13.0048	23.1073	5.92756	12.3429	8.7899
17.9394	11.1615	5.47837	3.20702	25.4843	6.94055	7.7999	0	5.22178	12.2933	6.25025	11.875	10.0584	3.28103	0.99
6.26712	14.7504	4.83456	9.28178	24.1077	13.2951	4.67611	5.22178	0	4.81	8.32867	12.9014	10.6037	6.52281	4.23178
11.0771	29.4197	9.64456	13.5242	17.4805	19.4553	9.48611	12.2933	4.81	0	10.4809	12.6143	17.7795	13.5799	9.04178
5.07142	10.9977	6.16878	3.04322	19.906	6.77675	13.0048	6.25025	8.32867	10.4809	0	11.7057	7.29855	7.92958	8.09322
6.63429	12.1314	17.7479	10.5746	4.86621	6.84105	23.1073	11.875	12.9014	12.6143	11.7057	0	20.7311	13.176	10.885
12.37	16.0018	9.23002	10.3418	25.5973	14.8395	5.92756	10.0584	10.6037	17.7795	7.29855	20.7311	0	12.8856	11.0484
14.5198	12.8408	3.65557	4.88636	20.2139	8.61988	12.3429	3.28103	6.52281	13.5799	7.92958	13.176	12.8856	0	2.29103
10.4989	11.5425	5.9466	4.19702	15.7512	8.69746	8.7899	0.99	4.23178	9.04178	8.09322	10.885	11.0484	2.29103	0
														
0	19.6253	14.8903	15.4301	21.272	6.85288	9.25935	9.93442	6.67943	6.6434	3.25725	10.6878	16.0297	9.55249	8.88442
19.6253	0	15.0681	19.2409	13.4672	15.7896	17.7416	11.7909	17.1078	17.3576	18.481	11.0504	16.2658	12.2322	10.7409
14.8903	15.0681	0	6.23246	14.408	7.44869	16.12	2.68328	11.9998	12.2496	13.373	5.94243	10.8214	8.344	3.73328
15.4301	19.2409	6.23246	0	8.4534	1.21622	10.3732	7.63855	12.9532	15.559	4.81185	11.7058	9.02647	13.2993	6.26492
21.272	13.4672	14.408	8.4534	0	9.66963	18.8266	12.8062	27.9515	27.8934	20.6263	20.3504	21.7946	18.467	13.8562
6.85288	15.7896	7.44869	1.21622	9.66963	0	11.1297	6.09869	8.62581	6.98177	3.59562	10.4896	7.81025	11.2854	5.04869
9.25935	17.7416	16.12	10.3732	18.8266	11.1297	0	8.05071	2.57992	9.33916	7.53403	8.63725	20.3065	9.52437	7.00071
9.93442	11.7909	2.68328	7.63855	12.8062	6.09869	8.05071	0	10.4753	12.3453	12.8587	8.62571	8.98839	5.66072	1.05
6.67943	17.1078	11.9998	12.9532	27.9515	8.62581	2.57992	10.4753	0	8.41634	5.03019	6.05733	11.2727	12.1043	9.42534
6.6434	17.3576	12.2496	15.559	27.8934	6.98177	9.33916	12.3453	8.41634	0	3.38615	6.30714	11.5225	6.68458	12.9213
3.25725	18.481	13.373	4.81185	20.6263	3.59562	7.53403	12.8587	5.03019	3.38615	0	7.43056	11.4059	10.0707	8.64432
10.6878	11.0504	5.94243	11.7058	20.3504	10.4896	8.63725	8.62571	6.05733	6.30714	7.43056	0	5.21536	12.9917	11.6753
16.0297	16.2658	10.8214	9.02647	21.7946	7.81025	20.3065	8.98839	11.2727	11.5225	11.4059	5.21536	0	11.6746	10.0384
9.55249	12.2322	8.344	13.2993	18.467	11.2854	9.52437	5.66072	12.1043	6.68458	10.0707	12.9917	11.6746	0	6.23668
8.88442	10.7409	3.73328	6.26492	13.8562	5.04869	7.00071	1.05	9.42534	12.9213	8.64432	11.6753	10.0384	6.23668	0
														
0	12.9467	13.474	7.64377	22.186	10.382	5.98051	8.00286	5.03019	2.9	2.88617	14.0465	12.5708	9.36144	11.4828
12.9467	0	15.7998	5.30298	19.2267	9.17793	10.494	8.21846	10.9644	18.702	13.5884	15.3957	14.5191	11.5797	9.45842
13.474	15.7998	0	10.4968	16.937	14.3717	19.5444	5.55474	13.1224	23.6521	14.979	8.79761	19.7129	4.11252	6.23384
7.64377	5.30298	10.4968	0	16.4183	3.87495	13.7182	2.91548	5.66138	8.01834	10.2898	9.23377	9.21609	4.3577	3.92548
22.186	19.2267	16.937	16.4183	0	16.6418	26.9481	10.7783	33.2875	25.0158	19.8406	15.7056	15.2198	11.8896	9.76828
10.382	9.17793	14.3717	3.87495	16.6418	0	13.8978	2.82843	5.35178	7.93129	10.2028	5.35882	7.49784	4.27065	3.83843
5.98051	10.494	19.5444	13.7182	26.9481	13.8978	0	10.4687	8.54599	8.97442	3.09433	14.0007	12.7789	13.9608	13.1666
8.00286	8.21846	5.55474	2.91548	10.7783	2.82843	10.4687	0	8.18021	5.10286	7.37436	6.12731	10.3263	1.44222	1.01
5.03019	10.9644	13.1224	5.66138	33.2875	5.35178	8.54599	8.18021	0	7.93019	6.59697	10.7106	12.8496	12.3095	11.8773
2.9	18.702	23.6521	8.01834	25.0158	7.93129	8.97442	5.10286	7.93019	0	5.78617	12.6923	9.796	6.54508	6.11286
2.88617	13.5884	14.979	10.2898	19.8406	10.2028	3.09433	7.37436	6.59697	5.78617	0	14.9638	9.68461	8.81658	8.38436
14.0465	15.3957	8.79761	9.23377	15.7056	5.35882	14.0007	6.12731	10.7106	12.6923	14.9638	0	10.6915	4.68509	5.93727
12.5708	14.5191	19.7129	9.21609	15.2198	7.49784	12.7789	10.3263	12.8496	9.796	9.68461	10.6915	0	15.3766	14.3714
9.36144	11.5797	4.11252	4.3577	11.8896	4.27065	13.9608	1.44222	12.3095	6.54508	8.81658	4.68509	15.3766	0	2.12132
11.4828	9.45842	6.23384	3.92548	9.76828	3.83843	13.1666	1.01	11.8773	6.11286	8.38436	5.93727	14.3714	2.12132	0
														
0	16.3975	12.9451	7.42226	14.0396	5.13124	7.51581	9.03722	4.08187	3.5	2.84494	12.6631	10.1435	10.4417	9.75414
16.3975	0	14.4557	9.47761	13.1128	10.7416	12.3158	6.57794	22.4367	10.8876	24.6743	15.4163	20.9571	3.94588	5.38838
12.9451	14.4557	0	10.1049	30.6701	7.81383	18.8797	13.1418	19.8286	17.4514	19.0434	12.3603	17.8654	10.5098	11.9523
7.42226	9.47761	10.1049	0	25.1473	2.29103	11.8715	7.86	13.7671	11.085	6.08644	6.42932	5.15476	5.53173	6.65
14.0396	13.1128	30.6701	25.1473	0	19.1708	21.5554	20.7461	18.1214	17.5396	16.8845	27.7361	26.2745	17.0587	21.1206
5.13124	10.7416	7.81383	2.29103	19.1708	0	12.647	5.8329	9.21311	8.63124	7.97618	8.72035	7.44579	6.0654	4.6229
7.51581	12.3158	18.8797	11.8715	21.5554	12.647	0	11.002	3.54739	10.7837	5.78506	7.15592	13.0836	8.3699	9.8124
9.03722	6.57794	13.1418	7.86	20.7461	5.8329	11.002	0	8.32709	9.57373	11.8822	8.01312	6.36388	2.63205	1.21
4.08187	22.4367	19.8286	13.7671	18.1214	9.21311	3.54739	8.32709	0	7.58187	6.92682	8.58121	11.0114	8.55959	7.11709
3.5	10.8876	17.4514	11.085	17.5396	8.63124	10.7837	9.57373	7.58187	0	4.9986	10.3017	12.2971	6.94168	8.38418
2.84494	24.6743	19.0434	6.08644	16.8845	7.97618	5.78506	11.8822	6.92682	4.9986	0	12.0304	7.29855	11.6182	12.4524
12.6631	15.4163	12.3603	6.42932	27.7361	8.72035	7.15592	8.01312	8.58121	10.3017	12.0304	0	11.5841	8.24562	6.80312
10.1435	20.9571	17.8654	5.15476	26.2745	7.44579	13.0836	6.36388	11.0114	12.2971	7.29855	11.5841	0	6.59638	5.15388
10.4417	3.94588	10.5098	5.53173	17.0587	6.0654	8.3699	2.63205	8.55959	6.94168	11.6182	8.24562	6.59638	0	1.4425
9.75414	5.38838	11.9523	6.65	21.1206	4.6229	9.8124	1.21	7.11709	8.38418	12.4524	6.80312	5.15388	1.4425	0
														
0	13.5913	13.3015	6.05733	10.8878	9.84742	2.77982	7.01759	6.39081	10.31	4.98896	5.77825	12.78	10.5257	6.53759
13.5913	0	7.13042	10.8099	8.15122	14.6	17.9369	7.53374	15.5867	26.3186	16.0409	13.2607	10.8278	11.0418	7.05374
13.3015	7.13042	0	12.1639	15.2816	15.4623	15.0368	7.2439	8.74826	14.2315	8.91045	17.935	17.9583	9.29124	6.7639
6.05733	10.8099	12.1639	0	12.1727	3.79009	8.83715	5.48715	4.77679	14.9189	9.59785	7.0632	12.8088	6.54588	5.4
10.8878	8.15122	15.2816	12.1727	0	12.4066	32.8679	8.39829	15.4575	24.0328	18.7117	5.10952	9.65157	23.6717	15.205
9.84742	14.6	15.4623	3.79009	12.4066	0	12.5612	1.69706	8.56688	17.1221	9.23173	4.98583	12.8088	4.68966	2.17706
2.77982	17.9369	15.0368	8.83715	32.8679	12.5612	0	10.8641	6.28856	17.4798	7.76878	8.55807	15.5598	10.3902	9.31741
7.01759	7.53374	7.2439	5.48715	8.39829	1.69706	10.8641	0	9.05608	12.8558	7.53467	3.28877	13.9106	2.99261	0.48
6.39081	15.5867	8.74826	4.77679	15.4575	8.56688	6.28856	9.05608	0	15.1341	9.81299	10.3479	17.5856	11.3227	9.53608
10.31	26.3186	14.2315	14.9189	24.0328	17.1221	17.4798	12.8558	15.1341	0	5.32109	20.4783	16.4433	10.7982	14.7862
4.98896	16.0409	8.91045	9.59785	18.7117	9.23173	7.76878	7.53467	9.81299	5.32109	0	10.7672	16.4217	10.5273	8.01467
5.77825	13.2607	17.935	7.0632	5.10952	4.98583	8.55807	3.28877	10.3479	20.4783	10.7672	0	12.5169	6.28138	3.76877
12.78	10.8278	17.9583	12.8088	9.65157	12.8088	15.5598	13.9106	17.5856	16.4433	16.4217	12.5169	0	16.9032	14.3906
10.5257	11.0418	9.29124	6.54588	23.6717	4.68966	10.3902	2.99261	11.3227	10.7982	10.5273	6.28138	16.9032	0	3.47261
6.53759	7.05374	6.7639	5.4	15.205	2.17706	9.31741	0.48	9.53608	14.7862	8.01467	3.76877	14.3906	3.47261	0
														
0	18.099	6.99392	10.3099	8.50882	7.11376	6.69216	13.8139	5.52496	10.1	6.34958	14.4109	11.6913	10.1187	10.7634
18.099	0	12.5327	9.11861	22.6868	11.024	14.6268	5.71265	11.0387	27.5698	21.2629	17.8883	24.8421	6.44494	6.83265
6.99392	12.5327	0	8.85666	15.5027	10.9967	13.6861	6.82001	12.0546	15.4401	4.79794	17.8609	6.36553	11.4998	7.347
10.3099	9.11861	8.85666	0	17.3124	3.19612	7.80657	3.12	7.2674	10.98	4.33074	10.4932	11.2468	2.67367	2
8.50882	22.6868	15.5027	17.3124	0	15.6226	15.201	16.4324	14.0338	18.6088	14.8584	9.48911	20.9288	20.1629	15.3124
7.11376	11.024	10.9967	3.19612	15.6226	0	4.61044	4.76966	9.71514	14.1761	7.52686	7.29712	14.4429	5.12141	3.64966
6.69216	14.6268	13.6861	7.80657	15.201	4.61044	0	8.91417	12.2171	16.7922	10.7629	11.9076	19.1122	9.73185	8.2601
13.8139	5.71265	6.82001	3.12	16.4324	4.76966	8.91417	0	10.4347	20.7177	11.6179	11.6339	13.1855	5.84099	1.12
5.52496	11.0387	12.0546	7.2674	14.0338	9.71514	12.2171	10.4347	0	13.39	7.25667	19.3351	6.16636	4.59373	12.0608
10.1	27.5698	15.4401	10.98	18.6088	14.1761	16.7922	20.7177	13.39	0	10.6422	22.9379	19.0636	13.6537	12.98
6.34958	21.2629	4.79794	4.33074	14.8584	7.52686	10.7629	11.6179	7.25667	10.6422	0	18.3666	8.4214	7.00441	6.33074
14.4109	17.8883	17.8609	10.4932	9.48911	7.29712	11.9076	11.6339	19.3351	22.9379	18.3666	0	13.1688	12.4185	10.5139
11.6913	24.8421	6.36553	11.2468	20.9288	14.4429	19.1122	13.1855	6.16636	19.0636	8.4214	13.1688	0	10.7601	13.2468
10.1187	6.44494	11.4998	2.67367	20.1629	5.12141	9.73185	5.84099	4.59373	13.6537	7.00441	12.4185	10.7601	0	4.67367
10.7634	6.83265	7.347	2	15.3124	3.64966	8.2601	1.12	12.0608	12.98	6.33074	10.5139	13.2468	4.67367	0
														
0	18.7265	13.311	3.60555	16.2857	7.79162	11.5304	9.7099	5.48373	10.9	4.45295	8.58601	5.4	7.93874	5.05555
18.7265	0	17.4897	16.9287	15.4164	20.8245	19.2895	17.469	13.2428	22.6028	24.4576	21.9092	16.7657	18.8087	18.3787
13.311	17.4897	0	8.90265	7.80433	15.6277	12.0735	7.92263	18.7947	10.1873	10.7382	15.0228	12.0945	4.56946	8.21813
3.60555	16.9287	8.90265	0	12.6801	4.18607	11.8372	2.71	9.08928	9.81593	8.05851	4.98046	9.00555	4.33319	1.45
16.2857	15.4164	7.80433	12.6801	0	16.8662	25.3629	6.40312	10.6293	17.9917	18.5426	17.1549	19.8988	9.75629	7.66312
7.79162	20.8245	15.6277	4.18607	16.8662	0	13.6284	8.19435	7.5817	8.54599	9.40394	4.67472	18.0883	8.51926	5.63607
11.5304	19.2895	12.0735	11.8372	25.3629	13.6284	0	10.2729	6.04669	15.3429	15.1106	19.9121	15.4527	7.50405	11.1527
9.7099	17.469	7.92263	2.71	6.40312	8.19435	10.2729	0	4.22617	13.5862	8.62632	10.7517	11.3018	3.35316	1.26
5.48373	13.2428	18.7947	9.08928	10.6293	7.5817	6.04669	4.22617	0	9.36	9.93668	12.2564	10.8837	7.57933	5.48617
10.9	22.6028	10.1873	9.81593	17.9917	8.54599	15.3429	13.5862	9.36	0	11.6903	4.83547	16.3	14.7568	15.102
4.45295	24.4576	10.7382	8.05851	18.5426	9.40394	15.1106	8.62632	9.93668	11.6903	0	14.0787	9.85295	7.60652	7.36632
8.58601	21.9092	15.0228	4.98046	17.1549	4.67472	19.9121	10.7517	12.2564	4.83547	14.0787	0	17.7322	9.31365	6.43046
5.4	16.7657	12.0945	9.00555	19.8988	18.0883	15.4527	11.3018	10.8837	16.3	9.85295	17.7322	0	7.94864	11.5973
7.93874	18.8087	4.56946	4.33319	9.75629	8.51926	7.50405	3.35316	7.57933	14.7568	7.60652	9.31365	7.94864	0	3.64867
5.05555	18.3787	8.21813	1.45	7.66312	5.63607	11.1527	1.26	5.48617	15.102	7.36632	6.43046	11.5973	3.64867	0
														
0	16.447	21.9817	9.97864	12.7632	7.93009	7.71909	17.1225	4.49419	12.925	4.57665	13.2456	7.74	18.1497	10.5457
16.447	0	7.26496	10.9934	16.1252	9.50901	17.3812	7.68342	17.9261	18.7416	19.5815	14.4849	20.5643	12.9604	6.89342
21.9817	7.26496	0	11.5912	21.0117	14.4788	14.26	5.70197	17.4849	16.2805	19.4408	8.61127	20.4236	9.59587	6.49197
9.97864	10.9934	11.5912	0	12.6801	2.17789	4.93964	4.89	5.48446	6.3	7.13987	6.24822	8.12266	5.43953	4.1
12.7632	16.1252	21.0117	12.6801	0	14.858	12.3222	17.1604	9.09725	18.9801	17.3399	18.9283	20.5032	18.1196	16.7801
7.93009	9.50901	14.4788	2.17789	14.858	0	7.11752	3.40559	7.66235	7.09479	9.31776	8.4261	10.3005	7.61742	2.61559
7.71909	17.3812	14.26	4.93964	12.3222	7.11752	0	10.8289	3.2249	5.20325	12.0795	11.1879	13.0623	10.3792	9.03964
17.1225	7.68342	5.70197	4.89	17.1604	3.40559	10.8289	0	11.3737	11.3357	11.5783	2.9093	14.0119	4.65116	0.79
4.49419	17.9261	17.4849	5.48446	9.09725	7.66235	3.2249	11.3737	0	8.42815	9.07083	11.7327	12.2342	10.924	9.58446
12.925	18.7416	16.2805	6.3	18.9801	7.09479	5.20325	11.3357	8.42815	0	9.11035	11.6928	14.4227	6.68458	9.71037
4.57665	19.5815	19.4408	7.13987	17.3399	9.31776	12.0795	11.5783	9.07083	9.11035	0	8.66898	12.3166	12.5794	11.2399
13.2456	14.4849	8.61127	6.24822	18.9283	8.4261	11.1879	2.9093	11.7327	11.6928	8.66898	0	14.3709	5.0082	3.6993
7.74	20.5643	20.4236	8.12266	20.5032	10.3005	13.0623	14.0119	12.2342	14.4227	12.3166	14.3709	0	13.5622	12.2227
18.1497	12.9604	9.59587	5.43953	18.1196	7.61742	10.3792	4.65116	10.924	6.68458	12.5794	5.0082	13.5622	0	5.44116
10.5457	6.89342	6.49197	4.1	16.7801	2.61559	9.03964	0.79	9.58446	9.71037	11.2399	3.6993	12.2227	5.44116	0
														
0	14.5121	15.4654	5.62466	13.2327	6.61461	9.26607	11.5139	6.26712	5	6.55574	13.3217	9.3149	10.8798	10.6913
14.5121	0	12.081	8.80644	16.4796	15.3699	23.7781	3.45766	9.39787	11.0072	15.8666	16.5756	14.3721	3.5513	4.53766
15.4654	12.081	0	9.84073	7.50417	9.27759	20.77	5.978	9.32214	14.8807	15.4213	11.9485	11.458	8.52967	4.898
5.62466	8.80644	9.84073	0	7.60806	0.989949	8.89357	5.88926	10.2741	5.04	12.1804	7.69708	9.3549	5.25514	5.36954
13.2327	16.4796	7.50417	7.60806	0	8.59801	22.7293	13.4973	23.3913	10.7813	19.5079	14.3553	15.0962	12.8632	12.4022
6.61461	15.3699	9.27759	0.989949	8.59801	0	7.90362	5.45959	8.80373	4.9986	11.4322	8.68703	9.3135	6.24509	4.37959
9.26607	23.7781	20.77	8.89357	22.7293	7.90362	0	20.3354	8.30413	12.9022	12.2428	19.0773	21.1254	14.1507	12.2832
11.5139	3.45766	5.978	5.88926	13.4973	5.45959	20.3354	0	5.50414	9.76343	11.6033	8.13051	10.9145	2.30755	1.08
6.26712	9.39787	9.32214	10.2741	23.3913	8.80373	8.30413	5.50414	0	11.2671	5.68989	11.4746	16.9249	5.84657	4.42414
5	11.0072	14.8807	5.04	10.7813	4.9986	12.9022	9.76343	11.2671	0	10.0778	12.7371	4.3149	7.45588	9.37819
6.55574	15.8666	15.4213	12.1804	19.5079	11.4322	12.2428	11.6033	5.68989	10.0778	0	17.5738	14.3927	11.5365	10.114
13.3217	16.5756	11.9485	7.69708	14.3553	8.68703	19.0773	8.13051	11.4746	12.7371	17.5738	0	22.0349	11.3356	7.05051
9.3149	14.3721	11.458	9.3549	15.0962	9.3135	21.1254	10.9145	16.9249	4.3149	14.3927	22.0349	0	11.7708	11.9945
10.8798	3.5513	8.52967	5.25514	12.8632	6.24509	14.1507	2.30755	5.84657	7.45588	11.5365	11.3356	11.7708	0	3.38755
10.6913	4.53766	4.898	5.36954	12.4022	4.37959	12.2832	1.08	4.42414	9.37819	10.114	7.05051	11.9945	3.38755	0
														
0	15.0082	12.183	12.76	15.1076	12.1284	3.12696	15.7346	1.03078	6.1	6.26712	6.72922	3.6	14.5843	16.1755
15.0082	0	2.82526	8.02044	24.4537	9.46923	19.5069	5.86299	18.9405	14.2474	14.26	13.5789	20.6257	9.39643	7.41299
12.183	2.82526	0	10.1132	23.1128	12.5505	18.2065	8.68825	13.2137	11.4222	17.0853	11.2344	15.2706	7.99656	8.51319
12.76	8.02044	10.1132	0	18.1649	1.27279	8.07869	2.15745	19.7796	6.66	11.9264	4.32125	10.1019	5.69089	1.6
15.1076	24.4537	23.1128	18.1649	0	26.6575	17.4148	18.9082	30.4758	15.3561	16.146	11.1923	11.5076	17.6545	13.9135
12.1284	9.46923	12.5505	1.27279	26.6575	0	6.80589	3.43024	8.90208	7.93279	12.0528	8.24544	14.2153	7.13968	2.87279
3.12696	19.5069	18.2065	8.07869	17.4148	6.80589	0	10.4121	2.09619	11.1324	5.24691	6.22254	7.40945	12.6847	8.94379
15.7346	5.86299	8.68825	2.15745	18.9082	3.43024	10.4121	0	17.3146	8.81745	12.6697	4.27125	10.8452	3.53344	1.55
1.03078	18.9405	13.2137	19.7796	30.4758	8.90208	2.09619	17.3146	0	7.13078	7.2979	8.31873	4.63078	13.7812	11.7895
6.1	14.2474	11.4222	6.66	15.3561	7.93279	11.1324	8.81745	7.13078	0	5.88545	6.97765	3.84843	8.48427	8.26
6.26712	14.26	17.0853	11.9264	16.146	12.0528	5.24691	12.6697	7.2979	5.88545	0	4.95371	8.08292	11.4159	7.67496
6.72922	13.5789	11.2344	4.32125	11.1923	8.24544	6.22254	4.27125	8.31873	6.97765	4.95371	0	3.12922	6.4622	2.72125
3.6	20.6257	15.2706	10.1019	11.5076	14.2153	7.40945	10.8452	4.63078	3.84843	8.08292	3.12922	0	9.59141	5.85047
14.5843	9.39643	7.99656	5.69089	17.6545	7.13968	12.6847	3.53344	13.7812	8.48427	11.4159	6.4622	9.59141	0	4.96389
16.1755	7.41299	8.51319	1.6	13.9135	2.87279	8.94379	1.55	11.7895	8.26	7.67496	2.72125	5.85047	4.96389	0
														
0	9.00745	8.34758	4.03822	15.693	6.47066	3.60347	5.80839	4.49419	9.26164	1.36062	7.49033	8.51882	6.06652	4.35839
9.00745	0	14.5617	6.44905	20.0237	12.435	9.65452	6.09905	16.4662	8.40619	9.00871	12.4317	25.6658	9.6978	4.64905
8.34758	14.5617	0	11.7126	19.2107	17.6986	11.9511	11.3626	12.8418	21.1408	9.70821	15.8379	25.9876	10.3575	9.91262
4.03822	6.44905	11.7126	0	19.1331	2.43245	7.64169	3.25	8.5324	10.26	5.39884	11.5285	12.4964	2.0283	1.8
15.693	20.0237	19.2107	19.1331	0	16.7865	21.6641	9.2205	25.0174	15.7151	14.3323	29.5473	14.8486	14.2322	10.6705
6.47066	12.435	17.6986	2.43245	16.7865	0	21.0811	7.56604	9.0683	12.6924	9.12735	15.0194	10.7781	4.46075	4.23245
3.60347	9.65452	11.9511	7.64169	21.6641	21.0811	0	11.0459	8.09766	7.60475	4.9641	11.0938	21.2435	8.3699	7.96186
5.80839	6.09905	11.3626	3.25	9.2205	7.56604	11.0459	0	11.9366	6.49455	5.80966	14.9327	16.9067	5.01172	1.45
4.49419	16.4662	12.8418	8.5324	25.0174	9.0683	8.09766	11.9366	0	8.06	5.85481	11.9845	19.8464	20.3827	8.85258
9.26164	8.40619	21.1408	10.26	15.7151	12.6924	7.60475	6.49455	8.06	0	7.90101	18.7112	15.0592	11.5063	7.94455
1.36062	9.00871	9.70821	5.39884	14.3323	9.12735	4.9641	5.80966	5.85481	7.90101	0	8.85095	7.15819	9.4084	4.35966
7.49033	12.4317	15.8379	11.5285	29.5473	15.0194	11.0938	14.9327	11.9845	18.7112	8.85095	0	19.8184	14.6153	11.8487
8.51882	25.6658	25.9876	12.4964	14.8486	10.7781	21.2435	16.9067	19.8464	15.0592	7.15819	19.8184	0	14.5247	11.5178
6.06652	9.6978	10.3575	2.0283	14.2322	4.46075	8.3699	5.01172	20.3827	11.5063	9.4084	14.6153	14.5247	0	3.8283
4.35839	4.64905	9.91262	1.8	10.6705	4.23245	7.96186	1.45	8.85258	7.94455	4.35966	11.8487	11.5178	3.8283	0
														
0	21.2411	8.48007	4.90355	23.8629	2.449	9.72383	4.64103	3.87572	14.8	6.22589	11.2423	6.66653	8.46945	5.79452
21.2411	0	8.49473	15.0587	21.4413	10.1157	24.8959	9.01242	7.22432	32.8284	12.0482	25.3071	17.0375	2.63059	4.96404
8.48007	8.49473	0	10.0142	7.80433	9.40971	6.82	6.70419	4.60435	21.9182	10.3179	23.0102	12.7476	5.86415	6.06419
4.90355	15.0587	10.0142	0	17.0238	3.45068	5.92756	3.03209	8.77927	8.30348	9.36199	6.33877	5.15476	6.28345	3.67209
23.8629	21.4413	7.80433	17.0238	0	18.3237	11.0963	16.7486	12.4087	17.2549	14.5942	28.0572	14.1061	13.6685	13.8685
2.449	10.1157	9.40971	3.45068	18.3237	0	9.37824	2.19203	6.32472	7.36625	8.67489	9.78945	4.21753	5.67897	2.83203
9.72383	24.8959	6.82	5.92756	11.0963	9.37824	0	8.95966	6.20794	9.07628	3.49794	12.2663	5.92756	10.8017	8.90993
4.64103	9.01242	6.70419	3.03209	16.7486	2.19203	8.95966	0	10.9756	16.8921	6.05199	9.37086	6.40957	2.97345	0.64
3.87572	7.22432	4.60435	8.77927	12.4087	6.32472	6.20794	10.9756	0	17.68	9.70588	20.1384	12.1355	4.59373	6.92719
14.8	32.8284	21.9182	8.30348	17.2549	7.36625	9.07628	16.8921	17.68	0	11.8515	17.0998	3.14871	17.5556	17.2635
6.22589	12.0482	10.3179	9.36199	14.5942	8.67489	3.49794	6.05199	9.70588	11.8515	0	19.461	9.4255	7.74544	5.41199
11.2423	25.3071	23.0102	6.33877	28.0572	9.78945	12.2663	9.37086	20.1384	17.0998	19.461	0	11.4935	19.2794	10.2888
6.66653	17.0375	12.7476	5.15476	14.1061	4.21753	5.92756	6.40957	12.1355	3.14871	9.4255	11.4935	0	11.7027	7.56305
8.46945	2.63059	5.86415	6.28345	13.6685	5.67897	10.8017	2.97345	4.59373	17.5556	7.74544	19.2794	11.7027	0	2.33345
5.79452	4.96404	6.06419	3.67209	13.8685	2.83203	8.90993	0.64	6.92719	17.2635	5.41199	10.2888	7.56305	2.33345	0
														
0	24.4675	18.2744	10.8167	19.1666	10.7412	7.72172	11.955	5.11265	14.7	5.85481	12.8406	10.2059	15.5144	14.5667
24.4675	0	10.3772	11.445	20.8298	16.0284	25.1546	8.46499	18.2744	19.4871	21.2649	14.5037	18.0241	9.81631	7.69499
18.2744	10.3772	0	6.43224	21.9122	11.0156	14.7992	3.45224	13.2617	18.0027	17.9513	17.4017	19.8875	4.80356	2.68224
10.8167	11.445	6.43224	0	10.0388	2.17789	13.9698	2.62393	9.4663	5.58	7.06425	3.71271	7.23308	5.87132	3.39393
19.1666	20.8298	21.9122	10.0388	0	15.1398	14.2666	15.5858	23.4576	18.5419	22.3256	6.32607	9.84644	19.139	16.7119
10.7412	16.0284	11.0156	2.17789	15.1398	0	17.9364	4.80182	12.6406	7.75789	4.88636	5.8906	5.77958	8.35498	5.92789
7.72172	25.1546	14.7992	13.9698	14.2666	17.9364	0	12.3357	9.19097	16.01	13.05	11.5117	15.0321	7.79267	9.91399
11.955	8.46499	3.45224	2.62393	15.5858	4.80182	12.3357	0	6.84237	8.20393	8.33623	6.33664	10.2724	2.89132	0.77
5.11265	18.2744	13.2617	9.4663	23.4576	12.6406	9.19097	6.84237	0	9.62	10.9675	17.9532	16.2256	11.3854	7.61237
14.7	19.4871	18.0027	5.58	18.5419	7.75789	16.01	8.20393	9.62	0	13.464	9.29271	17.815	11.7571	9.33
5.85481	21.2649	17.9513	7.06425	22.3256	4.88636	13.05	8.33623	10.9675	13.464	0	7.87143	4.35106	12.8792	9.10623
12.8406	14.5037	17.4017	3.71271	6.32607	5.8906	11.5117	6.33664	17.9532	9.29271	7.87143	0	3.52037	9.8898	7.46271
10.2059	18.0241	19.8875	7.23308	9.84644	5.77958	15.0321	10.2724	16.2256	17.815	4.35106	3.52037	0	12.9165	11.0424
15.5144	9.81631	4.80356	5.87132	19.139	8.35498	7.79267	2.89132	11.3854	11.7571	12.8792	9.8898	12.9165	0	2.12132
14.5667	7.69499	2.68224	3.39393	16.7119	5.92789	9.91399	0.77	7.61237	9.33	9.10623	7.46271	11.0424	2.12132	0
														
0	21.6069	14.0314	13.4482	9.99558	7.04524	8.23282	17.4689	2.3914	9.88224	1.23693	18.9346	7.2	15.6661	4.54426
21.6069	0	22.1985	20.804	14.176	23.7738	15.5312	23.0009	23.9983	30.2105	22.5271	24.1518	20.9648	22.7546	23.6609
14.0314	22.1985	0	11.7127	21.5532	9.1526	19.7904	4.84908	20.2146	10.5022	12.7945	23.6211	21.5134	3.04631	6.90711
13.4482	20.804	11.7127	0	17.7558	2.96985	11.6818	5.88926	13.5157	8.93044	8.77816	11.9531	6.2482	7.69204	6
9.99558	14.176	21.5532	17.7558	0	14.567	15.7545	26.1774	18.7751	14.1899	8.75865	9.97573	11.5076	26.4916	12.066
7.04524	23.7738	9.1526	2.96985	14.567	0	12.8042	5.58704	14.2865	13.5622	5.80831	12.0859	9.21805	6.10629	4.92704
8.23282	15.5312	19.7904	11.6818	15.7545	12.8042	0	18.4853	11.3678	8.11584	6.99588	17.1682	5.4336	21.2624	10.3032
17.4689	23.0009	4.84908	5.88926	26.1774	5.58704	18.4853	0	11.0471	9.25865	3.96733	9.93699	12.1375	1.80278	0.66
2.3914	23.9983	20.2146	13.5157	18.7751	14.2865	11.3678	11.0471	0	9.94973	3.62833	19.0021	7.2675	14.2479	10.3871
9.88224	30.2105	10.5022	8.93044	14.1899	13.5622	8.11584	9.25865	9.94973	0	8.94911	14.4168	2.68224	7.45588	11.3167
1.23693	22.5271	12.7945	8.77816	8.75865	5.80831	6.99588	3.96733	3.62833	8.94911	0	12.5843	8.43693	7.16813	3.30733
18.9346	24.1518	23.6211	11.9531	9.97573	12.0859	17.1682	9.93699	19.0021	14.4168	12.5843	0	11.7346	13.1378	9.27699
7.2	20.9648	21.5134	6.2482	11.5076	9.21805	5.4336	12.1375	7.2675	2.68224	8.43693	11.7346	0	10.1381	12.2482
15.6661	22.7546	3.04631	7.69204	26.4916	6.10629	21.2624	1.80278	14.2479	7.45588	7.16813	13.1378	10.1381	0	2.46278
4.54426	23.6609	6.90711	6	12.066	4.92704	10.3032	0.66	10.3871	11.3167	3.30733	9.27699	12.2482	2.46278	0
														
0	15.911	17.5976	6.94882	35.4158	4.43152	6.51527	12.5902	4.74157	17.0934	5.48373	17.9996	12.6697	16.0482	6.68215
15.911	0	15.2026	12.0378	10.9864	11.3884	8.39524	10.1678	10.1689	20.1359	22.6561	15.3225	18.6209	9.47012	9.1378
17.5976	15.2026	0	5.4124	19.811	7.9297	12.8402	7.67729	20.4968	13.5831	23.0813	11.9323	16.1304	8.25949	6.64729
6.94882	12.0378	5.4124	0	16.7389	2.5173	6.9082	3.93	16.0454	18.1049	16.8998	6.51988	11.3441	3.9644	2.9
35.4158	10.9864	19.811	16.7389	0	23.7871	19.3817	25.0185	34.8193	33.3941	30.2572	10.219	15.0433	19.3677	16.4037
4.43152	11.3884	7.9297	2.5173	23.7871	0	4.3909	3.28062	6.1646	16.1316	9.91525	8.43528	11.7338	3.86283	2.25062
6.51527	8.39524	12.8402	6.9082	19.3817	4.3909	0	7.22294	1.7737	11.7407	8.78298	12.3776	9.70187	7.80514	6.19294
12.5902	10.1678	7.67729	3.93	25.0185	3.28062	7.22294	0	7.8486	20.0175	14.8579	7.21466	10.5131	2.6422	1.03
4.74157	10.1689	20.4968	16.0454	34.8193	6.1646	1.7737	7.8486	0	13.5144	7.00928	12.7524	7.92818	13.7256	7.96664
17.0934	20.1359	13.5831	18.1049	33.3941	16.1316	11.7407	20.0175	13.5144	0	11.6097	13.9205	9.09628	14.1405	15.7527
5.48373	22.6561	23.0813	16.8998	30.2572	9.91525	8.78298	14.8579	7.00928	11.6097	0	24.5916	14.9375	21.5319	16.6331
17.9996	15.3225	11.9323	6.51988	10.219	8.43528	12.3776	7.21466	12.7524	13.9205	24.5916	0	4.82421	7.79686	6.18466
12.6697	18.6209	16.1304	11.3441	15.0433	11.7338	9.70187	10.5131	7.92818	9.09628	14.9375	4.82421	0	11.0953	9.48314
16.0482	9.47012	8.25949	3.9644	19.3677	3.86283	7.80514	2.6422	13.7256	14.1405	21.5319	7.79686	11.0953	0	1.6122
6.68215	9.1378	6.64729	2.9	16.4037	2.25062	6.19294	1.03	7.96664	15.7527	16.6331	6.18466	9.48314	1.6122	0
														
0	14.712	13.1811	5.75389	20.4212	4.94422	3.80938	8.12574	5.48373	3.1	1.07201	18.0561	5.78224	19.3345	13.3852
14.712	0	17.2284	14.3544	13.1128	12.4302	11.5626	5.71265	21.7032	17.0781	12.7664	16.7174	21.0789	8.9937	6.24265
13.1811	17.2284	0	12.4623	25.3968	12.8021	10.85	11.1423	14.5037	14.4585	12.1091	13.0734	11.7762	10.2051	10.6123
5.75389	14.3544	12.4623	0	16.6344	2.03647	9.39065	2.38	14.0826	11.7112	4.68188	11.842	12.1208	3.08037	1.85
20.4212	13.1128	25.3968	16.6344	0	16.9742	24.2305	15.3144	25.9049	23.5212	21.4932	30.5959	29.0091	16.0148	14.7844
4.94422	12.4302	12.8021	2.03647	16.9742	0	8.58098	2.71979	13.2729	9.67471	3.87221	9.80551	11.3111	3.42016	2.18979
3.80938	11.5626	10.85	9.39065	24.2305	8.58098	0	5.84992	9.11035	6.90938	4.70877	13.4548	8.89134	9.13097	6.37992
8.12574	5.71265	11.1423	2.38	15.3144	2.71979	5.84992	0	14.9603	11.3655	7.05374	7.96615	14.0477	1.76037	0.53
5.48373	21.7032	14.5037	14.0826	25.9049	13.2729	9.11035	14.9603	0	8.58373	6.55574	26.3848	16.8396	20.387	17.6359
3.1	17.0781	14.4585	11.7112	23.5212	9.67471	6.90938	11.3655	8.58373	0	4.17201	7.24568	2.68224	14.6465	11.8645
1.07201	12.7664	12.1091	4.68188	21.4932	3.87221	4.70877	7.05374	6.55574	4.17201	0	12.0023	7.4389	10.3348	6.062
18.0561	16.7174	13.0734	11.842	30.5959	9.80551	13.4548	7.96615	26.3848	7.24568	12.0023	0	4.56344	4.68509	5.91546
5.78224	21.0789	11.7762	12.1208	29.0091	11.3111	8.89134	14.0477	16.8396	2.68224	7.4389	4.56344	0	9.24854	14.2247
19.3345	8.9937	10.2051	3.08037	16.0148	3.42016	9.13097	1.76037	20.387	14.6465	10.3348	4.68509	9.24854	0	1.23037
13.3852	6.24265	10.6123	1.85	14.7844	2.18979	6.37992	0.53	17.6359	11.8645	6.062	5.91546	14.2247	1.23037	0
														
0	13.491	6.09148	5.76888	17.0176	8.85187	11.6341	3.89841	6.92682	8.3	1.36062	8.07262	17.3146	6.43164	4.39841
13.491	0	7.39949	12.4416	21.4413	15.5246	12.6568	7.23311	11.8845	19.4245	17.8578	9.70175	24.4625	10.0424	6.73311
6.09148	7.39949	0	9.02067	23.1091	7.34831	15.589	8.83911	13.0183	14.3915	7.4521	14.9972	20.3697	2.81784	6.1271
5.76888	12.4416	9.02067	0	16.4389	3.08299	9.23025	6.7639	12.6957	7.02	7.12951	5.97655	16.829	6.26929	6.7
17.0176	21.4413	23.1091	16.4389	0	25.8547	25.9883	14.6366	23.9445	25.3176	18.3783	10.4624	25.9781	23.3738	13.431
8.85187	15.5246	7.34831	3.08299	25.8547	0	6.14726	9.84689	16.65	10.103	9.60149	9.05954	11.8278	4.53047	7.83973
11.6341	12.6568	15.589	9.23025	25.9883	6.14726	0	6.42368	12.2546	12.5412	12.9947	8.89232	5.68058	9.23294	5.92368
3.89841	7.23311	8.83911	6.7639	14.6366	9.84689	6.42368	0	10.8252	10.6696	5.25903	3.46864	14.1246	3.80926	0.5
6.92682	11.8845	13.0183	12.6957	23.9445	16.65	12.2546	10.8252	0	7.54	8.28744	29.7819	17.9352	19.2545	18.1783
8.3	19.4245	14.3915	7.02	25.3176	10.103	12.5412	10.6696	7.54	0	9.66062	12.9966	16.4433	12.3408	11.1696
1.36062	17.8578	7.4521	7.12951	18.3783	9.60149	12.9947	5.25903	8.28744	9.66062	0	14.0933	22.094	5.07102	8.38028
8.07262	9.70175	14.9972	5.97655	10.4624	9.05954	8.89232	3.46864	29.7819	12.9966	14.0933	0	15.5157	6.2779	2.96864
17.3146	24.4625	20.3697	16.829	25.9781	11.8278	5.68058	14.1246	17.9352	16.4433	22.094	15.5157	0	18.2765	11.6043
6.43164	10.0424	2.81784	6.26929	23.3738	4.53047	9.23294	3.80926	19.2545	12.3408	5.07102	6.2779	18.2765	0	3.30926
4.39841	6.73311	6.1271	6.7	13.431	7.83973	5.92368	0.5	18.1783	11.1696	8.38028	2.96864	11.6043	3.30926	0
														
0	12.0823	9.92541	13.0136	23.8575	5.30502	10.6045	7.52998	5.07142	13.8151	3.09233	4.4942	13.0577	7.25989	11.1631
12.0823	0	10.7419	9.24342	7.08802	4.85996	11.4463	8.51342	15.1747	14.8867	7.07265	12.1571	16.1704	10.7967	6.89342
9.92541	10.7419	0	6.19843	14.4087	13.837	20.4233	5.46843	16.9285	11.8417	14.9664	7.35061	13.1254	2.66552	3.84843
13.0136	9.24342	6.19843	0	12.9103	4.41235	10.9987	3.0904	15.4301	10.3433	6.62504	6.12619	11.627	6.25323	2.35
23.8575	7.08802	14.4087	12.9103	0	11.948	28.8249	12.1803	23.6404	17.0704	16.078	21.9401	19.8373	14.4635	10.5603
5.30502	4.85996	13.837	4.41235	11.948	0	6.58635	7.50275	8.39735	12.9355	2.21269	7.29712	12.0199	11.9822	6.76235
10.6045	11.4463	20.4233	10.9987	28.8249	6.58635	0	13.303	11.3678	12.664	8.79904	10.2672	5.4336	14.9523	14.7106
7.52998	8.51342	5.46843	3.0904	12.1803	7.50275	13.303	0	11.3646	9.6133	8.81717	3.03579	10.897	4.79538	1.62
5.07142	15.1747	16.9285	15.4301	23.6404	8.39735	11.3678	11.3646	0	14.69	6.18466	8.32882	16.15	12.3313	13.0801
13.8151	14.8867	11.8417	10.3433	17.0704	12.9355	12.664	9.6133	14.69	0	10.7228	19.0942	7.23038	11.8965	7.9933
3.09233	7.07265	14.9664	6.62504	16.078	2.21269	8.79904	8.81717	6.18466	10.7228	0	7.58653	9.96532	10.3522	10.4372
4.4942	12.1571	7.35061	6.12619	21.9401	7.29712	10.2672	3.03579	8.32882	19.0942	7.58653	0	15.7008	4.68509	4.65579
13.0577	16.1704	13.1254	11.627	19.8373	12.0199	5.4336	10.897	16.15	7.23038	9.96532	15.7008	0	13.1802	9.27699
7.25989	10.7967	2.66552	6.25323	14.4635	11.9822	14.9523	4.79538	12.3313	11.8965	10.3522	4.68509	13.1802	0	3.90323
11.1631	6.89342	3.84843	2.35	10.5603	6.76235	14.7106	1.62	13.0801	7.9933	10.4372	4.65579	9.27699	3.90323	0
														
0	11.8751	5.41465	7.99143	14.1195	5.24786	3.60347	7.47759	1.11324	8.27305	2.76248	10.1247	13.3705	7.59825	6.53759
11.8751	0	10.0458	9.37079	11.3408	6.62722	9.23476	8.89009	9.08924	13.4061	7.44	4.60435	14.7499	5.39271	6.45337
5.41465	10.0458	0	6.16213	8.70483	3.41855	9.01812	8.86327	6.52789	13.577	11.6818	12.2169	11.5412	7.08267	8.14333
7.99143	9.37079	6.16213	0	14.1476	2.74357	15.8296	5.48109	6.09703	10.4139	4.44779	7.33486	10.8662	7.19124	6.42109
14.1195	11.3408	8.70483	14.1476	0	12.1234	20.079	11.7643	21.4038	17.4854	18.7808	6.81269	21.9016	11.885	10.3998
5.24786	6.62722	3.41855	2.74357	12.1234	0	8.85133	5.44472	6.3611	10.1584	7.19136	9.974	8.12266	7.44756	6.38472
3.60347	9.23476	9.01812	15.8296	20.079	8.85133	0	18.664	4.71671	4.66958	9.87059	13.8391	13.2994	14.6275	10.1411
7.47759	8.89009	8.86327	5.48109	11.7643	5.44472	18.664	0	6.13798	7.60108	4.48874	4.5271	12.8406	2.00066	0.94
1.11324	9.08924	6.52789	6.09703	21.4038	6.3611	4.71671	6.13798	0	7.61531	1.64924	14.1666	13.5796	11.6401	7.65083
8.27305	13.4061	13.577	10.4139	17.4854	10.1584	4.66958	7.60108	7.61531	0	5.96607	10.2482	8.62981	7.72174	6.66108
2.76248	7.44	11.6818	4.44779	18.7808	7.19136	9.87059	4.48874	1.64924	5.96607	0	11.7826	11.9303	7.98613	5.42874
10.1247	4.60435	12.2169	7.33486	6.81269	9.974	13.8391	4.5271	14.1666	10.2482	11.7826	0	19.4272	4.64776	3.5871
13.3705	14.7499	11.5412	10.8662	21.9016	8.12266	13.2994	12.8406	13.5796	8.62981	11.9303	19.4272	0	16.3379	13.7806
7.59825	5.39271	7.08267	7.19124	11.885	7.44756	14.6275	2.00066	11.6401	7.72174	7.98613	4.64776	16.3379	0	1.06066
6.53759	6.45337	8.14333	6.42109	10.3998	6.38472	10.1411	0.94	7.65083	6.66108	5.42874	3.5871	13.7806	1.06066	0
														
0	22.5743	18.01	6.83181	13.2217	8.66583	7.45883	5.75181	3.66956	2.2	1.56678	8.50044	13.4971	9.18048	5.53181
22.5743	0	13.4995	11.0139	7.44242	16.0485	32.1493	12.6643	16.9945	24.7743	24.1411	14.7266	25.4978	9.99624	12.3139
18.01	13.4995	0	10.4179	13.2073	14.8137	22.01	6.17136	17.0757	24.3879	21.9128	15.4469	21.3245	3.50326	7.15193
6.83181	11.0139	10.4179	0	12.6523	5.0346	10.3352	1.52	6.54597	14.4348	12.1336	3.71271	15.5247	4.94867	1.3
13.2217	7.44242	13.2073	12.6523	0	19.661	13.3414	11.5723	9.55211	26.3221	17.4685	14.321	24.3073	13.6097	11.3523
8.66583	16.0485	14.8137	5.0346	19.661	0	13.8259	6.22254	10.1089	11.996	7.09905	2.73642	19.0294	8.89065	5.70506
7.45883	32.1493	22.01	10.3352	13.3414	13.8259	0	15.837	3.78926	11.7749	6.72681	13.8848	14.8189	17.3617	15.1067
5.75181	12.6643	6.17136	1.52	11.5723	6.22254	15.837	0	14.2428	18.3252	12.0234	3.18864	14.4447	2.66811	0.22
3.66956	16.9945	17.0757	6.54597	9.55211	10.1089	3.78926	14.2428	0	5.86956	5.23634	10.0955	14.7552	13.4606	7.84597
2.2	24.7743	24.3879	14.4348	26.3221	11.996	11.7749	18.3252	5.86956	0	3.76678	10.7221	19.8252	21.305	7.73181
1.56678	24.1411	21.9128	12.1336	17.4685	7.09905	6.72681	12.0234	5.23634	3.76678	0	9.83547	11.9303	14.6915	7.09859
8.50044	14.7266	15.4469	3.71271	14.321	2.73642	13.8848	3.18864	10.0955	10.7221	9.83547	0	17.1934	6.61731	2.96864
13.4971	25.4978	21.3245	15.5247	24.3073	19.0294	14.8189	14.4447	14.7552	19.8252	11.9303	17.1934	0	17.8734	14.2247
9.18048	9.99624	3.50326	4.94867	13.6097	8.89065	17.3617	2.66811	13.4606	21.305	14.6915	6.61731	17.8734	0	2.88811
5.53181	12.3139	7.15193	1.3	11.3523	5.70506	15.1067	0.22	7.84597	7.73181	7.09859	2.96864	14.2247	2.88811	0
														
0	25.9696	16.7396	9.8071	22.1229	10.0211	4.39225	11.3418	1.7317	4.7	4.28803	16.5081	12.6301	8.20469	8.46409
25.9696	0	3.76701	13.8377	21.5658	14.6619	20.076	11.9434	18.1791	15.8066	23.4157	7.13674	20.7959	10.3927	15.2297
16.7396	3.76701	0	13.3565	21.0302	14.1807	14.9956	8.104	13.0987	12.0396	13.8939	6.65552	19.9697	6.62572	11.9539
9.8071	13.8377	13.3565	0	14.4862	3.25269	11.1142	3.20702	11.5388	8.57378	10.2608	6.70099	13.7162	4.6853	3.75702
22.1229	21.5658	21.0302	14.4862	0	13.3922	18.9913	6.88618	13.0686	26.3242	22.4212	15.1184	11.9024	13.082	6.33618
10.0211	14.6619	14.1807	3.25269	13.3922	0	12.2945	6.45971	13.277	5.32109	7.17541	7.52516	12.6222	9.32716	7.056
4.39225	20.076	14.9956	11.1142	18.9913	12.2945	0	9.84818	2.66055	12.1505	11.301	12.0857	18.2213	8.3699	9.39293
11.3418	11.9434	8.104	3.20702	6.88618	6.45971	9.84818	0	7.28238	8.90806	7.05374	4.80666	6.11619	1.47828	0.55
1.7317	18.1791	13.0987	11.5388	13.0686	13.277	2.66055	7.28238	0	6.4317	6.01973	10.1888	12.2986	6.47299	6.73238
4.7	15.8066	12.0396	8.57378	26.3242	5.32109	12.1505	8.90806	6.4317	0	1.85432	12.8462	7.93009	15.963	12.3771
4.28803	23.4157	13.8939	10.2608	22.4212	7.17541	11.301	7.05374	6.01973	1.85432	0	11.8604	9.12318	8.53201	7.60374
16.5081	7.13674	6.65552	6.70099	15.1184	7.52516	12.0857	4.80666	10.1888	12.8462	11.8604	0	14.3484	3.71576	5.35666
12.6301	20.7959	19.9697	13.7162	11.9024	12.6222	18.2213	6.11619	12.2986	7.93009	9.12318	14.3484	0	12.312	5.56619
8.20469	10.3927	6.62572	4.6853	13.082	9.32716	8.3699	1.47828	6.47299	15.963	8.53201	3.71576	12.312	0	2.02828
8.46409	15.2297	11.9539	3.75702	6.33618	7.056	9.39293	0.55	6.73238	12.3771	7.60374	5.35666	5.56619	2.02828	0
														
0	24.6037	12.7542	8.1165	20.3616	8.6915	7.69333	8.50562	3.33972	5.93972	6.47328	9.98191	5.94	11.463	9.02562
24.6037	0	15.1731	16.6759	11.6952	18.03	28.0754	8.69592	21.256	13.2828	14.6402	19.6794	30.9984	12.5034	8.17592
12.7542	15.1731	0	6.40598	19.1038	12.0974	20.46	4.24853	10.9351	8.33509	10.4313	15.4503	19.4922	8.93575	4.76853
8.1165	16.6759	6.40598	0	10.9894	2.80014	9.13041	2.15745	4.77679	7.37679	8.14748	9.52718	7.96645	4.8684	2.67745
20.3616	11.6952	19.1038	10.9894	0	10.9669	16.3802	13.1469	15.7662	23.1966	18.011	15.684	18.9559	8.89865	13.2261
8.6915	18.03	12.0974	2.80014	10.9669	0	9.7054	4.9576	5.35178	7.44352	5.34734	6.72704	10.7666	2.06826	6.39575
7.69333	28.0754	20.46	9.13041	16.3802	9.7054	0	16.5205	4.35362	6.95362	9.46627	9.72249	5.68058	11.8333	16.1608
8.50562	8.69592	4.24853	2.15745	13.1469	4.9576	16.5205	0	6.93424	5.62683	6.98432	11.4725	10.1239	4.68722	0.52
3.33972	21.256	10.9351	4.77679	15.7662	5.35178	4.35362	6.93424	0	2.6	4.69619	8.82793	9.27972	7.42004	7.70683
5.93972	13.2828	8.33509	7.37679	23.1966	7.44352	6.95362	5.62683	2.6	0	2.09619	5.81147	12.0118	9.43432	5.10683
6.47328	14.6402	10.4313	8.14748	18.011	5.34734	9.46627	6.98432	4.69619	2.09619	0	3.71528	7.75718	7.4156	6.46432
9.98191	19.6794	15.4503	9.52718	15.684	6.72704	9.72249	11.4725	8.82793	5.81147	3.71528	0	4.04191	6.78531	10.1796
5.94	30.9984	19.4922	7.96645	18.9559	10.7666	5.68058	10.1239	9.27972	12.0118	7.75718	4.04191	0	10.8272	15.5454
11.463	12.5034	8.93575	4.8684	8.89865	2.06826	11.8333	4.68722	7.42004	9.43432	7.4156	6.78531	10.8272	0	4.32749
9.02562	8.17592	4.76853	2.67745	13.2261	6.39575	16.1608	0.52	7.70683	5.10683	6.46432	10.1796	15.5454	4.32749	0
														
0	18.4544	11.0549	4.47088	15.0065	7.66701	8.54537	7.44467	1.36062	8.35227	5.77235	15.7468	14.1937	14.9019	10.5209
18.4544	0	7.39949	10.0394	27.9691	9.0572	23.8295	7.06565	18.3354	17.0394	19.57	15.0346	14.993	9.98615	8.19565
11.0549	7.39949	0	10.9888	21.7264	7.81383	16.43	9.06009	12.4155	25.5144	16.8273	23.5096	13.7496	10.306	7.93009
4.47088	10.0394	10.9888	0	22.2521	3.19612	13.0163	2.97379	5.83151	10.188	7.60805	10.9427	9.13191	5.89428	4.10379
15.0065	27.9691	21.7264	22.2521	0	17.4434	25.578	12.0809	13.6459	28.7673	19.929	16.4622	11.5076	9.16038	11.5363
7.66701	9.0572	7.81383	3.19612	17.4434	0	22.0586	4.31335	10.5549	14.2871	10.8042	10.8904	5.93579	7.23385	5.44335
8.54537	23.8295	16.43	13.0163	25.578	22.0586	0	19.9038	9.906	9.97942	7.39949	26.3183	15.8209	23.4473	23.1369
7.44467	7.06565	9.06009	2.97379	12.0809	4.31335	19.9038	0	11.2698	9.97378	10.5818	7.96894	10.2491	2.9205	1.13
1.36062	18.3354	12.4155	5.83151	13.6459	10.5549	9.906	11.2698	0	10.9911	7.13297	14.3861	16.4907	14.1903	12.3998
8.35227	17.0394	25.5144	10.188	28.7673	14.2871	9.97942	9.97378	10.9911	0	2.57992	17.9427	11.0013	12.8943	11.1038
5.77235	19.57	16.8273	7.60805	19.929	10.8042	7.39949	10.5818	7.13297	2.57992	0	13.376	8.4214	15.4248	13.6344
15.7468	15.0346	23.5096	10.9427	16.4622	10.8904	26.3183	7.96894	14.3861	17.9427	13.376	0	4.95459	10.8894	9.09894
14.1937	14.993	13.7496	9.13191	11.5076	5.93579	15.8209	10.2491	16.4907	11.0013	8.4214	4.95459	0	14.3329	11.957
14.9019	9.98615	10.306	5.89428	9.16038	7.23385	23.4473	2.9205	14.1903	12.8943	15.4248	10.8894	14.3329	0	2.37588
10.5209	8.19565	7.93009	4.10379	11.5363	5.44335	23.1369	1.13	12.3998	11.1038	13.6344	9.09894	11.957	2.37588	0
														
0	12.2546	6.19519	3.31711	17.7357	4.47676	10.6322	6.87399	1.36062	6.1	4.32926	15.8746	4.14	14.2884	8.91711
12.2546	0	9.14846	7.34506	17.0771	6.1854	20.1486	8.11798	13.6153	13.7556	17.8673	8.74826	16.3946	12.5528	9.56798
6.19519	9.14846	0	16.4025	18.01	15.3339	14.1062	14.8612	4.83456	14.8446	7.8032	17.8967	10.5605	11.576	13.4112
3.31711	7.34506	16.4025	0	11.9362	1.15966	14.6423	3.55688	4.67773	9.41711	9.13069	6.97455	7.45711	7.99171	5.00688
17.7357	17.0771	18.01	11.9362	0	13.3922	23.3353	7.78618	16.3751	14.3295	15.1286	15.9842	22.101	9.13632	6.33618
4.47676	6.1854	15.3339	1.15966	13.3922	0	16.0268	4.71654	14.3053	11.1259	13.5666	5.81489	10.7781	7.7806	6.75966
10.6322	20.1486	14.1062	14.6423	23.3353	16.0268	0	18.3855	9.2716	12.3185	8.20671	21.8417	14.9975	16.7398	19.54
6.87399	8.11798	14.8612	3.55688	7.78618	4.71654	18.3855	0	16.1142	9.4433	12.8753	5.43912	17.1737	4.25014	1.45
1.36062	13.6153	4.83456	4.67773	16.3751	14.3053	9.2716	16.1142	0	7.08039	2.96864	17.4605	5.50062	16.4105	14.3939
6.1	13.7556	14.8446	9.41711	14.3295	11.1259	12.3185	9.4433	7.08039	0	4.11175	15.9328	4.19829	10.7934	7.9933
4.32926	17.8673	7.8032	9.13069	15.1286	13.5666	8.20671	12.8753	2.96864	4.11175	0	18.5847	8.31004	14.2254	11.4253
15.8746	8.74826	17.8967	6.97455	15.9842	5.81489	21.8417	5.43912	17.4605	15.9328	18.5847	0	11.7346	9.87395	6.88912
4.14	16.3946	10.5605	7.45711	22.101	10.7781	14.9975	17.1737	5.50062	4.19829	8.31004	11.7346	0	15.2536	12.1916
14.2884	12.5528	11.576	7.99171	9.13632	7.7806	16.7398	4.25014	16.4105	10.7934	14.2254	9.87395	15.2536	0	2.80014
8.91711	9.56798	13.4112	5.00688	6.33618	6.75966	19.54	1.45	14.3939	7.9933	11.4253	6.88912	12.1916	2.80014	0
														
0	14.042	12.2229	12.7892	22.5484	9.97753	9.68131	8.5326	2.10278	5.74278	6.96805	7.06231	5.76	7.45094	8.25811
14.042	0	23.0251	11.4218	17.0112	12.0504	12.445	17.4386	11.282	7.64199	11.915	8.28782	13.1231	16.8358	18.6086
12.2229	23.0251	0	15.0891	27.6934	11.558	15.6142	8.69744	15.3682	9.52788	5.25488	14.7372	10.3077	7.61577	9.2129
12.7892	11.4218	15.0891	0	26.4805	4.75176	21.543	9.17	14.1553	12.5103	12.0821	8.51434	7.02922	8.1132	7.36735
22.5484	17.0112	27.6934	26.4805	0	21.0961	36.3445	19.6505	24.6359	24.6532	24.3435	18.4916	28.3084	24.3778	18.4805
9.97753	12.0504	11.558	4.75176	21.0961	0	13.0265	3.78559	8.77091	8.2235	8.47857	3.76258	4.21753	8.51286	2.61559
9.68131	12.445	15.6142	21.543	36.3445	13.0265	0	21.2713	7.57852	4.803	9.076	19.4408	10.2841	21.2471	13.7338
8.5326	17.4386	8.69744	9.17	19.6505	3.78559	21.2713	0	7.32532	16.4683	7.03299	12.3893	12.8442	1.08167	1.17
2.10278	11.282	15.3682	14.1553	24.6359	8.77091	7.57852	7.32532	0	3.64	7.913	9.16509	7.86278	9.55372	6.15532
5.74278	7.64199	9.52788	12.5103	24.6532	8.2235	4.803	16.4683	3.64	0	4.273	11.9861	5.48109	13.8509	9.79532
6.96805	11.915	5.25488	12.0821	24.3435	8.47857	9.076	7.03299	7.913	4.273	0	14.0304	5.05284	11.5909	5.86299
7.06231	8.28782	14.7372	8.51434	18.4916	3.76258	19.4408	12.3893	9.16509	11.9861	14.0304	0	7.98011	12.3311	6.37817
5.76	13.1231	10.3077	7.02922	28.3084	4.21753	10.2841	12.8442	7.86278	5.48109	5.05284	7.98011	0	12.786	6.83312
7.45094	16.8358	7.61577	8.1132	24.3778	8.51286	21.2471	1.08167	9.55372	13.8509	11.5909	12.3311	12.786	0	2.25167
8.25811	18.6086	9.2129	7.36735	18.4805	2.61559	13.7338	1.17	6.15532	9.79532	5.86299	6.37817	6.83312	2.25167	0
														
-111
