20
5
3
5
20

6	7
19	44
37	23
35	6
5	8

20	35
8	31
29	43
18	39
19	47
31	24
38	50
33	21
2	27
1	12
26	20
20	33
15	46
20	26
17	19
15	12
5	30
13	40
38	5
9	40

70

1.79769e+308
1.79769e+308
1.79769e+308
1.79769e+308
1.79769e+308

17
18
13
19
12
18
13
13
17
20
16
18
15
11
18
16
15
15
15
16

0
0
0
0
0

0

0	8.79771	6.08725	7.38219	0.754954	8.70839	6.76595	7.88868	8.4236	6.77583	4.7769	7.02519	3.70132	7.58858	6.52325	4.89201	7.03247	7.80527	7.45887	2.37817	7.96496	6.10108	7.24755	8.23578	10.2577	
8.79771	0	6.84936	9.04346	7.79675	3.95444	6.69853	2.4541	2.98366	2.02188	7.57893	8.82925	11.9865	4.97748	2.86288	6.38438	3.04173	3.39177	3.1969	7.06274	7.27477	4.2417	1.30415	8.87451	2.06262	
6.08725	6.84936	0	4.51263	12.0378	7.00295	4.28465	7.5552	5.27697	6.44421	2.43037	5.7098	2.38593	7.90186	1.39122	2.40031	3.7521	7.63283	4.20828	2.94779	3.17148	4.94952	2.94995	8.16783	5.71042	
7.38219	9.04346	4.51263	0	12.1807	6.34907	10.851	12.25	5.51304	9.07868	2.89505	7.00474	3.68087	16.0015	6.5028	2.11232	3.49389	7.08589	3.9203	2.6598	4.42639	7.99117	5.90174	4.69991	5.05653	
0.754954	7.79675	12.0378	12.1807	0	9.99291	11.9906	9.52875	5.70229	7.53078	2.21965	9.26491	4.45627	8.34354	8.05133	2.17069	5.99552	7.05031	8.47209	1.62321	9.98002	4.41726	6.4926	7.48082	8.90464	
8.70839	3.95444	7.00295	6.34907	9.99291	0	3.43622	4.55895	3.83914	1.93256	5.50406	4.62006	7.90922	4.37461	5.05904	4.2348	4.62467	4.86524	2.42682	5.5654	5.09659	2.77135	3.50031	4.66532	3.0419	
6.76595	6.69853	4.28465	10.851	11.9906	3.43622	0	2.45246	7.02431	6.57281	3.39758	2.35416	5.67803	2.26812	5.67587	6.54371	7.2356	4.56876	5.7702	3.45891	10.0705	0.664867	5.49802	17.2653	4.63591	
7.88868	2.4541	7.5552	12.25	9.52875	4.55895	2.45246	0	5.43777	3.27422	4.5203	8.3474	6.2004	3.39085	4.59488	5.90755	4.77373	5.12377	5.01564	4.58164	4.99665	1.78759	3.03615	11.4514	4.51672	
8.4236	2.98366	5.27697	5.51304	5.70229	3.83914	7.02431	5.43777	0	4.86872	4.18344	3.2407	5.7739	7.23802	3.88575	3.40072	2.17661	1.0261	4.70991	3.94819	5.66601	6.6105	3.11371	8.50446	5.04628	
6.77583	2.02188	6.44421	9.07868	7.53078	1.93256	6.57281	3.27422	4.86872	0	8.39905	6.55262	10.4771	2.9556	12.4546	4.07368	2.69211	5.74041	4.35938	7.06442	7.02915	4.55885	3.32603	6.59788	4.0845	
4.7769	7.57893	2.43037	2.89505	2.21965	5.50406	3.39758	4.5203	4.18344	8.39905	0	4.39945	1.07558	4.33596	3.82159	0.782724	2.16429	7.1227	2.5907	0.596441	3.09679	2.73271	7.61948	6.85748	6.88936	
7.02519	8.82925	5.7098	7.00474	9.26491	4.62006	2.35416	8.3474	3.2407	6.55262	4.39945	0	3.32387	5.97137	6.1458	5.69706	8.55571	2.2146	7.04688	9.60867	9.71665	3.01903	4.30222	9.10577	6.99008	
3.70132	11.9865	2.38593	3.68087	4.45627	7.90922	5.67803	6.2004	5.7739	10.4771	1.07558	3.32387	0	11.2899	2.82193	1.8583	3.75475	5.53847	4.18116	1.67202	4.60219	3.80829	4.38066	5.7819	6.61668	
7.58858	4.97748	7.90186	16.0015	8.34354	4.37461	2.26812	3.39085	7.23802	2.9556	4.33596	5.97137	11.2899	0	9.06408	6.44297	5.0614	8.04505	4.43983	4.3973	7.28382	1.60325	5.71759	11.1328	3.30555	
6.52325	2.86288	1.39122	6.5028	8.05133	5.05904	5.67587	4.59488	3.88575	12.4546	3.82159	6.1458	2.82193	9.06408	0	3.79152	3.2963	3.64635	3.53822	7.32622	1.78026	9.46248	1.55873	8.60383	3.97077	
4.89201	6.38438	2.40031	2.11232	2.17069	4.2348	6.54371	5.90755	3.40072	4.07368	0.782724	5.69706	1.8583	6.44297	3.79152	0	1.38157	4.42681	1.80797	0.54748	2.31406	3.34153	3.11914	6.81223	2.94226	
7.03247	3.04173	3.7521	3.49389	5.99552	4.62467	7.2356	4.77373	2.17661	2.69211	2.16429	8.55571	3.75475	5.0614	3.2963	1.38157	0	3.20271	2.5333	1.92905	3.69563	6.66466	1.73757	10.8693	3.66758	
7.80527	3.39177	7.63283	7.08589	7.05031	4.86524	4.56876	5.12377	1.0261	5.74041	7.1227	2.2146	5.53847	8.04505	3.64635	4.42681	3.20271	0	4.06711	5.10517	8.65404	6.66308	2.08762	13.9176	4.49966	
7.45887	3.1969	4.20828	3.9203	8.47209	2.42682	5.7702	5.01564	4.70991	4.35938	2.5907	7.04688	4.18116	4.43983	3.53822	1.80797	2.5333	4.06711	0	2.35545	4.12204	5.12854	1.97949	7.09214	1.13428	
2.37817	7.06274	2.94779	2.6598	1.62321	5.5654	3.45891	4.58164	3.94819	7.06442	0.596441	9.60867	1.67202	4.3973	7.32622	0.54748	1.92905	5.10517	2.35545	0	2.86154	2.79405	6.10988	6.61526	6.95069	
7.96496	7.27477	3.17148	4.42639	9.98002	5.09659	10.0705	4.99665	5.66601	7.02915	3.09679	9.71665	4.60219	7.28382	1.78026	2.31406	3.69563	8.65404	4.12204	2.86154	0	6.78424	3.33899	7.19481	8.13849	
6.10108	4.2417	4.94952	7.99117	4.41726	2.77135	0.664867	1.78759	6.6105	4.55885	2.73271	3.01903	3.80829	1.60325	9.46248	3.34153	6.66466	6.66308	5.12854	2.79405	6.78424	0	4.82375	7.43667	4.15665	
7.24755	1.30415	2.94995	5.90174	6.4926	3.50031	5.49802	3.03615	3.11371	3.32603	7.61948	4.30222	4.38066	5.71759	1.55873	3.11914	1.73757	2.08762	1.97949	6.10988	3.33899	4.82375	0	8.16562	2.41204	
8.23578	8.87451	8.16783	4.69991	7.48082	4.66532	17.2653	11.4514	8.50446	6.59788	6.85748	9.10577	5.7819	11.1328	8.60383	6.81223	10.8693	13.9176	7.09214	6.61526	7.19481	7.43667	8.16562	0	7.70722	
10.2577	2.06262	5.71042	5.05653	8.90464	3.0419	4.63591	4.51672	5.04628	4.0845	6.88936	6.99008	6.61668	3.30555	3.97077	2.94226	3.66758	4.49966	1.13428	6.95069	8.13849	4.15665	2.41204	7.70722	0	

0	5.41668	2.18935	5.05824	0.145505	2.97256	8.53148	7.89818	5.88544	5.26892	1.62191	8.58544	4.78918	4.25385	3.62371	3.72853	8.51828	7.0693	5.85713	1.45281	8.526	4.85175	9.21077	4.31737	6.92831	
5.41668	0	8.61038	5.95852	5.56218	2.89516	7.99609	8.69591	0.468767	1.10177	4.74879	5.49503	5.74269	6.46335	8.79357	10.0524	6.61121	2.34152	7.76536	3.63103	3.10932	4.67928	1.31408	5.71598	1.82431	
2.18935	8.61038	0	9.6022	6.14871	1.9181	3.63708	6.03752	4.72171	4.21446	0.567445	5.06574	1.0004	8.04989	7.86726	1.39807	4.12545	7.73226	3.588	2.54853	9.93684	5.79322	3.8764	10.6969	3.13953	
5.05824	5.95852	9.6022	0	4.91274	7.91615	8.98791	9.68773	5.48975	8.99868	10.06	13.6231	10.1474	12.9814	12.5675	10.8929	11.7825	9.69235	10.0574	6.22004	14.285	9.70027	5.7258	2.89927	6.45193	
0.145505	5.56218	6.14871	4.91274	0	3.8742	8.67698	7.04226	6.3006	3.83656	1.76741	10.2411	4.93469	4.39936	3.76922	2.45776	5.97964	6.90992	6.22279	1.30731	11.2576	8.6666	10.5973	4.46288	8.31486	
2.97256	2.89516	1.9181	7.91615	3.8742	0	3.82407	3.16806	2.4264	4.27547	1.35066	3.22163	5.94795	10.6667	6.91265	3.45728	2.10545	3.03572	2.34859	5.1815	12.4788	5.01536	3.27171	9.50674	3.78194	
8.53148	7.99609	3.63708	8.98791	8.67698	3.82407	0	2.40044	4.10742	8.29601	4.20452	2.8348	4.63748	6.70439	9.42809	5.03514	1.71862	5.32543	3.18606	8.47848	6.29976	4.62854	3.26211	11.3111	3.98823	
7.89818	8.69591	6.03752	9.68773	7.04226	3.16806	2.40044	0	4.80724	7.78113	4.51872	5.44456	7.80239	9.10484	10.8036	7.16385	4.11907	6.20378	5.51666	8.31431	8.70021	7.2383	3.96192	12.0109	4.68805	
5.88544	0.468767	4.72171	5.48975	6.3006	2.4264	4.10742	4.80724	0	1.57054	3.77705	5.9638	3.49467	4.21533	7.46924	7.80434	4.53184	4.2026	4.77499	6.03818	3.57809	4.21052	0.845315	6.18475	1.35554	
5.26892	1.10177	4.21446	8.99868	3.83656	4.27547	8.29601	7.78113	1.57054	0	3.64701	6.5968	6.28339	5.73774	5.55511	3.67971	4.84655	1.23974	7.88224	2.52925	4.2111	7.71944	4.35424	6.81775	4.70533	
1.62191	4.74879	0.567445	10.06	1.76741	1.35066	4.20452	4.51872	3.77705	3.64701	0	6.96353	1.56785	5.82367	5.24562	1.96551	3.4561	4.38638	3.69925	3.25708	12.658	5.22578	4.44384	5.93928	6.73642	
8.58544	5.49503	5.06574	13.6231	10.2411	3.22163	2.8348	5.44456	5.9638	6.5968	6.96353	0	4.06533	16.1347	10.6157	6.97086	1.11618	4.72299	2.58362	12.4227	8.60435	4.0261	8.48692	11.211	6.20446	
4.78918	5.74269	1.0004	10.1474	4.93469	5.94795	4.63748	7.80239	3.49467	6.28339	1.56785	4.06533	0	4.99892	6.94126	2.39847	5.12585	7.52313	4.5884	4.05598	11.7017	5.75333	2.86526	9.10656	2.13913	
4.25385	6.46335	8.04989	12.9814	4.39936	10.6667	6.70439	9.10484	4.21533	5.73774	5.82367	16.1347	4.99892	0	3.85662	4.35895	3.50782	12.8887	10.7607	3.20849	11.0015	0.597898	3.58592	8.57122	2.85979	
3.62371	8.79357	7.86726	12.5675	3.76922	6.91265	9.42809	10.8036	7.46924	5.55511	5.24562	10.6157	6.94126	3.85662	0	4.17631	6.03149	11.0252	4.56405	3.02586	16.6241	3.25872	6.84169	7.94108	6.87292	
3.72853	10.0524	1.39807	10.8929	2.45776	3.45728	5.03514	7.16385	7.80434	3.67971	1.96551	6.97086	2.39847	4.35895	4.17631	0	5.52352	10.5599	4.98607	1.15046	14.7487	7.3324	5.27446	9.29885	5.04466	
8.51828	6.61121	4.12545	11.7825	5.97964	2.10545	1.71862	4.11907	4.53184	4.84655	3.4561	1.11618	5.12585	3.50782	6.03149	5.52352	0	3.60681	1.46744	8.96685	8.01839	2.90992	4.98073	8.62558	6.39546	
7.0693	2.34152	7.73226	9.69235	6.90992	3.03572	5.32543	6.20378	4.2026	1.23974	4.38638	4.72299	7.52313	12.8887	11.0252	10.5599	3.60681	0	5.07424	3.769	11.9113	6.51672	4.18355	12.2326	4.90968	
5.85713	7.76536	3.588	10.0574	6.22279	2.34859	3.18606	5.51666	4.77499	7.88224	3.69925	2.58362	4.5884	10.7607	4.56405	4.98607	1.46744	5.07424	0	7.55218	10.9531	4.37735	7.4644	7.15815	7.8629	
1.45281	3.63103	2.54853	6.22004	1.30731	5.1815	8.47848	8.31431	6.03818	2.52925	3.25708	12.4227	4.05598	3.20849	3.02586	1.15046	8.96685	3.769	7.55218	0	12.565	3.80639	7.80342	8.45708	6.06828	
8.526	3.10932	9.93684	14.285	11.2576	12.4788	6.29976	8.70021	3.57809	4.2111	12.658	8.60435	11.7017	11.0015	16.6241	14.7487	8.01839	11.9113	10.9531	12.565	0	11.419	7.84331	8.8253	6.71288	
4.85175	4.67928	5.79322	9.70027	8.6666	5.01536	4.62854	7.2383	4.21052	7.71944	5.22578	4.0261	5.75333	0.597898	3.25872	7.3324	2.90992	6.51672	4.37735	3.80639	11.419	0	4.34033	7.97524	3.45769	
9.21077	1.31408	3.8764	5.7258	10.5973	3.27171	3.26211	3.96192	0.845315	4.35424	4.44384	8.48692	2.86526	3.58592	6.84169	5.27446	4.98073	4.18355	7.4644	7.80342	7.84331	4.34033	0	8.04901	0.726127	
4.31737	5.71598	10.6969	2.89927	4.46288	9.50674	11.3111	12.0109	6.18475	6.81775	5.93928	11.211	9.10656	8.57122	7.94108	9.29885	8.62558	12.2326	7.15815	8.45708	8.8253	7.97524	8.04901	0	8.77513	
6.92831	1.82431	3.13953	6.45193	8.31486	3.78194	3.98823	4.68805	1.35554	4.70533	6.73642	6.20446	2.13913	2.85979	6.87292	5.04466	6.39546	4.90968	7.8629	6.06828	6.71288	3.45769	0.726127	8.77513	0	

0	5.99463	5.55414	9.71106	0.233332	9.38848	0.966247	4.13041	6.5771	6.41748	5.33651	13.4994	8.96375	8.44346	8.16455	3.31531	9.48653	4.48672	6.36816	4.02231	13.0266	6.78732	3.12212	7.88184	3.75771	
5.99463	0	3.5662	8.53652	8.44609	1.37445	5.02838	6.66245	0.847262	1.22955	5.46712	3.09079	6.10868	12.8049	6.72617	4.63415	2.46851	3.36424	2.08799	4.59385	10.3674	5.94427	2.37424	12.1344	2.45339	
5.55414	3.5662	0	12.0466	4.14993	7.12615	7.34378	10.769	4.41346	4.64045	1.72923	6.5017	2.91847	8.41552	12.1526	1.06795	5.98769	3.15354	2.86932	1.02765	3.72956	4.84129	6.79844	4.00038	5.82903	
9.71106	8.53652	12.0466	0	13.7223	8.70025	7.96044	11.3586	3.45378	7.68333	3.27536	7.44681	2.91112	7.59316	11.4223	11.8489	2.90763	5.17228	2.21306	4.05472	8.77771	6.95724	6.58613	1.82922	6.46972	
0.233332	8.44609	4.14993	13.7223	0	10.3328	1.19958	9.22776	9.62541	11.5148	3.74325	15.904	12.2785	8.6768	7.93121	3.08198	8.74902	5.91487	5.63065	3.78898	5.74358	7.60262	8.21947	8.11517	7.84305	
9.38848	1.37445	7.12615	8.70025	10.3328	0	3.8922	4.29216	0.527192	3.53437	7.57146	1.67313	5.78861	5.59897	8.7234	9.4691	2.14844	4.52174	1.76792	7.51749	4.41683	3.70385	1.73633	7.29073	2.74167	
0.966247	5.02838	7.34378	7.96044	1.19958	3.8922	0	3.16417	3.68286	4.01531	4.85805	7.31248	5.12021	8.115	4.84046	5.51933	6.44195	3.52047	5.74738	5.49274	8.93744	5.82107	2.15588	8.84809	2.79146	
4.13041	6.66245	10.769	11.3586	9.22776	4.29216	3.16417	0	4.81935	3.20912	8.02222	4.44974	9.01615	8.38733	4.03427	6.74635	6.00346	3.28271	6.25831	9.90703	11.0997	6.0934	2.99062	10.0673	1.98528	
6.5771	0.847262	4.41346	3.45378	9.62541	0.527192	3.68286	4.81935	0	2.07681	2.30302	2.20032	5.26142	4.09579	5.66136	8.37344	1.62124	3.99455	1.24072	3.08239	2.91365	4.23104	1.52698	6.34333	2.53233	
6.41748	1.22955	4.64045	7.68333	11.5148	3.53437	4.01531	3.20912	2.07681	0	5.13619	1.86124	5.39834	7.00865	3.27284	5.7084	3.74223	2.52128	4.60575	5.6681	8.00957	4.71472	2.15799	7.47884	1.22385	
5.33651	5.46712	1.72923	3.27536	3.74325	7.57146	4.85805	8.02222	2.30302	5.13619	0	6.99743	0.262158	8.00884	8.90156	0.661275	1.75688	2.9359	1.0623	0.810017	3.32288	4.62365	5.43538	1.34407	5.33533	
13.4994	3.09079	6.5017	7.44681	15.904	1.67313	7.31248	4.44974	2.20032	1.86124	6.99743	0	5.78432	4.35553	11.097	12.0488	1.88099	8.69426	2.57556	6.84103	3.17339	5.37698	3.40946	5.6176	3.08509	
8.96375	6.10868	2.91847	2.91112	12.2785	5.78861	5.12021	9.01615	5.26142	5.39834	0.262158	5.78432	0	6.37788	7.82767	0.923433	3.90333	6.4696	1.32446	1.07217	5.11724	7.50096	6.7884	1.08191	7.03087	
8.44346	12.8049	8.41552	7.59316	8.6768	5.59897	8.115	8.38733	4.09579	7.00865	8.00884	4.35553	6.37788	0	10.4069	7.34757	2.47455	11.1539	3.16912	6.10756	3.76695	2.29393	9.15434	9.42237	6.49273	
8.16455	6.72617	12.1526	11.4223	7.93121	8.7234	4.84046	4.03427	5.66136	3.27284	8.90156	11.097	7.82767	10.4069	0	5.37204	4.00284	3.34643	6.32203	9.71158	2.71043	8.11293	3.05434	9.65892	2.04899	
3.31531	4.63415	1.06795	11.8489	3.08198	9.4691	5.51933	6.74635	8.37344	5.7084	0.661275	12.0488	0.923433	7.34757	5.37204	0	3.95401	2.83405	1.72358	0.708163	2.66161	4.5218	5.76642	9.6101	4.76108	
9.48653	2.46851	5.98769	2.90763	8.74902	2.14844	6.44195	6.00346	1.62124	3.74223	1.75688	1.88099	3.90333	2.47455	4.00284	3.95401	0	5.31562	0.694576	2.53624	1.29241	3.59763	3.14823	4.98524	4.01818	
4.48672	3.36424	3.15354	5.17228	5.91487	4.52174	3.52047	3.28271	3.99455	2.52128	2.9359	8.69426	6.4696	11.1539	3.34643	2.83405	5.31562	0	3.96755	2.12589	10.626	5.93952	2.30278	7.0015	1.29744	
6.36816	2.08799	2.86932	2.21306	5.63065	1.76792	5.74738	6.25831	1.24072	4.60575	1.0623	2.57556	1.32446	3.16912	6.32203	1.72358	0.694576	3.96755	0	1.84167	1.98698	4.2922	2.76771	4.04227	4.27303	
4.02231	4.59385	1.02765	4.05472	3.78898	7.51749	5.49274	9.90703	3.08239	5.6681	0.810017	6.84103	1.07217	6.10756	9.71158	0.708163	2.53624	2.12589	1.84167	0	3.36977	3.81364	5.98615	9.57143	3.42332	
13.0266	10.3674	3.72956	8.77771	5.74358	4.41683	8.93744	11.0997	2.91365	8.00957	3.32288	3.17339	5.11724	3.76695	2.71043	2.66161	1.29241	10.626	1.98698	3.36977	0	4.89003	7.9722	6.19915	4.75943	
6.78732	5.94427	4.84129	6.95724	7.60262	3.70385	5.82107	6.0934	4.23104	4.71472	4.62365	5.37698	7.50096	2.29393	8.11293	4.5218	3.59763	5.93952	4.2922	3.81364	4.89003	0	5.44018	14.3152	5.93857	
3.12212	2.37424	6.79844	6.58613	8.21947	1.73633	2.15588	2.99062	1.52698	2.15799	5.43538	3.40946	6.7884	9.15434	3.05434	5.76642	3.14823	2.30278	2.76771	5.98615	7.9722	5.44018	0	15.2282	1.00534	
7.88184	12.1344	4.00038	1.82922	8.11517	7.29073	8.84809	10.0673	6.34333	7.47884	1.34407	5.6176	1.08191	9.42237	9.65892	9.6101	4.98524	7.0015	4.04227	9.57143	6.19915	14.3152	15.2282	0	8.11278	
3.75771	2.45339	5.82903	6.46972	7.84305	2.74167	2.79146	1.98528	2.53233	1.22385	5.33533	3.08509	7.03087	6.49273	2.04899	4.76108	4.01818	1.29744	4.27303	3.42332	4.75943	5.93857	1.00534	8.11278	0	

0	10.4486	9.02673	11.4516	0.41046	4.18271	5.33026	9.7679	8.58266	11.2397	7.72353	4.98002	7.76859	1.99191	2.61986	7.10259	5.72291	8.80119	2.77416	3.3096	3.68119	6.43962	9.54862	9.28238	6.99043	
10.4486	0	8.20365	8.77509	9.51837	4.23241	2.91472	7.27601	3.17739	0.675276	6.41845	6.98531	0.642474	7.14884	7.14214	2.82625	2.7761	0.339566	5.63691	4.93538	4.40655	4.15727	2.06359	7.14617	2.01764	
9.02673	8.20365	0	2.99596	15.3361	7.72457	9.02868	2.3864	8.95427	9.74765	6.36666	7.17428	7.56118	12.0983	10.8404	8.9448	6.26826	12.3957	6.25257	8.68157	12.6659	6.88558	8.35934	4.31197	9.02521	
11.4516	8.77509	2.99596	0	12.641	9.23525	6.48123	5.38236	12.7526	13.7918	9.36262	10.1079	9.43155	9.45972	14.1149	5.94884	9.26422	12.1439	9.24853	7.28879	3.98029	8.62433	11.3553	1.31601	6.44454	
0.41046	9.51837	15.3361	12.641	0	3.77225	5.29327	11.7195	5.93394	10.9926	6.84957	5.39048	10.1748	2.40237	2.2094	4.85103	5.22856	12.3764	3.18462	3.72006	3.27073	6.85008	4.6905	5.93501	12.5965	
4.18271	4.23241	7.72457	9.23525	3.77225	0	2.75402	7.94726	2.16168	4.51595	3.07732	9.27554	4.40795	8.41289	5.60874	5.11649	1.45631	7.16398	2.39568	3.86961	4.77655	4.89711	3.12764	8.92476	6.51474	
5.33026	2.91472	9.02868	6.48123	5.29327	2.75402	0	8.98587	4.9157	3.58999	5.83134	10.8586	3.55719	3.82877	6.20292	3.60283	4.21033	3.25428	5.1497	2.02066	2.02253	2.1431	5.88166	4.68682	3.76072	
9.7679	7.27601	2.3864	5.38236	11.7195	7.94726	8.98587	0	9.87509	7.37298	8.75306	4.78788	7.91848	12.7611	12.9342	8.94694	8.65466	7.61557	8.63897	11.5161	14.3384	6.84277	8.76129	14.7791	8.9824	
8.58266	3.17739	8.95427	12.7526	5.93394	2.16168	4.9157	9.87509	0	2.50211	5.23901	12.6723	5.63765	8.7062	3.67254	7.27817	2.68601	3.63192	4.55737	5.09932	6.80161	7.76664	1.19144	10.7555	5.62701	
11.2397	0.675276	9.74765	13.7918	10.9926	4.51595	3.58999	7.37298	2.50211	0	11.3245	12.1609	1.31775	7.93908	3.86941	3.50152	3.45138	1.01484	9.93896	7.81425	6.99848	5.07802	1.38831	14.9315	2.69291	
7.72353	6.41845	6.36666	9.36262	6.84957	3.07732	5.83134	8.75306	5.23901	11.3245	0	7.25548	5.77598	5.73162	8.99391	8.0747	4.53363	11.8776	5.47301	7.53972	9.655	7.57703	6.20496	12.0021	9.71666	
4.98002	6.98531	7.17428	10.1079	5.39048	9.27554	10.8586	4.78788	12.6723	12.1609	7.25548	0	7.64177	6.97194	13.7042	4.15906	11.769	12.7881	7.75418	8.28962	5.73936	11.4196	12.3691	9.99117	10.0635	
7.76859	0.642474	7.56118	9.43155	10.1748	4.40795	3.55719	7.91848	5.63765	1.31775	5.77598	7.64177	0	11.5076	8.78064	3.46872	2.95164	0.98204	4.99444	5.36495	5.06301	5.04522	5.30351	9.38301	2.66011	
1.99191	7.14884	12.0983	9.45972	2.40237	8.41289	3.82877	12.7611	8.7062	7.93908	5.73162	6.97194	11.5076	0	4.65519	6.50746	4.22141	6.80928	4.76607	1.80811	8.11372	5.91831	7.13629	7.78089	8.05794	
2.61986	7.14214	10.8404	14.1149	2.2094	5.60874	6.20292	12.9342	3.67254	3.86941	8.99391	13.7042	8.78064	4.65519	0	5.76069	5.82899	6.51744	8.31228	6.46329	4.18039	10.5735	2.4811	6.84467	11.1091	
7.10259	2.82625	8.9448	5.94884	4.85103	5.11649	3.60283	8.94694	7.27817	3.50152	8.0747	4.15906	3.46872	6.50746	5.76069	0	5.60235	3.16581	4.65338	4.69936	1.5803	7.22899	7.19047	4.24458	4.84389	
5.72291	2.7761	6.26826	9.26422	5.22856	1.45631	4.21033	8.65466	2.68601	3.45138	4.53363	11.769	2.95164	4.22141	5.82899	5.60235	0	3.11567	3.85199	2.41331	9.85328	7.08666	3.87745	8.38609	4.79374	
8.80119	0.339566	12.3957	12.1439	12.3764	7.16398	3.25428	7.61557	3.63192	1.01484	11.8776	12.7881	0.98204	6.80928	6.51744	3.16581	3.11567	0	11.0961	7.47854	7.68519	4.74231	2.51812	15.4847	2.3572	
2.77416	5.63691	6.25257	9.24853	3.18462	2.39568	5.1497	8.63897	4.55737	9.93896	5.47301	7.75418	4.99444	4.76607	8.31228	4.65338	3.85199	11.0961	0	5.80205	6.23368	4.67785	5.52333	9.34481	4.21628	
3.3096	4.93538	8.68157	7.28879	3.72006	3.86961	2.02066	11.5161	5.09932	7.81425	7.53972	8.28962	5.36495	1.80811	6.46329	4.69936	2.41331	7.47854	5.80205	0	4.04319	4.16376	7.46052	5.97279	5.78138	
3.68119	4.40655	12.6659	3.98029	3.27073	4.77655	2.02253	14.3384	6.80161	6.99848	9.655	5.73936	5.06301	8.11372	4.18039	1.5803	9.85328	7.68519	6.23368	4.04319	0	4.16563	5.61017	2.66428	5.78325	
6.43962	4.15727	6.88558	8.62433	6.85008	4.89711	2.1431	6.84277	7.76664	5.07802	7.57703	11.4196	5.04522	5.91831	10.5735	7.22899	7.08666	4.74231	4.67785	4.16376	4.16563	0	9.06379	7.26816	2.13963	
9.54862	2.06359	8.35934	11.3553	4.6905	3.12764	5.88166	8.76129	1.19144	1.38831	6.20496	12.3691	5.30351	7.13629	2.4811	7.19047	3.87745	2.51812	5.52333	7.46052	5.61017	9.06379	0	8.27445	6.67868	
9.28238	7.14617	4.31197	1.31601	5.93501	8.92476	4.68682	14.7791	10.7555	14.9315	12.0021	9.99117	9.38301	7.78089	6.84467	4.24458	8.38609	15.4847	9.34481	5.97279	2.66428	7.26816	8.27445	0	5.12853	
6.99043	2.01764	9.02521	6.44454	12.5965	6.51474	3.76072	8.9824	5.62701	2.69291	9.71666	10.0635	2.66011	8.05794	11.1091	4.84389	4.79374	2.3572	4.21628	5.78138	5.78325	2.13963	6.67868	5.12853	0	

0	10.5188	9.81688	3.97481	5.21202	8.78993	4.77359	4.82431	16.5396	4.09243	8.999	6.19298	12.3181	3.87966	2.48828	3.5444	4.43911	11.9992	13.7211	2.84975	7.61345	1.09209	5.78684	10.4732	8.96896	
10.5188	0	5.04559	9.51705	6.65953	2.83811	3.47955	2.07214	3.27844	0.701467	4.10407	3.18564	5.18821	7.74837	2.30562	4.84307	2.28673	3.4635	8.71566	7.20555	2.49671	5.80436	3.91856	6.93704	1.49045	
9.81688	5.04559	0	8.81514	10.9771	2.67266	6.01682	5.61046	5.08602	5.96245	7.32341	3.538	5.61409	8.98281	7.32861	5.56419	4.824	1.58208	10.7285	6.25884	5.03399	13.3727	5.46227	8.2467	4.02772	
3.97481	9.51705	8.81514	0	5.13501	5.92082	10.674	6.46302	11.5752	3.09069	10.5735	12.3481	10.1283	11.0352	1.48654	4.28063	11.803	10.3302	11.5468	9.22152	5.78838	7.53061	11.3804	1.59812	6.79465	
5.21202	6.65953	10.9771	5.13501	0	4.8219	4.82257	4.58738	7.02118	5.25263	7.74351	8.2385	7.70345	5.33935	3.64848	6.16473	4.40503	10.3264	8.15985	7.29052	2.40143	6.30411	3.43218	9.45229	3.4077	
8.78993	2.83811	2.67266	5.92082	4.8219	0	2.78012	4.91025	2.0879	3.53957	3.25086	3.04649	3.83274	3.2969	6.32404	2.00496	1.48826	1.09058	6.43474	2.69961	6.37807	4.90387	1.38973	4.3227	2.28454	
4.77359	3.47955	6.01682	10.674	4.82257	2.78012	0	3.57184	4.66416	7.05814	3.75972	6.19672	8.57487	2.4791	9.18747	4.12294	1.71738	5.3148	3.65643	3.30673	2.99537	3.6815	1.39039	8.54693	1.9891	
4.82431	2.07214	5.61046	6.46302	4.58738	4.91025	3.57184	0	4.25779	2.44735	5.6834	4.93152	3.11607	7.04667	4.05149	4.94385	2.37902	5.53565	9.11523	5.1334	2.589	3.73222	4.01085	4.8649	1.58274	
16.5396	3.27844	5.08602	11.5752	7.02118	2.0879	4.66416	4.25779	0	3.97991	5.33876	5.45985	9.55185	5.49618	8.41193	4.09286	3.47134	3.17847	5.43722	10.4955	3.68132	11.9117	3.47762	6.41059	2.67506	
4.09243	0.701467	5.96245	3.09069	5.25263	3.53957	7.05814	2.44735	3.97991	0	4.80553	2.48417	5.56341	7.57492	1.60415	8.4003	6.6406	4.16497	14.3645	5.8274	7.74978	6.17957	5.66775	7.31225	2.19191	
8.999	4.10407	7.32341	10.5735	7.74351	3.25086	3.75972	5.6834	5.33876	4.80553	0	9.28838	3.32262	5.11934	8.40836	4.35808	2.04235	4.34144	6.98883	3.6317	5.10693	5.45796	3.0152	7.04059	2.83863	
6.19298	3.18564	3.538	12.3481	8.2385	3.04649	6.19672	4.93152	5.45985	2.48417	9.28838	0	7.82547	6.7135	4.08832	4.03787	4.93258	1.95592	18.5686	3.34322	9.33951	13.7588	4.80633	10.688	7.23444	
12.3181	5.18821	5.61409	10.1283	7.70345	3.83274	8.57487	3.11607	9.55185	5.56341	3.32262	7.82547	0	8.44195	9.82983	1.82778	5.36496	7.19617	10.7432	2.52242	8.4185	6.84829	4.56033	4.51029	4.6988	
3.87966	7.74837	8.98281	11.0352	5.33935	3.2969	2.4791	7.04667	5.49618	7.57492	5.11934	6.7135	8.44195	0	6.36794	4.63972	2.88003	6.00084	6.13553	6.72942	7.82616	3.31445	1.90718	9.23296	4.33529	
2.48828	2.30562	7.32861	1.48654	3.64848	6.32404	9.18747	4.05149	8.41193	1.60415	8.40836	4.08832	9.82983	6.36794	0	8.329	7.81229	7.41461	12.8439	5.33803	6.04991	3.58037	7.08065	3.08466	9.52096	
3.5444	4.84307	5.56419	4.28063	6.16473	2.00496	4.12294	4.94385	4.09286	8.4003	4.35808	4.03787	1.82778	4.63972	8.329	0	2.284	3.09554	12.361	0.694645	6.69093	12.6368	2.73255	2.68251	5.16067	
4.43911	2.28673	4.824	11.803	4.40503	1.48826	1.71738	2.37902	3.47134	6.6406	2.04235	4.93258	5.36496	2.88003	7.81229	2.284	0	2.57883	4.94648	1.58936	1.80255	3.41561	0.972852	5.81096	0.796281	
11.9992	3.4635	1.58208	10.3302	10.3264	1.09058	5.3148	5.53565	3.17847	4.16497	4.34144	1.95592	7.19617	6.00084	7.41461	3.09554	2.57883	0	8.94116	5.29914	10.0282	8.04087	2.4803	5.41327	4.95395	
13.7211	8.71566	10.7285	11.5468	8.15985	6.43474	3.65643	9.11523	5.43722	14.3645	6.98883	18.5686	10.7432	6.13553	12.8439	12.361	4.94648	8.94116	0	6.53584	5.75842	7.33792	5.04682	14.6787	5.64553	
2.84975	7.20555	6.25884	9.22152	7.29052	2.69961	3.30673	5.1334	10.4955	5.8274	3.6317	3.34322	2.52242	6.72942	5.33803	0.694645	1.58936	5.29914	6.53584	0	5.99628	3.94184	2.56221	3.37715	2.38564	
7.61345	2.49671	5.03399	5.78838	2.40143	6.37807	2.99537	2.589	3.68132	7.74978	5.10693	9.33951	8.4185	7.82616	6.04991	6.69093	1.80255	10.0282	5.75842	5.99628	0	9.02855	3.43438	7.3865	1.00627	
1.09209	5.80436	13.3727	7.53061	6.30411	4.90387	3.6815	3.73222	11.9117	6.17957	5.45796	13.7588	6.84829	3.31445	3.58037	12.6368	3.41561	8.04087	7.33792	3.94184	9.02855	0	4.38846	8.59712	4.21189	
5.78684	3.91856	5.46227	11.3804	3.43218	1.38973	1.39039	4.01085	3.47762	5.66775	3.0152	4.80633	4.56033	1.90718	7.08065	2.73255	0.972852	2.4803	5.04682	2.56221	3.43438	4.38846	0	5.41506	1.76913	
10.4732	6.93704	8.2467	1.59812	9.45229	4.3227	8.54693	4.8649	6.41059	7.31225	7.04059	10.688	4.51029	9.23296	3.08466	2.68251	5.81096	5.41327	14.6787	3.37715	7.3865	8.59712	5.41506	0	6.44764	
8.96896	1.49045	4.02772	6.79465	3.4077	2.28454	1.9891	1.58274	2.67506	2.19191	2.83863	7.23444	4.6988	4.33529	9.52096	5.16067	0.796281	4.95395	5.64553	2.38564	1.00627	4.21189	1.76913	6.44764	0	

0	5.73206	8.58813	10.0913	0.765581	5.54482	7.48228	12.741	2.82058	11.1831	8.1386	3.91701	6.18435	7.11668	1.95545	6.33694	9.92535	13.056	5.9795	1.8865	3.91772	8.53488	5.03982	8.44423	5.42898	
5.73206	0	10.571	3.66631	4.96648	3.35918	10.3146	1.88611	4.41846	4.58862	8.34408	5.19871	9.01671	4.92913	6.15635	6.54242	3.2034	3.5764	6.3306	6.0874	8.11861	7.1577	3.36619	3.99316	1.81005	
8.58813	10.571	0	7.50808	8.0726	8.49179	10.4293	12.4571	3.98982	8.45473	1.04006	6.86398	0.626052	9.46945	16.2271	4.46004	8.64617	7.47435	4.0905	6.24802	5.56098	6.8371	7.75987	7.18123	8.37595	
10.0913	3.66631	7.50808	0	8.00549	9.68384	7.0036	5.55242	8.71539	8.71797	5.55605	8.9669	9.62571	6.32664	11.2197	2.84277	6.8697	7.2427	5.2323	6.42468	8.84311	7.10195	9.59021	0.32685	5.47636	
0.765581	4.96648	8.0726	8.00549	0	9.31555	7.70017	5.75431	3.58616	10.0181	4.71056	7.88277	7.44655	7.37475	1.18987	3.79122	5.92507	8.54288	4.62261	1.12092	3.15213	2.77934	4.27424	7.67864	6.77653	
5.54482	3.35918	8.49179	9.68384	9.31555	0	7.38595	6.73806	2.72424	1.54101	7.44667	3.82067	6.08801	7.02034	17.0549	6.35493	0.155786	2.6307	4.87702	9.5697	6.34749	5.53157	1.80662	9.41532	3.93158	
7.48228	10.3146	10.4293	7.0036	7.70017	7.38595	0	4.906	4.66171	7.83553	7.40373	5.75814	8.02548	0.676953	9.33091	5.60207	5.07676	8.90768	6.0559	6.87161	5.46782	3.2945	3.42593	8.11799	3.79603	
12.741	1.88611	12.4571	5.55242	5.75431	6.73806	4.906	0	4.40903	5.1795	8.92333	3.31259	8.61389	9.47164	7.65736	8.42854	3.1309	4.10736	11.2722	10.0744	10.9922	3.96833	1.48007	10.8291	3.69617	
2.82058	4.41846	3.98982	8.71539	3.58616	2.72424	4.66171	4.40903	0	5.97206	3.77778	1.09643	3.36377	4.2961	8.59553	9.15752	2.88003	5.35494	7.12895	7.85827	7.3296	6.91364	8.08763	9.04224	2.6084	
11.1831	4.58862	8.45473	8.71797	10.0181	1.54101	7.83553	5.1795	5.97206	0	5.88812	8.86149	7.82868	6.48274	10.0953	6.79458	1.38523	1.07215	7.88421	7.63604	11.0068	5.6842	3.03606	9.31049	3.36366	
8.1386	8.34408	1.04006	5.55605	4.71056	7.44667	7.40373	8.92333	3.77778	5.88812	0	10.3515	0.414006	8.1755	11.9572	1.80166	9.97285	4.81597	3.27957	3.58964	5.04752	5.24805	7.54783	4.31758	8.09759	
3.91701	5.19871	6.86398	8.9669	7.88277	3.82067	5.75814	3.31259	1.09643	8.86149	10.3515	0	4.4602	5.39253	14.7631	9.43214	8.50399	7.41995	9.03686	6.76184	7.67956	8.42026	4.79267	10.9846	3.70484	
6.18435	9.01671	0.626052	9.62571	7.44655	6.08801	8.02548	8.61389	3.36377	7.82868	0.414006	4.4602	0	7.65987	8.63642	2.21567	8.78465	5.22998	3.99105	4.00364	6.19119	6.21105	7.13382	7.80728	5.97217	
7.11668	4.92913	9.46945	6.32664	7.37475	7.02034	0.676953	9.47164	4.2961	6.48274	8.1755	5.39253	7.65987	0	6.73526	6.27902	6.89488	7.2296	5.37895	4.27596	4.79087	2.61754	4.10288	6.65349	3.11908	
1.95545	6.15635	16.2271	11.2197	1.18987	17.0549	9.33091	7.65736	8.59553	10.0953	11.9572	14.7631	8.63642	6.73526	0	7.88694	7.82811	8.72977	10.1294	2.31079	4.342	4.11772	5.46411	8.86851	16.8283	
6.33694	6.54242	4.46004	2.84277	3.79122	6.35493	5.60207	8.42854	9.15752	6.79458	1.80166	9.43214	2.21567	6.27902	7.88694	0	7.05519	6.61763	1.47791	2.67029	2.94839	4.32871	9.028	2.51592	5.99846	
9.92535	3.2034	8.64617	6.8697	5.92507	0.155786	5.07676	3.1309	2.88003	1.38523	9.97285	8.50399	8.78465	6.89488	7.82811	7.05519	0	2.45737	5.0328	7.03421	12.3119	4.13908	1.65083	10.9998	3.7758	
13.056	3.5764	7.47435	7.2427	8.54288	2.6307	8.90768	4.10736	5.35494	1.07215	4.81597	7.41995	5.22998	7.2296	8.72977	6.61763	2.45737	0	7.50772	6.27047	10.8419	4.61205	5.58743	9.42573	4.43581	
5.9795	6.3306	4.0905	5.2323	4.62261	4.87702	6.0559	11.2722	7.12895	7.88421	3.27957	9.03686	3.99105	5.37895	10.1294	1.47791	5.0328	7.50772	0	4.14821	1.47048	6.01164	8.49989	3.99383	4.52055	
1.8865	6.0874	6.24802	6.42468	1.12092	9.5697	6.87161	10.0744	7.85827	7.63604	3.58964	6.76184	4.00364	4.27596	2.31079	2.67029	7.03421	6.27047	4.14821	0	3.90885	1.65842	4.14667	5.18621	9.37291	
3.91772	8.11861	5.56098	8.84311	3.15213	6.34749	5.46782	10.9922	7.3296	11.0068	5.04752	7.67956	6.19119	4.79087	4.342	2.94839	12.3119	10.8419	1.47048	3.90885	0	5.56727	7.42638	7.60464	5.99102	
8.53488	7.1577	6.8371	7.10195	2.77934	5.53157	3.2945	3.96833	6.91364	5.6842	5.24805	8.42026	6.21105	2.61754	4.11772	4.32871	4.13908	4.61205	6.01164	1.65842	5.56727	0	2.48825	7.4288	5.73662	
5.03982	3.36619	7.75987	9.59021	4.27424	1.80662	3.42593	1.48007	8.08763	3.03606	7.54783	4.79267	7.13382	4.10288	5.46411	9.028	1.65083	5.58743	8.49989	4.14667	7.42638	2.48825	0	9.34898	5.42663	
8.44423	3.99316	7.18123	0.32685	7.67864	9.41532	8.11799	10.8291	9.04224	9.31049	4.31758	10.9846	7.80728	6.65349	8.86851	2.51592	10.9998	9.42573	3.99383	5.18621	7.60464	7.4288	9.34898	0	9.90479	
5.42898	1.81005	8.37595	5.47636	6.77653	3.93158	3.79603	3.69617	2.6084	3.36366	8.09759	3.70484	5.97217	3.11908	16.8283	5.99846	3.7758	4.43581	4.52055	9.37291	5.99102	5.73662	5.42663	9.90479	0	

0	12.2513	3.9425	4.8912	0.590359	13.0848	11.8808	14.836	15.3892	12.8197	6.07078	16.4404	11.1346	3.73629	1.07618	7.09385	12.2831	16.3289	11.7769	12.7763	11.1655	3.22854	7.2525	5.47503	5.70538	
12.2513	0	1.93324	7.26683	9.29465	1.75535	1.87609	7.10825	2.84206	0.568409	4.66024	4.14646	7.69107	3.13002	6.69714	7.05835	1.34056	1.53548	2.09933	3.32355	5.51722	2.17436	6.36503	7.86039	2.20408	
3.9425	1.93324	0	1.32432	3.35214	3.23605	2.32486	4.06026	4.46278	1.36484	2.04348	4.94288	1.74856	4.85483	3.83796	2.70287	3.27417	2.33191	2.5154	0.877394	2.48813	2.97078	5.0822	1.90814	5.61522	
4.8912	7.26683	1.32432	0	4.67646	3.57606	14.3255	8.55508	2.532	2.68915	1.37841	7.57356	1.67332	5.27855	6.10352	4.02718	12.2381	6.82011	3.83972	2.20171	4.97489	9.02394	16.0207	0.583826	6.2227	
0.590359	9.29465	3.35214	4.67646	0	7.67808	6.91148	6.70866	8.08905	4.42475	5.48042	14.6586	5.1007	3.14593	0.485821	6.055	11.6928	7.61731	5.86754	4.22953	9.17807	2.50204	6.66214	8.70486	4.07186	
13.0848	1.75535	3.23605	3.57606	7.67808	0	2.97808	6.06516	1.91629	1.87121	2.19766	3.38065	2.49258	2.38173	5.94885	2.2244	0.414791	1.5119	1.17356	4.93485	4.59145	2.85222	2.46707	8.31328	1.45579	
11.8808	1.87609	2.32486	14.3255	6.91148	2.97808	0	3.17645	1.98041	2.44449	6.36658	7.08661	2.62886	2.44822	6.01534	4.59976	3.21665	7.39335	3.68151	1.44747	3.05821	2.91871	3.40732	3.92858	1.52228	
14.836	7.10825	4.06026	8.55508	6.70866	6.06516	3.17645	0	1.19604	5.4958	2.60662	7.32213	2.3117	8.515	5.90608	3.1677	2.69753	3.8802	4.08595	3.49309	3.67045	3.88986	2.62294	3.14421	3.78757	
15.3892	2.84206	4.46278	2.532	8.08905	1.91629	1.98041	1.19604	0	6.48063	3.00914	4.46736	2.71422	3.51747	7.0846	3.80625	1.50149	2.38208	2.26027	3.42788	4.86648	3.98796	1.42691	1.94817	2.59154	
12.8197	0.568409	1.36484	2.68915	4.42475	1.87121	2.44449	5.4958	6.48063	0	4.06887	3.57805	3.11339	5.17632	3.62217	1.67958	1.90897	0.967075	2.44059	2.24223	7.19077	1.60595	1.92225	10.2075	2.77249	
6.07078	4.66024	2.04348	1.37841	5.48042	2.19766	6.36658	2.60662	3.00914	4.06887	0	7.66988	0.294918	3.90014	5.96624	2.78986	2.61245	3.52446	4.65781	1.47631	4.86564	5.69778	6.39688	1.96223	3.65345	
16.4404	4.14646	4.94288	7.57356	14.6586	3.38065	7.08661	7.32213	4.46736	3.57805	7.66988	0	8.27004	9.86217	13.997	6.47077	2.96586	4.54512	3.72463	6.88565	5.27491	5.18399	7.553	6.98973	6.24922	
11.1346	7.69107	1.74856	1.67332	5.1007	2.49258	2.62886	2.3117	2.71422	3.11339	0.294918	8.27004	0	4.19506	8.37647	2.49494	4.16825	3.20744	3.41319	1.18139	2.79213	5.75196	4.14113	4.66239	5.13921	
3.73629	3.13002	4.85483	5.27855	3.14593	2.38173	2.44822	8.515	3.51747	5.17632	3.90014	9.86217	4.19506	0	3.63175	7.5577	4.20929	7.01858	7.37024	5.73223	9.95	2.32236	5.08688	5.55893	0.925933	
1.07618	6.69714	3.83796	6.10352	0.485821	5.94885	6.01534	5.90608	7.0846	3.62217	5.96624	13.997	8.37647	3.63175	0	5.88153	7.77641	6.59403	5.89762	6.58679	11.2875	2.01622	7.14796	7.59154	3.41265	
7.09385	7.05835	2.70287	4.02718	6.055	2.2244	4.59976	3.1677	3.80625	1.67958	2.78986	6.47077	2.49494	7.5577	5.88153	0	1.67702	0.712502	0.918252	3.58026	6.83815	4.79965	1.66767	12.6484	6.54029	
12.2831	1.34056	3.27417	12.2381	11.6928	0.414791	3.21665	2.69753	1.50149	1.90897	2.61245	2.96586	4.16825	4.20929	7.77641	1.67702	0	1.92669	0.75877	4.87582	4.17666	4.64016	2.9284	3.44967	1.87058	
16.3289	1.53548	2.33191	6.82011	7.61731	1.5119	7.39335	3.8802	2.38208	0.967075	3.52446	4.54512	3.20744	7.01858	6.59403	0.712502	1.92669	0	1.63075	4.41094	7.80027	2.57302	0.955171	11.5573	2.96769	
11.7769	2.09933	2.5154	3.83972	5.86754	1.17356	3.68151	4.08595	2.26027	2.44059	4.65781	3.72463	3.41319	7.37024	5.89762	0.918252	0.75877	1.63075	0	3.3928	4.93543	3.88139	3.29759	12.5423	4.00091	
12.7763	3.32355	0.877394	2.20171	4.22953	4.93485	1.44747	3.49309	3.42788	2.24223	1.47631	6.88565	1.18139	5.73223	6.58679	3.58026	4.87582	4.41094	3.3928	0	1.61074	4.57057	7.95619	6.00181	2.96975	
11.1655	5.51722	2.48813	4.97489	9.17807	4.59145	3.05821	3.67045	4.86648	7.19077	4.86564	5.27491	2.79213	9.95	11.2875	6.83815	4.17666	7.80027	4.93543	1.61074	0	6.18131	10.8043	4.39107	7.46002	
3.22854	2.17436	2.97078	9.02394	2.50204	2.85222	2.91871	3.88986	3.98796	1.60595	5.69778	5.18399	5.75196	2.32236	2.01622	4.79965	4.64016	2.57302	3.88139	4.57057	6.18131	0	5.55737	10.1841	1.39642	
7.2525	6.36503	5.0822	16.0207	6.66214	2.46707	3.40732	2.62294	1.42691	1.92225	6.39688	7.553	4.14113	5.08688	7.14796	1.66767	2.9284	0.955171	3.29759	7.95619	10.8043	5.55737	0	3.37508	4.01845	
5.47503	7.86039	1.90814	0.583826	8.70486	8.31328	3.92858	3.14421	1.94817	10.2075	1.96223	6.98973	4.66239	5.55893	7.59154	12.6484	3.44967	11.5573	12.5423	6.00181	4.39107	10.1841	3.37508	0	4.53971	
5.70538	2.20408	5.61522	6.2227	4.07186	1.45579	1.52228	3.78757	2.59154	2.77249	3.65345	6.24922	5.13921	0.925933	3.41265	6.54029	1.87058	2.96769	4.00091	2.96975	7.46002	1.39642	4.01845	4.53971	0	

0	8.28383	8.88121	9.25067	1.23058	6.50146	4.64518	6.66881	7.97652	7.22765	7.23997	6.78892	6.34	7.31105	4.28205	5.98459	6.05978	4.53526	3.72869	4.73766	2.24008	6.33346	8.57474	6.20671	10.7614	
8.28383	0	9.87873	10.4129	4.99224	3.84171	4.44731	1.14395	0.307317	0.694606	5.29071	3.30142	3.4295	3.66274	3.90863	9.05038	2.51954	1.68756	4.85062	3.45426	6.38476	3.57499	1.43594	9.15963	3.76736	
8.88121	9.87873	0	9.42327	10.1118	8.99049	3.16358	7.71371	3.59305	8.92045	1.4558	6.59986	0.470868	2.66467	12.9478	5.95294	4.60037	5.78312	7.183	10.5328	4.41223	3.91713	4.37093	4.07677	3.70332	
9.25067	10.4129	9.42327	0	10.4813	14.2079	7.08412	11.5102	10.6735	10.9191	6.55752	13.2562	4.85918	12.4907	11.2662	3.47033	15.1491	11.0128	7.83032	9.07315	5.06135	7.71246	11.352	1.25328	16.1362	
1.23058	4.99224	10.1118	10.4813	0	7.73204	5.87576	5.27967	8.65469	6.3162	6.44222	5.99117	4.95086	6.3996	2.89292	7.21517	4.80812	3.30468	2.93094	3.82621	1.0095	5.02144	5.02646	4.81757	5.38448	
6.50146	3.84171	8.99049	14.2079	7.73204	0	7.67438	1.7946	2.63123	3.92168	4.19397	12.9352	6.65658	6.88982	5.57433	12.4861	4.18132	6.9948	7.82245	6.92324	6.06477	6.80207	4.66302	12.1685	5.28716	
4.64518	4.44731	3.16358	7.08412	5.87576	7.67438	0	4.97662	4.13999	4.52728	3.67765	6.13989	2.69271	3.23971	5.01646	3.61379	5.41076	5.65133	3.07967	3.66755	6.63407	6.13898	3.92955	6.29861	4.59716	
6.66881	1.14395	7.71371	11.5102	5.27967	1.7946	4.97662	0	0.836632	1.22392	2.39937	7.32263	3.38431	4.19205	6.15358	5.48657	2.38672	3.89016	4.71781	7.47546	4.27017	4.1043	1.96526	8.07824	4.73584	
7.97652	0.307317	3.59305	10.6735	8.65469	2.63123	4.13999	0.836632	0	0.387289	3.23601	2.72445	3.12218	3.35542	5.05091	7.5098	2.82685	1.99488	7.10917	2.87728	5.1068	3.26767	1.12862	6.72808	1.79623	
7.22765	0.694606	8.92045	10.9191	6.3162	3.92168	4.52728	1.22392	0.387289	0	6.07145	2.33716	3.50947	3.74271	3.8389	8.09281	3.4838	2.65183	5.39738	2.48999	8.49522	3.65496	1.51591	10.1239	4.51226	
7.23997	5.29071	1.4558	6.55752	6.44222	4.19397	3.67765	2.39937	3.23601	6.07145	0	6.5715	0.984936	3.17874	12.8554	3.08719	2.77117	4.27461	3.51127	8.69001	4.92629	4.4312	3.00408	4.59084	2.33647	
6.78892	3.30142	6.59986	13.2562	5.99117	12.9352	6.13989	7.32263	2.72445	2.33716	6.5715	0	7.07073	8.90057	7.36082	7.42022	5.39131	6.13517	3.06022	4.82715	9.24423	8.9739	6.18181	14.5171	7.55429	
6.34	3.4295	0.470868	4.85918	4.95086	6.65658	2.69271	3.38431	3.12218	3.50947	0.984936	7.07073	0	2.1938	5.22951	4.07213	3.75611	5.63294	4.49621	4.76719	3.94136	3.44627	4.25081	3.6059	3.32141	
7.31105	3.66274	2.66467	12.4907	6.3996	6.88982	3.23971	4.19205	3.35542	3.74271	3.17874	8.90057	2.1938	0	3.92231	6.8535	4.50283	4.80605	6.31938	2.57339	6.13516	3.61879	3.48438	5.7997	4.15199	
4.28205	3.90863	12.9478	11.2662	2.89292	5.57433	5.01646	6.15358	5.05091	3.8389	12.8554	7.36082	5.22951	3.92231	0	6.02537	3.72451	2.22107	6.16914	1.34891	1.88341	1.78324	3.94285	5.69148	4.30087	
5.98459	9.05038	5.95294	3.47033	7.21517	12.4861	3.61379	5.48657	7.5098	8.09281	3.08719	7.42022	4.07213	6.8535	6.02537	0	5.85837	7.54247	4.35999	5.60282	8.38323	4.24213	7.54334	4.72361	5.42366	
6.05978	2.51954	4.60037	15.1491	4.80812	4.18132	5.41076	2.38672	2.82685	3.4838	2.77117	5.39131	3.75611	4.50283	3.72451	5.85837	0	1.50344	2.33109	3.7361	6.20064	6.43704	3.22522	7.7354	3.58323	
4.53526	1.68756	5.78312	11.0128	3.30468	6.9948	5.65133	3.89016	1.99488	2.65183	4.27461	6.13517	5.63294	4.80605	2.22107	7.54247	1.50344	0	3.83452	2.23266	4.10448	4.00431	1.72178	8.50526	2.0798	
3.72869	4.85062	7.183	7.83032	2.93094	7.82245	3.07967	4.71781	7.10917	5.39738	3.51127	3.06022	4.49621	6.31938	6.16914	4.35999	2.33109	3.83452	0	6.22215	3.94044	5.91368	5.98055	10.318	5.84774	
4.73766	3.45426	10.5328	9.07315	3.82621	6.92324	3.66755	7.47546	2.87728	2.48999	8.69001	4.82715	4.76719	2.57339	1.34891	5.60282	3.7361	2.23266	6.22215	0	3.23233	3.13215	3.95444	11.1706	4.31246	
2.24008	6.38476	4.41223	5.06135	1.0095	6.06477	6.63407	4.27017	5.1068	8.49522	4.92629	9.24423	3.94136	6.13516	1.88341	8.38323	6.20064	4.10448	3.94044	3.23233	0	3.66665	6.41898	3.80806	6.77699	
6.33346	3.57499	3.91713	7.71246	5.02144	6.80207	6.13898	4.1043	3.26767	3.65496	4.4312	8.9739	3.44627	3.61879	1.78324	4.24213	6.43704	4.00431	5.91368	3.13215	3.66665	0	4.3963	7.05217	5.51125	
8.57474	1.43594	4.37093	11.352	5.02646	4.66302	3.92955	1.96526	1.12862	1.51591	3.00408	6.18181	4.25081	3.48438	3.94285	7.54334	3.22522	1.72178	5.98055	3.95444	6.41898	4.3963	0	10.0987	0.667608	
6.20671	9.15963	4.07677	1.25328	4.81757	12.1685	6.29861	8.07824	6.72808	10.1239	4.59084	14.5171	3.6059	5.7997	5.69148	4.72361	7.7354	8.50526	10.318	11.1706	3.80806	7.05217	10.0987	0	10.7663	
10.7614	3.76736	3.70332	16.1362	5.38448	5.28716	4.59716	4.73584	1.79623	4.51226	2.33647	7.55429	3.32141	4.15199	4.30087	5.42366	3.58323	2.0798	5.84774	4.31246	6.77699	5.51125	0.667608	10.7663	0	

0	6.17262	8.99528	6.38512	0.987378	7.63631	10.0834	4.7713	3.61644	4.62257	15.5504	13.2626	9.19062	6.95325	0.5684	10.4792	8.26033	3.72065	5.52254	2.43444	1.34914	7.05889	6.48228	5.07257	4.81595	
6.17262	0	7.21741	5.50727	7.04915	2.95344	3.98541	4.91315	1.32743	0.321301	5.53053	3.33191	9.6558	6.3007	6.74102	10.7429	1.72859	0.435632	8.32416	5.77381	2.80715	8.50073	3.47203	3.73888	4.6537	
8.99528	7.21741	0	10.3695	6.77891	5.99544	7.92389	9.58219	9.06575	9.30422	4.63008	14.5119	10.8639	9.92826	7.19788	6.7818	5.12971	6.42266	6.94122	5.65233	13.251	8.55636	10.3997	9.52755	14.4738	
6.38512	5.50727	10.3695	0	8.60149	3.21487	3.98417	7.98131	10.0016	8.99572	6.24584	12.0086	4.36177	6.04355	6.95352	4.09412	4.0806	7.25089	7.07887	6.91861	5.49183	7.41545	7.47855	1.76839	12.0374	
0.987378	7.04915	6.77891	8.60149	0	6.08715	8.13641	7.44322	5.83281	6.72785	3.40567	5.09726	9.0412	6.21442	0.418978	10.289	6.06951	8.21425	5.37312	2.38341	3.46871	3.69887	5.7529	11.2562	7.86862	
7.63631	2.95344	5.99544	3.21487	6.08715	0	0.769297	4.76644	5.17686	4.4334	4.30855	6.41758	3.59237	2.28783	8.81814	3.32472	0.86573	2.15868	3.864	3.70373	4.78904	4.06319	4.53657	4.98327	5.3666	
10.0834	3.98541	7.92389	3.98417	8.13641	0.769297	0	5.53574	4.67024	3.66411	5.46703	6.67472	5.05045	1.51853	7.90338	4.09402	1.63503	4.80531	4.6333	4.47303	7.05647	2.89043	2.95353	8.3534	5.12302	
4.7713	4.91315	9.58219	7.98131	7.44322	4.76644	5.53574	0	1.15485	2.16098	6.08206	2.48294	4.86976	3.6052	13.492	5.1374	4.45248	2.29571	5.62866	5.0598	6.14511	5.80523	2.1702	10.2554	3.00023	
3.61644	1.32743	9.06575	10.0016	5.83281	5.17686	4.67024	1.15485	0	1.00613	7.80219	3.63779	6.02461	5.45304	4.18484	13.5644	2.4338	1.14085	7.4765	6.21466	3.51237	7.65308	3.32506	7.71009	4.84808	
4.62257	0.321301	9.30422	8.99572	6.72785	4.4334	3.66411	2.16098	1.00613	0	6.79606	3.01061	9.79361	5.18264	7.14683	8.94778	2.40901	0.756933	9.64485	5.72446	3.85792	6.958	4.5228	4.06018	5.70447	
15.5504	5.53053	4.63008	6.24584	3.40567	4.30855	5.46703	6.08206	7.80219	6.79606	0	3.7361	2.41937	6.98556	9.79879	2.15172	3.44282	4.73578	4.84464	1.02225	2.10756	2.33772	4.39175	9.24578	10.5901	
13.2626	3.33191	14.5119	12.0086	5.09726	6.41758	6.67472	2.48294	3.63779	3.01061	3.7361	0	6.783	5.93443	13.6084	7.05065	6.39995	4.49701	7.95789	2.71385	3.79915	4.02931	4.49943	16.8546	5.32946	
9.19062	9.6558	10.8639	4.36177	9.0412	3.59237	5.05045	4.86976	6.02461	9.79361	2.41937	6.783	0	6.25755	8.62222	0.267645	5.14688	8.31716	8.14515	7.98488	8.11762	10.3636	7.03996	6.99402	10.4706	
6.95325	6.3007	9.92826	6.04355	6.21442	2.28783	1.51853	3.6052	5.45304	5.18264	6.98556	5.93443	6.25755	0	6.38485	5.9899	5.72658	4.4714	4.89346	2.68736	6.23895	1.3719	1.435	7.81195	2.26503	
0.5684	6.74102	7.19788	6.95352	0.418978	8.81814	7.90338	13.492	4.18484	7.14683	9.79879	13.6084	8.62222	6.38485	0	8.88987	15.4984	11.8286	4.95414	2.80239	1.91754	5.2615	7.81985	9.60819	6.22065	
10.4792	10.7429	6.7818	4.09412	10.289	3.32472	4.09402	5.1374	13.5644	8.94778	2.15172	7.05065	0.267645	5.9899	8.88987	0	4.19045	7.36073	6.99637	3.17398	8.38526	7.3618	7.4249	5.86252	12.3243	
8.26033	1.72859	5.12971	4.0806	6.06951	0.86573	1.63503	4.45248	2.4338	2.40901	3.44282	6.39995	5.14688	5.72658	15.4984	4.19045	0	1.29295	4.72973	3.6861	3.66447	5.00156	4.32935	5.80295	5.51102	
3.72065	0.435632	6.42266	7.25089	8.21425	2.15868	4.80531	2.29571	1.14085	0.756933	4.73578	4.49701	8.31716	4.4714	11.8286	7.36073	1.29295	0	6.49486	3.45682	2.37152	6.67143	3.0364	4.17451	3.86643	
5.52254	8.32416	6.94122	7.07887	5.37312	3.864	4.6333	5.62866	7.4765	9.64485	4.84464	7.95789	8.14515	4.89346	4.95414	6.99637	4.72973	6.49486	0	5.8669	10.0638	7.09349	3.45846	10.857	4.28849	
2.43444	5.77381	5.65233	6.91861	2.38341	3.70373	4.47303	5.0598	6.21466	5.72446	1.02225	2.71385	7.98488	2.68736	2.80239	3.17398	3.6861	3.45682	5.8669	0	1.0853	1.31546	3.36949	4.80873	4.19952	
1.34914	2.80715	13.251	5.49183	3.46871	4.78904	7.05647	6.14511	3.51237	3.85792	2.10756	3.79915	8.11762	6.23895	1.91754	8.38526	3.66447	2.37152	10.0638	1.0853	0	2.40076	4.29685	3.72343	3.46682	
7.05889	8.50073	8.55636	7.41545	3.69887	4.06319	2.89043	5.80523	7.65308	6.958	2.33772	4.02931	10.3636	1.3719	5.2615	7.3618	5.00156	6.67143	7.09349	1.31546	2.40076	0	2.80689	9.6356	4.46506	
6.48228	3.47203	10.3997	7.47855	5.7529	4.53657	2.95353	2.1702	3.32506	4.5228	4.39175	4.49943	7.03996	1.435	7.81985	7.4249	4.32935	3.0364	3.45846	3.36949	4.29685	2.80689	0	8.60458	0.83003	
5.07257	3.73888	9.52755	1.76839	11.2562	4.98327	8.3534	10.2554	7.71009	4.06018	9.24578	16.8546	6.99402	7.81195	9.60819	5.86252	5.80295	4.17451	10.857	4.80873	3.72343	9.6356	8.60458	0	7.19025	
4.81595	4.6537	14.4738	12.0374	7.86862	5.3666	5.12302	3.00023	4.84808	5.70447	10.5901	5.32946	10.4706	2.26503	6.22065	12.3243	5.51102	3.86643	4.28849	4.19952	3.46682	4.46506	0.83003	7.19025	0	

0	5.88179	6.41247	1.72861	0.346527	1.72316	3.24761	3.95667	3.88755	3.75891	2.20588	5.0537	4.31812	7.65536	0.560424	3.05098	7.12227	11.3025	2.30664	2.33733	2.0124	9.65266	2.68001	5.71237	3.63381	
5.88179	0	8.68148	4.26916	6.41568	4.85413	6.91621	1.57456	1.99425	3.80263	6.91563	3.31528	7.46393	6.05135	4.97081	7.04984	2.5704	1.40392	4.1812	3.51853	3.84346	5.38273	2.40735	8.68461	4.11541	
6.41247	8.68148	0	8.93062	5.92378	7.21863	9.60279	11.3579	6.15062	7.08558	2.47675	8.29644	2.04575	6.08854	6.97289	1.63165	7.1706	8.33707	3.96367	7.84068	8.42486	8.48868	9.03519	11.3084	9.93137	
1.72861	4.26916	8.93062	0	3.64777	3.85279	8.83382	4.56443	7.58209	9.34059	1.04323	3.99311	3.15546	5.49843	1.16819	1.88833	5.11895	13.1629	4.62764	0.750625	1.07556	5.10479	4.19129	1.4358	6.40346	
0.346527	6.41568	5.92378	3.64777	0	2.06969	3.29964	5.76774	4.14707	7.35197	2.5524	12.192	6.04545	4.08499	0.906951	6.39303	6.5368	8.82492	1.96011	2.89715	2.35892	4.84186	3.44503	6.47739	4.39883	
1.72316	4.85413	7.21863	3.85279	2.06969	0	1.52445	3.27956	3.09022	6.41297	3.92904	4.32099	4.09074	7.28171	2.28359	5.58698	4.7616	1.96027	4.44829	3.10217	3.4271	1.90434	0.956846	3.98921	1.87055	
3.24761	6.91621	9.60279	8.83382	3.29964	1.52445	0	4.80401	4.61467	8.99187	7.7906	4.363	3.81917	2.62799	8.98288	7.11143	3.23716	4.40363	5.25976	4.62661	6.19883	1.54222	2.48129	5.51365	2.98491	
3.95667	1.57456	11.3579	4.56443	5.76774	3.27956	4.80401	0	3.56881	5.37719	7.22182	1.74071	13.3282	9.50633	3.39625	8.6244	2.86655	2.97849	9.93757	5.09309	4.78202	14.0498	4.23641	7.26877	4.15106	
3.88755	1.99425	6.15062	7.58209	4.14707	3.09022	4.61467	3.56881	0	3.32275	6.09342	3.58898	9.08442	4.31182	4.44797	8.67032	4.71482	3.39817	2.18695	5.51278	5.06927	4.71846	4.04707	7.07943	3.27577	
3.75891	3.80263	7.08558	9.34059	7.35197	6.41297	8.99187	5.37719	3.32275	0	9.58871	4.78782	4.08138	7.38948	14.1457	8.71723	4.5856	3.41913	5.39186	2.07145	1.74652	7.13623	4.42255	11.6462	6.59852	
2.20588	6.91563	2.47675	1.04323	2.5524	3.92904	7.7906	7.22182	6.09342	9.58871	0	5.03634	1.2592	6.63598	2.21141	0.845104	5.08459	4.40339	7.34132	1.79385	4.21827	4.34746	3.39997	2.47902	4.31368	
5.0537	3.31528	8.29644	3.99311	12.192	4.32099	4.363	1.74071	3.58898	4.78782	5.03634	0	5.37616	3.49814	5.13696	6.32621	1.12584	2.29231	5.77593	3.36624	3.0413	3.85304	3.32405	5.42891	2.41034	
4.31812	7.46393	2.04575	3.15546	6.04545	4.09074	3.81917	13.3282	9.08442	4.08138	1.2592	5.37616	0	3.36273	5.64978	0.414098	7.19683	4.13732	7.34643	2.65979	2.33486	2.27696	3.1339	5.91739	3.71965	
7.65536	6.05135	6.08854	5.49843	4.08499	7.28171	2.62799	9.50633	4.31182	7.38948	6.63598	3.49814	3.36273	0	11.0762	5.63566	2.3723	3.53877	2.12487	4.7478	5.07273	1.08578	2.03327	8.26379	2.52847	
0.560424	4.97081	6.97289	1.16819	0.906951	2.28359	8.98288	3.39625	4.44797	14.1457	2.21141	5.13696	5.64978	11.0762	0	12.0763	10.5303	15.8161	7.46628	1.91881	2.57282	10.2131	15.1818	2.60398	10.0672	
3.05098	7.04984	1.63165	1.88833	6.39303	5.58698	7.11143	8.6244	8.67032	8.71723	0.845104	6.32621	0.414098	5.63566	12.0763	0	5.9297	8.45376	5.59532	6.89709	2.74896	2.69105	3.54799	8.69459	7.49763	
7.12227	2.5704	7.1706	5.11895	6.5368	4.7616	3.23716	2.86655	4.71482	4.5856	5.08459	1.12584	7.19683	2.3723	10.5303	5.9297	0	1.16647	4.49717	7.1201	4.16714	3.45808	2.16989	5.89149	3.53618	
11.3025	1.40392	8.33707	13.1629	8.82492	1.96027	4.40363	2.97849	3.39817	3.41913	4.40339	2.29231	4.13732	3.53877	15.8161	8.45376	1.16647	0	6.8648	4.44409	5.16565	1.95091	1.00342	7.05797	1.91713	
2.30664	4.1812	3.96367	4.62764	1.96011	4.44829	5.25976	9.93757	2.18695	5.39186	7.34132	5.77593	7.34643	2.12487	7.46628	5.59532	4.49717	6.8648	0	3.87701	4.20195	3.21065	6.2305	7.73389	5.46272	
2.33733	3.51853	7.84068	0.750625	2.89715	3.10217	4.62661	5.09309	5.51278	2.07145	1.79385	3.36624	2.65979	4.7478	1.91881	6.89709	7.1201	4.44409	3.87701	0	0.324933	4.35417	3.44067	2.18642	4.35437	
2.0124	3.84346	8.42486	1.07556	2.35892	3.4271	6.19883	4.78202	5.06927	1.74652	4.21827	3.0413	2.33486	5.07273	2.57282	2.74896	4.16714	5.16565	4.20195	0.324933	0	4.61182	3.7656	5.49101	5.45165	
9.65266	5.38273	8.48868	5.10479	4.84186	1.90434	1.54222	14.0498	4.71846	7.13623	4.34746	3.85304	2.27696	1.08578	10.2131	2.69105	3.45808	1.95091	3.21065	4.35417	4.61182	0	0.947489	9.52025	1.44269	
2.68001	2.40735	9.03519	4.19129	3.44503	0.956846	2.48129	4.23641	4.04707	4.42255	3.39997	3.32405	3.1339	2.03327	15.1818	3.54799	2.16989	1.00342	6.2305	3.44067	3.7656	0.947489	0	4.94605	0.913708	
5.71237	8.68461	11.3084	1.4358	6.47739	3.98921	5.51365	7.26877	7.07943	11.6462	2.47902	5.42891	5.91739	8.26379	2.60398	8.69459	5.89149	7.05797	7.73389	2.18642	5.49101	9.52025	4.94605	0	5.89985	
3.63381	4.11541	9.93137	6.40346	4.39883	1.87055	2.98491	4.15106	3.27577	6.59852	4.31368	2.41034	3.71965	2.52847	10.0672	7.49763	3.53618	1.91713	5.46272	4.35437	5.45165	1.44269	0.913708	5.89985	0	

0	4.0041	7.53795	3.69541	0.721938	2.35608	7.80523	7.17876	4.09556	2.8426	5.42084	7.481	7.09155	6.60684	10.1928	4.84512	4.64003	8.73355	7.14075	4.66739	4.95697	3.80489	6.73862	9.30445	7.68891	
4.0041	0	6.90955	2.98734	5.06458	1.64802	3.73812	1.7839	0.924833	1.48682	3.54181	4.13438	7.21635	2.72334	8.61217	5.97084	3.79343	3.02834	6.06337	4.17474	1.80984	1.40439	1.6332	4.4979	5.27885	
7.53795	6.90955	0	10.4238	5.24515	5.4986	2.84864	3.87502	4.76814	5.60598	1.97751	7.66312	0.306802	7.02762	9.20798	1.12197	3.21465	5.56424	5.04742	4.46323	6.96059	4.97995	4.05977	3.1682	3.39984	
3.69541	2.98734	10.4238	0	4.75588	1.33932	6.65358	7.81085	3.07879	1.82584	6.74312	6.46424	6.66747	5.59008	7.23759	3.60005	3.62327	9.7641	8.20037	3.86605	7.83679	4.31985	4.54866	1.55382	6.99929	
0.721938	5.06458	5.24515	4.75588	0	3.07802	4.24706	8.15453	3.56251	3.90308	6.14278	8.54148	5.36205	7.66732	10.9148	4.12318	5.7005	8.01161	9.87096	5.38933	4.08945	3.08295	6.70556	6.16942	8.90601	
2.35608	1.64802	5.4986	1.33932	3.07802	0	4.55276	3.43191	1.73947	0.486519	5.4038	4.37637	5.7171	3.53798	8.57691	4.97053	2.28394	2.25954	5.00008	2.52673	1.79152	2.21903	2.44784	2.89314	4.27854	
7.80523	3.73812	2.84864	6.65358	4.24706	4.55276	0	7.37232	1.64367	5.5531	4.08368	13.2346	2.96554	2.5943	7.57594	1.72668	7.09567	4.27467	4.65984	4.78259	2.17061	1.16411	2.7702	3.77291	1.76108	
7.17876	1.7839	3.87502	7.81085	8.15453	3.43191	7.37232	0	2.70873	3.01747	1.75792	2.35049	3.42862	7.87391	10.1336	4.11492	2.00953	1.24445	4.68823	3.25811	3.59373	8.8489	2.74892	7.69188	3.82114	
4.09556	0.924833	4.76814	3.07879	3.56251	1.73947	1.64367	2.70873	0	2.22599	4.42376	6.86439	5.15271	1.7985	6.78014	4.53997	4.02342	2.21284	6.2558	4.2662	1.48606	0.479559	0.708369	3.57306	4.27799	
2.8426	1.48682	5.60598	1.82584	3.90308	0.486519	5.5531	3.01747	2.22599	0	5.89032	3.88985	5.72288	4.73728	8.10734	4.48401	2.77046	1.77302	6.69078	3.01325	1.305	2.3115	3.27749	6.53025	3.79202	
5.42084	3.54181	1.97751	6.74312	6.14278	5.4038	4.08368	1.75792	4.42376	5.89032	0	4.1084	1.67071	6.68325	10.194	2.35701	3.76745	3.00237	2.93032	5.40367	8.19564	6.34386	3.71539	4.40324	5.51694	
7.481	4.13438	7.66312	6.46424	8.54148	4.37637	13.2346	2.35049	6.86439	3.88985	4.1084	0	13.8777	9.37568	7.78313	7.99613	4.36002	3.59494	11.986	7.65164	5.19486	11.5121	7.72539	15.4636	7.68188	
7.09155	7.21635	0.306802	6.66747	5.36205	5.7171	2.96554	3.42862	5.15271	5.72288	1.67071	13.8777	0	9.29754	9.51478	1.23887	3.43316	7.44	4.60102	4.67507	5.67965	4.67315	4.36657	3.2851	3.70664	
6.60684	2.72334	7.02762	5.59008	7.66732	3.53798	2.5943	7.87391	1.7985	4.73728	6.68325	9.37568	9.29754	0	4.98164	4.32098	5.86438	4.47233	8.0543	6.56445	5.81553	2.27806	2.50687	5.37156	4.35538	
10.1928	8.61217	9.20798	7.23759	10.9148	8.57691	7.57594	10.1336	6.78014	8.10734	10.194	7.78313	9.51478	4.98164	0	10.3299	9.2756	13.556	7.2637	8.02702	6.80233	7.80883	7.94949	8.79141	10.1625	
4.84512	5.97084	1.12197	3.60005	4.12318	4.97053	1.72668	4.11492	4.53997	4.48401	2.35701	7.99613	1.23887	4.32098	10.3299	0	4.33662	6.20113	5.28733	3.4362	5.78902	2.89079	4.49687	2.04623	3.48776	
4.64003	3.79343	3.21465	3.62327	5.7005	2.28394	7.09567	2.00953	4.02342	2.77046	3.76745	4.36002	3.43316	5.86438	9.2756	4.33662	0	3.25398	3.72193	1.24858	5.62659	8.10631	5.48349	7.1442	4.27009	
8.73355	3.02834	5.56424	9.7641	8.01161	2.25954	4.27467	1.24445	2.21284	1.77302	3.00237	3.59494	7.44	4.47233	13.556	6.20113	3.25398	0	5.47545	5.5982	3.07802	6.40336	1.50447	8.24736	2.57669	
7.14075	6.06337	5.04742	8.20037	9.87096	5.00008	4.65984	4.68823	6.2558	6.69078	2.93032	11.986	4.60102	8.0543	7.2637	5.28733	3.72193	5.47545	0	2.47335	7.87321	6.73536	5.68249	9.82886	2.89876	
4.66739	4.17474	4.46323	3.86605	5.38933	2.52673	4.78259	3.25811	4.2662	3.01325	5.40367	7.65164	4.67507	6.56445	8.02702	3.4362	1.24858	5.5982	2.47335	0	7.26381	5.24551	5.47432	5.48243	3.02151	
4.95697	1.80984	6.96059	7.83679	4.08945	1.79152	2.17061	3.59373	1.48606	1.305	8.19564	5.19486	5.67965	5.81553	6.80233	5.78902	5.62659	3.07802	7.87321	7.26381	0	1.0065	6.2702	7.88486	5.09703	
3.80489	1.40439	4.97995	4.31985	3.08295	2.21903	1.16411	8.8489	0.479559	2.3115	6.34386	11.5121	4.67315	2.27806	7.80883	2.89079	8.10631	6.40336	6.73536	5.24551	1.0065	0	1.18793	4.05262	2.92519	
6.73862	1.6332	4.05977	4.54866	6.70556	2.44784	2.7702	2.74892	0.708369	3.27749	3.71539	7.72539	4.36657	2.50687	7.94949	4.49687	5.48349	1.50447	5.68249	5.47432	6.2702	1.18793	0	4.28143	3.56962	
9.30445	4.4979	3.1682	1.55382	6.16942	2.89314	3.77291	7.69188	3.57306	6.53025	4.40324	15.4636	3.2851	5.37156	8.79141	2.04623	7.1442	8.24736	9.82886	5.48243	7.88486	4.05262	4.28143	0	13.6594	
7.68891	5.27885	3.39984	6.99929	8.90601	4.27854	1.76108	3.82114	4.27799	3.79202	5.51694	7.68188	3.70664	4.35538	10.1625	3.48776	4.27009	2.57669	2.89876	3.02151	5.09703	2.92519	3.56962	13.6594	0	

0	8.51599	7.49111	5.13027	0.248708	5.2427	3.30447	4.36774	5.23329	6.49112	5.95692	13.4182	5.83007	3.43694	0.845658	4.77184	5.1437	3.20266	3.4177	0.830648	1.25606	3.46779	2.34133	12.3656	7.74745	
8.51599	0	4.24012	14.3832	11.1569	2.62601	4.71666	1.73138	2.53058	1.58417	2.06421	2.52873	4.01528	3.85048	7.10288	3.73555	1.50776	0.532206	2.47979	3.70183	11.9863	2.32266	1.39354	6.57198	2.17536	
7.49111	4.24012	0	2.40697	7.2424	6.48721	4.82836	5.31064	5.88909	8.4157	2.17591	3.41007	3.60758	8.50534	7.83936	3.84726	3.08898	6.50982	8.28228	3.81353	6.28118	8.21751	7.33706	4.29148	10.6704	
5.13027	14.3832	2.40697	0	6.29385	7.2263	4.37176	7.71761	12.842	14.2763	3.79723	5.81704	1.84616	11.6815	6.12247	4.90303	6.94874	11.3986	6.03584	5.24452	3.87421	11.5669	14.3401	1.88451	9.41915	
0.248708	11.1569	7.2424	6.29385	0	6.74963	3.55318	5.86316	7.93779	6.11566	2.21956	5.30896	6.66067	3.68565	0.596951	9.26743	6.68038	7.06233	4.132	0.58194	1.50477	6.38085	2.59003	3.94194	2.97373	
5.2427	2.62601	6.48721	7.2263	6.74963	0	1.93823	1.17657	1.1027	1.04184	3.16322	5.12491	4.46383	3.57652	6.56055	1.52306	2.25016	2.37574	2.16432	5.80034	8.49108	3.06506	3.20298	5.34179	3.40855	
3.30447	4.71666	4.82836	4.37176	3.55318	1.93823	0	2.84487	3.04093	2.98007	2.65245	10.0061	2.5256	1.6383	7.65392	1.46737	2.68493	2.98538	3.34647	4.29007	4.56054	1.87002	2.12405	7.28001	5.34678	
4.36774	1.73138	5.31064	7.71761	5.86316	1.17657	2.84487	0	2.07463	2.21841	5.49732	6.09684	5.37047	4.48316	6.46011	2.69963	3.42672	1.19917	3.13625	6.4451	6.10083	2.90686	2.02641	6.51835	2.84232	
5.23329	2.53058	5.88909	12.842	7.93779	1.1027	3.04093	2.07463	0	0.946412	3.71318	4.02221	5.66425	4.00058	6.46512	2.62576	2.03366	3.2738	1.06162	4.61168	3.22326	3.81238	4.10105	6.44449	4.51125	
6.49112	1.58417	8.4157	14.2763	6.11566	1.04184	2.98007	2.21841	0.946412	0	3.64838	4.1129	13.2006	3.05417	5.51871	2.56491	3.09192	2.11637	2.00804	7.20953	7.76697	5.01249	3.46489	6.38363	4.24671	
5.95692	2.06421	2.17591	3.79723	2.21956	3.16322	2.65245	5.49732	3.71318	3.64838	0	4.59295	1.95107	4.29075	11.5489	1.67134	0.913069	2.59642	1.8851	1.63762	3.96101	1.72797	4.7765	4.99762	4.0294	
13.4182	2.52873	3.41007	5.81704	5.30896	5.12491	10.0061	6.09684	4.02221	4.1129	4.59295	0	7.01765	11.4706	12.7154	9.05109	4.03649	3.06094	5.08384	4.72701	7.05041	11.5334	8.22757	7.07065	7.1188	
5.83007	4.01528	3.60758	1.84616	6.66067	4.46383	2.5256	5.37047	5.66425	13.2006	1.95107	7.01765	0	4.1639	11.3244	3.05687	2.86414	12.513	5.69813	3.58869	5.72037	4.39562	4.64966	3.73067	8.47051	
3.43694	3.85048	8.50534	11.6815	3.68565	3.57652	1.6383	4.48316	4.00058	3.05417	4.29075	11.4706	4.1639	0	7.45621	3.10567	4.70107	3.31827	3.72904	6.91738	4.69301	3.50832	3.76235	12.3924	4.96142	
0.845658	7.10288	7.83936	6.12247	0.596951	6.56055	7.65392	6.46011	6.46512	5.51871	11.5489	12.7154	11.3244	7.45621	0	8.37181	6.59881	8.12227	4.40989	1.17889	2.24826	5.7839	6.91037	5.64474	11.1652	
4.77184	3.73555	3.84726	4.90303	9.26743	1.52306	1.46737	2.69963	2.62576	2.56491	1.67134	9.05109	3.05687	3.10567	8.37181	0	2.58441	7.80363	2.64126	3.30896	4.80289	3.33739	3.59142	6.86485	4.93162	
5.1437	1.50776	3.08898	6.94874	6.68038	2.25016	2.68493	3.42672	2.03366	3.09192	0.913069	4.03649	2.86414	4.70107	6.59881	2.58441	0	2.03996	0.972032	2.55069	3.13367	0.814906	1.94137	5.06422	5.65871	
3.20266	0.532206	6.50982	11.3986	7.06233	2.37574	2.98538	1.19917	3.2738	2.11637	2.59642	3.06094	12.513	3.31827	8.12227	7.80363	2.03996	0	5.13837	4.03494	10.1148	1.98779	0.86133	8.40336	1.64315	
3.4177	2.47979	8.28228	6.03584	4.132	2.16432	3.34647	3.13625	1.06162	2.00804	1.8851	5.08384	5.69813	3.72904	4.40989	2.64126	0.972032	5.13837	0	3.55006	2.16163	1.78694	5.26698	6.03625	5.94184	
0.830648	3.70183	3.81353	5.24452	0.58194	5.80034	4.29007	6.4451	4.61168	7.20953	1.63762	4.72701	3.58869	6.91738	1.17889	3.30896	2.55069	4.03494	3.55006	0	2.3234	6.91334	7.40314	3.36	2.39179	
1.25606	11.9863	6.28118	3.87421	1.50477	8.49108	4.56054	6.10083	3.22326	7.76697	3.96101	7.05041	5.72037	4.69301	2.24826	4.80289	3.13367	10.1148	2.16163	2.3234	0	7.69269	3.59739	5.6834	4.71518	
3.46779	2.32266	8.21751	11.5669	6.38085	3.06506	1.87002	2.90686	3.81238	5.01249	1.72797	11.5334	4.39562	3.50832	5.7839	3.33739	0.814906	1.98779	1.78694	6.91334	7.69269	0	1.12646	5.87913	5.3813	
2.34133	1.39354	7.33706	14.3401	2.59003	3.20298	2.12405	2.02641	4.10105	3.46489	4.7765	8.22757	4.64966	3.76235	6.91037	3.59142	1.94137	0.86133	5.26698	7.40314	3.59739	1.12646	0	9.2306	2.50448	
12.3656	6.57198	4.29148	1.88451	3.94194	5.34179	7.28001	6.51835	6.44449	6.38363	4.99762	7.07065	3.73067	12.3924	5.64474	6.86485	5.06422	8.40336	6.03625	3.36	5.6834	5.87913	9.2306	0	5.75179	
7.74745	2.17536	10.6704	9.41915	2.97373	3.40855	5.34678	2.84232	4.51125	4.24671	4.0294	7.1188	8.47051	4.96142	11.1652	4.93162	5.65871	1.64315	5.94184	2.39179	4.71518	5.3813	2.50448	5.75179	0	

0	6.30952	11.6905	6.8269	0.256349	4.24404	8.66421	7.21455	6.14631	5.19903	7.19739	5.8932	8.2221	4.61068	5.46688	4.61782	3.60596	4.884	6.30707	6.44082	2.44592	6.53067	6.05114	8.8109	4.90085	
6.30952	0	8.49212	5.1822	7.21312	3.43047	1.6584	1.31095	2.05776	1.11049	3.60847	1.80465	7.54281	5.71193	5.09249	2.71945	2.85606	1.57802	5.11899	4.36291	7.11889	2.58398	3.06014	7.76113	6.30647	
11.6905	8.49212	0	1.30158	11.6471	3.54176	9.74028	5.17283	7.40142	7.38164	4.63409	8.0758	4.29662	9.93334	7.05184	5.79154	4.55436	5.83476	1.85325	4.52499	3.75313	8.23626	9.33129	2.15113	8.85933	
6.8269	5.1822	1.30158	0	4.64112	6.94373	7.91204	3.87125	5.72458	6.49899	5.27359	6.35101	4.53023	11.2349	7.65278	5.27975	7.95633	9.09573	3.15483	6.76426	2.45155	9.95606	7.94186	0.849548	7.55775	
0.256349	7.21312	11.6471	4.64112	0	10.6139	7.65006	5.76997	5.24638	5.45538	5.01161	6.79679	7.10218	4.86703	5.28643	4.36147	3.86231	7.05813	8.06501	6.18447	2.18957	6.83523	8.05228	6.62513	4.6445	
4.24404	3.43047	3.54176	6.94373	10.6139	0	5.08888	4.37944	5.06882	4.42496	4.46935	4.03184	4.11234	6.1277	6.86756	5.12756	0.638083	1.91612	1.68851	4.36025	7.56395	5.73032	2.47531	7.79302	5.94791	
8.66421	1.6584	9.74028	7.91204	7.65006	5.08888	0	2.96936	4.97074	2.76889	5.47473	11.957	9.88478	2.84556	6.45832	3.39933	4.72232	3.23642	7.42579	3.69916	5.46049	0.925579	4.1783	9.41953	3.32389	
7.21455	1.31095	5.17283	3.87125	5.76997	4.37944	2.96936	0	3.57501	2.42144	2.94639	2.47976	4.14921	6.18633	3.78153	1.4085	4.24388	2.88897	5.34679	8.07577	6.3228	3.88225	4.07061	4.7208	7.54321	
6.14631	2.05776	7.40142	5.72458	5.24638	5.06882	4.97074	3.57501	0	0.947275	3.38611	1.64144	7.07491	4.6681	9.83013	4.22313	2.80451	1.52647	5.50798	4.31136	6.20814	3.00019	2.89693	4.87503	0.601878	
5.19903	1.11049	7.38164	6.49899	5.45538	4.42496	2.76889	2.42144	0.947275	0	4.33338	0.694164	8.02218	8.81643	6.40927	4.03624	3.83342	2.47374	6.53689	5.34027	8.2922	6.51133	1.94965	5.8223	1.54915	
7.19739	3.60847	4.63409	5.27359	5.01161	4.46935	5.47473	2.94639	3.38611	4.33338	0	5.26087	4.27859	6.34669	8.491	1.53789	3.30849	2.03045	2.78084	4.81534	2.82204	4.01164	8.53182	6.67889	3.98798	
5.8932	1.80465	8.0758	6.35101	6.79679	4.03184	11.957	2.47976	1.64144	0.694164	5.26087	0	8.14418	10.5656	6.2613	3.88827	4.66992	3.24954	5.72035	11.04	11.083	7.43882	2.64382	6.74979	2.47664	
8.2221	7.54281	4.29662	4.53023	7.10218	4.11234	9.88478	4.14921	7.07491	8.02218	4.27859	8.14418	0	5.16002	2.75522	2.7407	4.75042	5.43736	5.80085	7.3623	8.11624	5.21446	6.58765	3.68068	7.67678	
4.61068	5.71193	9.93334	11.2349	4.86703	6.1277	2.84556	6.18633	4.6681	8.81643	6.34669	10.5656	5.16002	0	2.40479	4.39374	5.48962	6.76766	8.11495	4.69357	8.98603	1.91998	6.86678	9.51193	4.06623	
5.46688	5.09249	7.05184	7.65278	5.28643	6.86756	6.45832	3.78153	9.83013	6.40927	8.491	6.2613	2.75522	2.40479	0	5.19004	7.89441	7.39197	5.71016	4.60708	7.476	4.32478	7.85214	6.4359	6.47102	
4.61782	2.71945	5.79154	5.27975	4.36147	5.12756	3.39933	1.4085	4.22313	4.03624	1.53789	3.88827	2.7407	4.39374	5.19004	0	3.9747	2.69666	3.93829	5.24734	4.35992	2.47375	5.47911	6.42138	4.87207	
3.60596	2.85606	4.55436	7.95633	3.86231	0.638083	4.72232	4.24388	2.80451	3.83342	3.30849	4.66992	4.75042	5.48962	7.89441	3.9747	0	1.27804	2.32659	4.06293	7.9813	5.09224	2.44519	9.30576	5.03261	
4.884	1.57802	5.83476	9.09573	7.05813	1.91612	3.23642	2.88897	1.52647	2.47374	2.03045	3.24954	5.43736	6.76766	7.39197	2.69666	1.27804	0	3.97915	2.78489	4.85249	4.36985	3.72323	6.4015	2.12835	
6.30707	5.11899	1.85325	3.15483	8.06501	1.68851	7.42579	5.34679	5.50798	6.53689	2.78084	5.72035	5.80085	8.11495	5.71016	3.93829	2.32659	3.97915	0	2.67174	5.60288	5.44532	4.16382	4.37964	7.84006	
6.44082	4.36291	4.52499	6.76426	6.18447	4.36025	3.69916	8.07577	4.31136	5.34027	4.81534	11.04	7.3623	4.69357	4.60708	5.24734	4.06293	2.78489	2.67174	0	8.37404	2.77358	4.00517	7.98906	5.1719	
2.44592	7.11889	3.75313	2.45155	2.18957	7.56395	5.46049	6.3228	6.20814	8.2922	2.82204	11.083	8.11624	8.98603	7.476	4.35992	7.9813	4.85249	5.60288	8.37404	0	6.38606	9.63879	3.3011	6.83407	
6.53067	2.58398	8.23626	9.95606	6.83523	5.73032	0.925579	3.88225	3.00019	6.51133	4.01164	7.43882	5.21446	1.91998	4.32478	2.47375	5.09224	4.36985	5.44532	2.77358	6.38606	0	5.10388	10.4391	2.39832	
6.05114	3.06014	9.33129	7.94186	8.05228	2.47531	4.1783	4.07061	2.89693	1.94965	8.53182	2.64382	6.58765	6.86678	7.85214	5.47911	2.44519	3.72323	4.16382	4.00517	9.63879	5.10388	0	10.606	3.4726	
8.8109	7.76113	2.15113	0.849548	6.62513	7.79302	9.41953	4.7208	4.87503	5.8223	6.67889	6.74979	3.68068	9.51193	6.4359	6.42138	9.30576	6.4015	4.37964	7.98906	3.3011	10.4391	10.606	0	5.47691	
4.90085	6.30647	8.85933	7.55775	4.6445	5.94791	3.32389	7.54321	0.601878	1.54915	3.98798	2.47664	7.67678	4.06623	6.47102	4.87207	5.03261	2.12835	7.84006	5.1719	6.83407	2.39832	3.4726	5.47691	0	

0	7.11816	4.66824	5.77204	0.404963	6.95908	5.10145	8.75524	7.09018	5.73843	5.55668	6.90109	11.2327	2.07698	2.4594	1.89791	2.66469	7.13637	3.55447	1.55999	7.37683	2.59574	4.94518	8.97215	6.03215	
7.11816	0	2.60079	8.53298	6.09458	5.16505	4.08574	2.99049	2.09702	2.8916	7.38394	6.34448	6.46474	11.3277	7.47159	5.37113	5.05806	2.81972	7.26546	4.93955	12.7854	5.52742	4.05626	8.41943	7.71412	
4.66824	2.60079	0	6.26967	6.92523	5.76678	6.27722	2.45084	4.69781	5.49239	6.4291	5.80483	6.99364	9.33453	4.87079	2.77033	5.92667	5.94407	4.42689	5.82019	7.62695	6.12915	4.67703	5.81864	8.48558	
5.77204	8.53298	6.26967	0	3.45331	6.31368	4.60254	9.70658	8.8629	8.40132	3.42485	8.31591	6.8873	4.7519	1.39888	4.94065	4.51414	5.4236	6.59721	3.59343	2.69132	3.43903	8.33378	2.99895	3.67184	
0.404963	6.09458	6.92523	3.45331	0	3.70647	3.88577	5.73555	6.42449	5.70488	7.53847	5.87751	4.48362	1.67201	2.05444	2.30287	2.25973	3.23985	4.46713	1.15502	3.73259	2.19078	3.64289	7.94857	3.33544	
6.95908	5.16505	5.76678	6.31368	3.70647	0	2.37625	3.97565	2.9186	2.2544	5.30781	5.54256	4.86735	2.95669	4.562	2.72196	1.44675	2.19589	1.06541	5.79992	5.01726	2.54186	1.08974	7.94683	2.64184	
5.10145	4.08574	6.27722	4.60254	3.88577	2.37625	0	4.48609	1.98873	2.76484	6.69257	8.67065	3.98783	4.79702	3.73515	2.9674	3.51824	2.68245	1.31084	5.87833	6.26106	1.69499	1.60018	11.4265	0.930697	
8.75524	2.99049	2.45084	9.70658	5.73555	3.97565	4.48609	0	3.7465	4.05057	9.34427	3.35398	6.89643	8.33724	6.59108	5.22118	3.47582	3.95021	5.68323	7.93004	10.3978	4.33802	2.88591	8.26948	5.70196	
7.09018	2.09702	4.69781	8.8629	6.42449	2.9186	1.98873	3.7465	0	1.54705	6.41449	4.06938	4.22761	6.70153	5.59363	5.34691	1.70283	0.722707	3.29957	5.26947	9.30807	3.68372	1.98974	10.5585	2.47446	
5.73843	2.8916	5.49239	8.40132	5.70488	2.2544	2.76484	4.05057	1.54705	0	4.49234	4.17101	4.32924	6.03518	5.69526	3.84052	1.80446	0.824338	4.1439	6.89038	5.22587	2.61677	1.16466	8.63638	2.57609	
5.55668	7.38394	6.4291	3.42485	7.53847	5.30781	6.69257	9.34427	6.41449	4.49234	0	10.0885	2.97832	2.79411	3.55422	3.65877	6.39892	5.31668	5.31533	6.70863	0.733529	5.27115	5.657	6.90794	7.58082	
6.90109	6.34448	5.80483	8.31591	5.87751	5.54256	8.67065	3.35398	4.06938	4.17101	10.0885	0	6.85157	11.6912	8.21759	7.77234	4.32679	3.34667	13.2585	4.72248	11.932	10.4511	4.61371	11.516	5.09842	
11.2327	6.46474	6.99364	6.8873	4.48362	4.86735	3.98783	6.89643	4.22761	4.32924	2.97832	6.85157	0	7.90851	4.333	6.63708	3.4206	3.5049	5.62801	8.02149	3.71184	2.29284	3.74495	12.0244	3.4375	
2.07698	11.3277	9.33453	4.7519	1.67201	2.95669	4.79702	8.33724	6.70153	6.03518	2.79411	11.6912	7.90851	0	3.72645	7.37322	3.93174	5.15258	4.02209	2.82704	2.06058	3.86279	4.04643	10.9035	5.59853	
2.4594	7.47159	4.87079	1.39888	2.05444	4.562	3.73515	6.59108	5.59363	5.69526	3.55422	8.21759	4.333	3.72645	0	6.33953	3.11526	4.09538	5.32266	3.20946	2.82069	2.04016	3.49227	4.39783	3.18481	
1.89791	5.37113	2.77033	4.94065	2.30287	2.72196	2.9674	5.22118	5.34691	3.84052	3.65877	7.77234	6.63708	7.37322	6.33953	0	3.86396	4.66486	1.65656	3.04986	4.3923	6.90618	5.00518	7.93961	6.14189	
2.66469	5.05806	5.92667	4.51414	2.25973	1.44675	3.51824	3.47582	1.70283	1.80446	6.39892	4.32679	3.4206	3.93174	3.11526	3.86396	0	0.980124	2.2074	3.41475	5.93595	3.91902	2.24716	9.39357	2.73188	
7.13637	2.81972	5.94407	5.4236	3.23985	2.19589	2.68245	3.95021	0.722707	0.824338	5.31668	3.34667	3.5049	5.15258	4.09538	4.66486	0.980124	0	3.18753	5.99218	7.69161	2.71915	1.26704	9.46072	1.75175	
3.55447	7.26546	4.42689	6.59721	4.46713	1.06541	1.31084	5.68323	3.29957	4.1439	5.31533	13.2585	5.62801	4.02209	5.32266	1.65656	2.2074	3.18753	0	4.70642	4.95022	3.00583	2.15515	9.01224	2.24154	
1.55999	4.93955	5.82019	3.59343	1.15502	5.79992	5.87833	7.93004	5.26947	6.89038	6.70863	4.72248	8.02149	2.82704	3.20946	3.04986	3.41475	5.99218	4.70642	0	6.28475	3.3458	5.69524	6.59238	6.87331	
7.37683	12.7854	7.62695	2.69132	3.73259	5.01726	6.26106	10.3978	9.30807	5.22587	0.733529	11.932	3.71184	2.06058	2.82069	4.3923	5.93595	7.69161	4.95022	6.28475	0	4.86085	7.17493	5.69027	6.36316	
2.59574	5.52742	6.12915	3.43903	2.19078	2.54186	1.69499	4.33802	3.68372	2.61677	5.27115	10.4511	2.29284	3.86279	2.04016	6.90618	3.91902	2.71915	3.00583	3.3458	4.86085	0	1.45211	9.73154	1.14466	
4.94518	4.05626	4.67703	8.33378	3.64289	1.08974	1.60018	2.88591	1.98974	1.16466	5.657	4.61371	3.74495	4.04643	3.49227	5.00518	2.24716	1.26704	2.15515	5.69524	7.17493	1.45211	0	9.03657	2.53088	
8.97215	8.41943	5.81864	2.99895	7.94857	7.94683	11.4265	8.26948	10.5585	8.63638	6.90794	11.516	12.0244	10.9035	4.39783	7.93961	9.39357	9.46072	9.01224	6.59238	5.69027	9.73154	9.03657	0	6.6708	
6.03215	7.71412	8.48558	3.67184	3.33544	2.64184	0.930697	5.70196	2.47446	2.57609	7.58082	5.09842	3.4375	5.59853	3.18481	6.14189	2.73188	1.75175	2.24154	6.87331	6.36316	1.14466	2.53088	6.6708	0	

0	5.30723	6.75477	19.0814	3.7725	8.48009	2.04911	8.91301	10.3561	6.90143	7.47289	6.50478	8.42012	0.798433	4.82624	8.21428	6.48894	4.69184	8.32882	5.89339	5.02061	7.89904	12.2043	8.55844	14.2365	
5.30723	0	5.63123	6.62719	9.07973	5.7741	8.23782	10.4515	5.04261	1.5942	5.50573	9.52196	8.57388	6.10566	12.2343	6.17978	9.77119	2.02124	6.08024	8.48732	7.95801	6.18321	5.60219	11.498	3.3158	
6.75477	5.63123	0	2.62119	4.1054	3.36885	6.68902	9.24591	4.09411	4.03703	4.18644	1.89886	8.96888	7.60521	3.99584	2.70867	4.02421	4.46406	2.80822	2.60695	1.73416	6.16599	4.89128	3.62762	5.75863	
19.0814	6.62719	2.62119	0	6.72659	4.89954	5.64559	5.82451	2.82344	5.03299	2.8133	4.52005	7.2634	8.76643	9.86852	4.96264	9.29902	4.92841	5.60385	4.47829	4.35536	7.86196	2.27009	1.00643	3.64836	
3.7725	9.07973	4.1054	6.72659	0	6.29189	7.40157	5.14051	8.35374	8.14243	6.54272	4.66035	9.94972	4.57093	1.05373	2.3409	5.63653	6.40226	8.64135	6.23427	5.83957	9.38538	8.69493	8.07417	8.86672	
8.48009	5.7741	3.36885	4.89954	6.29189	0	4.76864	6.18388	0.725263	4.17367	3.71001	5.26771	4.25031	6.34586	11.9685	2.03716	0.655359	4.66835	1.93761	4.34469	5.10301	7.67518	1.27862	7.17447	3.88556	
2.04911	8.23782	6.68902	5.64559	7.40157	4.76864	0	9.3248	4.96734	2.70946	4.89064	6.95702	4.88275	1.25067	6.76816	2.93058	4.21806	5.14408	2.83104	1.1673	2.04008	0.523033	2.36613	9.01068	0.987859	
8.91301	10.4515	9.24591	5.82451	5.14051	6.18388	9.3248	0	4.10777	8.2807	8.01908	7.25183	10.9047	11.7471	6.19424	6.59331	10.777	6.21275	6.49376	8.90084	9.80197	11.4637	3.55442	17.738	4.93269	
10.3561	5.04261	4.09411	2.82344	8.35374	0.725263	4.96734	4.10777	0	3.44841	4.43527	4.25076	3.52504	6.21802	6.72089	5.43372	1.38062	3.21168	2.66287	5.30596	6.47181	5.49038	0.553352	6.44921	1.93162	
6.90143	1.5942	4.03703	5.03299	8.14243	4.17367	2.70946	8.2807	3.44841	0	7.09993	5.93589	6.97345	4.32044	5.77556	6.7457	4.9518	0.427037	7.67444	7.10408	5.77119	4.58901	3.08536	6.03942	1.7216	
7.47289	5.50573	4.18644	2.8133	6.54272	3.71001	4.89064	8.01908	4.43527	7.09993	0	6.41764	4.4501	6.14131	3.43651	2.14934	4.36537	7.12298	2.24889	3.32506	2.45228	5.41367	4.46466	3.81973	5.84293	
6.50478	9.52196	1.89886	4.52005	4.66035	5.26771	6.95702	7.25183	4.25076	5.93589	6.41764	0	13.328	5.70635	3.60662	4.60754	8.57669	6.35574	11.0256	8.59013	3.63302	8.06485	3.69741	5.86763	5.07568	
8.42012	8.57388	8.96888	7.2634	9.94972	4.25031	4.88275	10.9047	3.52504	6.97345	4.4501	13.328	0	7.62169	8.90272	6.59944	9.19686	7.46813	6.12252	3.71545	4.58823	4.46924	4.0784	9.97426	8.10052	
0.798433	6.10566	7.60521	8.76643	4.57093	6.34586	1.25067	11.7471	6.21802	4.32044	6.14131	5.70635	7.62169	0	5.51749	6.80465	5.6905	3.8934	4.08171	2.41797	5.81904	1.77371	6.55173	7.76001	2.23853	
4.82624	12.2343	3.99584	9.86852	1.05373	11.9685	6.76816	6.19424	6.72089	5.77556	3.43651	3.60662	8.90272	5.51749	0	1.28717	6.69026	5.34852	1.38671	7.28801	9.06069	10.4391	7.30403	12.7831	6.90403	
8.21428	6.17978	2.70867	4.96264	2.3409	2.03716	2.93058	6.59331	5.43372	6.7457	2.14934	4.60754	6.59944	6.80465	1.28717	0	5.14108	6.63569	0.0995464	2.50662	3.40775	8.87466	5.98707	6.67745	5.61687	
6.48894	9.77119	4.02421	9.29902	5.63653	0.655359	4.21806	10.777	1.38062	4.9518	4.36537	8.57669	9.19686	5.6905	6.69026	5.14108	0	5.00037	2.59297	5.23606	5.48434	6.86148	3.28482	10.6466	3.2302	
4.69184	2.02124	4.46406	4.92841	6.40226	4.66835	5.14408	6.21275	3.21168	0.427037	7.12298	6.35574	7.46813	3.8934	5.34852	6.63569	5.00037	0	8.55761	6.67705	6.86847	5.01604	2.65833	8.28683	2.14864	
8.32882	6.08024	2.80822	5.60385	8.64135	1.93761	2.83104	6.49376	2.66287	7.67444	2.24889	11.0256	6.12252	4.08171	1.38671	0.0995464	2.59297	8.55761	0	2.40708	3.27986	3.35407	4.56707	6.61028	3.81889	
5.89339	8.48732	2.60695	4.47829	6.23427	4.34469	1.1673	8.90084	5.30596	7.10408	3.32506	8.59013	3.71545	2.41797	7.28801	2.50662	5.23606	6.67705	2.40708	0	0.872781	1.69033	6.74838	5.48472	2.15516	
5.02061	7.95801	1.73416	4.35536	5.83957	5.10301	2.04008	9.80197	6.47181	5.77119	2.45228	3.63302	4.58823	5.81904	9.06069	3.40775	5.48434	6.86847	3.27986	0.872781	0	4.25646	6.91693	5.70294	8.58734	
7.89904	6.18321	6.16599	7.86196	9.38538	7.67518	0.523033	11.4637	5.49038	4.58901	5.41367	8.06485	4.46924	1.77371	10.4391	8.87466	6.86148	5.01604	3.35407	1.69033	4.25646	0	5.00956	10.1348	1.51089	
12.2043	5.60219	4.89128	2.27009	8.69493	1.27862	2.36613	3.55442	0.553352	3.08536	4.46466	3.69741	4.0784	6.55173	7.30403	5.98707	3.28482	2.65833	4.56707	6.74838	6.91693	5.00956	0	3.27652	1.37827	
8.55844	11.498	3.62762	1.00643	8.07417	7.17447	9.01068	17.738	6.44921	6.03942	3.81973	5.86763	9.97426	7.76001	12.7831	6.67745	10.6466	8.28683	6.61028	5.48472	5.70294	10.1348	3.27652	0	13.9826	
14.2365	3.3158	5.75863	3.64836	8.86672	3.88556	0.987859	4.93269	1.93162	1.7216	5.84293	5.07568	8.10052	2.23853	6.90403	5.61687	3.2302	2.14864	3.81889	2.15516	8.58734	1.51089	1.37827	13.9826	0	

0	5.71103	14.4196	8.08632	2.58549	3.80439	7.36795	4.51287	4.60979	3.5629	10.0129	6.34049	7.82011	4.93452	4.16114	10.0147	3.16617	2.62237	3.53527	6.03966	5.22223	7.18287	3.68632	9.09717	3.69831	
5.71103	0	5.84594	11.9703	11.107	5.90281	1.92981	1.25537	4.55213	1.35109	4.90151	5.99361	4.58507	3.53654	6.68665	7.81995	5.76759	2.29162	6.13669	5.00149	4.91036	1.25634	2.26745	6.50436	3.71574	
14.4196	5.84594	0	13.708	12.6617	5.20848	8.42891	7.10132	6.74226	6.37878	10.7474	13.0509	3.1448	5.53927	5.98657	5.41276	5.84671	8.02264	8.65072	8.75475	4.92548	7.10228	7.54574	12.8523	9.63975	
8.08632	11.9703	13.708	0	8.38119	7.17131	6.07829	10.4298	10.0333	9.03975	6.88225	13.6443	13.1593	8.21378	6.46142	8.87419	9.13771	7.04233	11.281	3.62504	12.2915	6.25886	10.8367	1.01085	5.30958	
2.58549	11.107	12.6617	8.38119	0	6.75116	7.7774	9.90887	7.19528	8.95889	8.70461	11.7365	8.44721	6.05274	6.67058	12.237	5.75166	5.20786	11.9474	9.50696	7.73168	5.42502	4.4139	9.39204	7.48255	
3.80439	5.90281	5.20848	7.17131	6.75116	0	4.29194	4.70465	1.53377	3.75468	4.92425	5.96222	5.13447	5.1263	5.4857	2.86651	0.638229	2.81415	1.00733	3.54627	4.4246	3.34837	2.33726	7.64385	3.89009	
7.36795	1.92981	8.42891	6.07829	7.7774	4.29194	0	5.36839	2.75816	2.04188	5.65202	8.96325	5.27586	2.95368	4.30782	4.45956	4.53911	2.98241	4.17001	2.45325	3.50343	0.673475	1.68459	5.92149	3.13287	
4.51287	1.25537	7.10132	10.4298	9.90887	4.70465	5.36839	0	6.50539	2.60646	6.15688	4.73824	4.926	4.20265	9.64118	7.19396	5.39658	1.8905	8.41386	5.30779	8.87182	2.51171	2.95445	11.7258	2.96644	
4.60979	4.55213	6.74226	10.0333	7.19528	1.53377	2.75816	6.50539	0	3.20104	5.40313	6.20509	6.43503	5.99	7.06598	4.40029	2.172	3.70149	4.97602	5.08004	5.95838	3.43164	3.87103	6.92429	2.62555	
3.5629	1.35109	6.37878	9.03975	8.95889	3.75468	2.04188	2.60646	3.20104	0	6.2526	4.65865	3.23398	3.25268	6.3497	5.50194	4.44661	0.940526	6.21189	4.35782	5.54531	2.60743	2.00448	8.0289	2.01646	
10.0129	4.90151	10.7474	6.88225	8.70461	4.92425	5.65202	6.15688	5.40313	6.2526	0	11.6082	5.23453	3.15452	6.09359	2.96657	1.85111	4.39043	1.48201	3.25721	9.55028	5.30183	4.29071	7.61323	3.3145	
6.34049	5.99361	13.0509	13.6443	11.7365	5.96222	8.96325	4.73824	6.20509	4.65865	11.6082	0	9.66424	6.03027	11.7889	11.61	5.32399	3.71812	5.69309	7.13541	10.7278	8.27862	4.78207	12.6334	4.79406	
7.82011	4.58507	3.1448	13.1593	8.44721	5.13447	5.27586	4.926	6.43503	3.23398	5.23453	9.66424	0	2.39447	16.2301	2.26796	4.65395	4.17451	5.02305	7.51711	8.07027	4.67467	8.47044	9.5974	6.92418	
4.93452	3.53654	5.53927	8.21378	6.05274	5.1263	2.95368	4.20265	5.99	3.25268	3.15452	6.03027	2.39447	0	7.53966	4.66243	5.81823	2.31215	4.63653	5.68509	5.93422	2.2802	3.29132	7.20293	3.38809	
4.16114	6.68665	5.98657	6.46142	6.67058	5.4857	4.30782	9.64118	7.06598	6.3497	6.09359	11.7889	16.2301	7.53966	0	8.08553	7.3273	6.25367	8.47783	2.83638	1.0611	4.71512	6.44142	10.6783	7.8897	
10.0147	7.81995	5.41276	8.87419	12.237	2.86651	4.45956	7.19396	4.40029	5.50194	2.96657	11.61	2.26796	4.66243	8.08553	0	3.50474	5.68067	4.44858	5.24915	7.29112	5.13303	5.20377	10.5104	6.28107	
3.16617	5.76759	5.84671	9.13771	5.75166	0.638229	4.53911	5.39658	2.172	4.44661	1.85111	5.32399	4.65395	5.81823	7.3273	3.50474	0	3.45238	0.369101	4.1845	5.06283	4.82761	2.97549	8.28208	4.58202	
2.62237	2.29162	8.02264	7.04233	5.20786	2.81415	2.98241	1.8905	3.70149	0.940526	4.39043	3.71812	4.17451	2.31215	6.25367	5.68067	3.45238	0	3.87518	3.41729	7.23876	2.07506	1.06395	5.37468	1.07594	
3.53527	6.13669	8.65072	11.281	11.9474	1.00733	4.17001	8.41386	4.97602	6.21189	1.48201	5.69309	5.02305	4.63653	8.47783	4.44858	0.369101	3.87518	0	4.73922	7.67344	4.84349	4.18559	11.0861	4.79651	
6.03966	5.00149	8.75475	3.62504	9.50696	3.54627	2.45325	5.30779	5.08004	4.35782	3.25721	7.13541	7.51711	5.68509	2.83638	5.24915	4.1845	3.41729	4.73922	0	3.89748	3.12673	4.48124	4.63589	4.49323	
5.22223	4.91036	4.92548	12.2915	7.73168	4.4246	3.50343	8.87182	5.95838	5.54531	9.55028	10.7278	8.07027	5.93422	1.0611	7.29112	5.06283	7.23876	7.67344	3.89748	0	3.65402	4.66514	8.90204	6.11342	
7.18287	1.25634	7.10228	6.25886	5.42502	3.34837	0.673475	2.51171	3.43164	2.60743	5.30183	8.27862	4.67467	2.2802	4.71512	5.13303	4.82761	2.07506	4.84349	3.12673	3.65402	0	1.01111	5.24802	2.4594	
3.68632	2.26745	7.54574	10.8367	4.4139	2.33726	1.68459	2.95445	3.87103	2.00448	4.29071	4.78207	8.47044	3.29132	6.44142	5.20377	2.97549	1.06395	4.18559	4.48124	4.66514	1.01111	0	6.25913	2.13989	
9.09717	6.50436	12.8523	1.01085	9.39204	7.64385	5.92149	11.7258	6.92429	8.0289	7.61323	12.6334	9.5974	7.20293	10.6783	10.5104	8.28208	5.37468	11.0861	4.63589	8.90204	5.24802	6.25913	0	4.29874	
3.69831	3.71574	9.63975	5.30958	7.48255	3.89009	3.13287	2.96644	2.62555	2.01646	3.3145	4.79406	6.92418	3.38809	7.8897	6.28107	4.58202	1.07594	4.79651	4.49323	6.11342	2.4594	2.13989	4.29874	0	

0	10.3246	16.2123	11.5504	0.472261	12.2565	5.81542	11.0351	9.29109	13.36	10.296	6.69295	11.4678	5.91956	2.53854	9.65955	14.3539	5.97271	15.0107	7.92005	4.41568	6.41547	8.25661	13.1001	6.65975	
10.3246	0	5.20659	6.74938	8.69362	1.43213	3.35462	5.60831	2.16525	3.61761	10.683	4.76339	6.82409	5.08784	7.78604	5.7588	2.34371	3.19318	3.91032	4.58625	5.92018	6.16139	0.913426	4.78363	5.44939	
16.2123	5.20659	0	7.34025	10.5003	3.58631	9.42588	6.18166	4.52837	4.64834	2.40396	7.054	2.27912	5.86979	9.94266	8.47909	2.86288	6.16744	3.77568	6.9525	6.55683	10.7859	8.90589	5.3028	6.012	
11.5504	6.74938	7.34025	0	7.98913	3.58757	5.53787	6.03407	4.64748	8.92752	4.48862	9.836	5.06113	6.5901	7.43154	6.18456	3.67425	5.01046	4.07612	9.86344	4.0457	4.61374	4.10627	1.23433	6.57934	
0.472261	8.69362	10.5003	7.98913	0	6.92333	6.28768	11.5074	8.00324	7.23563	8.90559	7.16521	9.38876	8.02714	3.0108	6.09751	11.5374	5.50044	12.9535	7.44778	3.94342	5.94321	8.10644	13.7441	7.75665	
12.2565	1.43213	3.58631	3.58757	6.92333	0	2.95989	2.4465	1.05991	2.50888	6.91457	3.65805	5.3112	3.00253	6.38355	2.59699	0.723429	1.42289	0.748514	4.19152	4.75108	5.08646	0.518702	3.16335	3.6791	
5.81542	3.35462	9.42588	5.53787	6.28768	2.95989	0	8.38081	4.97137	5.39344	4.48055	7.84244	4.60539	3.00806	5.73884	12.8133	3.99344	3.10054	7.5714	6.11401	7.44795	0.924125	2.44119	6.96935	0.84433	
11.0351	5.60831	6.18166	6.03407	11.5074	2.4465	8.38081	0	3.50641	5.10423	4.46807	7.83091	4.59291	5.44903	11.0098	3.27357	3.16993	3.86939	3.19502	7.00615	5.42766	9.71266	2.9652	5.69926	6.46789	
9.29109	2.16525	4.52837	4.64748	8.00324	1.05991	4.97137	3.50641	0	2.83448	4.78368	2.59814	4.65884	4.06244	9.95129	3.6569	1.66549	2.4828	1.80843	5.75511	7.50291	4.52763	1.57861	4.10541	4.75901	
13.36	3.61761	4.64834	8.92752	7.23563	2.50888	5.39344	5.10423	2.83448	0	12.8605	5.43262	5.6235	4.79236	11.2211	5.2116	1.78545	1.73519	4.9015	5.87507	7.36569	5.40242	2.95225	4.22537	3.9914	
10.296	10.683	2.40396	4.48862	8.90559	6.91457	4.48055	4.46807	4.78368	12.8605	0	4.89971	0.124837	8.65707	8.348	6.3248	5.69421	4.01315	9.63394	4.91772	4.96216	5.40468	6.92175	3.25429	5.32488	
6.69295	4.76339	7.054	9.836	7.16521	3.65805	7.84244	7.83091	2.59814	5.43262	4.89971	0	4.77487	7.19094	9.23149	10.9748	4.26363	5.10094	9.73114	3.45159	12.2215	6.91832	5.12831	12.5068	9.43423	
11.4678	6.82409	2.27912	5.06113	9.38876	5.3112	4.60539	4.59291	4.65884	5.6235	0.124837	4.77487	0	12.0277	14.8987	6.19997	5.14201	3.88831	6.0548	5.04256	5.087	7.55554	7.18902	3.37912	6.14452	
5.91956	5.08784	5.86979	6.5901	8.02714	3.00253	3.00806	5.44903	4.06244	4.79236	8.65707	7.19094	12.0277	0	3.38102	5.59952	3.00691	4.42542	3.75104	3.73935	6.76685	2.08393	3.52123	5.44683	4.59985	
2.53854	7.78604	9.94266	7.43154	3.0108	6.38355	5.73884	11.0098	9.95129	11.2211	8.348	9.23149	14.8987	3.38102	0	5.53992	6.38793	7.15072	15.0008	7.12037	3.38583	5.46495	8.39259	10.5615	4.89451	
9.65955	5.7588	8.47909	6.18456	6.09751	2.59699	12.8133	3.27357	3.6569	5.2116	6.3248	10.9748	6.19997	5.59952	5.53992	0	3.32042	4.01988	3.3455	8.87286	2.15409	8.51254	3.11569	8.97283	7.10152	
14.3539	2.34371	2.86288	3.67425	11.5374	0.723429	3.99344	3.16993	1.66549	1.78545	5.69421	4.26363	5.14201	3.00691	6.38793	3.32042	0	2.14632	1.47194	4.08962	7.16643	5.09084	1.24213	2.43992	3.14911	
5.97271	3.19318	6.16744	5.01046	5.50044	1.42289	3.10054	3.86939	2.4828	1.73519	4.01315	5.10094	3.88831	4.42542	7.15072	4.01988	2.14632	0	2.1714	7.69876	6.9994	3.66723	1.94159	8.51044	2.25621	
15.0107	3.91032	3.77568	4.07612	12.9535	0.748514	7.5714	3.19502	1.80843	4.9015	9.63394	9.73114	6.0548	3.75104	15.0008	3.3455	1.47194	2.1714	0	6.27955	7.19151	7.01027	1.26722	5.31045	5.7787	
7.92005	4.58625	6.9525	9.86344	7.44778	4.19152	6.11401	7.00615	5.75511	5.87507	4.91772	3.45159	5.04256	3.73935	7.12037	8.87286	4.08962	7.69876	6.27955	0	8.67958	5.82328	3.67282	6.52954	7.23873	
4.41568	5.92018	6.55683	4.0457	3.94342	4.75108	7.44795	5.42766	7.50291	7.36569	4.96216	12.2215	5.087	6.76685	3.38583	2.15409	7.16643	6.9994	7.19151	8.67958	0	8.65945	5.00676	5.28004	8.28034	
6.41547	6.16139	10.7859	4.61374	5.94321	5.08646	0.924125	9.71266	4.52763	5.40242	5.40468	6.91832	7.55554	2.08393	5.46495	8.51254	5.09084	3.66723	7.01027	5.82328	8.65945	0	3.36532	5.84808	1.76846	
8.25661	0.913426	8.90589	4.10627	8.10644	0.518702	2.44119	2.9652	1.57861	2.95225	6.92175	5.12831	7.18902	3.52123	8.39259	3.11569	1.24213	1.94159	1.26722	3.67282	5.00676	3.36532	0	8.49345	3.28552	
13.1001	4.78363	5.3028	1.23433	13.7441	3.16335	6.96935	5.69926	4.10541	4.22537	3.25429	12.5068	3.37912	5.44683	10.5615	8.97283	2.43992	8.51044	5.31045	6.52954	5.28004	5.84808	8.49345	0	5.58903	
6.65975	5.44939	6.012	6.57934	7.75665	3.6791	0.84433	6.46789	4.75901	3.9914	5.32488	9.43423	6.14452	4.59985	4.89451	7.10152	3.14911	2.25621	5.7787	7.23873	8.28034	1.76846	3.28552	5.58903	0	

0	4.71307	7.7593	3.87033	0.529409	1.31479	14.5741	7.731	2.01801	6.9265	3.84643	5.64054	4.65141	5.47216	5.51105	2.99308	2.54152	3.92423	4.4775	12.7023	2.47214	5.78932	4.13721	8.74512	5.90717	
4.71307	0	7.8522	3.72558	4.18366	2.01141	2.47787	1.58012	4.64229	3.72566	4.17863	3.25768	6.44399	8.53543	5.88079	5.03198	0.784677	2.71557	1.72924	2.79801	16.2838	3.43046	9.07064	8.95245	4.6999	
7.7593	7.8522	0	8.41755	8.00641	4.38272	9.18651	6.27209	3.67951	8.29163	5.24138	10.1484	2.27868	7.24531	13.8721	4.76622	7.53712	5.82134	6.25064	8.65724	12.9353	7.32395	4.69583	7.24758	4.87949	
3.87033	3.72558	8.41755	0	3.34092	5.29014	4.33724	2.14546	7.1733	4.29101	1.6977	11.7174	4.66039	11.1486	8.32256	2.55105	5.08541	3.28092	10.189	9.87693	8.91909	13.4208	10.0052	6.47152	10.4859	
0.529409	4.18366	8.00641	3.34092	0	1.8442	6.66153	5.48638	5.77879	12.1261	4.09354	8.62233	6.37767	5.71927	4.98164	3.24019	4.96833	7.92062	4.72461	6.98167	3.00155	7.23744	5.88968	9.27453	6.15428	
1.31479	2.01141	4.38272	5.29014	1.8442	0	5.42711	3.74489	0.703218	3.37761	3.59244	3.69973	3.33662	6.56743	6.32284	4.30787	1.22673	2.60943	2.17129	6.98193	3.78693	4.47452	2.82241	8.30552	1.9032	
14.5741	2.47787	9.18651	4.33724	6.66153	5.42711	0	4.05799	5.80266	4.42902	2.63955	7.97734	5.60224	3.04549	3.20839	3.00666	2.4668	3.19076	1.52224	4.53551	13.6656	0.952589	3.58071	6.24369	9.41956	
7.731	1.58012	6.27209	2.14546	5.48638	3.74489	4.05799	0	3.27729	1.90364	3.84316	5.41295	4.68958	7.68738	8.03606	5.20829	2.36479	1.13546	2.80398	4.37813	7.64812	8.02264	5.74135	5.65949	6.22782	
2.01801	4.64229	3.67951	7.1733	5.77879	0.703218	5.80266	3.27729	0	2.91001	4.29566	5.02896	4.03984	10.0893	8.50972	4.11407	1.92995	2.14183	3.81035	9.2095	9.40764	5.17774	3.52563	9.06656	1.19998	
6.9265	3.72566	8.29163	4.29101	12.1261	3.37761	4.42902	1.90364	2.91001	0	7.24051	8.10278	4.3223	11.1487	10.7259	6.24529	5.0855	0.768181	2.4367	9.87701	5.50257	6.22392	3.5958	3.51394	7.54729	
3.84643	4.17863	5.24138	1.6977	4.09354	3.59244	2.63955	3.84316	4.29566	7.24051	0	6.2355	2.9627	3.33244	11.3989	0.853355	4.81917	6.20188	2.33778	6.97664	9.02245	3.59213	3.50284	4.77382	3.76745	
5.64054	3.25768	10.1484	11.7174	8.62233	3.69973	7.97734	5.41295	5.02896	8.10278	6.2355	0	7.66236	7.86123	7.56911	5.38215	2.473	6.93518	3.41756	8.57442	13.0302	8.80027	7.14816	12.5603	4.86462	
4.65141	6.44399	2.27868	4.66039	6.37767	3.33662	5.60224	4.68958	4.03984	4.3223	2.9627	7.66236	0	5.61657	9.93243	3.13748	4.56335	3.55412	4.6219	6.37856	8.79588	7.67663	5.78697	4.9689	5.29764	
5.47216	8.53543	7.24531	11.1486	5.71927	6.56743	3.04549	7.68738	10.0893	11.1487	3.33244	7.86123	5.61657	0	4.34871	2.47909	9.50062	10.1386	3.96351	9.21398	10.6482	2.0929	4.72102	7.384	5.39318	
5.51105	5.88079	13.8721	8.32256	4.98164	6.32284	3.20839	8.03606	8.50972	10.7259	11.3989	7.56911	9.93243	4.34871	0	8.22183	5.09611	10.4159	6.04067	11.1975	14.9688	2.2558	4.88392	7.5469	9.01134	
2.99308	5.03198	4.76622	2.55105	3.24019	4.30787	3.00666	5.20829	4.11407	6.24529	0.853355	5.38215	3.13748	2.47909	8.22183	0	2.42899	3.15295	1.48442	4.49769	5.46522	4.57199	2.64949	5.62718	2.91409	
2.54152	0.784677	7.53712	5.08541	4.96833	1.22673	2.4668	2.36479	1.92995	5.0855	4.81917	2.473	4.56335	9.50062	5.09611	2.42899	0	2.61309	0.944564	3.58269	9.93115	5.70125	4.04914	6.88059	3.91523	
3.92423	2.71557	5.82134	3.28092	7.92062	2.60943	3.19076	1.13546	2.14183	0.768181	6.20188	6.93518	3.55412	10.1386	10.4159	3.15295	2.61309	0	1.66852	4.68179	6.27075	4.61342	4.36398	4.28212	3.34181	
4.4775	1.72924	6.25064	10.189	4.72461	2.17129	1.52224	2.80398	3.81035	2.4367	2.33778	3.41756	4.6219	3.96351	6.04067	1.48442	0.944564	1.66852	0	3.01327	9.65352	2.47483	4.13391	5.93602	4.39851	
12.7023	2.79801	8.65724	9.87693	6.98167	6.98193	4.53551	4.37813	9.2095	9.87701	6.97664	8.57442	6.37856	9.21398	11.1975	4.49769	3.58269	4.68179	3.01327	0	15.1716	6.96613	13.6368	8.94929	8.00952	
2.47214	16.2838	12.9353	8.91909	3.00155	3.78693	13.6656	7.64812	9.40764	5.50257	9.02245	13.0302	8.79588	10.6482	14.9688	5.46522	9.93115	6.27075	9.65352	15.1716	0	12.5294	9.09837	7.23833	11.0832	
5.78932	3.43046	7.32395	13.4208	7.23744	4.47452	0.952589	8.02264	5.17774	6.22392	3.59213	8.80027	7.67663	2.0929	2.2558	4.57199	5.70125	4.61342	2.47483	6.96613	12.5294	0	2.62812	5.2911	8.25537	
4.13721	9.07064	4.69583	10.0052	5.88968	2.82241	3.58071	5.74135	3.52563	3.5958	3.50284	7.14816	5.78697	4.72102	4.88392	2.64949	4.04914	4.36398	4.13391	13.6368	9.09837	2.62812	0	7.10974	5.4698	
8.74512	8.95245	7.24758	6.47152	9.27453	8.30552	6.24369	5.65949	9.06656	3.51394	4.77382	12.5603	4.9689	7.384	7.5469	5.62718	6.88059	4.28212	5.93602	8.94929	7.23833	5.2911	7.10974	0	11.2402	
5.90717	4.6999	4.87949	10.4859	6.15428	1.9032	9.41956	6.22782	1.19998	7.54729	3.76745	4.86462	5.29764	5.39318	9.01134	2.91409	3.91523	3.34181	4.39851	8.00952	11.0832	8.25537	5.4698	11.2402	0	

0	6.06431	2.9165	2.53161	0.323749	7.48199	4.89714	4.68213	9.30536	5.38781	2.88458	4.96104	3.98653	1.06422	3.22347	1.83703	3.14519	5.16729	5.30039	5.24403	4.60402	3.16983	5.79897	1.78116	6.61903	
6.06431	0	4.79285	4.23324	5.74057	5.19635	8.18757	3.1667	5.96064	0.236864	8.25461	9.25363	5.68815	7.90474	4.34446	3.78764	8.09963	1.00824	3.39743	6.48682	3.98376	2.98814	1.38641	7.22939	3.50052	
2.9165	4.79285	0	7.62668	3.15363	9.1893	3.65764	3.92456	9.98532	4.55599	0.592793	4.06985	2.60128	10.0739	9.46182	1.07946	3.60225	7.21673	4.50964	6.50811	3.84646	3.88802	5.0414	9.20704	3.81964	
2.53161	4.23324	7.62668	0	2.85536	4.30514	7.42875	5.64926	7.04697	4.4701	3.4634	7.41279	1.45492	3.59583	5.72912	4.36864	5.21078	5.24147	2.76878	5.0735	4.59417	9.35577	5.24461	3.84676	4.08742	
0.323749	5.74057	3.15363	2.85536	0	6.21075	5.22089	7.59326	6.22476	5.97743	2.56084	5.28479	4.56932	1.38797	4.32342	2.16078	3.35248	4.84354	6.47768	4.92028	7.35785	4.26978	7.69933	2.10491	5.29667	
7.48199	5.19635	9.1893	4.30514	6.21075	0	6.63581	4.41684	2.02248	4.69692	5.45321	4.05728	4.90905	9.32241	9.17552	5.42607	2.90328	5.8393	1.53636	1.29047	3.72803	4.31805	6.68037	4.26731	4.29153	
4.89714	8.18757	3.65764	7.42875	5.22089	6.63581	0	6.92166	8.65829	3.79733	3.06485	6.54191	5.07333	3.15166	6.64489	3.8546	6.5339	7.17933	6.98169	4.07363	6.84355	1.04605	5.20907	6.6783	4.58972	
4.68213	3.1667	3.92456	5.64926	7.59326	4.41684	6.92166	0	6.84252	3.40357	4.15392	10.8823	5.86726	9.3245	6.08594	2.8451	5.36788	2.74972	2.88048	9.14134	5.61209	5.65365	5.51004	10.3961	5.63566	
9.30536	5.96064	9.98532	7.04697	6.22476	2.02248	8.65829	6.84252	0	6.19751	7.82138	4.34432	7.41457	13.1556	12.7761	5.39506	2.87228	6.96888	3.55884	3.31295	8.71003	10.0728	7.06961	4.2363	4.81646	
5.38781	0.236864	4.55599	4.4701	5.97743	4.69692	3.79733	3.40357	6.19751	0	4.8596	9.58811	6.57294	4.85689	5.99697	3.55077	6.07356	1.2451	3.16056	5.77886	2.78997	2.75128	1.14955	7.46625	2.30673	
2.88458	8.25461	0.592793	3.4634	2.56084	5.45321	3.06485	4.15392	7.82138	4.8596	0	3.47706	2.00849	4.72501	8.9909	1.30882	3.83161	7.40438	3.91685	5.62707	4.07581	4.1109	4.38404	7.0431	3.22685	
4.96104	9.25363	4.06985	7.41279	5.28479	4.05728	6.54191	10.8823	4.34432	9.58811	3.47706	0	5.48555	6.02526	12.468	4.78588	4.93006	9.89658	5.59364	5.34775	9.71154	11.4916	11.4139	3.56604	6.70391	
3.98653	5.68815	2.60128	1.45492	4.56932	4.90905	5.07333	5.86726	7.41457	6.57294	2.00849	5.48555	0	8.37335	7.18403	3.02216	4.54229	12.9172	4.2237	3.61858	3.13925	5.83072	4.77967	5.30167	5.23534	
1.06422	7.90474	10.0739	3.59583	1.38797	9.32241	3.15166	9.3245	13.1556	4.85689	4.72501	6.02526	8.37335	0	2.15925	2.90125	5.51665	5.49547	11.9442	5.13319	7.55053	2.10561	6.26863	2.84539	9.07536	
3.22347	4.34446	9.46182	5.72912	4.32342	9.17552	6.64489	6.08594	12.7761	5.99697	8.9909	12.468	7.18403	2.15925	0	8.15827	12.4426	3.33622	8.4979	7.82884	5.39128	4.26486	6.19201	8.67148	8.45178	
1.83703	3.78764	1.07946	4.36864	2.16078	5.42607	3.8546	2.8451	5.39506	3.55077	1.30882	4.78588	3.02216	2.90125	8.15827	0	2.52278	5.59482	5.22567	5.20456	2.76699	2.80855	3.96193	3.61819	4.46697	
3.14519	8.09963	3.60225	5.21078	3.35248	2.90328	6.5339	5.36788	2.87228	6.07356	3.83161	4.93006	4.54229	5.51665	12.4426	2.52278	0	7.05974	4.43964	4.19375	5.28978	5.33134	3.10137	1.36403	1.94418	
5.16729	1.00824	7.21673	5.24147	4.84354	5.8393	7.17933	2.74972	6.96888	1.2451	7.40438	9.89658	12.9172	5.49547	3.33622	5.59482	7.05974	0	5.6302	7.12976	4.49622	5.41203	2.85579	8.23762	4.01298	
5.30039	3.39743	4.50964	2.76878	6.47768	1.53636	6.98169	2.88048	3.55884	3.16056	3.91685	5.59364	4.2237	11.9442	8.4979	5.22567	4.43964	5.6302	0	2.82683	5.49072	5.91184	3.91237	6.61554	2.75518	
5.24403	6.48682	6.50811	5.0735	4.92028	1.29047	4.07363	9.14134	3.31295	5.77886	5.62707	5.34775	3.61858	5.13319	7.82884	5.20456	4.19375	7.12976	2.82683	0	2.43756	3.02758	4.07798	10.7473	6.69494	
4.60402	3.98376	3.84646	4.59417	7.35785	3.72803	6.84355	5.61209	8.71003	2.78997	4.07581	9.71154	3.13925	7.55053	5.39128	2.76699	5.28978	4.49622	5.49072	2.43756	0	5.46514	1.64042	8.52594	2.79761	
3.16983	2.98814	3.88802	9.35577	4.26978	4.31805	1.04605	5.65365	10.0728	2.75128	4.1109	11.4916	5.83072	2.10561	4.26486	2.80855	5.33134	5.41203	5.91184	3.02758	5.46514	0	3.90082	8.61783	5.32021	
5.79897	1.38641	5.0414	5.24461	7.69933	6.68037	5.20907	5.51004	7.06961	1.14955	4.38404	11.4139	4.77967	6.26863	6.19201	3.96193	3.10137	2.85579	3.91237	4.07798	1.64042	3.90082	0	9.44337	1.15719	
1.78116	7.22939	9.20704	3.84676	2.10491	4.26731	6.6783	10.3961	4.2363	7.46625	7.0431	3.56604	5.30167	2.84539	8.67148	3.61819	1.36403	8.23762	6.61554	10.7473	8.52594	8.61783	9.44337	0	3.30821	
6.61903	3.50052	3.81964	4.08742	5.29667	4.29153	4.58972	5.63566	4.81646	2.30673	3.22685	6.70391	5.23534	9.07536	8.45178	4.46697	1.94418	4.01298	2.75518	6.69494	2.79761	5.32021	1.15719	3.30821	0	

0	5.40125	14.4057	9.41199	0.245213	5.80052	2.76388	7.3817	3.81016	3.0135	5.85322	7.25979	7.33428	4.77	1.65572	12.2872	6.48386	2.43905	6.29757	9.66388	1.77339	4.75194	3.94523	17.1214	5.94813	
5.40125	0	3.67682	5.84217	9.33513	2.89651	2.73729	9.84808	1.59109	2.54196	3.16831	4.55388	2.24606	6.69036	8.86852	7.04345	4.26478	3.06212	4.30638	3.46415	10.3572	9.68493	4.00178	10.2247	3.44407	
14.4057	3.67682	0	5.02686	8.51982	5.06102	13.8572	10.5229	4.38773	5.28568	2.34467	9.96829	1.43076	5.65262	8.05321	3.8538	2.64107	8.48914	3.35143	1.40982	8.51884	5.54029	4.70609	8.89375	10.1049	
9.41199	5.84217	5.02686	0	9.6572	5.63941	7.81432	4.0357	4.57231	5.28202	3.8378	6.80297	3.5961	8.46381	10.2186	5.34693	1.89861	10.6166	5.34584	3.12986	11.1854	5.40102	8.72928	7.70942	5.43416	
0.245213	9.33513	8.51982	9.6572	0	7.69817	4.04572	7.13649	4.05538	4.29534	8.01131	8.54162	7.08907	4.52479	1.4105	4.7103	9.27358	2.68427	5.26985	8.30715	2.01861	5.76497	5.22706	14.1697	5.88107	
5.80052	2.89651	5.06102	5.63941	7.69817	0	5.63379	5.87789	1.99036	4.22593	4.03341	6.98024	4.86929	4.49289	8.07119	4.8342	3.7408	2.61145	5.59282	3.6512	7.46074	7.2432	1.10528	16.1207	2.72702	
2.76388	2.73729	13.8572	7.81432	4.04572	5.63379	0	10.1755	4.32838	0.899281	5.81529	5.14557	4.98335	2.06307	7.60595	4.30616	4.24233	0.324832	5.85897	8.86148	7.74768	3.27368	1.83101	7.48741	0.706786	
7.3817	9.84808	10.5229	4.0357	7.13649	5.87789	10.1755	0	4.81079	5.5205	6.24839	5.2942	11.7736	11.6551	8.54699	7.89234	2.13709	9.85071	5.58431	3.36834	14.4387	5.6395	11.1692	15.6955	5.67263	
3.81016	1.59109	4.38773	4.57231	4.05538	1.99036	4.32838	4.81079	0	2.23557	2.04305	6.14496	2.9653	5.57024	16.1999	3.55218	2.6737	2.81002	3.99239	3.21789	5.58356	6.1761	3.09564	14.5442	5.28418	
3.0135	2.54196	5.28568	5.28202	4.29534	4.22593	0.899281	5.5205	2.23557	0	4.27862	5.39519	4.78802	4.4049	12.2923	10.7475	3.38341	0.574449	5.81747	3.87586	7.99729	3.5233	2.08062	17.0022	3.04862	
5.85322	3.16831	2.34467	3.8378	8.01131	4.03341	5.81529	6.24839	2.04305	4.27862	0	9.01566	0.922243	2.6944	4.80892	1.50913	2.40609	7.25585	1.94934	1.17484	8.44059	5.46204	4.4711	10.5824	6.68296	
7.25979	4.55388	9.96829	6.80297	8.54162	6.98024	5.14557	5.2942	6.14496	5.39519	9.01566	0	6.79994	8.05035	12.8409	13.1865	4.90436	4.82074	7.30528	6.13561	11.5713	7.76959	5.87496	10.4013	7.49671	
7.33428	2.24606	1.43076	3.5961	7.08907	4.86929	4.98335	11.7736	2.9653	4.78802	0.922243	6.79994	0	2.80538	6.62246	2.43137	2.44933	8.98215	2.06031	1.21808	12.6255	6.38428	4.51435	9.66017	10.7036	
4.77	6.69036	5.65262	8.46381	4.52479	4.49289	2.06307	11.6551	5.57024	4.4049	2.6944	8.05035	2.80538	0	5.93529	6.83581	4.19229	4.18903	0.745065	2.68668	4.21873	1.24018	2.97803	12.6013	1.35628	
1.65572	8.86852	8.05321	10.2186	1.4105	8.07119	7.60595	8.54699	16.1999	12.2923	4.80892	12.8409	6.62246	5.93529	0	3.29979	10.7944	5.13139	8.68277	7.84054	10.375	7.39643	6.96591	12.7592	8.58766	
12.2872	7.04345	3.8538	5.34693	4.7103	4.8342	4.30616	7.89234	3.55218	10.7475	1.50913	13.1865	2.43137	6.83581	3.29979	0	5.62043	4.63099	3.45846	2.68397	11.4512	6.97117	5.93948	11.7936	5.01295	
6.48386	4.26478	2.64107	1.89861	9.27358	3.7408	4.24233	2.13709	2.6737	3.38341	2.40609	4.90436	2.44933	4.19229	10.7944	5.62043	0	3.95786	3.17286	1.23125	6.48096	3.50241	4.52751	9.60804	3.53554	
2.43905	3.06212	8.48914	10.6166	2.68427	2.61145	0.324832	9.85071	2.81002	0.574449	7.25585	4.82074	8.98215	4.18903	5.13139	4.63099	3.95786	0	7.94695	4.45031	4.21245	2.94885	1.50617	7.81224	1.03162	
6.29757	4.30638	3.35143	5.34584	5.26985	5.59282	5.85897	5.58431	3.99239	5.81747	1.94934	7.30528	2.06031	0.745065	8.68277	3.45846	3.17286	7.94695	0	1.94161	5.18259	1.98524	4.13267	11.7205	2.10135	
9.66388	3.46415	1.40982	3.12986	8.30715	3.6512	8.86148	3.36834	3.21789	3.87586	1.17484	6.13561	1.21808	2.68668	7.84054	2.68397	1.23125	4.45031	1.94161	0	8.68033	4.73366	3.29626	10.3036	4.76679	
1.77339	10.3572	8.51884	11.1854	2.01861	7.46074	7.74768	14.4387	5.58356	7.99729	8.44059	11.5713	12.6255	4.21873	10.375	11.4512	6.48096	4.21245	5.18259	8.68033	0	2.97855	7.53372	17.094	5.79381	
4.75194	9.68493	5.54029	5.40102	5.76497	7.2432	3.27368	5.6395	6.1761	3.5233	5.46204	7.76959	6.38428	1.24018	7.39643	6.97117	3.50241	2.94885	1.98524	4.73366	2.97855	0	4.45502	14.1155	2.59646	
3.94523	4.00178	4.70609	8.72928	5.22706	1.10528	1.83101	11.1692	3.09564	2.08062	4.4711	5.87496	4.51435	2.97803	6.96591	5.93948	4.52751	1.50617	4.13267	3.29626	7.53372	4.45502	0	13.6141	1.62175	
17.1214	10.2247	8.89375	7.70942	14.1697	16.1207	7.48741	15.6955	14.5442	17.0022	10.5824	10.4013	9.66017	12.6013	12.7592	11.7936	9.60804	7.81224	11.7205	10.3036	17.094	14.1155	13.6141	0	8.1942	
5.94813	3.44407	10.1049	5.43416	5.88107	2.72702	0.706786	5.67263	5.28418	3.04862	6.68296	7.49671	10.7036	1.35628	8.58766	5.01295	3.53554	1.03162	2.10135	4.76679	5.79381	2.59646	1.62175	8.1942	0	

-111